y,x1,x2,x3,x4,x5,x6,x7,x8,x9,x10,x11,x12,x13,x14,x15,x16,x17,x18,x19,x20,x21,x22,x23,x24,x25,x26,x27,x28,x29,x30,x31,x32,x33,x34,x35,x36,x37,x38,x39,x40
1.0,0.835,0.902,0.249,0.809,0.244,0.569,0.947,0.139,0.536,0.939,0.933,0.008,0.115,0.255,0.658,0.56,0.908,0.167,0.967,0.714,0.958,0.956,0.221,0.017,0.618,0.766,0.881,0.774,0.012,0.959,0.131,0.667,0.564,0.244,0.446,0.543,0.607,0.239,0.65,0.203
0.0,0.957,0.839,0.337,0.542,0.136,0.322,0.529,0.512,0.931,0.336,0.922,0.935,0.092,0.602,0.846,0.429,0.514,0.036,0.642,0.72,0.052,0.161,0.084,0.85,0.07,0.959,0.007,0.602,0.786,0.461,0.96,0.656,0.319,0.357,0.161,0.3,0.07,0.118,0.69,0.623
0.0,0.017,0.167,0.368,0.564,0.817,0.133,0.351,0.42,0.807,0.355,0.568,0.969,0.616,0.947,0.082,0.052,0.049,0.184,0.344,0.962,0.031,0.313,0.321,0.11,0.022,0.134,0.999,0.103,0.551,0.885,0.126,0.556,0.171,0.617,0.114,0.193,0.91,0.078,0.595,0.805
1.0,0.675,0.765,0.858,0.974,0.596,0.519,0.116,0.285,0.52,0.178,0.894,0.593,0.768,0.746,0.623,0.867,0.327,0.514,0.658,0.55,0.13,0.652,0.263,0.979,0.071,0.876,0.051,0.623,0.1,0.157,0.46,0.939,0.819,0.583,0.223,0.604,0.864,0.294,0.492,0.093
1.0,0.929,0.844,0.688,0.763,0.433,0.717,0.027,0.022,0.427,0.639,0.808,0.032,0.68,0.918,0.047,0.9,0.501,0.998,0.115,0.944,0.669,0.66,0.047,0.854,0.307,0.444,0.857,0.562,0.502,0.109,0.825,0.674,0.174,0.588,0.767,0.185,0.605,0.521,0.32,0.805
1.0,0.657,0.852,0.173,0.302,0.499,0.415,0.113,0.082,0.193,0.068,0.112,0.624,0.699,0.898,0.853,0.51,0.831,0.483,0.75,0.221,0.988,0.385,0.495,0.799,0.383,0.962,0.701,0.999,0.377,0.937,0.835,0.112,0.74,0.702,0.435,0.552,0.974,0.338,0.378,0.985
0.0,0.658,0.165,0.602,0.79,0.969,0.055,0.879,0.633,0.47,0.211,0.608,0.474,0.726,0.79,0.256,0.955,0.59,0.007,0.709,0.93,0.987,0.857,0.331,0.238,0.23,0.043,0.13,0.957,0.264,0.038,0.113,0.88,0.79,0.292,0.247,0.217,0.891,0.087,0.607,0.015
0.0,0.816,0.834,0.715,0.702,0.654,0.957,0.402,0.025,0.112,0.827,0.776,0.78,0.854,0.882,0.743,0.639,0.316,0.08,0.484,0.981,0.518,0.401,0.523,0.062,0.216,0.265,0.771,0.858,0.158,0.066,0.324,0.118,0.348,0.581,0.577,0.26,0.871,0.319,0.875,0.047
1.0,0.11,0.565,0.128,0.855,0.42,0.023,0.831,0.004,0.264,0.172,0.788,0.592,0.829,0.798,0.507,0.337,0.433,0.305,0.795,0.168,0.302,0.47,0.371,0.949,0.282,0.593,0.525,0.728,0.665,0.791,0.213,0.273,0.481,0.667,0.074,0.025,0.82,0.917,0.924,0.716
1.0,0.725,0.21,0.612,0.585,0.129,0.996,0.457,0.764,0.744,0.224,0.451,0.054,0.173,0.487,0.586,0.244,0.636,0.89,0.673,0.134,0.12,0.538,0.634,0.816,0.604,0.479,0.073,0.729,0.684,0.37,0.576,0.668,0.625,0.692,0.604,0.85,0.311,0.665,0.828,0.556
0.0,0.522,0.229,0.307,0.038,0.177,0.577,0.208,0.212,0.388,0.396,0.005,0.991,0.348,0.728,0.351,0.261,0.202,0.159,0.403,0.825,0.303,0.121,0.122,0.268,0.218,0.017,0.19,0.938,0.878,0.019,0.485,0.665,0.308,0.595,0.266,0.515,0.146,0.847,0.612,0.021
0.0,0.058,0.387,0.92,0.524,0.716,0.616,0.35,0.467,0.95,0.067,0.278,0.816,0.088,0.721,0.311,0.079,0.183,0.878,0.461,0.056,0.644,0.189,0.74,0.081,0.53,0.277,0.523,0.361,0.36,0.895,0.441,0.572,0.495,0.01,0.53,0.113,0.917,0.003,0.466,0.949
1.0,0.111,0.224,0.358,0.626,0.055,0.672,0.884,0.077,0.419,0.252,0.233,0.062,0.722,0.69,0.381,0.847,0.278,0.597,0.217,0.242,0.093,0.111,0.52,0.616,0.568,0.352,0.904,0.219,0.649,0.184,0.279,0.904,0.939,0.625,0.879,0.51,0.565,0.134,0.218,0.427
0.0,0.139,0.959,0.504,0.71,0.582,0.096,0.904,0.636,0.56,0.507,0.929,0.928,0.765,0.16,0.698,0.57,0.088,0.576,0.484,0.55,0.14,0.035,0.35,0.997,0.815,0.514,0.904,0.088,0.355,0.469,0.668,0.534,0.619,0.073,0.283,0.592,0.954,0.942,0.892,0.332
0.0,0.173,0.916,0.581,0.909,0.292,0.267,0.765,0.055,0.094,0.152,0.896,0.97,0.056,0.717,0.783,0.844,0.067,0.301,0.542,0.944,0.462,0.194,0.583,0.18,0.421,0.313,0.667,0.915,0.352,0.369,0.188,0.449,0.572,0.487,0.092,0.557,0.346,0.86,0.175,0.016
0.0,0.648,0.937,0.225,0.995,0.761,0.612,0.951,0.487,0.88,0.356,0.747,0.907,0.605,0.747,0.573,0.342,0.332,0.871,0.454,0.826,0.426,0.499,0.163,0.944,0.693,0.83,0.456,0.459,0.105,0.873,0.811,0.83,0.292,0.181,0.041,0.326,0.335,0.063,0.536,0.053
1.0,0.799,0.475,0.015,0.152,0.472,0.715,0.877,0.397,0.429,0.356,0.072,0.245,0.899,0.266,0.805,0.762,0.344,0.219,0.871,0.654,0.053,0.908,0.476,0.91,0.482,0.651,0.063,0.557,0.681,0.48,0.281,0.595,0.413,0.394,0.543,0.409,0.166,0.994,0.661,0.74
0.0,0.428,0.845,0.956,0.601,0.731,0.498,0.526,0.221,0.075,0.091,0.618,0.403,0.325,0.081,0.367,0.086,0.877,0.303,0.087,0.531,0.384,0.154,0.388,0.735,0.669,0.056,0.757,0.773,0.931,0.969,0.673,0.508,0.078,0.435,0.098,0.804,0.543,0.01,0.434,0.119
1.0,0.878,0.399,0.629,0.272,0.422,0.082,0.93,0.642,0.539,0.425,0.711,0.521,0.589,0.793,0.957,0.711,0.472,0.776,0.623,0.956,0.484,0.764,0.601,0.266,0.495,0.327,0.126,0.09,0.237,0.398,0.979,0.567,0.42,0.901,0.556,0.762,0.432,0.441,0.655,0.807
1.0,0.91,0.581,0.659,0.039,0.013,0.698,0.435,0.686,0.425,0.257,0.276,0.176,0.126,0.763,0.018,0.916,0.696,0.159,0.333,0.832,0.834,0.561,0.221,0.139,0.804,0.054,0.165,0.949,0.808,0.439,0.515,0.382,0.215,0.39,0.086,0.342,0.034,0.189,0.785,0.276
0.0,0.338,0.549,0.595,0.302,0.658,0.944,0.107,0.067,0.111,0.298,0.439,0.912,0.579,0.604,0.391,0.526,0.433,0.591,0.055,0.838,0.74,0.894,0.35,0.188,0.678,0.515,0.692,0.171,0.114,0.045,0.461,0.664,0.891,0.196,0.199,0.843,0.024,0.196,0.961,0.947
0.0,0.986,0.521,0.997,0.125,0.265,0.405,0.419,0.243,0.121,0.716,0.756,0.819,0.176,0.6,0.913,0.763,0.711,0.138,0.502,0.545,0.758,0.048,0.229,0.783,0.89,0.565,0.289,0.736,0.995,0.671,0.536,0.708,0.111,0.891,0.064,0.558,0.827,0.17,0.678,0.365
1.0,0.962,0.296,0.387,0.72,0.271,0.668,0.276,0.451,0.908,0.607,0.034,0.402,0.028,0.071,0.791,0.24,0.602,0.553,0.946,0.545,0.093,0.6,0.123,0.849,0.996,0.189,0.326,0.289,0.762,0.351,0.325,0.757,0.962,0.624,0.004,0.412,0.405,0.196,0.639,0.197
1.0,0.702,0.89,0.537,0.586,0.608,0.963,0.16,0.862,0.149,0.596,0.808,0.387,0.364,0.694,0.327,0.648,0.594,0.093,0.955,0.022,0.4,0.908,0.64,0.903,0.684,0.555,0.257,0.438,0.757,0.482,0.035,0.062,0.916,0.285,0.125,0.213,0.405,0.953,0.971,0.164
0.0,0.804,0.368,0.598,0.132,0.398,0.011,0.501,0.898,0.957,0.317,0.433,0.827,0.055,0.502,0.84,0.788,0.449,0.341,0.208,0.337,0.615,0.697,0.117,0.363,0.601,0.094,0.865,0.762,0.779,0.798,0.329,0.917,0.709,0.9,0.052,0.663,0.771,0.281,0.219,0.848
1.0,0.255,0.729,0.023,0.653,0.235,0.708,0.54,0.591,0.172,0.565,0.168,0.184,0.232,0.557,0.219,0.463,0.047,0.169,0.51,0.666,0.205,0.957,0.68,0.98,0.137,0.113,0.064,0.416,0.005,0.572,0.596,0.599,0.079,0.647,0.543,0.331,0.102,0.471,0.345,0.513
0.0,0.367,0.758,0.934,0.813,0.128,0.64,0.614,0.358,0.853,0.736,0.885,0.859,0.422,0.792,0.308,0.594,0.352,0.357,0.136,0.619,0.752,0.904,0.889,0.457,0.329,0.468,0.976,0.311,0.222,0.185,0.165,0.172,0.869,0.516,0.59,0.288,0.379,0.665,0.696,0.559
1.0,0.097,0.471,0.928,0.725,0.474,0.87,0.116,0.799,0.152,0.469,0.587,0.728,0.935,0.679,0.059,0.23,0.274,0.169,0.87,0.408,0.979,0.175,0.716,0.404,0.435,0.912,0.73,0.255,0.443,0.778,0.449,0.979,0.041,0.158,0.009,0.034,0.089,0.904,0.634,0.481
0.0,0.798,0.885,0.754,0.829,0.65,0.445,0.603,0.673,0.665,0.282,0.614,0.875,0.62,0.665,0.979,0.957,0.014,0.693,0.24,0.919,0.291,0.812,0.774,0.458,0.343,0.441,0.954,0.482,0.509,0.553,0.742,0.2,0.001,0.926,0.682,0.158,0.994,0.102,0.354,0.201
0.0,0.655,0.845,0.45,0.59,0.95,0.559,0.955,0.201,0.972,0.636,0.622,0.418,0.979,0.436,0.933,0.335,0.023,0.911,0.559,0.197,0.705,0.609,0.348,0.417,0.526,0.697,0.538,0.651,0.367,0.468,0.34,0.424,0.468,0.505,0.449,0.769,0.491,0.732,0.132,0.749
0.0,0.704,0.454,0.551,0.623,0.305,0.275,0.51,0.693,0.409,0.46,0.753,0.405,0.479,0.766,0.757,0.993,0.38,0.018,0.252,0.35,0.533,0.008,0.947,0.752,0.723,0.216,0.062,0.568,0.867,0.165,0.239,0.381,0.23,0.826,0.589,0.125,0.803,0.448,0.144,0.788
0.0,0.982,0.834,0.951,0.725,0.103,0.051,0.864,0.993,0.928,0.981,0.746,0.561,0.036,0.076,0.991,0.728,0.517,0.599,0.833,0.475,0.268,0.821,0.901,0.014,0.001,0.373,0.842,0.579,0.307,0.571,0.525,0.541,0.773,0.624,0.415,0.943,0.357,0.685,0.441,0.931
1.0,0.732,0.873,0.951,0.681,0.579,0.695,0.489,0.522,0.653,0.524,0.214,0.33,0.192,0.924,0.454,0.304,0.054,0.209,0.574,0.958,0.622,0.757,0.019,0.669,0.736,0.584,0.972,0.445,0.845,0.116,0.802,0.793,0.884,0.43,0.136,0.591,0.555,0.378,0.942,0.625
1.0,0.41,0.061,0.165,0.618,0.692,0.66,0.261,0.882,0.466,0.267,0.769,0.649,0.977,0.897,0.17,0.896,0.067,0.999,0.85,0.773,0.146,0.948,0.546,0.844,0.846,0.475,0.66,0.993,0.624,0.534,0.586,0.785,0.04,0.307,0.788,0.326,0.862,0.514,0.373,0.984
0.0,0.442,0.557,0.446,0.555,0.965,0.616,0.916,0.964,0.605,0.342,0.072,0.372,0.02,0.387,0.578,0.188,0.283,0.232,0.715,0.857,0.657,0.019,0.022,0.162,0.522,0.603,0.771,0.571,0.055,0.637,0.977,0.007,0.055,0.109,0.872,0.933,0.08,0.676,0.37,0.313
1.0,0.872,0.912,0.719,0.273,0.645,0.36,0.385,0.776,0.334,0.394,0.829,0.607,0.041,0.331,0.426,0.227,0.954,0.585,0.566,0.91,0.066,0.816,0.48,0.456,0.492,0.85,0.614,0.542,0.885,0.517,0.368,0.216,0.98,0.636,0.544,0.385,0.705,0.818,0.092,0.861
0.0,0.382,0.467,0.981,0.353,0.832,0.985,0.125,0.438,0.089,0.074,0.515,0.122,0.712,0.665,0.017,0.729,0.832,0.901,0.992,0.83,0.9,0.904,0.875,0.159,0.273,0.46,0.591,0.519,0.716,0.168,0.958,0.487,0.601,0.614,0.241,0.97,0.985,0.225,0.793,0.381
0.0,0.499,0.591,0.578,0.001,0.901,0.352,0.526,0.141,0.711,0.374,0.508,0.264,0.311,0.245,0.722,0.05,0.059,0.958,0.06,0.29,0.196,0.855,0.366,0.651,0.719,0.25,0.522,0.43,0.611,0.644,0.351,0.712,0.681,0.053,0.437,0.473,0.924,0.963,0.138,0.472
1.0,0.868,0.951,0.162,0.016,0.67,0.704,0.438,0.113,0.507,0.756,0.86,0.44,0.752,0.172,0.997,0.831,0.343,0.436,0.025,0.345,0.05,0.054,0.403,0.997,0.16,0.119,0.525,0.463,0.41,0.118,0.716,0.775,0.184,0.682,0.945,0.297,0.642,0.804,0.492,0.119
0.0,0.461,0.567,0.433,0.981,0.879,0.211,0.646,0.726,0.708,0.197,0.174,0.387,0.033,0.112,0.04,0.368,0.891,0.917,0.931,0.095,0.164,0.955,0.269,0.986,0.321,0.591,0.097,0.635,0.505,0.118,0.415,0.932,0.386,0.521,0.879,0.899,0.977,0.233,0.065,0.785
0.0,0.745,0.358,0.155,0.711,0.029,0.573,0.398,0.658,0.083,0.55,0.251,0.991,0.363,0.766,0.98,0.296,0.481,0.866,0.566,0.203,0.585,0.245,0.734,0.055,0.574,0.285,0.513,0.125,0.297,0.263,0.692,0.225,0.571,0.59,0.545,0.02,0.666,0.136,0.367,0.524
0.0,0.697,0.279,0.467,0.756,0.056,0.48,0.989,0.112,0.882,0.955,0.959,0.962,0.719,1.0,0.728,0.414,0.286,0.344,0.505,0.448,0.321,0.284,0.828,0.827,0.29,0.444,0.555,0.842,0.32,0.689,0.293,0.37,0.512,0.827,0.288,0.527,0.187,0.85,0.215,0.726
0.0,0.132,0.916,0.801,0.56,0.958,0.688,0.25,0.428,0.817,0.494,0.69,0.321,0.025,0.081,0.922,0.002,0.721,0.303,0.155,0.665,0.946,0.842,0.469,0.261,0.521,0.391,0.31,0.628,0.588,0.445,0.169,0.024,0.274,0.152,0.159,0.131,0.897,0.691,0.791,0.632
0.0,0.77,0.105,0.965,0.703,0.119,0.86,0.729,0.351,0.888,0.22,0.221,0.941,0.882,0.068,0.027,0.181,0.477,0.078,0.126,0.323,0.785,0.53,0.161,0.782,0.021,0.787,0.449,0.248,0.116,0.02,0.372,0.385,0.728,0.5,0.565,0.165,0.738,0.456,0.672,0.107
0.0,0.094,0.201,0.271,0.868,0.468,0.622,0.628,0.266,0.26,0.272,0.588,0.695,0.95,0.616,0.84,0.12,0.041,0.101,0.097,0.215,0.146,0.061,0.786,0.921,0.989,0.214,0.723,0.589,0.587,0.036,0.466,0.02,0.587,0.378,0.799,0.589,0.246,0.774,0.71,0.401
1.0,0.893,0.39,0.351,0.663,0.302,0.612,0.981,0.668,0.574,0.769,0.498,0.102,0.532,0.432,0.046,0.412,0.982,0.897,0.668,0.207,0.492,0.786,0.66,0.682,0.15,0.588,0.933,0.334,0.572,0.213,0.911,0.158,0.922,0.993,0.079,0.673,0.156,0.641,0.633,0.415
1.0,0.168,0.179,0.279,0.393,0.676,0.131,0.361,0.8,0.61,0.431,0.355,0.329,0.299,0.29,0.846,0.277,0.561,0.264,0.46,0.756,0.051,0.079,0.547,0.168,0.003,0.373,0.562,0.394,0.416,0.898,0.036,0.906,0.721,0.323,0.57,0.523,0.67,0.728,0.31,0.72
0.0,0.981,0.093,0.802,0.22,0.889,0.828,0.427,0.667,0.898,0.617,0.42,0.812,0.743,0.461,0.431,0.376,0.975,0.228,0.354,0.338,0.899,0.669,0.486,0.226,0.652,0.523,0.077,0.574,0.359,0.21,0.813,0.178,0.286,0.471,0.219,0.679,0.881,0.927,0.361,0.423
0.0,0.992,0.681,0.387,0.222,0.408,0.854,0.061,0.25,0.343,0.8,0.732,0.538,0.254,0.804,0.868,0.976,0.787,0.689,0.114,0.37,0.479,0.096,0.262,0.728,0.412,0.821,0.383,0.638,0.274,0.668,0.236,0.934,0.754,0.137,0.764,0.23,0.422,0.48,0.84,0.468
0.0,0.775,0.23,0.613,0.92,0.67,0.124,0.53,0.877,0.337,0.669,0.275,0.895,0.421,0.629,0.767,0.124,0.944,0.56,0.683,0.885,0.086,0.722,0.875,0.827,0.904,0.107,0.645,0.475,0.27,0.012,0.376,0.907,0.567,0.703,0.457,0.174,0.407,0.743,0.107,0.018
0.0,0.807,0.764,0.084,0.497,0.87,0.347,0.363,0.657,0.205,0.071,0.553,0.235,0.159,0.809,0.36,0.869,0.224,0.931,0.509,0.297,0.056,0.435,0.61,0.165,0.324,0.63,0.355,0.728,0.514,0.051,0.614,0.442,0.187,0.154,0.625,0.461,0.064,0.084,0.067,0.469
1.0,0.009,0.057,0.062,0.277,0.83,0.673,0.841,0.959,0.642,0.002,0.963,0.457,0.858,0.93,0.91,0.334,0.028,0.495,0.03,0.242,0.382,0.152,0.042,0.693,0.617,0.721,0.515,0.91,0.829,0.255,0.189,0.676,0.546,0.016,0.155,0.95,0.338,0.415,0.377,0.339
1.0,0.513,0.769,0.139,0.863,0.359,0.443,0.101,0.197,0.354,0.219,0.581,0.018,0.023,0.938,0.652,0.043,0.127,0.673,0.813,0.063,0.547,0.028,0.443,0.419,0.626,0.593,0.042,0.391,0.914,0.867,0.168,0.145,0.486,0.551,0.719,0.871,0.29,0.094,0.314,0.398
0.0,0.557,0.93,0.118,0.516,0.262,0.281,0.254,0.741,0.054,0.28,0.245,0.942,0.933,0.799,0.832,0.606,0.021,0.258,0.954,0.522,0.562,0.529,0.133,0.628,0.916,0.768,0.115,0.51,0.917,0.451,0.105,0.619,0.143,0.553,0.085,0.087,0.673,0.433,0.661,0.867
1.0,0.123,0.836,0.93,0.505,0.481,0.872,0.066,0.116,0.391,0.917,0.844,0.714,0.941,0.017,0.83,0.544,0.636,0.097,0.957,0.379,0.689,0.521,0.144,0.399,0.022,0.371,0.937,0.503,0.275,0.634,0.077,0.741,0.112,0.273,0.254,0.475,0.953,0.192,0.528,0.633
0.0,0.91,0.4,0.045,0.703,0.48,0.13,0.409,0.927,0.051,0.413,0.953,0.786,0.021,0.247,0.328,0.729,0.95,0.056,0.471,0.08,0.53,0.349,0.523,0.611,0.353,0.51,0.187,0.52,0.675,0.426,0.863,0.455,0.675,0.223,0.507,0.849,0.175,0.497,0.02,0.292
0.0,0.431,0.652,0.339,0.168,0.327,0.79,0.404,0.121,0.738,0.539,0.646,0.515,0.23,0.204,0.941,0.841,0.681,0.869,0.994,0.155,0.47,0.316,0.815,0.866,0.937,0.438,0.216,0.057,0.859,0.026,0.24,0.146,0.981,0.662,0.436,0.219,0.725,0.813,0.643,0.897
0.0,0.889,0.714,0.14,0.098,0.442,0.759,0.599,0.618,0.391,0.271,0.054,0.079,0.161,0.145,0.126,0.571,0.537,0.794,0.416,0.636,0.875,0.993,0.881,0.756,0.971,0.661,0.954,0.43,0.533,0.79,0.209,0.346,0.205,0.859,0.702,0.268,0.526,0.352,0.111,0.867
0.0,0.943,0.538,0.124,0.81,0.264,0.438,0.251,0.718,0.902,0.269,0.184,0.882,0.058,0.715,0.86,0.755,0.385,0.89,0.89,0.899,0.254,0.39,0.476,0.174,0.967,0.217,0.775,0.534,0.799,0.738,0.775,0.273,0.516,0.647,0.925,0.339,0.292,0.767,0.623,0.675
0.0,0.107,0.764,0.628,0.878,0.844,0.18,0.686,0.57,0.205,0.291,0.256,0.068,0.641,0.472,0.049,0.715,0.282,0.174,0.402,0.27,0.313,0.201,0.517,0.32,0.985,0.417,0.132,0.984,0.287,0.431,0.501,0.359,0.461,0.199,0.187,0.092,0.762,0.939,0.129,0.439
0.0,0.23,0.076,0.477,0.195,0.666,0.753,0.26,0.229,0.566,0.093,0.904,0.473,0.062,0.537,0.703,0.537,0.593,0.264,0.449,0.586,0.444,0.377,0.785,0.662,0.289,0.035,0.727,0.909,0.78,0.931,0.894,0.83,0.486,0.407,0.584,0.535,0.988,0.954,0.611,0.424
0.0,0.025,0.501,0.712,0.796,0.392,0.518,0.639,0.425,0.949,0.931,0.041,0.868,0.85,0.829,0.422,0.868,0.989,0.31,0.729,0.024,0.655,0.984,0.45,0.462,0.619,0.012,0.402,0.609,0.728,0.799,0.608,0.947,0.031,0.651,0.583,0.3,0.608,0.018,0.728,0.33
0.0,0.474,0.715,0.934,0.488,0.22,0.414,0.091,0.118,0.636,0.269,0.371,0.95,0.987,0.71,0.608,0.05,0.673,0.555,0.433,0.695,0.184,0.137,0.063,0.684,0.982,0.951,0.063,0.417,0.407,0.599,0.393,0.871,0.734,0.488,0.742,0.987,0.666,0.339,0.738,0.305
0.0,0.044,0.671,0.233,0.963,0.003,0.941,0.022,0.563,0.948,0.483,0.619,0.168,0.037,0.991,0.879,0.448,0.104,0.652,0.34,0.799,0.24,0.655,0.814,0.607,0.027,0.413,0.671,0.552,0.929,0.929,0.528,0.62,0.626,0.824,0.047,0.702,0.393,0.103,0.753,0.863
0.0,0.389,0.193,0.166,0.297,0.064,0.366,0.481,0.547,0.379,0.677,0.849,0.332,0.076,0.661,0.044,0.311,0.453,0.612,0.059,0.778,0.112,0.976,0.956,0.019,0.238,0.699,0.661,0.401,0.262,0.088,0.641,0.299,0.511,0.522,0.526,0.05,0.972,0.823,0.401,0.858
0.0,0.213,0.389,0.359,0.401,0.877,0.457,0.023,0.402,0.708,0.418,0.396,0.073,0.377,0.191,0.952,0.181,0.917,0.902,0.691,0.695,0.603,0.881,0.938,0.474,0.193,0.036,0.145,0.833,0.877,0.046,0.838,0.776,0.392,0.339,0.864,0.315,0.001,0.212,0.985,0.626
1.0,0.893,0.616,0.19,0.261,0.547,0.543,0.723,0.883,0.739,0.443,0.647,0.511,0.018,0.264,0.394,0.119,0.305,0.411,0.395,0.539,0.028,0.405,0.471,0.072,0.828,0.152,0.714,0.812,0.938,0.242,0.535,0.157,0.091,0.251,0.122,0.978,0.5,0.557,0.984,0.819
0.0,0.538,0.592,0.165,0.137,0.327,0.401,0.506,0.791,0.425,0.004,0.674,0.879,0.954,0.449,0.31,0.802,0.951,0.758,0.401,0.218,0.307,0.498,0.485,0.92,0.748,0.163,0.09,0.352,0.179,0.656,0.269,0.538,0.572,0.471,0.863,0.45,0.462,0.562,0.827,0.786
1.0,0.54,0.598,0.543,0.934,0.189,0.587,0.228,0.872,0.866,0.667,0.481,0.764,0.422,0.722,0.85,0.789,0.538,0.698,0.852,0.982,0.156,0.472,0.765,0.609,0.522,0.344,0.198,0.204,0.017,0.284,0.744,0.458,0.671,0.818,0.715,0.327,0.347,0.744,0.537,0.814
1.0,0.84,0.171,0.698,0.29,0.308,0.394,0.016,0.589,0.95,0.477,0.829,0.193,0.41,0.983,0.569,0.722,0.981,0.738,0.175,0.431,0.192,0.834,0.418,0.648,0.374,0.021,0.36,0.783,0.969,0.603,0.183,0.811,0.893,0.076,0.162,0.007,0.187,0.622,0.736,0.921
0.0,0.413,0.187,0.581,0.499,0.897,0.427,0.112,0.58,0.737,0.093,0.822,0.399,0.309,0.575,0.441,0.176,0.82,0.355,0.964,0.918,0.513,0.412,0.179,0.906,0.722,0.306,0.748,0.198,0.35,0.607,0.45,0.374,0.702,0.126,0.717,0.75,0.687,0.665,0.633,0.673
0.0,0.162,0.99,0.104,0.376,0.717,0.065,0.56,0.234,0.647,0.257,0.894,0.827,0.45,0.965,0.877,0.427,0.628,0.736,0.573,0.252,0.501,0.118,0.684,0.024,0.861,0.452,0.132,0.86,0.995,0.506,0.984,0.693,0.591,0.03,0.667,0.269,0.963,0.613,0.538,0.119
1.0,0.145,0.002,0.218,0.441,0.151,0.349,0.208,0.029,0.305,0.52,0.604,0.709,0.798,0.934,0.62,0.195,0.76,0.629,0.484,0.38,0.698,0.907,0.943,0.077,0.661,0.845,0.126,0.959,0.652,0.222,0.073,0.579,0.668,0.088,0.623,0.863,0.317,0.27,0.151,0.666
0.0,0.344,0.952,0.686,0.452,0.97,0.264,0.748,0.489,0.046,0.914,0.504,0.061,0.862,0.963,0.191,0.557,0.304,0.512,0.815,0.395,0.046,0.179,0.603,0.422,0.742,0.823,0.741,0.663,0.101,0.677,0.04,0.983,0.56,0.245,0.725,0.184,0.048,0.809,0.711,0.558
0.0,0.785,0.259,0.027,0.973,0.957,0.495,0.386,0.736,0.526,0.597,0.65,0.125,0.867,0.13,0.594,0.892,0.934,0.013,0.748,0.889,0.893,0.044,0.99,0.518,0.072,0.151,0.715,0.908,0.995,0.934,0.482,0.196,0.404,0.623,0.566,0.633,0.361,0.915,0.907,0.308
0.0,0.694,0.223,0.069,0.55,0.577,0.516,0.122,0.439,0.818,0.634,0.819,0.031,0.427,0.128,0.478,0.923,0.328,0.635,0.214,0.615,0.682,0.27,0.169,0.0,0.911,0.323,0.34,0.523,0.237,0.404,0.356,0.996,0.329,0.211,0.767,0.676,0.107,0.61,0.906,0.374
0.0,0.457,0.966,0.723,0.394,0.967,0.101,0.819,0.156,0.104,0.871,0.805,0.219,0.206,0.444,0.695,0.747,0.484,0.391,0.53,0.933,0.423,0.788,0.867,0.433,0.327,0.02,0.053,0.098,0.414,0.018,0.594,0.885,0.824,0.794,0.991,0.149,0.778,0.724,0.816,0.37
0.0,0.279,0.921,0.088,0.715,0.973,0.488,0.532,0.187,0.462,0.534,0.021,0.444,0.232,0.837,0.486,0.794,0.782,0.347,0.401,0.052,0.08,0.463,0.443,0.087,0.418,0.082,0.95,0.506,0.819,0.213,0.191,0.849,0.927,0.001,0.301,0.532,0.341,0.847,0.638,0.175
0.0,0.8,0.927,0.55,0.659,0.868,0.814,0.087,0.354,0.284,0.424,0.432,0.418,0.905,0.112,0.396,0.444,0.764,0.346,0.814,0.225,0.702,0.305,0.776,0.808,0.824,0.847,0.394,0.44,0.404,0.322,0.16,0.58,0.946,0.006,0.377,0.253,0.414,0.14,0.603,0.681
0.0,0.855,0.398,0.291,0.425,0.475,0.395,0.27,0.467,0.6,0.521,0.503,0.289,0.182,0.789,0.378,0.156,0.022,0.115,0.589,0.815,0.941,0.2,0.816,0.891,0.96,0.801,0.553,0.728,0.966,0.501,0.679,0.128,0.041,0.568,0.814,0.023,0.536,0.574,0.004,0.168
0.0,0.007,0.579,0.659,0.894,0.039,0.831,0.858,0.214,0.069,0.347,0.049,0.736,0.69,0.499,0.039,0.881,0.32,0.96,0.95,0.012,0.978,0.113,0.896,0.801,0.235,0.2,0.52,0.094,0.339,0.491,0.334,0.414,0.126,0.578,0.584,0.761,0.959,0.48,0.701,0.834
1.0,0.748,0.328,0.417,0.042,0.05,0.985,0.642,0.709,0.27,0.052,0.796,0.487,0.808,0.272,0.707,0.019,0.525,0.639,0.589,0.172,0.138,0.437,0.68,0.461,0.073,0.487,0.373,0.091,0.081,0.695,0.267,0.286,0.048,0.668,0.816,0.041,0.347,0.855,0.153,0.274
0.0,0.552,0.95,0.48,0.057,0.235,0.531,0.807,0.958,0.829,0.668,0.38,0.05,0.65,0.499,0.254,0.788,0.521,0.265,0.23,0.341,0.139,0.698,0.797,0.093,0.871,0.227,0.648,0.796,0.974,0.143,0.303,0.288,0.509,0.082,0.511,0.782,0.098,0.949,0.286,0.103
1.0,0.892,0.451,0.71,0.614,0.375,0.459,0.126,0.726,0.923,0.753,0.216,0.118,0.533,0.349,0.555,0.416,0.498,0.738,0.996,0.495,0.14,0.548,0.614,0.451,0.202,0.729,0.52,0.317,0.318,0.473,0.659,0.041,0.52,0.447,0.29,0.053,0.457,0.836,0.708,0.207
0.0,0.811,0.322,0.393,0.589,0.83,0.668,0.327,0.15,0.962,0.02,0.014,0.024,0.991,0.148,0.45,0.014,0.15,0.831,0.084,0.684,0.846,0.655,0.786,0.1,0.103,0.396,0.919,0.453,0.938,0.246,0.033,0.902,0.933,0.396,0.317,0.143,0.425,0.682,0.323,0.094
1.0,0.221,0.543,0.342,0.3,0.45,0.988,0.501,0.254,0.564,0.98,0.033,0.912,0.477,0.591,0.647,0.022,0.065,0.756,0.807,0.269,0.238,0.741,0.879,0.27,0.64,0.917,0.705,0.022,0.21,0.52,0.028,0.779,0.156,0.252,0.752,0.482,0.82,0.395,0.231,0.069
1.0,0.08,0.825,0.224,0.962,0.695,0.451,0.604,0.413,0.182,0.904,0.627,0.467,0.604,0.485,0.9,0.358,0.031,0.108,0.951,0.446,0.029,0.27,0.567,0.275,0.265,0.965,0.424,0.306,0.834,0.988,0.934,0.53,0.788,0.771,0.129,0.18,0.917,0.01,0.29,0.611
0.0,0.062,0.061,0.591,0.611,0.667,0.013,0.444,0.143,0.423,0.166,0.113,0.182,0.53,0.839,0.457,0.248,0.836,0.194,0.5,0.322,0.396,0.746,0.988,0.982,0.793,0.1,0.307,0.127,0.223,0.831,0.493,0.898,0.733,0.995,0.945,0.649,0.857,0.026,0.358,0.827
1.0,0.743,0.602,0.77,0.899,0.091,0.347,0.692,0.316,0.268,0.533,0.094,0.309,0.652,0.344,0.053,0.459,0.403,0.066,0.477,0.679,0.825,0.851,0.322,0.789,0.364,0.136,0.534,0.156,0.673,0.575,0.113,0.65,0.651,0.521,0.226,0.637,0.733,0.111,0.619,0.563
1.0,0.2,0.031,0.858,0.344,0.825,0.055,0.79,0.168,0.34,0.927,0.559,0.43,0.446,0.401,0.008,0.814,0.718,0.697,0.854,0.164,0.965,0.767,0.106,0.86,0.761,0.372,0.272,0.79,0.096,0.325,0.349,0.211,0.924,0.626,0.186,0.98,0.828,0.561,0.183,0.72
1.0,0.107,0.542,0.344,0.85,0.61,0.98,0.233,0.964,0.424,0.592,0.818,0.818,0.017,0.654,0.164,0.051,0.629,0.454,0.448,0.693,0.889,0.621,0.3,0.649,0.217,0.5,0.202,0.674,0.322,0.452,0.301,0.983,0.788,0.541,0.128,0.296,0.2,0.781,0.867,0.183
0.0,0.931,0.986,0.119,0.693,0.934,0.541,0.76,0.797,0.451,0.815,0.27,0.164,0.554,0.287,0.824,0.672,0.894,0.982,0.77,0.788,0.529,0.494,0.297,0.399,0.428,0.306,0.488,0.09,0.477,0.012,0.694,0.23,0.728,0.999,0.229,0.142,0.82,0.693,0.403,0.908
1.0,0.249,0.746,0.259,0.408,0.622,0.809,0.867,0.492,0.744,0.967,0.624,0.386,0.716,0.617,0.661,0.046,0.385,0.707,0.329,0.689,0.836,0.461,0.472,0.246,0.967,0.171,0.793,0.935,0.582,0.103,0.285,0.658,0.457,0.937,0.669,0.679,0.815,0.063,0.378,0.351
0.0,0.285,0.912,0.065,0.763,0.774,0.044,0.413,0.182,0.38,0.772,0.287,0.831,0.312,0.181,0.303,0.108,0.186,0.069,0.666,0.553,0.117,0.81,0.143,0.541,0.251,0.384,0.025,0.824,0.501,0.914,0.807,0.054,0.924,0.272,0.957,0.536,0.103,0.043,0.049,0.556
0.0,0.383,0.614,0.077,0.225,0.506,0.476,0.978,0.218,0.702,0.564,0.058,0.977,0.695,0.104,0.204,0.587,0.754,0.079,0.936,0.465,0.947,0.235,0.279,0.615,0.897,0.118,0.818,0.119,0.847,0.611,0.149,0.343,0.594,0.021,0.307,0.629,0.457,0.868,0.533,0.899
1.0,0.277,0.835,0.037,0.9,0.038,0.428,0.239,0.403,0.22,0.017,0.303,0.16,0.174,0.477,0.735,0.043,0.33,0.442,0.727,0.521,0.218,0.606,0.269,0.739,0.796,0.823,0.624,0.163,0.799,0.026,0.578,0.314,0.508,0.945,0.563,0.379,0.72,0.717,0.091,0.129
0.0,0.344,0.26,0.014,0.145,0.989,0.64,0.724,0.765,0.479,0.613,0.491,0.998,0.975,0.063,0.371,0.965,0.967,0.401,0.058,0.28,0.921,0.564,0.12,0.093,0.522,0.853,0.549,0.882,0.611,0.477,0.226,0.822,0.222,0.864,0.72,0.685,0.327,0.669,0.998,0.824
0.0,0.283,0.777,0.427,0.515,0.864,0.961,0.756,0.441,0.061,0.952,0.119,0.608,0.354,0.165,0.644,0.761,0.881,0.485,0.316,0.881,0.769,0.751,0.994,0.922,0.614,0.243,0.789,0.765,0.709,0.968,0.797,0.349,0.448,0.022,0.713,0.787,0.011,0.792,0.052,0.312
0.0,0.855,0.813,0.393,0.555,0.313,0.606,0.382,0.321,0.062,0.71,0.505,0.783,0.134,0.7,0.534,0.639,0.418,0.473,0.165,0.245,0.573,0.783,0.343,0.238,0.284,0.372,0.095,0.334,0.883,0.165,0.435,0.261,0.226,0.271,0.911,0.2,0.652,0.945,0.969,0.984
0.0,0.483,0.281,0.245,0.703,0.86,0.085,0.38,0.152,0.48,0.486,0.644,0.586,0.493,0.326,0.76,0.383,0.922,0.525,0.474,0.684,0.433,0.344,0.236,0.643,0.558,0.346,0.026,0.764,0.248,0.446,0.579,0.222,0.839,0.87,0.69,0.665,0.988,0.283,0.96,0.208
1.0,0.708,0.492,0.325,0.741,0.116,0.799,0.185,0.093,0.881,0.282,0.679,0.434,0.078,0.492,0.486,0.379,0.174,0.338,0.728,0.785,0.639,0.89,0.366,0.513,0.698,0.091,0.586,0.852,0.363,0.57,0.824,0.947,0.34,0.113,0.651,0.976,0.732,0.039,0.99,0.441
0.0,0.647,0.876,0.105,0.924,0.479,0.563,0.132,0.593,0.906,0.036,0.574,0.556,0.915,0.465,0.103,0.847,0.53,0.987,0.3,0.108,0.951,0.048,0.886,0.663,0.336,0.82,0.54,0.182,0.433,0.833,0.219,0.471,0.604,0.122,0.451,0.512,0.016,0.404,0.811,0.919
1.0,0.22,0.852,0.59,0.287,0.583,0.799,0.5,0.874,0.492,0.084,0.342,0.417,0.429,0.898,0.111,0.127,0.512,0.621,0.164,0.578,0.19,0.172,0.774,0.351,0.56,0.068,0.39,0.924,0.777,0.242,0.516,0.116,0.645,0.137,0.455,0.623,0.265,0.542,0.927,0.632
0.0,0.981,0.75,0.82,0.283,0.472,0.381,0.488,0.854,0.947,0.936,0.837,0.933,0.927,0.602,0.607,0.031,0.842,0.481,0.321,0.293,0.229,0.583,0.543,0.212,0.73,0.493,0.777,0.776,0.467,0.677,0.462,0.962,0.859,0.043,0.969,0.177,0.618,0.905,0.247,0.217
1.0,0.361,0.345,0.854,0.212,0.688,0.479,0.906,0.02,0.94,0.708,0.098,0.159,0.423,0.522,0.094,0.713,0.069,0.286,0.183,0.002,0.362,0.982,0.008,0.954,0.662,0.351,0.799,0.101,0.401,0.864,0.135,0.566,0.209,0.987,0.208,0.743,0.441,0.519,0.682,0.23
1.0,0.255,0.787,0.222,0.101,0.701,0.521,0.52,0.403,0.563,0.353,0.387,0.59,0.606,0.52,0.22,0.155,0.028,0.958,0.827,0.939,0.904,0.344,0.76,0.166,0.732,0.348,0.588,0.163,0.477,0.26,0.787,0.849,0.176,0.175,0.476,0.308,0.181,0.814,0.365,0.587
0.0,0.251,0.09,0.666,0.461,0.664,0.723,0.309,0.477,0.574,0.143,0.768,0.966,0.85,0.969,0.5,0.875,0.009,0.32,0.6,0.557,0.308,0.245,0.616,0.638,0.372,0.083,0.632,0.383,0.311,0.939,0.239,0.545,0.19,0.822,0.886,0.574,0.578,0.232,0.902,0.555
1.0,0.438,0.392,0.598,0.294,0.111,0.903,0.065,0.035,0.344,0.463,0.184,0.022,0.575,0.431,0.79,0.882,0.664,0.597,0.724,0.368,0.066,0.919,0.522,0.308,0.749,0.212,0.423,0.628,0.459,0.91,0.362,0.874,0.503,0.064,0.596,0.275,0.152,0.51,0.943,0.887
0.0,0.643,0.644,0.39,0.942,0.76,0.422,0.864,0.338,0.227,0.342,0.403,0.811,0.357,0.949,0.92,0.928,0.386,0.039,0.535,0.112,0.198,0.725,0.542,0.819,0.731,0.481,0.715,0.008,0.335,0.083,0.257,0.35,0.678,0.717,0.705,0.411,0.034,0.242,0.521,0.298
0.0,0.504,0.846,0.875,0.188,0.554,0.259,0.778,0.303,0.202,0.251,0.431,0.335,0.644,0.489,0.409,0.532,0.026,0.97,0.674,0.105,0.11,0.093,0.85,0.429,0.299,0.53,0.05,0.712,0.161,0.208,0.064,0.7,0.202,0.332,0.585,0.99,0.121,0.873,0.552,0.355
0.0,0.282,0.608,0.551,0.573,0.661,0.173,0.208,0.683,0.479,0.278,0.378,0.813,0.926,0.097,0.838,0.673,0.383,0.007,0.562,0.292,0.119,0.351,0.901,0.371,0.514,0.962,0.865,0.714,0.299,0.004,0.755,0.046,0.676,0.477,0.997,0.902,0.868,0.896,0.562,0.814
1.0,0.55,0.68,0.69,0.525,0.583,0.145,0.226,0.656,0.287,0.986,0.008,0.175,0.765,0.373,0.291,0.627,0.843,0.451,0.356,0.615,0.141,0.827,0.109,0.743,0.369,0.702,0.297,0.996,0.752,0.051,0.445,0.203,0.662,0.79,0.921,0.713,0.453,0.797,0.081,0.72
0.0,0.931,0.94,0.17,0.104,0.07,0.377,0.055,0.41,0.29,0.4,0.929,0.941,0.042,0.926,0.466,0.618,0.911,0.545,0.27,0.809,0.574,0.976,0.056,0.86,0.022,0.07,0.594,0.544,0.967,0.436,0.803,0.927,0.009,0.319,0.305,0.524,0.428,0.857,0.917,0.506
1.0,0.533,0.184,0.501,0.695,0.363,0.179,0.429,0.846,0.705,0.65,0.282,0.488,0.724,0.827,0.135,0.074,0.369,0.951,0.765,0.415,0.43,0.212,0.077,0.102,0.297,0.229,0.352,0.095,0.12,0.93,0.547,0.59,0.828,0.294,0.509,0.695,0.107,0.09,0.102,0.05
0.0,0.461,0.171,0.659,0.494,0.852,0.502,0.159,0.869,0.191,0.395,0.0,0.488,0.01,0.324,0.665,0.396,0.179,0.612,0.874,0.815,0.582,0.837,0.356,0.729,0.174,0.715,0.652,0.465,0.599,0.604,0.246,0.193,0.461,0.393,0.545,0.576,0.175,0.202,0.691,0.37
0.0,0.741,0.314,0.555,0.525,0.375,0.042,0.789,0.72,0.07,0.255,0.925,0.816,0.676,0.679,0.55,0.035,0.25,0.628,0.256,0.487,0.644,0.98,0.409,0.209,0.345,0.003,0.189,0.248,0.097,0.277,0.15,0.857,0.552,0.207,0.03,0.506,0.291,0.727,0.724,0.103
1.0,0.061,0.852,0.434,0.384,0.138,0.191,0.761,0.959,0.472,0.963,0.763,0.101,0.347,0.316,0.205,0.056,0.049,0.454,0.422,0.852,0.203,0.328,0.315,0.766,0.672,0.97,0.819,0.989,0.301,0.559,0.687,0.429,0.967,0.27,0.524,0.233,0.431,0.304,0.726,0.808
1.0,0.846,0.754,0.501,0.781,0.104,0.945,0.469,0.058,0.449,0.624,0.412,0.368,0.295,0.968,0.424,0.635,0.523,0.963,0.646,0.913,0.523,0.486,0.276,0.042,0.455,0.505,0.348,0.678,0.979,0.312,0.851,0.416,0.45,0.915,0.5,0.543,0.048,0.076,0.4,0.129
0.0,0.016,0.19,0.118,0.043,0.909,0.572,0.429,0.455,0.699,0.312,0.267,0.978,0.952,0.39,0.796,0.483,0.244,0.129,0.586,0.765,0.292,0.02,0.598,0.599,0.452,0.144,0.166,0.893,0.48,0.367,0.056,0.781,0.076,0.366,0.668,0.3,0.932,0.296,0.687,0.809
1.0,0.265,0.153,0.982,0.223,0.467,0.671,0.447,0.362,0.906,0.313,0.007,0.683,0.026,0.017,0.071,0.581,0.555,0.58,0.008,0.297,0.182,0.539,0.716,0.15,0.889,0.568,0.746,0.91,0.278,0.648,0.249,0.866,0.524,0.397,0.733,0.407,0.317,0.612,0.015,0.283
0.0,0.905,0.668,0.296,0.243,0.558,0.643,0.078,0.199,0.583,0.889,0.67,0.683,0.306,0.069,0.316,0.227,0.549,0.106,0.689,0.13,0.902,0.431,0.947,0.991,0.101,0.775,0.311,0.133,0.809,0.892,0.823,0.362,0.012,0.481,0.909,0.638,0.539,0.753,0.043,0.216
1.0,0.788,0.926,0.991,0.226,0.067,0.926,0.546,0.151,0.193,0.384,0.798,0.128,0.121,0.401,0.716,0.1,0.815,0.916,0.963,0.048,0.101,0.184,0.691,0.171,0.474,0.611,0.042,0.801,0.07,0.261,0.59,0.26,0.59,0.544,0.881,0.635,0.027,0.903,0.96,0.001
0.0,0.188,0.041,0.659,0.241,0.976,0.014,0.477,0.312,0.489,0.179,0.275,0.001,0.574,0.435,0.371,0.024,0.55,0.301,0.458,0.06,0.117,0.705,0.411,0.369,0.726,0.354,0.492,0.446,0.52,0.41,0.695,0.022,0.712,0.048,0.32,0.862,0.286,0.297,0.427,0.298
1.0,0.629,0.003,0.986,0.741,0.467,0.226,0.627,0.103,0.509,0.691,0.106,0.152,0.812,0.995,0.323,0.029,0.236,0.997,0.525,0.896,0.26,0.795,0.644,0.505,0.634,0.001,0.846,0.222,0.156,0.778,0.218,0.12,0.181,0.013,0.979,0.882,0.224,0.451,0.574,0.514
0.0,0.331,0.734,0.231,0.732,0.878,0.302,0.535,0.575,0.187,0.287,0.716,0.395,0.178,0.807,0.083,0.599,0.034,0.876,0.976,0.518,0.2,0.131,0.743,0.781,0.837,0.103,0.801,0.018,0.38,0.963,0.1,0.565,0.046,0.205,0.202,0.076,0.588,0.467,0.238,0.407
0.0,0.729,0.571,0.205,0.237,0.758,0.216,0.39,0.886,0.335,0.352,0.193,0.918,0.559,0.891,0.868,0.576,0.546,0.042,0.892,0.091,0.418,0.327,0.739,0.354,0.172,0.23,0.514,0.078,0.721,0.181,0.429,0.065,0.977,0.905,0.32,0.023,0.306,0.672,0.283,0.006
0.0,0.99,0.43,0.91,0.496,0.233,0.426,0.567,0.558,0.657,0.536,0.537,0.825,0.936,0.863,0.095,0.883,0.349,0.031,0.775,0.039,0.244,0.009,0.808,0.651,0.79,0.028,0.21,0.04,0.753,0.313,0.042,0.074,0.381,0.256,0.919,0.234,0.927,0.528,0.134,0.442
1.0,0.288,0.746,0.461,0.791,0.107,0.858,0.274,0.995,0.762,0.941,0.412,0.105,0.02,0.072,0.847,0.552,0.272,0.778,0.269,0.038,0.851,0.243,0.104,0.71,0.518,0.852,0.747,0.457,0.709,0.592,0.671,0.409,0.6,0.898,0.086,0.798,0.403,0.048,0.926,0.228
0.0,0.936,0.379,0.116,0.289,0.605,0.667,0.783,0.123,0.604,0.003,0.009,0.848,0.075,0.776,0.901,0.06,0.942,0.646,0.738,0.25,0.419,0.706,0.603,0.153,0.666,0.727,0.67,0.912,0.562,0.895,0.812,0.928,0.959,0.984,0.181,0.841,0.122,0.587,0.549,0.139
1.0,0.697,0.039,0.322,0.18,0.809,0.507,0.843,0.521,0.447,0.301,0.942,0.761,0.777,0.495,0.198,0.004,0.133,0.114,0.469,0.494,0.957,0.668,0.355,0.42,0.406,0.205,0.84,0.876,0.308,0.405,0.991,0.709,0.758,0.672,0.815,0.59,0.4,0.09,0.467,0.835
0.0,0.069,0.92,0.403,0.308,0.129,0.698,0.029,0.869,0.885,0.529,0.294,0.961,0.388,0.904,0.755,0.071,0.416,0.597,0.936,0.979,0.161,0.074,0.288,0.668,0.45,0.779,0.863,0.442,0.746,0.179,0.636,0.923,0.653,0.877,0.295,0.021,0.889,0.882,0.51,0.415
1.0,0.448,0.693,0.684,0.711,0.855,0.691,0.556,0.05,0.123,0.71,0.096,0.003,0.647,0.135,0.999,0.542,0.383,0.337,0.723,0.196,0.346,0.094,0.506,0.094,0.969,0.647,0.317,0.011,0.574,0.382,0.254,0.148,0.559,0.176,0.065,0.483,0.868,0.432,0.717,0.334
1.0,0.435,0.215,0.268,0.264,0.138,0.739,0.099,0.715,0.24,0.151,0.346,0.633,0.442,0.249,0.689,0.418,0.455,0.883,0.762,0.848,0.795,0.934,0.532,0.558,0.263,0.237,0.818,0.07,0.442,0.296,0.215,0.108,0.112,0.122,0.153,0.237,0.6,0.642,0.325,0.547
1.0,0.067,0.223,0.276,0.637,0.386,0.648,0.019,0.229,0.336,0.507,0.062,0.313,0.815,0.273,0.965,0.581,0.395,0.226,0.71,0.392,0.858,0.718,0.417,0.823,0.61,0.722,0.52,0.359,0.288,0.832,0.942,0.97,0.751,0.693,0.611,0.949,0.168,0.919,0.895,0.809
0.0,0.131,0.987,0.329,0.966,0.737,0.082,0.511,0.379,0.882,0.465,0.786,0.997,0.287,0.706,0.148,0.993,0.841,0.264,0.356,0.664,0.097,0.72,0.972,0.484,0.643,0.204,0.828,0.742,0.825,0.76,0.742,0.413,0.85,0.729,0.316,0.356,0.864,0.173,0.164,0.153
0.0,0.38,0.46,0.047,0.725,0.392,0.774,0.365,0.721,0.758,0.493,0.987,0.702,0.116,0.485,0.337,0.12,0.124,0.764,0.687,0.316,0.216,0.706,0.954,0.896,0.481,0.956,0.787,0.947,0.267,0.411,0.509,0.628,0.891,0.649,0.264,0.989,0.876,0.908,0.373,0.991
1.0,0.23,0.795,0.93,0.601,0.828,0.734,0.907,0.302,0.175,0.738,0.331,0.492,0.971,0.268,0.079,0.325,0.436,0.376,0.514,0.673,0.139,0.925,0.285,0.43,0.827,0.918,0.504,0.7,0.281,0.189,0.509,0.741,0.179,0.955,0.138,0.934,0.231,0.323,0.097,0.324
0.0,0.343,0.918,0.012,0.238,0.513,0.38,0.766,0.31,0.767,0.362,0.837,0.856,0.364,0.765,0.36,0.955,0.609,0.954,0.521,0.647,0.907,0.797,0.152,0.627,0.226,0.197,0.238,0.04,0.364,0.833,0.183,0.034,0.351,0.864,0.277,0.901,0.057,0.978,0.775,0.743
1.0,0.965,0.509,0.952,0.676,0.717,0.681,0.082,0.262,0.739,0.613,0.328,0.963,0.872,0.976,0.382,0.978,0.139,0.042,0.423,0.7,0.981,0.666,0.189,0.094,0.911,0.838,0.636,0.679,0.997,0.281,0.038,0.764,0.224,0.516,0.209,0.458,0.951,0.471,0.213,0.879
0.0,0.476,0.303,0.27,0.894,0.991,0.069,0.324,0.977,0.386,0.393,0.929,0.77,0.641,0.143,0.822,0.405,0.621,0.607,0.756,0.76,0.098,0.698,0.071,0.366,0.262,0.004,0.521,0.197,0.563,0.303,0.555,0.195,0.586,0.695,0.616,0.493,0.941,0.491,0.297,0.146
1.0,0.098,0.946,0.263,0.505,0.664,0.019,0.892,0.862,0.427,0.411,0.385,0.528,0.982,0.061,0.343,0.962,0.092,0.626,0.843,0.744,0.235,0.072,0.297,0.262,0.815,0.891,0.534,0.483,0.1,0.908,0.799,0.877,0.343,0.656,0.235,0.841,0.161,0.994,0.036,0.654
0.0,0.861,0.58,0.529,0.829,0.322,0.166,0.608,0.684,0.759,0.952,0.714,0.947,0.441,0.553,0.55,0.624,0.284,0.24,0.787,0.74,0.687,0.18,0.827,0.645,0.019,0.546,0.534,0.685,0.419,0.555,0.484,0.25,0.499,0.307,0.198,0.409,0.23,0.171,0.467,0.338
0.0,0.706,0.303,0.596,0.375,0.579,0.211,0.409,0.315,0.436,0.824,0.739,0.938,0.043,0.329,0.775,0.496,0.327,0.956,0.819,0.893,0.562,0.757,0.376,0.029,0.893,0.657,0.995,0.932,0.411,0.307,0.969,0.906,0.704,0.835,0.156,0.83,0.948,0.257,0.469,0.576
0.0,0.17,0.482,0.299,0.238,0.801,0.371,0.391,0.245,0.777,0.698,0.8,0.826,0.486,0.536,0.318,0.579,0.619,0.405,0.136,0.78,0.629,0.419,0.305,0.208,0.721,0.697,0.737,0.849,0.721,0.175,0.44,0.764,0.874,0.879,0.084,0.836,0.484,0.443,0.579,0.183
1.0,0.123,0.825,0.839,0.839,0.481,0.61,0.484,0.595,0.828,0.456,0.786,0.035,0.669,0.885,0.459,0.503,0.924,0.7,0.04,0.118,0.923,0.581,0.625,0.319,0.857,0.907,0.765,0.4,0.351,0.5,0.546,0.997,0.132,0.705,0.594,0.217,0.84,0.884,0.066,0.716
0.0,0.248,0.041,0.554,0.683,0.982,0.92,0.718,0.708,0.995,0.973,0.948,0.317,0.959,0.615,0.727,0.631,0.546,0.414,0.865,0.178,0.909,0.551,0.952,0.412,0.466,0.9,0.309,0.127,0.785,0.248,0.074,0.539,0.917,0.927,0.61,0.989,0.476,0.444,0.606,0.431
1.0,0.56,0.963,0.594,0.891,0.316,0.689,0.194,0.444,0.056,0.426,0.318,0.731,0.721,0.347,0.12,0.176,0.644,0.82,0.318,0.643,0.105,0.836,0.319,0.514,0.504,0.368,0.868,0.936,0.895,0.229,0.057,0.776,0.55,0.914,0.769,0.598,0.793,0.587,0.528,0.501
0.0,0.829,0.679,0.43,0.371,0.853,0.545,0.133,0.917,0.252,0.174,0.007,0.037,0.855,0.09,0.639,0.844,0.904,0.616,0.514,0.333,0.669,0.521,0.762,0.878,0.869,0.112,0.158,0.295,0.87,0.86,0.332,0.769,0.688,0.318,0.231,0.426,0.412,0.126,0.028,0.743
1.0,0.63,0.911,0.94,0.943,0.974,0.492,0.143,0.848,0.075,0.274,0.059,0.052,0.581,0.232,0.915,0.071,0.035,0.993,0.126,0.134,0.176,0.422,0.525,0.7,0.122,0.762,0.073,0.258,0.742,0.858,0.549,0.027,0.734,0.98,0.769,0.34,0.532,0.61,0.244,0.148
0.0,0.701,0.431,0.588,0.847,0.831,0.472,0.029,0.321,0.896,0.678,0.071,0.787,0.509,0.728,0.404,0.499,0.052,0.849,0.382,0.662,0.386,0.743,0.938,0.201,0.712,0.315,0.844,0.709,0.08,0.994,0.951,0.01,0.285,0.455,0.403,0.304,0.14,0.033,0.425,0.722
1.0,0.363,0.345,0.023,0.761,0.124,0.144,0.603,0.002,0.331,0.565,0.415,0.37,0.482,0.153,0.347,0.258,0.723,0.902,0.625,0.06,0.935,0.034,0.219,0.711,0.614,0.181,0.669,0.779,0.878,0.793,0.075,0.56,0.83,0.539,0.1,0.23,0.631,0.059,0.213,0.029
1.0,0.892,0.732,0.692,0.433,0.169,0.987,0.062,0.618,0.772,0.164,0.646,0.348,0.634,0.713,0.456,0.191,0.505,0.459,0.453,0.795,0.034,0.85,0.377,0.89,0.693,0.504,0.863,0.534,0.485,0.63,0.12,0.364,0.163,0.027,0.705,0.453,0.977,0.639,0.949,0.547
1.0,0.619,0.222,0.313,0.299,0.7,0.559,0.926,0.795,0.046,0.737,0.487,0.069,0.609,0.45,0.25,0.333,0.653,0.217,0.606,0.529,0.683,0.704,0.084,0.8,0.563,0.833,0.632,0.497,0.854,0.761,0.432,0.909,0.814,0.082,0.212,0.72,0.909,0.372,0.155,0.077
1.0,0.503,0.504,0.82,0.492,0.763,0.139,0.636,0.705,0.448,0.266,0.207,0.71,0.891,0.9,0.625,0.076,0.905,0.311,0.03,0.275,0.278,0.017,0.547,0.681,0.109,0.263,0.012,0.139,0.594,0.179,0.458,0.741,0.962,0.462,0.663,0.102,0.733,0.986,0.383,0.911
1.0,0.364,0.603,0.303,0.118,0.0,0.136,0.583,0.581,0.585,0.591,0.765,0.138,0.575,0.633,0.95,0.546,0.973,0.228,0.848,0.716,0.252,0.459,0.57,0.691,0.525,0.744,0.734,0.007,0.263,0.914,0.587,0.518,0.821,0.714,0.606,0.978,0.962,0.637,0.752,0.524
1.0,0.712,0.34,0.99,0.523,0.432,0.469,0.39,0.975,0.021,0.95,0.163,0.523,0.19,0.104,0.982,0.71,0.787,0.632,0.978,0.175,0.03,0.916,0.713,0.27,0.707,0.172,0.586,0.161,0.415,0.789,0.417,0.974,0.618,0.493,0.533,0.682,0.899,0.553,0.14,0.87
0.0,0.34,0.013,0.884,0.102,0.593,0.707,0.858,0.068,0.943,0.257,0.582,0.204,0.93,0.069,0.204,0.467,0.427,0.495,0.918,0.148,0.948,0.973,0.813,0.478,0.868,0.293,0.949,0.312,0.184,0.729,0.216,0.931,0.774,0.024,0.551,0.986,0.78,0.827,0.621,0.974
1.0,0.153,0.815,0.061,0.304,0.189,0.347,0.418,0.163,0.489,0.732,0.791,0.135,0.61,0.712,0.918,0.278,0.931,0.603,0.16,0.551,0.634,0.572,0.184,0.587,0.007,0.674,0.865,0.762,0.099,0.926,0.814,0.71,0.988,0.082,0.727,0.026,0.992,0.51,0.884,0.565
0.0,0.944,0.41,0.927,0.097,0.55,0.259,0.098,0.972,0.031,0.042,0.13,0.074,0.178,0.999,0.093,0.88,0.371,0.68,0.051,0.878,0.372,0.965,0.911,0.887,0.305,0.249,0.263,0.935,0.138,0.7,0.145,0.584,0.64,0.097,0.506,0.79,0.593,0.05,0.546,0.911
1.0,0.909,0.216,0.509,0.056,0.565,0.993,0.684,0.416,0.831,0.626,0.469,0.228,0.703,0.463,0.037,0.583,0.531,0.502,0.137,0.201,0.974,0.294,0.457,0.302,0.767,0.087,0.237,0.984,0.627,0.765,0.744,0.349,0.554,0.853,0.299,0.483,0.907,0.818,0.87,0.621
0.0,0.36,0.936,0.263,0.092,0.375,0.482,0.01,0.6,0.316,0.541,0.285,0.425,0.915,0.742,0.519,0.275,0.438,0.242,0.85,0.703,0.901,0.091,0.819,0.786,0.728,0.275,0.523,0.801,0.8,0.179,0.499,0.102,0.544,0.183,0.651,0.787,0.114,0.531,0.701,0.336
1.0,0.573,0.211,0.77,0.232,0.944,0.35,0.215,0.19,0.736,0.247,0.288,0.475,0.348,0.491,0.721,0.498,0.79,0.646,0.906,0.705,0.639,0.921,0.852,0.812,0.129,0.968,0.069,0.124,0.643,0.602,0.617,0.219,0.38,0.328,0.293,0.226,0.783,0.593,0.713,0.787
0.0,0.507,0.994,0.99,0.207,0.706,0.86,0.189,0.21,0.107,0.584,0.839,0.952,0.089,0.742,0.723,0.727,0.49,0.951,0.824,0.225,0.136,0.613,0.108,0.329,0.872,0.638,0.969,0.226,0.344,0.542,0.301,0.227,0.513,0.416,0.182,0.581,0.358,0.756,0.159,0.643
0.0,0.392,0.2,0.983,0.178,0.912,0.232,0.467,0.102,0.112,0.822,0.557,0.559,0.366,0.133,0.522,0.071,0.259,0.376,0.978,0.909,0.208,0.833,0.217,0.738,0.217,0.656,0.389,0.961,0.441,0.593,0.788,0.458,0.857,0.17,0.519,0.394,0.695,0.483,0.361,0.148
1.0,0.404,0.704,0.214,0.373,0.044,0.067,0.192,0.137,0.918,0.936,0.107,0.442,0.27,0.168,0.974,0.614,0.029,0.995,0.098,0.6,0.388,0.358,0.347,0.789,0.671,0.047,0.744,0.992,0.553,0.555,0.076,0.235,0.994,0.242,0.23,0.504,0.226,0.913,0.121,0.246
1.0,0.61,0.084,0.127,0.79,0.348,0.918,0.969,0.481,0.478,0.011,0.869,0.29,0.424,0.515,0.73,0.926,0.497,0.164,0.78,0.381,0.14,0.885,0.301,0.762,0.302,0.204,0.975,0.036,0.34,0.974,0.301,0.157,0.883,0.908,0.635,0.784,0.861,0.557,0.194,0.059
0.0,0.254,0.983,0.161,0.382,0.9,0.17,0.002,0.931,0.667,0.533,0.314,0.877,0.908,0.391,0.264,0.276,0.017,0.984,0.625,0.632,0.107,0.159,0.647,0.027,0.76,0.003,0.483,0.142,0.095,0.214,0.515,0.424,0.08,0.456,0.534,0.435,0.291,0.256,0.063,0.795
1.0,0.583,0.295,0.437,0.086,0.032,0.135,0.413,0.284,0.937,0.371,0.62,0.329,0.467,0.13,0.728,0.303,0.465,0.723,0.343,0.286,0.391,0.828,0.587,0.542,0.601,0.231,0.466,0.036,0.967,0.099,0.43,0.656,0.977,0.561,0.175,0.943,0.853,0.432,0.021,0.469
0.0,0.03,0.57,0.83,0.916,0.174,0.427,0.212,0.763,0.644,0.768,0.209,0.183,0.712,0.886,0.293,0.163,0.516,0.725,0.416,0.677,0.096,0.728,0.809,0.632,0.337,0.665,0.867,0.262,0.662,0.226,0.172,0.327,0.434,0.284,0.129,0.998,0.767,0.309,0.748,0.838
1.0,0.463,0.679,0.343,0.868,0.7,0.633,0.562,0.042,0.377,0.853,0.092,0.835,0.669,0.145,0.615,0.822,0.954,0.16,0.549,0.047,0.262,0.579,0.661,0.705,0.149,0.545,0.746,0.969,0.402,0.357,0.613,0.236,0.338,0.141,0.007,0.234,0.502,0.628,0.903,0.398
1.0,0.053,0.712,0.03,0.835,0.84,0.525,0.662,0.4,0.371,0.365,0.247,0.74,0.34,0.578,0.392,0.464,0.065,0.12,0.757,0.336,0.505,0.087,0.465,0.947,0.916,0.214,0.903,0.893,0.08,0.627,0.2,0.549,0.881,0.988,0.324,0.419,0.866,0.768,0.223,0.239
0.0,0.28,0.634,0.01,0.367,0.371,0.116,0.081,0.39,0.562,0.777,0.674,0.094,0.517,0.173,0.431,0.646,0.472,0.206,0.395,0.15,0.253,0.089,0.784,0.749,0.05,0.012,0.95,0.635,0.539,0.452,0.41,0.458,0.098,0.773,0.677,0.299,0.826,0.376,0.121,0.197
0.0,0.167,0.24,0.188,0.048,0.016,0.213,0.8,0.357,0.627,0.602,0.495,0.884,0.462,0.38,0.889,0.29,0.661,0.117,0.398,0.273,0.655,0.789,0.586,0.02,0.656,0.147,0.787,0.868,0.38,0.653,0.041,0.398,0.119,0.448,0.093,0.678,0.015,0.508,0.95,0.681
0.0,0.813,0.668,0.068,0.822,0.985,0.567,0.164,0.741,0.194,0.466,0.813,0.792,0.697,0.236,0.497,0.358,0.522,0.427,0.083,0.395,0.363,0.2,0.695,0.978,0.186,0.38,0.732,0.371,0.625,0.929,0.622,0.868,0.72,0.714,0.436,0.661,0.749,0.919,0.995,0.824
0.0,0.882,0.676,0.596,0.283,0.454,0.358,0.885,0.031,0.909,0.158,0.026,0.633,0.425,0.305,0.301,0.139,0.695,0.489,0.026,0.64,0.918,0.006,0.974,0.278,0.462,0.191,1.0,0.348,0.361,0.529,0.006,0.042,0.447,0.067,0.494,0.809,0.443,0.821,0.279,0.567
0.0,0.071,0.843,0.706,0.987,0.884,0.711,0.161,0.233,0.651,0.762,0.037,0.979,0.092,0.365,0.574,0.902,0.749,0.284,0.596,0.349,0.978,0.567,0.921,0.345,0.912,0.399,0.234,0.311,0.5,0.15,0.718,0.622,0.909,0.723,0.172,0.484,0.965,0.871,0.128,0.825
1.0,0.221,0.901,0.61,0.608,0.593,0.914,0.119,0.544,0.169,0.868,0.3,0.49,0.462,0.92,0.247,0.86,0.814,0.88,0.123,0.487,0.377,0.193,0.658,0.744,0.207,0.227,0.704,0.996,0.833,0.839,0.75,0.535,0.508,0.07,0.154,0.498,0.471,0.934,0.37,0.154
0.0,0.623,0.362,0.939,0.21,0.838,0.078,0.918,0.891,0.874,0.987,0.89,0.348,0.145,0.099,0.358,0.614,0.674,0.334,0.921,0.523,0.505,0.074,0.824,0.362,0.843,0.669,0.041,0.964,0.718,0.238,0.373,0.06,0.842,0.882,0.922,0.34,0.948,0.265,0.111,0.539
0.0,0.992,0.114,0.542,0.797,0.857,0.161,0.553,0.272,0.659,0.875,0.448,0.35,0.773,0.704,0.124,0.508,0.213,0.614,0.812,0.391,0.468,0.077,0.962,0.671,0.155,0.997,0.684,0.876,0.333,0.364,0.988,0.28,0.515,0.083,0.996,0.484,0.124,0.475,0.572,0.334
0.0,0.402,0.53,0.409,0.27,0.269,0.066,0.131,0.848,0.304,0.578,0.655,0.867,0.955,0.656,0.156,0.957,0.139,0.074,0.087,0.581,0.642,0.464,0.09,0.264,0.983,0.075,0.886,0.152,0.735,0.105,0.722,0.23,0.155,0.296,0.634,0.231,0.236,0.51,0.223,0.317
1.0,0.463,0.63,0.729,0.099,0.79,0.554,0.843,0.581,0.983,0.004,0.724,0.141,0.995,0.355,0.909,0.718,0.761,0.585,0.197,0.819,0.945,0.118,0.097,0.804,0.557,0.47,0.107,0.676,0.785,0.831,0.128,0.7,0.213,0.4,0.446,0.219,0.619,0.637,0.853,0.632
0.0,0.251,0.484,0.45,0.326,0.169,0.68,0.059,0.93,0.703,0.458,0.45,0.779,0.927,0.231,0.377,0.686,0.358,0.073,0.746,0.296,0.647,0.442,0.893,0.296,0.924,0.212,0.206,0.635,0.06,0.234,0.809,0.899,0.854,0.783,0.84,0.835,0.578,0.937,0.447,0.685
0.0,0.781,0.387,0.361,0.689,0.905,0.1,0.27,0.237,0.477,0.457,0.767,0.288,0.451,0.557,0.14,0.142,0.933,0.608,0.793,0.166,0.578,0.993,0.983,0.997,0.94,0.42,0.08,0.072,0.745,0.355,0.621,0.551,0.249,0.784,0.578,0.182,0.307,0.583,0.713,0.753
0.0,0.004,0.198,0.041,0.249,0.829,0.66,0.79,0.903,0.321,0.925,0.74,0.735,0.379,0.877,0.462,0.345,0.205,0.729,0.967,0.535,0.241,0.328,0.904,0.215,0.338,0.053,0.72,0.262,0.426,0.184,0.998,0.728,0.861,0.639,0.342,0.651,0.764,0.492,0.675,0.172
0.0,0.704,0.065,0.174,0.795,0.241,0.639,0.689,0.149,0.903,0.279,0.716,0.349,0.654,0.911,0.273,0.689,0.292,0.075,0.869,0.983,0.212,0.694,0.9,0.437,0.122,0.698,0.53,0.617,0.234,0.959,0.592,0.108,0.461,0.898,0.722,0.612,0.933,0.589,0.055,0.508
1.0,0.843,0.164,0.428,0.907,0.206,0.016,0.442,0.944,0.871,0.394,0.233,0.55,0.321,0.843,0.43,0.352,0.657,0.841,0.781,0.378,0.265,0.315,0.488,0.281,0.59,0.216,0.352,0.049,0.009,0.419,0.29,0.771,0.314,0.159,0.982,0.05,0.782,0.877,0.947,0.039
1.0,0.113,0.206,0.14,0.322,0.282,0.969,0.817,0.142,0.902,0.169,0.595,0.227,0.254,0.063,0.985,0.282,0.205,0.417,0.464,0.507,0.411,0.107,0.588,0.932,0.254,0.22,0.231,0.303,0.889,0.11,0.619,0.389,0.047,0.986,0.585,0.524,0.753,0.904,0.265,0.463
0.0,0.765,0.207,0.342,0.283,0.255,0.117,0.887,0.485,0.004,0.031,0.635,0.313,0.15,0.82,0.06,0.037,0.743,0.298,0.143,0.743,0.607,0.129,0.962,0.468,0.465,0.384,0.053,0.118,0.763,0.213,0.988,0.426,0.415,0.034,0.585,0.741,0.749,0.733,0.192,0.119
1.0,0.672,0.845,0.61,0.333,0.464,0.16,0.147,0.517,0.685,0.745,0.632,0.63,0.759,0.456,0.424,0.184,0.258,0.28,0.663,0.714,0.429,0.743,0.342,0.733,0.964,0.393,0.397,0.157,0.786,0.595,0.446,0.734,0.326,0.087,0.269,0.042,0.725,0.63,0.342,0.958
1.0,0.28,0.856,0.47,0.424,0.195,0.14,0.959,0.201,0.667,0.076,0.644,0.408,0.682,0.934,1.0,0.435,0.077,0.771,0.921,0.29,0.687,0.449,0.482,0.823,0.412,0.979,0.831,0.808,0.293,0.12,0.973,0.911,0.692,0.706,0.73,0.871,0.312,0.222,0.616,0.859
0.0,0.997,0.048,0.683,0.318,0.884,0.242,0.255,0.167,0.051,0.251,0.837,0.512,0.573,0.148,0.186,0.61,0.213,0.585,0.987,0.13,0.219,0.167,0.239,0.727,0.796,0.122,0.853,0.312,0.955,0.318,0.898,0.35,0.999,0.214,0.216,0.922,0.711,0.486,0.217,0.145
1.0,0.032,0.293,0.72,0.651,0.796,0.291,0.196,0.504,0.578,0.367,0.475,0.42,0.168,0.955,0.079,0.429,0.503,0.882,0.448,0.146,0.646,0.413,0.105,0.933,0.548,0.136,0.187,0.259,0.602,0.363,0.254,0.342,0.902,0.847,0.75,0.777,0.862,0.963,0.118,0.306
1.0,0.771,0.883,0.904,0.57,0.998,0.372,0.054,0.605,0.277,0.565,0.742,0.962,0.979,0.121,0.239,0.622,0.525,0.222,0.298,0.411,0.69,0.589,0.567,0.05,0.775,0.201,0.403,0.567,0.307,0.228,0.617,0.876,0.341,0.715,0.681,0.082,0.198,0.445,0.638,0.669
1.0,0.478,0.142,0.971,0.736,0.222,0.577,0.473,0.747,0.36,0.108,0.478,0.397,0.138,0.66,0.94,0.793,0.653,0.435,0.357,0.686,0.35,0.364,0.025,0.838,0.806,0.736,0.08,0.016,0.508,0.503,0.961,0.559,0.136,0.363,0.048,0.818,0.912,0.93,0.169,0.111
0.0,0.469,0.338,0.656,0.691,0.907,0.632,0.562,0.955,0.828,0.634,0.512,0.331,0.091,0.858,0.468,0.74,0.713,0.574,0.339,0.005,0.216,0.36,0.739,0.151,0.451,0.819,0.133,0.623,0.862,0.184,0.35,0.209,0.046,0.215,0.141,0.925,0.638,0.592,0.363,0.129
1.0,0.97,0.873,0.596,0.394,0.459,0.19,0.746,0.058,0.388,0.77,0.929,0.187,0.427,0.265,0.536,0.433,0.932,0.217,0.09,0.265,0.14,0.553,0.553,0.048,0.707,0.597,0.591,0.548,0.222,0.593,0.95,0.749,0.497,0.735,0.465,0.977,0.648,0.435,0.407,0.482
1.0,0.653,0.279,0.624,0.965,0.822,0.989,0.919,0.901,0.983,0.926,0.859,0.079,0.45,0.275,0.768,0.352,0.688,0.437,0.838,0.325,0.332,0.056,0.486,0.578,0.906,0.143,0.619,0.697,0.512,0.944,0.752,0.759,0.029,0.595,0.409,0.297,0.673,0.73,0.702,0.308
0.0,0.928,0.537,0.934,0.917,0.954,0.818,0.008,0.016,0.802,0.403,0.166,0.363,0.744,0.418,0.523,0.952,0.597,0.857,0.887,0.122,0.501,0.952,0.81,0.309,0.263,0.067,0.932,0.4,0.664,0.03,0.743,0.703,0.824,0.737,0.544,0.071,0.009,0.738,0.06,0.552
1.0,0.582,0.261,0.359,0.914,0.352,0.915,0.194,0.094,0.186,0.88,0.643,0.696,0.858,0.73,0.561,0.942,0.282,0.85,0.223,0.834,0.639,0.785,0.241,0.667,0.157,0.072,0.391,0.74,0.61,0.102,0.34,0.186,0.71,0.02,0.473,0.694,0.487,0.458,0.146,0.509
0.0,0.459,0.78,0.831,0.641,0.36,0.513,0.257,0.892,0.366,0.896,0.428,0.514,0.125,0.845,0.55,0.796,0.193,0.183,0.147,0.436,0.576,0.373,0.416,0.106,0.495,0.802,0.211,0.885,0.569,0.237,0.89,0.531,0.811,0.008,0.077,0.724,0.9,0.855,0.873,0.315
1.0,0.243,0.332,0.448,0.307,0.105,0.2,0.781,0.278,0.119,0.333,0.752,0.43,0.437,0.663,0.815,0.314,0.664,0.27,0.119,0.279,0.169,0.698,0.163,0.231,0.911,0.391,0.81,0.909,0.901,0.9,0.44,0.022,0.529,0.823,0.542,0.581,0.3,0.04,0.256,0.331
0.0,0.495,0.319,0.602,0.023,0.15,0.084,0.116,0.643,0.582,0.875,0.169,0.975,0.424,0.48,0.489,0.93,0.672,0.588,0.452,0.997,0.999,0.357,0.883,0.506,0.849,0.478,0.485,0.736,0.766,0.071,0.511,0.291,0.274,0.194,0.127,0.742,0.935,0.744,0.85,0.436
1.0,0.72,0.611,0.125,0.354,0.432,0.159,0.495,0.897,0.222,0.226,0.866,0.104,0.082,0.75,0.544,0.209,0.906,0.531,0.069,0.269,0.992,0.741,0.245,0.387,0.933,0.87,0.224,0.968,0.433,0.672,0.25,0.003,0.872,0.059,0.234,0.32,0.961,0.286,0.274,0.238
0.0,0.899,0.216,0.413,0.36,0.587,0.63,0.06,0.471,0.006,0.587,0.595,0.698,0.946,0.124,0.94,0.924,0.725,0.499,0.809,0.967,0.588,0.166,0.881,0.127,0.648,0.12,0.116,0.625,0.457,0.564,0.668,0.697,0.207,0.071,0.502,0.7,0.976,0.784,0.093,0.318
1.0,0.475,0.704,0.055,0.473,0.416,0.424,0.138,0.642,0.839,0.031,0.37,0.793,0.842,0.133,0.352,0.494,0.693,0.622,0.595,0.398,0.964,0.023,0.129,0.52,0.687,0.388,0.02,0.258,0.1,0.945,0.36,0.871,0.865,0.548,0.011,0.208,0.46,0.547,0.781,0.4
1.0,0.661,0.696,0.626,0.355,0.067,0.093,0.905,0.146,0.77,0.398,0.295,0.45,0.17,0.197,0.762,0.158,0.024,0.079,0.436,0.879,0.26,0.476,0.023,0.594,0.242,0.096,0.667,0.765,0.209,0.802,0.979,0.773,0.997,0.353,0.785,0.588,0.592,0.419,0.847,0.929
0.0,0.536,0.516,0.166,0.041,0.461,0.045,0.619,0.963,0.781,0.062,0.387,0.394,0.942,0.324,0.019,0.078,0.477,0.098,0.841,0.589,0.09,0.836,0.957,0.72,0.827,0.01,0.663,0.072,0.226,0.6,0.019,0.966,0.414,0.285,0.916,0.431,0.177,0.572,0.824,0.287
0.0,0.042,0.113,0.383,0.797,0.27,0.961,0.635,0.149,0.443,0.942,0.121,0.838,0.836,0.14,0.431,0.087,0.706,0.992,0.355,0.245,0.089,0.835,0.701,0.375,0.33,0.573,0.128,0.407,0.123,0.973,0.703,0.893,0.053,0.552,0.617,0.415,0.016,0.336,0.481,0.673
1.0,0.958,0.651,0.881,0.414,0.472,0.637,0.655,0.494,0.727,0.528,0.09,0.565,0.908,0.721,0.035,0.907,0.463,0.815,0.286,0.799,0.774,0.561,0.113,0.602,0.293,0.362,0.432,0.0,0.953,0.263,0.337,0.039,0.589,0.867,0.297,0.332,0.62,0.44,0.92,0.527
1.0,0.822,0.722,0.579,0.477,0.73,0.011,0.226,0.117,0.288,0.175,0.057,0.496,0.678,0.007,0.077,0.818,0.836,0.079,0.272,0.048,0.381,0.402,0.726,0.78,0.914,0.054,0.483,0.744,0.676,0.79,0.598,0.804,0.069,0.931,0.272,0.16,0.892,0.484,0.159,0.702
0.0,0.324,0.183,0.386,0.92,0.968,0.154,0.421,0.786,0.176,0.599,0.566,0.077,0.056,0.59,0.66,0.148,0.748,0.189,0.442,0.986,0.955,0.323,0.677,0.776,0.024,0.959,0.147,0.458,0.531,0.804,0.918,0.594,0.997,0.76,0.873,0.952,0.192,0.229,0.661,0.163
0.0,0.38,0.333,0.416,0.791,0.454,0.492,0.373,0.916,0.001,0.812,0.979,0.678,0.317,0.828,0.356,0.963,0.025,0.06,0.708,0.441,0.361,0.921,0.979,0.141,0.409,0.936,0.633,0.539,0.554,0.511,0.776,0.055,0.826,0.618,0.167,0.79,0.76,0.033,0.121,0.073
1.0,0.812,0.908,0.809,0.547,0.8,0.929,0.943,0.282,0.969,0.033,0.172,0.022,0.215,0.625,0.08,0.971,0.046,0.177,0.916,0.468,0.041,0.277,0.107,0.034,0.402,0.856,0.362,0.235,0.879,0.257,0.829,0.586,0.679,0.425,0.805,0.737,0.762,0.23,0.374,0.471
0.0,0.166,0.021,0.106,0.354,0.334,0.558,0.339,0.669,0.267,0.124,0.46,0.932,0.225,0.481,0.096,0.138,0.957,0.229,0.871,0.525,0.154,0.905,0.876,0.936,0.704,0.918,0.528,0.531,0.996,0.909,0.509,0.909,0.87,0.699,0.917,0.454,0.864,0.956,0.191,0.167
1.0,0.152,0.367,0.229,0.314,0.4,0.866,0.46,0.999,0.816,0.518,0.721,0.604,0.106,0.787,0.97,0.535,0.865,0.369,0.83,0.113,0.998,0.743,0.083,0.373,0.747,0.45,0.683,0.611,0.267,0.302,0.498,0.065,0.708,0.008,0.485,0.204,0.097,0.613,0.387,0.657
0.0,0.817,0.78,0.781,0.549,0.63,0.183,0.832,0.853,0.722,0.391,0.221,0.844,0.64,0.341,0.797,0.906,0.54,0.48,0.799,0.911,0.909,0.983,0.741,0.483,0.152,0.417,0.337,0.032,0.349,0.64,0.003,0.766,0.947,0.641,0.106,0.051,0.147,0.07,0.246,0.815
1.0,0.712,0.711,0.404,0.05,0.18,0.674,0.082,0.64,0.058,0.869,0.573,0.134,0.779,0.349,0.324,0.823,0.537,0.176,0.304,0.647,0.114,0.362,0.039,0.581,0.645,0.551,0.386,0.082,0.299,0.092,0.851,0.369,0.888,0.104,0.844,0.822,0.004,0.813,0.151,0.492
1.0,0.619,0.607,0.343,0.729,0.626,0.851,0.294,0.504,0.272,0.205,0.639,0.543,0.252,0.666,0.154,0.116,0.916,0.162,0.544,0.399,0.43,0.119,0.697,0.413,0.668,0.083,0.433,0.742,0.89,0.635,0.705,0.227,0.212,0.797,0.953,0.034,0.658,0.237,0.706,0.011
1.0,0.763,0.781,0.922,0.589,0.814,0.781,0.454,0.306,0.73,0.502,0.105,0.387,0.01,0.716,0.02,0.639,0.296,0.51,0.258,0.394,0.32,0.104,0.445,0.39,0.914,0.104,0.089,0.424,0.534,0.818,0.866,0.288,0.591,0.11,0.083,0.684,0.472,0.056,0.078,0.73
0.0,0.331,0.794,0.355,0.413,0.188,0.488,0.306,0.27,0.39,0.004,0.52,0.098,0.28,0.316,0.322,0.061,0.624,0.053,0.889,0.186,0.322,0.131,0.999,0.356,0.611,0.778,0.772,0.834,0.453,0.625,0.507,0.96,0.867,0.912,0.326,0.657,0.404,0.808,0.53,0.265
1.0,0.358,0.574,0.554,0.476,0.319,0.054,0.65,0.25,0.37,0.668,0.851,0.23,0.856,0.146,0.924,0.977,0.945,0.707,0.468,0.677,0.745,0.42,0.412,0.464,0.977,0.049,0.738,0.79,0.388,0.689,0.438,0.84,0.426,0.652,0.63,0.852,0.066,0.17,0.958,0.638
0.0,0.139,0.047,0.691,0.992,0.551,0.6,0.606,0.236,0.557,0.376,0.723,0.794,0.249,0.972,0.987,0.279,0.37,0.167,0.915,0.009,0.506,0.421,0.34,0.556,0.307,0.259,0.254,0.983,0.065,0.746,0.716,0.639,0.294,0.714,0.93,0.204,0.47,0.573,0.542,0.74
1.0,0.331,0.391,0.761,0.675,0.057,0.667,0.087,0.245,0.265,0.216,0.8,0.59,0.451,0.303,0.241,0.233,0.166,0.556,0.66,0.955,0.497,0.281,0.6,0.622,0.167,0.925,0.483,0.472,0.02,0.743,0.66,0.953,0.848,0.958,0.99,0.264,0.402,0.236,0.32,0.036
0.0,0.96,0.754,0.715,0.494,0.082,0.777,0.755,0.862,0.63,0.434,0.981,0.053,0.236,0.909,0.172,0.688,0.349,0.245,0.593,0.542,0.853,0.246,0.956,0.106,0.196,0.611,0.249,0.387,0.563,0.586,0.173,0.509,0.58,0.312,0.138,0.13,0.075,0.824,0.851,0.566
1.0,0.43,0.902,0.902,0.732,0.695,0.317,0.851,0.702,0.743,0.725,0.705,0.729,0.183,0.177,0.771,0.895,0.819,0.497,0.281,0.882,0.594,0.133,0.723,0.955,0.223,0.315,0.403,0.08,0.56,0.757,0.921,0.691,0.818,0.399,0.599,0.075,0.036,0.485,0.962,0.368
0.0,0.083,0.1,0.027,0.178,0.86,0.186,0.181,0.282,0.949,0.499,0.707,0.757,0.123,0.928,0.688,0.013,0.967,0.605,0.693,0.337,0.696,0.017,0.229,0.135,0.964,0.454,0.195,0.369,0.139,0.505,0.751,0.548,0.073,0.237,0.638,0.263,0.002,0.496,0.281,0.347
0.0,0.631,0.468,0.621,0.871,0.216,0.636,0.744,0.999,0.482,0.03,0.92,0.725,0.803,0.337,0.442,0.257,0.268,0.548,0.475,0.58,0.963,0.136,0.965,0.864,0.997,0.512,0.535,0.217,0.052,0.339,0.32,0.348,0.431,0.576,0.659,0.104,0.686,0.35,0.338,0.699
0.0,0.63,0.957,0.995,0.246,0.343,0.223,0.444,0.182,0.735,0.168,0.954,0.705,0.526,0.958,0.661,0.464,0.948,0.737,0.778,0.598,0.662,0.378,0.605,0.363,0.588,0.062,0.11,0.931,0.482,0.04,0.032,0.765,0.714,0.397,0.127,0.685,0.873,0.908,0.031,0.819
0.0,0.073,0.961,0.911,0.689,0.989,0.075,0.072,0.999,0.146,0.265,0.721,0.354,0.551,0.162,0.861,0.853,0.716,0.216,0.811,0.272,0.079,0.424,0.189,0.914,0.787,0.089,0.963,0.173,0.105,0.988,0.2,0.7,0.807,0.382,0.74,0.82,0.275,0.229,0.713,0.257
0.0,0.01,0.267,0.869,0.634,0.028,0.906,0.214,0.465,0.882,0.31,0.826,0.782,0.81,0.614,0.733,0.659,0.826,0.011,0.771,0.174,0.796,0.307,0.637,0.873,0.326,0.196,0.192,0.087,0.832,0.778,0.375,0.281,0.178,0.109,0.533,0.065,0.325,0.221,0.776,0.819
1.0,0.663,0.304,0.546,0.928,0.059,0.102,0.342,0.39,0.456,0.932,0.889,0.209,0.304,0.462,0.224,0.652,0.075,0.208,0.543,0.043,0.533,0.35,0.539,0.48,0.385,0.073,0.336,0.602,0.261,0.339,0.285,0.858,0.04,0.526,0.885,0.206,0.464,0.024,0.753,0.94
0.0,0.677,0.986,0.141,0.977,0.693,0.416,0.014,0.231,0.577,0.521,0.263,0.944,0.336,0.759,0.456,0.523,0.819,0.04,0.867,0.298,0.967,0.737,0.966,0.21,0.546,0.512,0.651,0.77,0.819,0.88,0.208,0.051,0.08,0.354,0.936,0.978,0.777,0.394,0.585,0.987
1.0,0.777,0.055,0.391,0.697,0.345,0.685,0.494,0.977,0.201,0.019,0.109,0.094,0.297,0.895,0.684,0.011,0.754,0.032,0.69,0.697,0.251,0.584,0.272,0.518,0.574,0.627,0.945,0.655,0.126,0.103,0.13,0.048,0.066,0.509,0.626,0.415,0.842,0.922,0.462,0.547
0.0,0.634,0.75,0.755,0.502,0.872,0.382,0.99,0.898,0.046,0.964,0.127,0.977,0.077,0.487,0.527,0.714,0.144,0.849,0.218,0.128,0.192,0.081,0.902,0.662,0.151,0.127,0.867,0.149,0.359,0.652,0.123,0.232,0.512,0.053,0.464,0.941,0.384,0.043,0.015,0.676
1.0,0.284,0.748,0.8,0.492,0.732,0.176,0.818,0.187,0.208,0.37,0.159,0.682,0.518,0.996,0.252,0.627,0.623,0.447,0.037,0.303,0.156,0.128,0.754,0.022,0.668,0.48,0.743,0.383,0.076,0.155,0.751,0.538,0.087,0.064,0.929,0.065,0.747,0.81,0.726,0.81
1.0,0.474,0.803,0.846,0.906,0.621,0.153,0.961,0.749,0.027,0.715,0.631,0.701,0.23,0.846,0.724,0.249,0.375,0.125,0.131,0.058,0.197,0.714,0.584,0.959,0.203,0.69,0.752,0.376,0.718,0.787,0.941,0.163,0.245,0.992,0.994,0.024,0.814,0.451,0.349,0.68
0.0,0.778,0.308,0.664,0.832,0.886,0.455,0.893,0.262,0.271,0.702,0.687,0.643,0.489,0.313,0.935,0.339,0.55,0.391,0.926,0.033,0.832,0.163,0.507,0.346,0.603,0.214,0.265,0.795,0.57,0.567,0.124,0.498,0.166,0.426,0.324,0.707,0.12,0.578,0.273,0.396
1.0,0.25,0.671,0.041,0.762,0.199,0.715,0.204,0.897,0.541,0.015,0.85,0.159,0.115,0.371,0.167,0.779,0.639,0.997,0.975,0.912,0.878,0.767,0.53,0.294,0.08,0.78,0.251,0.852,0.356,0.644,0.673,0.533,0.727,0.315,0.478,0.945,0.584,0.089,0.602,0.747
1.0,0.109,0.515,0.622,0.252,0.218,0.666,0.22,0.103,0.417,0.087,0.913,0.701,0.502,0.884,0.149,0.999,0.201,0.426,0.398,0.446,0.694,0.898,0.475,0.565,0.817,0.973,0.51,0.059,0.635,0.444,0.746,0.873,0.248,0.907,0.759,0.368,0.26,0.115,0.488,0.16
0.0,0.436,0.772,0.382,0.089,0.97,0.316,0.027,0.436,0.59,0.357,0.978,0.876,0.227,0.765,0.796,0.742,0.47,0.705,0.751,0.331,0.664,0.763,0.652,0.867,0.191,0.656,0.879,0.895,0.294,0.933,0.704,0.464,0.23,0.032,0.261,0.767,0.791,0.725,0.803,0.32
1.0,0.857,0.394,0.367,0.371,0.796,0.923,0.351,0.592,0.307,0.525,0.819,0.521,0.964,0.995,0.383,0.57,0.014,0.816,0.53,0.629,0.426,0.844,0.574,0.68,0.046,0.119,0.258,0.205,0.424,0.953,0.795,0.562,0.76,0.353,0.479,0.294,0.663,0.875,0.263,0.864
1.0,0.201,0.022,0.607,0.625,0.484,0.016,0.443,0.667,0.56,0.389,0.202,0.271,0.383,0.085,0.561,0.279,0.381,0.73,0.666,0.516,0.217,0.564,0.706,0.43,0.56,0.684,0.028,0.558,0.569,0.664,0.323,0.51,0.985,0.328,0.535,0.908,0.772,0.91,0.084,0.116
1.0,0.558,0.899,0.045,0.219,0.014,0.532,0.441,0.268,0.615,0.387,0.773,0.44,0.75,0.09,0.594,0.762,0.516,0.878,0.244,0.863,0.404,0.987,0.766,0.182,0.883,0.014,0.306,0.331,0.29,0.029,0.723,0.517,0.306,0.671,0.239,0.389,0.982,0.213,0.825,0.513
0.0,0.043,0.01,0.566,0.035,0.85,0.749,0.975,0.282,0.642,0.696,0.728,0.368,0.797,0.379,0.955,0.773,0.64,0.61,0.695,0.525,0.776,0.393,0.851,0.663,0.181,0.944,0.331,0.509,0.07,0.148,0.595,0.411,0.504,0.847,0.835,0.233,0.773,0.912,0.866,0.886
1.0,0.741,0.73,0.452,0.503,0.572,0.416,0.974,0.719,0.248,0.328,0.612,0.15,0.012,0.983,0.451,0.079,0.133,0.292,0.952,0.671,0.027,0.15,0.717,0.408,0.956,0.075,0.04,0.307,0.693,0.397,0.019,0.6,0.045,0.105,0.918,0.343,0.112,0.931,0.796,0.449
1.0,0.889,0.587,0.332,0.425,0.339,0.273,0.585,0.579,0.04,0.112,0.879,0.654,0.001,0.93,0.596,0.367,0.177,0.272,0.788,0.873,0.163,0.003,0.289,0.751,0.289,0.481,0.032,0.034,0.517,0.592,0.52,0.174,0.147,0.699,0.392,0.289,0.469,0.824,0.896,0.469
1.0,0.226,0.367,0.253,0.299,0.26,0.277,0.298,0.241,0.452,0.122,0.134,0.375,0.01,0.835,0.13,0.573,0.378,0.305,0.282,0.372,0.268,0.481,0.172,0.162,0.326,0.179,0.814,0.868,0.859,0.822,0.889,0.261,0.378,0.539,0.537,0.787,0.857,0.232,0.164,0.478
1.0,0.472,0.199,0.215,0.581,0.478,0.628,0.378,0.806,0.701,0.568,0.639,0.005,0.569,0.451,0.21,0.786,0.68,0.626,0.271,0.983,0.004,0.83,0.001,0.559,0.16,0.812,0.563,0.781,0.299,0.964,0.091,0.261,0.799,0.551,0.596,0.167,0.974,0.659,0.788,0.501
1.0,0.515,0.02,0.252,0.36,0.804,0.336,0.934,0.555,0.808,0.273,0.394,0.6,0.403,0.467,0.307,0.661,0.923,0.601,0.27,0.601,0.826,0.137,0.163,0.219,0.339,0.67,0.113,0.43,0.587,0.566,0.019,0.679,0.614,0.174,0.512,0.464,0.555,0.577,0.409,0.14
0.0,0.443,0.553,0.872,0.451,0.954,0.067,0.448,0.264,0.25,0.829,0.282,0.839,0.447,0.854,0.243,0.638,0.868,0.595,0.059,0.626,0.405,0.328,0.902,0.263,0.861,0.498,0.076,0.627,0.125,1.0,0.58,0.782,0.923,0.744,0.022,0.723,0.803,0.024,0.849,0.256
1.0,0.362,0.48,0.638,0.862,0.401,0.506,0.615,0.79,0.268,0.7,0.472,0.326,0.215,0.141,0.768,0.922,0.005,0.684,0.312,0.678,0.246,0.213,0.442,0.684,0.33,0.362,0.023,0.556,0.539,0.274,0.358,0.994,0.216,0.451,0.355,0.548,0.116,0.272,0.686,0.177
1.0,0.105,0.602,0.419,0.595,0.348,0.93,0.406,0.11,0.854,0.693,0.819,0.151,0.577,0.142,0.658,0.924,0.966,0.347,0.353,0.594,0.842,0.514,0.255,0.268,0.005,0.836,0.242,0.019,0.244,0.105,0.731,0.551,0.824,0.525,0.956,0.693,0.41,0.361,0.909,0.97
0.0,0.293,0.452,0.507,0.654,0.256,0.152,0.108,0.393,0.982,0.749,0.865,0.522,0.174,0.931,0.998,0.691,0.717,0.389,0.759,0.329,0.085,0.54,0.786,0.719,0.636,0.127,0.623,0.443,0.655,0.019,0.409,0.742,0.49,0.941,0.452,0.299,0.595,0.903,0.402,0.409
0.0,0.874,0.95,0.304,0.924,0.042,0.964,0.179,0.31,0.963,0.175,0.616,0.875,0.302,0.647,0.655,0.181,0.672,0.544,0.465,0.821,0.988,0.442,0.73,0.506,0.718,0.01,0.228,0.32,0.223,0.869,0.082,0.116,0.318,0.079,0.178,0.407,0.029,0.126,0.432,0.645
0.0,0.674,0.583,0.24,0.449,0.695,0.201,0.411,0.508,0.658,0.03,0.393,0.056,0.798,0.549,0.049,0.865,0.362,0.361,0.29,0.316,0.416,0.771,0.479,0.595,0.313,0.062,0.351,0.545,0.604,0.927,0.687,0.591,0.193,0.475,0.859,0.538,0.186,0.535,0.997,0.2
1.0,0.679,0.737,0.97,0.217,0.488,0.305,0.159,0.189,0.558,0.029,0.218,0.055,0.687,0.568,0.106,0.358,0.272,0.034,0.046,0.311,0.545,0.366,0.595,0.889,0.378,0.611,0.278,0.257,0.547,0.506,0.489,0.82,0.925,0.235,0.059,0.319,0.045,0.314,0.238,0.596
1.0,0.332,0.253,0.063,0.675,0.703,0.842,0.877,0.944,0.263,0.638,0.658,0.21,0.751,0.128,0.359,0.272,0.022,0.682,0.243,0.372,0.011,0.107,0.298,0.409,0.996,0.368,0.727,0.381,0.036,0.438,0.2,0.713,0.723,0.638,0.608,0.657,0.466,0.1,0.351,0.822
1.0,0.059,0.408,0.633,0.712,0.477,0.822,0.459,0.308,0.538,0.949,0.934,0.164,0.527,0.554,0.536,0.908,0.788,0.305,0.736,0.349,0.966,0.512,0.674,0.604,0.214,0.377,0.589,0.197,0.917,0.761,0.996,0.696,0.895,0.889,0.813,0.369,0.166,0.126,0.384,0.047
0.0,0.253,0.966,0.947,0.929,0.581,0.626,0.48,0.44,0.167,0.593,0.274,0.658,0.936,0.418,0.766,0.252,0.899,0.174,0.432,0.176,0.965,0.616,0.089,0.47,0.035,0.893,0.238,0.704,0.575,0.939,0.097,0.055,0.294,0.031,0.537,0.838,0.364,0.468,0.816,0.455
0.0,0.688,0.533,0.025,0.822,0.969,0.912,0.959,0.114,0.627,0.505,0.685,0.964,0.567,0.465,0.99,0.27,0.022,0.188,0.3,0.52,0.822,0.215,0.049,0.873,0.144,0.868,0.851,0.748,0.248,0.2,0.498,0.921,0.305,0.925,0.136,0.975,0.184,0.404,0.235,0.547
1.0,0.347,0.828,0.045,0.762,0.788,0.949,0.129,0.917,0.782,0.203,0.13,0.495,0.346,0.665,0.048,0.66,0.69,0.321,0.558,0.243,0.237,0.304,0.166,0.376,0.465,0.405,0.444,0.739,0.449,0.259,0.948,0.734,0.234,0.392,0.835,0.873,0.026,0.374,0.264,0.683
1.0,0.367,0.768,0.468,0.462,0.36,0.626,0.162,0.049,0.688,0.527,0.489,0.203,0.493,0.162,0.322,0.293,0.229,0.532,0.555,0.514,0.244,0.304,0.14,0.894,0.811,0.455,0.113,0.695,0.743,0.371,0.75,0.146,0.032,0.033,0.453,0.766,0.002,0.84,0.956,0.456
1.0,0.398,0.275,0.775,0.949,0.167,0.566,0.661,0.625,0.54,0.328,0.883,0.663,0.558,0.168,0.517,0.78,0.359,0.033,0.744,0.582,0.445,0.4,0.296,0.758,0.736,0.525,0.309,0.458,0.722,0.345,0.106,0.686,0.578,0.457,0.812,0.759,0.204,0.73,0.586,0.06
1.0,0.591,0.466,0.237,0.334,0.245,0.88,0.057,0.176,0.384,0.294,0.78,0.673,0.208,0.201,0.657,0.502,0.821,0.888,0.648,0.025,0.135,0.858,0.072,0.37,0.466,0.725,0.417,0.442,0.803,0.701,0.422,0.438,0.719,0.394,0.608,0.941,0.014,0.612,0.554,0.202
0.0,0.873,0.838,0.044,0.494,0.364,0.744,0.108,0.52,0.752,0.818,0.711,0.889,0.823,0.101,0.138,0.976,0.777,0.122,0.337,0.62,0.357,0.877,0.55,0.73,0.061,0.584,0.704,0.475,0.664,0.761,0.954,0.241,0.764,0.593,0.628,0.747,0.362,0.663,0.144,0.14
0.0,0.43,0.976,0.464,0.736,0.936,0.054,0.915,0.937,0.236,0.325,0.704,0.931,0.067,0.011,0.356,0.836,0.831,0.608,0.541,0.762,0.966,0.5,0.136,0.936,0.502,0.68,0.352,0.63,0.071,0.226,0.524,0.376,0.406,0.052,0.166,0.305,0.341,0.493,0.617,0.356
1.0,0.549,0.111,0.802,0.334,0.079,0.172,0.644,0.437,0.9,0.777,0.012,0.553,0.039,0.455,0.814,0.008,0.883,0.861,0.097,0.46,0.929,0.444,0.479,0.261,0.579,0.355,0.01,0.724,0.803,0.935,0.436,0.707,0.31,0.578,0.104,0.345,0.39,0.158,0.75,0.951
1.0,0.442,0.927,0.402,0.221,0.163,0.935,0.394,0.725,0.753,0.36,0.713,0.332,0.271,0.332,0.614,0.845,0.219,0.503,0.34,0.643,0.231,0.12,0.111,0.937,0.142,0.724,0.968,0.327,0.97,0.83,0.292,0.754,0.969,0.098,0.262,0.649,0.044,0.461,0.959,0.407
0.0,0.991,0.618,0.949,0.306,0.7,0.956,0.189,0.508,0.134,0.936,0.554,0.912,0.06,0.006,0.482,0.675,0.119,0.573,0.883,0.089,0.781,0.395,0.367,0.588,0.347,0.121,0.841,0.308,0.731,0.152,0.912,0.337,0.873,0.897,0.158,0.846,0.457,0.973,0.074,0.361
0.0,0.998,0.493,0.88,0.838,0.418,0.144,0.402,0.896,0.116,0.238,0.847,0.868,0.295,0.623,0.972,0.288,0.37,0.005,0.829,0.35,0.967,0.041,0.205,0.692,0.562,0.776,0.226,0.122,0.332,0.262,0.131,0.088,0.792,0.65,0.481,0.556,0.038,0.909,0.746,0.018
1.0,0.363,0.223,0.47,0.917,0.801,0.454,0.243,0.524,0.774,0.97,0.983,0.678,0.597,0.123,0.699,0.168,0.509,0.538,0.941,0.607,0.698,0.775,0.34,0.325,0.529,0.056,0.693,0.472,0.602,0.763,0.728,0.283,0.815,0.375,0.747,0.555,0.477,0.127,0.289,0.862
0.0,0.443,0.357,0.897,0.831,0.981,0.528,0.339,0.546,0.653,0.953,0.279,0.46,0.015,0.601,0.671,0.809,0.239,0.703,0.526,0.59,0.88,0.055,0.253,0.354,0.807,0.008,0.72,0.682,0.525,0.111,0.527,0.728,0.339,0.25,0.7,0.153,0.132,0.768,0.481,0.955
1.0,0.698,0.144,0.337,0.076,0.394,0.807,0.469,0.779,0.365,0.992,0.755,0.148,0.874,0.046,0.435,0.874,0.725,0.235,0.574,0.399,0.013,0.614,0.647,0.313,0.899,0.194,0.906,0.357,0.735,0.918,0.595,0.777,0.193,0.707,0.983,0.012,0.631,0.506,0.336,0.122
1.0,0.086,0.49,0.736,0.625,0.55,0.728,0.572,0.997,0.905,0.467,0.906,0.095,0.822,0.957,0.943,0.345,0.3,0.913,0.343,0.177,0.072,0.651,0.517,0.925,0.724,0.436,0.747,0.03,0.327,0.06,0.604,0.593,0.178,0.918,0.055,0.628,0.574,0.279,0.787,0.817
1.0,0.728,0.203,0.019,0.648,0.182,0.747,0.38,0.099,0.411,0.553,0.189,0.437,0.525,0.13,0.126,0.915,0.477,0.841,0.837,0.006,0.54,0.499,0.536,0.346,0.397,0.391,0.274,0.434,0.176,0.879,0.331,0.61,0.798,0.493,0.293,0.707,0.408,0.885,0.966,0.272
1.0,0.749,0.858,0.845,0.722,0.808,0.965,0.274,0.451,0.391,0.902,0.682,0.558,0.377,0.636,0.725,0.589,0.264,0.351,0.491,0.464,0.754,0.088,0.375,0.551,0.469,0.367,0.63,0.168,0.531,0.751,0.865,0.828,0.688,0.651,0.407,0.6,0.83,0.012,0.203,0.886
0.0,0.802,0.163,0.146,0.722,0.512,0.334,0.265,0.526,0.767,0.406,0.251,0.296,0.398,0.332,0.244,0.783,0.634,0.79,0.264,0.564,0.666,0.193,0.994,0.177,0.26,0.75,0.17,0.627,0.9,0.541,0.929,0.906,0.033,0.574,0.808,0.547,0.539,0.614,0.655,0.587
1.0,0.186,0.564,0.174,0.114,0.811,0.909,0.179,0.415,0.601,0.557,0.438,0.308,0.743,0.721,0.276,0.024,0.177,0.3,0.813,0.653,0.579,0.381,0.696,0.098,0.039,0.917,0.479,0.058,0.834,0.805,0.013,0.933,0.198,0.409,0.668,0.289,0.944,0.037,0.077,0.741
0.0,0.161,0.262,0.501,0.679,0.8,0.194,0.51,0.215,0.759,0.08,0.965,0.866,0.235,0.903,0.342,0.914,0.161,0.142,0.217,0.422,0.656,0.852,0.676,0.469,0.139,0.335,0.146,0.363,0.944,0.268,0.563,0.529,0.175,0.583,0.839,0.718,0.386,0.234,0.189,0.034
0.0,0.589,0.929,0.138,0.953,0.445,0.596,0.911,0.253,0.289,0.543,0.451,0.943,0.499,0.378,0.779,0.639,0.119,0.045,0.61,0.931,0.526,0.222,0.997,0.082,0.396,0.055,0.857,0.549,0.204,0.933,0.287,0.71,0.558,0.441,0.752,0.743,0.585,0.82,0.217,0.923
0.0,0.716,0.216,0.391,0.52,0.447,0.927,0.692,0.538,0.301,0.941,0.384,0.096,0.742,0.273,0.256,0.354,0.336,0.702,0.097,0.354,0.615,0.648,0.871,0.863,0.796,0.927,0.792,0.137,0.773,0.78,0.644,0.899,0.805,0.358,0.159,0.922,0.569,0.007,0.443,0.334
0.0,0.628,0.145,0.836,0.204,0.416,0.426,0.922,0.782,0.757,0.766,0.611,0.163,0.392,0.184,0.65,0.69,0.711,0.484,0.33,0.2,0.96,0.517,0.989,0.051,0.33,0.471,0.243,0.061,0.616,0.813,0.791,0.314,0.02,0.454,0.645,0.905,0.762,0.682,0.922,0.227
1.0,0.015,0.776,0.12,0.086,0.12,0.401,0.706,0.328,0.579,0.326,0.082,0.55,0.96,0.384,0.096,0.334,0.317,0.547,0.93,0.237,0.486,0.458,0.741,0.941,0.089,0.192,0.086,0.708,0.893,0.212,0.912,0.592,0.976,0.178,0.584,0.632,0.18,0.371,0.993,0.189
0.0,0.098,0.998,0.022,0.543,0.898,0.439,0.758,0.392,0.977,0.408,0.351,0.722,0.391,0.68,0.428,0.08,0.275,0.857,0.622,0.776,0.048,0.396,0.549,0.933,0.33,0.37,0.2,0.911,0.651,0.442,0.139,0.278,0.367,0.211,0.978,0.03,0.189,0.237,0.442,0.486
1.0,0.88,0.909,0.904,0.215,0.374,0.28,0.733,0.447,0.292,0.744,0.664,0.461,0.852,0.752,0.995,0.757,0.251,0.862,0.852,0.484,0.702,0.042,0.512,0.548,0.439,0.548,0.482,0.971,0.282,0.561,0.633,0.2,0.576,0.634,0.21,0.934,0.651,0.216,0.357,0.456
1.0,0.046,0.8,0.703,0.117,0.076,0.803,0.489,0.403,0.367,0.513,0.911,0.485,0.197,0.287,0.212,0.343,0.524,0.886,0.683,0.236,0.886,0.096,0.085,0.216,0.865,0.666,0.088,0.402,0.14,0.981,0.957,0.304,0.735,0.38,0.252,0.531,0.171,0.044,0.603,0.982
0.0,0.239,0.764,0.305,0.016,0.761,0.983,0.65,0.616,0.108,0.18,0.293,0.823,0.832,0.817,0.876,0.049,0.046,0.706,0.573,0.323,0.535,0.121,0.22,0.671,0.35,0.871,0.884,0.136,0.467,0.03,0.157,0.373,0.734,0.179,0.278,0.699,0.533,0.649,0.192,0.219
0.0,0.701,0.491,0.235,0.014,0.802,0.591,0.691,0.324,0.828,0.554,0.282,0.797,0.881,0.662,0.778,0.119,0.207,0.175,0.76,0.633,0.397,0.657,0.161,0.474,0.169,0.927,0.684,0.394,0.177,0.309,0.65,0.397,0.66,0.818,0.681,0.107,0.413,0.782,0.773,0.048
0.0,0.751,0.96,0.964,0.747,0.091,0.512,0.753,0.42,0.981,0.063,0.367,0.775,0.25,0.486,0.775,0.044,0.92,0.24,0.244,0.236,0.519,0.584,0.104,0.938,0.909,0.549,0.695,0.836,0.656,0.132,0.375,0.832,0.87,0.011,0.83,0.474,0.653,0.094,0.213,0.965
1.0,0.077,0.834,0.028,0.449,0.472,0.358,0.205,0.022,0.661,0.703,0.113,0.16,0.576,0.78,0.317,0.554,0.011,0.772,0.123,0.938,0.785,0.179,0.081,0.553,0.359,0.292,0.668,0.029,0.467,0.954,0.641,0.15,0.218,0.033,0.381,0.459,0.034,0.543,0.157,0.111
1.0,0.254,0.8,0.386,0.77,0.109,0.961,0.589,0.053,0.666,0.394,0.344,0.427,0.949,0.678,0.203,0.877,0.844,0.972,0.831,0.258,0.729,0.713,0.215,0.104,0.495,0.584,0.162,0.422,0.364,0.037,0.306,0.432,0.639,0.441,0.29,0.711,0.612,0.567,0.984,0.946
0.0,0.251,0.134,0.183,0.235,0.852,0.517,0.329,0.523,0.424,0.539,0.993,1.0,0.482,0.08,0.49,0.702,0.955,0.381,0.885,0.656,0.685,0.029,0.48,0.587,0.23,0.448,0.039,0.372,0.483,0.41,0.448,0.567,0.192,0.911,0.494,0.966,0.661,0.427,0.53,0.258
1.0,0.294,0.794,0.117,0.555,0.8,0.833,0.269,0.498,0.044,0.614,0.081,0.56,0.482,0.884,0.318,0.539,0.475,0.874,0.03,0.369,0.708,0.371,0.201,0.514,0.828,0.362,0.557,0.608,0.539,0.708,0.139,0.135,0.648,0.898,0.35,0.137,0.839,0.838,0.75,0.627
1.0,0.912,0.393,0.793,0.979,0.415,0.196,0.985,0.585,0.93,0.722,0.352,0.713,0.259,0.287,0.679,0.75,0.424,0.028,0.911,0.929,0.687,0.597,0.703,0.509,0.8,0.075,0.302,0.521,0.33,0.397,0.375,0.669,0.27,0.654,0.314,0.527,0.35,0.93,0.895,0.33
0.0,0.414,0.976,0.146,0.995,0.72,0.588,0.063,0.02,0.286,0.742,0.279,0.909,0.933,0.749,0.077,0.044,0.047,0.795,0.188,0.405,0.215,0.301,0.528,0.778,0.006,0.629,0.586,0.439,0.735,0.139,0.035,0.34,0.297,0.689,0.207,0.963,0.466,0.187,0.068,0.937
1.0,0.453,0.254,0.295,0.58,0.102,0.886,0.119,0.279,0.29,0.252,0.714,0.108,0.47,0.713,0.459,0.787,0.149,0.101,0.79,0.067,0.419,0.927,0.316,0.426,0.314,0.945,0.226,0.474,0.176,0.67,0.156,0.64,0.804,0.555,0.729,0.454,0.74,0.079,0.601,0.189
0.0,0.647,0.632,0.125,0.236,0.864,0.953,0.476,0.102,0.546,0.937,0.261,0.67,0.289,0.106,0.078,0.751,0.322,0.344,0.705,0.523,0.545,0.332,0.804,0.656,0.625,0.567,0.717,0.357,0.496,0.5,0.502,0.372,0.427,0.176,0.396,0.771,0.038,0.166,0.38,0.771
1.0,0.755,0.598,0.452,0.164,0.617,0.704,0.986,0.345,0.469,0.961,0.964,0.702,0.193,0.012,0.232,0.547,0.392,0.513,0.592,0.467,0.11,0.97,0.388,0.505,0.622,0.306,0.825,0.439,0.463,0.528,0.511,0.957,0.822,0.275,0.159,0.84,0.575,0.094,0.299,0.214
1.0,0.538,0.505,0.715,0.893,0.118,0.354,0.603,0.21,0.718,0.219,0.39,0.724,0.894,0.352,0.444,0.177,0.009,0.781,0.393,0.742,0.338,0.876,0.561,0.948,0.118,0.264,0.542,0.197,0.804,0.357,0.236,0.647,0.097,0.778,0.096,0.054,0.371,0.136,0.387,0.205
1.0,0.9,0.651,0.455,0.225,0.161,0.055,0.175,0.053,0.704,0.277,0.9,0.546,0.064,0.449,0.326,0.142,0.547,0.205,0.318,0.971,0.077,0.609,0.008,0.778,0.962,0.129,0.735,0.301,0.427,0.465,0.127,0.816,0.047,0.641,0.181,0.076,0.81,0.457,0.804,0.606
0.0,0.634,0.225,0.023,0.881,0.644,0.767,0.972,0.843,0.372,0.197,0.317,0.482,0.01,0.464,0.561,0.898,0.75,0.601,0.298,0.308,0.537,0.867,0.875,0.137,0.008,0.348,0.244,0.207,0.362,0.85,0.114,0.041,0.505,0.733,0.845,0.345,0.561,0.056,0.662,0.989
1.0,0.289,0.16,0.579,0.899,0.179,0.632,0.393,0.857,0.367,0.284,0.306,0.5,0.895,0.8,0.164,0.962,0.326,0.556,0.268,0.063,0.818,0.861,0.95,0.966,0.28,0.112,0.172,0.407,0.855,0.69,0.611,0.638,0.088,0.849,0.304,0.018,0.074,0.275,0.836,0.58
1.0,0.66,0.864,0.092,0.877,0.591,0.541,0.205,0.551,0.078,0.773,0.151,0.357,0.023,0.158,0.963,0.9,0.477,0.953,0.298,0.195,0.124,0.025,0.181,0.933,0.391,0.07,0.723,0.368,0.316,0.67,0.429,0.557,0.81,0.19,0.4,0.764,0.039,0.166,0.793,0.911
1.0,0.979,0.258,0.882,0.817,0.185,0.246,0.228,0.588,0.551,0.089,0.028,0.474,0.023,0.512,0.746,0.16,0.748,0.241,0.971,0.114,0.241,0.743,0.686,0.917,0.729,0.995,0.773,0.469,0.84,0.239,0.897,0.513,0.061,0.956,0.691,0.793,0.742,0.815,0.289,0.189
1.0,0.792,0.181,0.223,0.13,0.423,0.901,0.492,0.722,0.585,0.681,0.049,0.128,0.14,0.099,0.868,0.528,0.672,0.07,0.863,0.8,0.151,0.841,0.035,0.755,0.965,0.191,0.535,0.073,0.972,0.849,0.91,0.552,0.324,0.116,0.26,0.086,0.969,0.224,0.951,0.485
1.0,0.971,0.492,0.086,0.32,0.23,0.896,0.925,0.677,0.118,0.705,0.559,0.546,0.464,0.135,0.625,0.821,0.017,0.562,0.234,0.73,0.939,0.815,0.034,0.811,0.09,0.438,0.095,0.025,0.446,0.758,0.29,0.719,0.429,0.065,0.327,0.846,0.277,0.703,0.824,0.284
0.0,0.253,0.249,0.185,0.548,0.773,0.083,0.142,0.723,0.146,0.271,0.586,0.53,0.809,0.969,0.038,0.198,0.761,0.353,0.574,0.123,0.579,0.726,0.926,0.298,0.121,0.082,0.171,0.825,0.748,0.916,0.763,0.818,0.407,0.881,0.617,0.961,0.828,0.275,0.595,0.262
0.0,0.459,0.945,0.086,0.043,0.952,0.429,0.111,0.407,0.417,0.672,0.143,0.406,0.51,0.226,0.796,0.748,0.112,0.317,0.981,0.445,0.109,0.375,0.553,0.645,0.767,0.788,0.122,0.565,0.293,0.529,0.181,0.862,0.828,0.764,0.579,0.212,0.997,0.212,0.675,0.169
0.0,0.349,0.605,0.449,0.936,0.113,0.344,0.458,0.422,0.563,0.237,0.305,0.838,0.774,0.363,0.546,0.997,0.207,0.165,0.322,0.159,0.184,0.895,0.798,0.266,0.681,0.996,0.802,0.163,0.927,0.497,0.892,0.421,0.661,0.713,0.368,0.909,0.027,0.574,0.922,0.151
0.0,0.13,0.125,0.032,0.979,0.022,0.522,0.489,0.409,0.316,0.828,0.282,0.7,0.357,0.28,0.849,0.664,0.168,0.32,0.804,0.719,0.579,0.127,0.89,0.881,0.963,0.315,0.004,0.49,0.272,0.499,0.334,0.475,0.948,0.328,0.773,0.783,0.127,0.941,0.242,0.855
0.0,0.689,0.236,0.807,0.739,0.889,0.065,0.911,0.669,0.287,0.647,0.767,0.426,0.187,0.291,0.509,0.777,0.846,0.095,0.693,0.46,0.371,0.391,0.222,0.358,0.302,0.958,0.485,0.93,0.071,0.527,0.584,0.705,0.15,0.719,0.129,0.688,0.182,0.341,0.07,0.081
1.0,0.795,0.024,0.124,0.387,0.574,0.433,0.355,0.32,0.673,0.879,0.671,0.046,0.332,0.907,0.452,0.481,0.266,0.378,0.985,0.896,0.499,0.314,0.332,0.026,0.865,0.147,0.708,0.656,0.118,0.878,0.029,0.233,0.358,0.952,0.929,0.404,0.695,0.65,0.083,0.824
0.0,0.902,0.036,0.724,0.703,0.19,0.45,0.594,0.609,0.796,0.412,0.965,0.948,0.371,0.669,0.86,0.311,0.301,0.186,0.752,0.422,0.751,0.514,0.773,0.3,0.911,0.876,0.161,0.314,0.752,0.206,0.272,0.203,0.278,0.196,0.727,0.407,0.022,0.326,0.261,0.24
0.0,0.79,0.193,0.528,0.376,0.54,0.832,0.079,0.945,0.032,0.551,0.143,0.945,0.037,0.792,0.944,0.59,0.141,0.604,0.218,0.199,0.991,0.292,0.554,0.141,0.765,0.603,0.896,0.227,0.709,0.696,0.539,0.226,0.65,0.645,0.367,0.659,0.002,0.127,0.648,0.254
1.0,0.159,0.866,0.59,0.776,0.271,0.871,0.374,0.233,0.487,0.255,0.964,0.448,0.123,0.684,0.681,0.814,0.4,0.661,0.482,0.364,0.786,0.212,0.123,0.017,0.649,0.879,0.603,0.558,0.752,0.425,0.772,0.954,0.31,0.769,0.97,0.82,0.942,0.819,0.699,0.354
1.0,0.187,0.18,0.598,0.926,0.268,0.678,0.184,0.78,0.608,0.934,0.149,0.201,0.826,0.844,0.309,0.085,0.123,0.499,0.282,0.129,0.77,0.345,0.734,0.494,0.964,0.823,0.143,0.157,0.783,0.212,0.199,0.359,0.919,0.346,0.178,0.728,0.05,0.14,0.772,0.893
1.0,0.661,0.244,0.662,0.181,0.92,0.552,0.318,0.455,0.923,0.275,0.326,0.355,0.079,0.565,0.502,0.135,0.733,0.457,0.18,0.263,0.27,0.138,0.408,0.103,0.05,0.017,0.441,0.681,0.415,0.146,0.903,0.731,0.223,0.442,0.14,0.129,0.394,0.384,0.679,0.936
1.0,0.448,0.148,0.279,0.467,0.097,0.137,0.389,0.87,0.944,0.723,0.33,0.556,0.684,0.942,0.93,0.814,0.686,0.083,0.853,0.953,0.27,0.358,0.845,0.781,0.045,0.955,0.31,0.142,0.818,0.9,0.731,0.997,0.178,0.901,0.111,0.563,0.039,0.193,0.206,0.559
1.0,0.957,0.087,1.0,0.296,0.08,0.685,0.885,0.463,0.72,0.659,0.192,0.529,0.004,0.906,0.83,0.48,0.98,0.409,0.789,0.638,0.853,0.053,0.466,0.168,0.483,0.476,0.235,0.192,0.784,0.906,0.247,0.009,0.97,0.75,0.27,0.288,0.187,0.923,0.546,0.284
0.0,0.634,0.022,0.121,0.163,0.866,0.98,0.583,0.52,0.464,0.509,0.025,0.928,0.371,0.862,0.979,0.876,0.746,0.714,0.514,0.705,0.565,0.306,0.336,0.466,0.071,0.823,0.075,0.52,0.871,0.03,0.664,0.278,0.982,0.96,0.776,0.572,0.752,0.397,0.963,0.708
1.0,0.092,0.953,0.282,0.988,0.855,0.623,0.584,0.605,0.909,0.047,0.639,0.661,0.073,0.217,0.989,0.952,0.921,0.993,0.677,0.42,0.954,0.284,0.914,0.884,0.485,0.974,0.647,0.476,0.102,0.638,0.119,0.215,0.095,0.356,0.26,0.126,0.04,0.086,0.802,0.04
1.0,0.375,0.423,0.687,0.773,0.036,0.232,0.052,0.222,0.788,0.308,0.006,0.125,0.569,0.301,0.03,0.753,0.1,0.583,0.732,0.735,0.151,0.251,0.47,0.004,0.868,0.902,0.445,0.79,0.118,0.628,0.358,0.606,0.148,0.288,0.955,0.253,0.6,0.673,0.469,0.22
0.0,0.465,0.659,0.565,0.524,0.685,0.213,0.269,0.408,0.889,0.994,0.022,0.899,0.376,0.093,0.009,0.95,0.994,0.688,0.463,0.49,0.03,0.404,0.962,0.287,0.213,0.278,0.654,0.723,0.674,0.575,0.832,0.508,0.066,0.396,0.41,0.241,0.876,0.187,0.509,0.886
1.0,0.48,0.946,0.659,0.471,0.305,0.895,0.359,0.748,0.579,0.852,0.125,0.693,0.895,0.556,0.105,0.428,0.408,0.699,0.281,0.185,0.249,0.015,0.583,0.154,0.113,0.343,0.712,0.657,0.478,0.152,0.422,0.012,0.355,0.683,0.877,0.839,0.528,0.003,0.083,0.64
1.0,0.895,0.291,0.723,0.409,0.494,0.596,0.649,0.229,0.521,0.364,0.307,0.283,0.804,0.62,0.399,0.563,0.536,0.28,0.807,0.37,0.51,0.128,0.164,0.277,0.777,0.384,0.46,0.979,0.746,0.151,0.296,0.872,0.485,0.157,0.702,0.791,0.021,0.751,0.523,0.163
0.0,0.911,0.419,0.735,0.157,0.668,0.604,0.089,0.415,0.906,0.756,0.572,0.874,0.171,0.494,0.175,0.689,0.591,0.581,0.449,0.735,0.964,0.77,0.568,0.094,0.779,0.375,0.029,0.539,0.112,0.098,0.563,0.58,0.647,0.007,0.555,0.319,0.012,0.208,0.239,0.711
0.0,0.605,0.542,0.417,0.536,0.964,0.057,0.731,0.151,0.393,0.301,0.51,0.153,0.3,0.81,0.765,0.528,0.192,0.179,0.188,0.431,0.02,0.661,0.825,0.34,0.427,0.761,0.706,0.893,0.109,0.595,0.714,0.693,0.696,0.499,0.723,0.762,0.006,0.926,0.121,0.886
1.0,0.923,0.676,0.599,0.344,0.659,0.399,0.379,0.729,0.74,0.957,0.445,0.572,0.181,0.166,0.237,0.598,0.056,0.885,0.635,0.469,0.832,0.57,0.093,0.45,0.162,0.827,0.659,0.211,0.156,0.595,0.179,0.912,0.518,0.301,0.809,0.781,0.242,0.785,0.319,0.183
1.0,0.807,0.497,0.069,0.461,0.569,0.376,0.051,0.133,0.742,0.447,0.97,0.283,0.744,0.927,0.957,0.919,0.902,0.37,0.869,0.992,0.77,0.591,0.695,0.835,0.99,0.468,0.876,0.538,0.96,0.965,0.94,0.696,0.377,0.867,0.281,0.115,0.243,0.392,0.284,0.033
1.0,0.506,0.849,0.161,0.361,0.339,0.556,0.426,0.289,0.728,0.209,0.634,0.131,0.649,0.071,0.615,0.615,0.409,0.71,0.515,0.835,0.248,0.1,0.214,0.513,0.374,0.443,0.816,0.595,0.118,0.017,0.17,0.729,0.257,0.286,0.517,0.36,0.299,0.145,0.025,0.446
1.0,0.599,0.637,0.639,0.467,0.438,0.939,0.848,0.466,0.725,0.134,0.486,0.22,0.485,0.392,0.631,0.694,0.23,0.427,0.883,0.562,0.236,0.982,0.244,0.933,0.147,0.529,0.521,0.688,0.687,0.163,0.917,0.151,0.162,0.637,0.025,0.748,0.403,0.185,0.127,0.336
0.0,0.289,0.43,0.685,0.12,0.488,0.126,0.814,0.486,0.633,0.93,0.032,0.82,0.667,0.734,0.493,0.099,0.231,0.391,0.232,0.618,0.356,0.558,0.144,0.299,0.239,0.796,0.619,0.323,0.746,0.349,0.325,0.095,0.216,0.51,0.445,0.022,0.696,0.239,0.339,0.115
0.0,0.231,0.188,0.46,0.499,0.296,0.454,0.448,0.779,0.787,0.456,0.03,0.784,0.686,0.12,0.211,0.131,0.747,0.734,0.407,0.356,0.172,0.719,0.227,0.739,0.015,0.028,0.971,0.728,0.078,0.622,0.898,0.258,0.094,0.134,0.429,0.14,0.876,0.557,0.191,0.747
0.0,0.459,0.937,0.401,0.386,0.771,0.191,0.952,0.007,0.769,0.822,0.453,0.944,0.718,0.758,0.856,0.529,0.408,0.674,0.491,0.024,0.281,0.416,0.452,0.899,0.665,0.62,0.885,0.721,0.079,0.419,0.246,0.431,0.804,0.073,0.26,0.621,0.242,0.2,0.066,0.386
0.0,0.591,0.08,0.322,0.725,0.859,0.486,0.116,0.773,0.77,0.893,0.955,0.007,0.175,0.839,0.403,0.302,0.669,0.504,0.269,0.915,0.027,0.298,0.279,0.38,0.286,0.113,0.084,0.871,0.933,0.675,0.904,0.153,0.579,0.886,0.438,0.771,0.008,0.976,0.087,0.587
0.0,0.103,0.776,0.591,0.06,0.044,0.667,0.914,0.64,0.18,0.824,0.235,0.557,0.037,0.963,0.746,0.968,0.049,0.392,0.988,0.172,0.536,0.576,0.906,0.474,0.24,0.476,0.572,0.262,0.194,0.189,0.538,0.129,0.395,0.805,0.542,0.209,0.829,0.48,0.988,0.624
0.0,0.06,0.061,0.047,0.584,0.698,0.725,0.414,0.318,0.896,0.138,0.276,0.811,0.863,0.456,0.374,0.26,0.686,0.044,0.241,0.897,0.682,0.4,0.769,0.205,0.754,0.258,0.529,0.547,0.028,0.88,0.063,0.027,0.264,0.688,0.136,0.752,0.747,0.168,0.332,0.255
1.0,0.968,0.541,0.98,0.819,0.007,0.962,0.518,0.886,0.93,0.854,0.265,0.766,0.713,0.624,0.428,0.641,0.606,0.956,0.959,0.179,0.34,0.643,0.237,0.226,0.35,0.641,0.35,0.619,0.786,0.96,0.964,0.187,0.271,0.809,0.474,0.512,0.231,0.94,0.824,0.324
0.0,0.542,0.229,0.426,0.429,0.862,0.85,0.196,0.3,0.439,0.763,0.685,0.53,0.826,0.121,0.326,0.682,0.717,0.506,0.786,0.462,0.711,0.671,0.549,0.923,0.484,0.974,0.792,0.2,0.581,0.649,0.57,0.012,0.091,0.699,0.809,0.596,0.559,0.274,0.142,0.503
1.0,0.834,0.751,0.184,0.602,0.119,0.552,0.779,0.096,0.983,0.075,0.908,0.473,0.893,0.365,0.292,0.19,0.003,0.626,0.489,0.606,0.432,0.432,0.281,0.473,0.317,0.109,0.903,0.879,0.143,0.506,0.876,0.867,0.844,0.373,0.552,0.087,0.938,0.151,0.405,0.986
1.0,0.866,0.443,0.494,0.246,0.677,0.022,0.665,0.28,0.045,0.608,0.487,0.028,0.813,0.608,0.275,0.973,0.298,0.591,0.585,0.115,0.084,0.626,0.413,0.603,0.918,0.551,0.931,0.543,0.868,0.348,0.556,0.857,0.257,0.375,0.751,0.68,0.059,0.934,0.276,0.866
1.0,0.408,0.944,0.973,0.903,0.823,0.159,0.448,0.01,0.12,0.22,0.969,0.742,0.392,0.919,0.653,0.126,0.796,0.652,0.853,0.137,0.106,0.152,0.385,0.783,0.327,0.504,0.834,0.205,0.283,0.638,0.285,0.999,0.115,0.542,0.13,0.86,0.221,0.668,0.955,0.705
1.0,0.198,0.353,0.785,0.473,0.583,0.304,0.695,0.117,0.509,0.672,0.171,0.4,0.689,0.755,0.375,0.467,0.008,0.675,0.385,0.04,0.066,0.379,0.574,0.993,0.743,0.116,0.569,0.381,0.468,0.556,0.589,0.185,0.018,0.469,0.206,0.792,0.836,0.363,0.847,0.823
1.0,0.778,0.919,0.13,0.346,0.671,0.069,0.958,0.258,0.387,0.855,0.231,0.759,0.664,0.877,0.725,0.538,0.73,0.822,0.124,0.472,0.722,0.47,0.221,0.541,0.561,0.148,0.577,0.144,0.483,0.644,0.217,0.218,0.523,0.505,0.51,0.237,0.925,0.106,0.275,0.72
1.0,0.233,0.352,0.416,0.922,0.695,0.117,0.936,0.526,0.888,0.841,0.955,0.2,0.767,0.212,0.008,0.11,0.934,0.562,0.792,0.796,0.645,0.326,0.272,0.602,0.53,0.736,0.196,0.297,0.477,0.846,0.249,0.105,0.441,0.412,0.833,0.114,0.113,0.689,0.439,0.069
0.0,0.509,0.968,0.357,0.43,0.452,0.596,0.342,0.394,0.182,0.831,0.521,0.966,0.974,0.51,0.112,0.486,0.363,0.517,0.06,0.143,0.295,0.315,0.517,0.051,0.873,0.658,0.753,0.861,0.223,0.244,0.115,0.146,0.719,0.116,0.963,0.232,0.548,0.394,0.062,0.654
1.0,0.42,0.426,0.626,0.809,0.773,0.336,0.496,0.571,0.569,0.542,0.375,0.476,0.167,0.663,0.878,0.085,0.194,0.372,0.04,0.923,0.929,0.707,0.852,0.263,0.876,0.31,0.859,0.092,0.332,0.413,0.594,0.328,0.824,0.674,0.175,0.702,0.391,0.47,0.248,0.389
0.0,0.853,0.685,0.092,0.524,0.934,0.635,0.275,0.099,0.877,0.055,0.202,0.171,0.292,0.838,0.118,0.433,0.417,0.544,0.301,0.491,0.735,0.617,0.201,0.301,0.152,0.907,0.766,0.833,0.163,0.973,0.499,0.763,0.536,0.796,0.473,0.791,0.064,0.033,0.159,0.948
1.0,0.277,0.296,0.459,0.216,0.484,0.805,0.217,0.21,0.333,0.771,0.765,0.454,0.467,0.06,0.472,0.183,0.618,0.661,0.852,0.573,0.736,0.848,0.026,0.508,0.505,0.207,0.329,0.464,0.252,0.036,0.551,0.076,0.637,0.236,0.434,0.275,0.729,0.895,0.241,0.178
1.0,0.819,0.262,0.908,0.876,0.153,0.133,0.077,0.953,0.978,0.078,0.067,0.513,0.798,0.694,0.282,0.413,0.102,0.665,0.256,0.298,0.429,0.18,0.336,0.268,0.772,0.961,0.728,0.53,0.953,0.282,0.394,0.801,0.465,0.811,0.704,0.67,0.212,0.477,0.358,0.249
0.0,0.507,0.341,0.405,0.3,0.545,0.631,0.167,0.254,0.607,0.074,0.615,0.823,0.114,0.98,0.942,0.066,0.887,0.481,0.736,0.66,0.582,0.281,0.219,0.75,0.94,0.92,0.835,0.142,0.772,0.47,0.065,0.173,0.1,0.518,0.482,0.478,0.38,0.944,0.995,0.834
0.0,0.206,0.913,0.209,0.45,0.616,0.448,0.054,0.083,0.309,0.776,0.734,0.195,0.168,0.34,0.602,0.248,0.923,0.127,0.778,0.451,0.502,0.293,0.877,0.809,0.714,0.026,0.325,0.782,0.934,0.912,0.582,0.038,0.88,0.051,0.157,0.378,0.129,0.698,0.977,0.814
0.0,0.11,0.287,0.022,0.076,0.672,0.576,0.941,0.191,0.609,0.734,0.552,0.964,0.516,0.6,0.248,0.592,0.467,0.278,0.459,0.026,0.475,0.461,0.273,0.922,0.415,0.711,0.782,0.911,0.314,0.674,0.383,0.816,0.755,0.579,0.851,0.922,0.593,0.304,0.856,0.012
0.0,0.573,0.662,0.235,0.115,0.961,0.527,0.694,0.4,0.445,0.747,0.778,0.491,0.996,0.992,0.178,0.872,0.985,0.451,0.867,0.443,0.07,0.129,0.68,0.876,0.239,0.542,0.114,0.486,0.07,0.239,0.377,0.227,0.455,0.348,0.957,0.946,0.351,0.404,0.284,0.022
1.0,0.197,0.408,0.307,0.591,0.837,0.901,0.996,0.996,0.096,0.847,0.443,0.486,0.255,0.379,0.725,0.269,0.886,0.028,0.301,0.803,0.871,0.893,0.696,0.228,0.07,0.528,0.846,0.922,0.08,0.96,0.271,0.133,0.608,0.965,0.262,0.58,0.462,0.955,0.161,0.761
1.0,0.668,0.19,0.927,0.175,0.727,0.568,0.332,0.519,0.713,0.082,0.96,0.505,0.427,0.616,0.02,0.619,0.702,0.499,0.972,0.233,0.674,0.118,0.02,0.857,0.189,0.173,0.0,0.278,0.313,0.557,0.812,0.49,0.338,0.254,0.063,0.591,0.547,0.226,0.485,0.039
0.0,0.38,0.546,0.316,0.152,0.843,0.72,0.228,0.246,0.358,0.25,0.135,0.555,0.639,0.844,0.047,0.285,0.388,0.742,0.267,0.524,0.501,0.893,0.898,0.935,0.085,0.17,0.01,0.504,0.968,0.146,0.925,0.459,0.434,0.863,0.703,0.018,0.177,0.411,0.897,0.428
1.0,0.972,0.687,0.315,0.305,0.54,0.06,0.655,0.115,0.427,0.451,0.364,0.774,0.179,0.663,0.749,0.713,0.422,0.523,0.959,0.864,0.357,0.571,0.17,0.01,0.111,0.305,0.025,0.196,0.978,0.711,0.061,0.413,0.352,0.415,0.829,0.116,0.71,0.001,0.36,0.682
0.0,0.434,0.402,0.264,0.829,0.16,0.239,0.846,0.887,0.955,0.815,0.819,0.791,0.478,0.4,0.712,0.277,0.07,0.622,0.504,0.35,0.946,0.261,0.27,0.262,0.998,0.943,0.416,0.028,0.165,0.233,0.677,0.467,0.794,0.867,0.575,0.416,0.135,0.941,0.751,0.52
0.0,0.266,0.187,0.681,0.231,0.894,0.629,0.266,0.188,0.014,0.93,0.116,0.674,0.556,0.623,0.902,0.546,0.4,0.975,0.177,0.431,0.442,0.66,0.901,0.133,0.585,0.803,0.147,0.978,0.72,0.666,0.906,0.756,0.763,0.47,0.216,0.672,0.869,0.655,0.797,0.294
0.0,0.474,0.024,0.049,0.752,0.192,0.696,0.157,0.369,0.846,0.095,0.508,0.213,0.034,0.827,0.04,0.006,0.603,0.349,0.756,0.221,0.105,0.098,0.803,0.742,0.016,0.687,0.543,0.37,0.049,0.72,0.597,0.389,0.886,0.948,0.734,0.728,0.086,0.902,0.457,0.034
0.0,0.242,0.833,0.548,0.8,0.125,0.406,0.503,0.122,0.66,0.856,0.019,0.917,0.731,0.522,0.616,0.005,0.452,0.904,0.37,0.952,0.159,0.103,0.196,0.485,0.525,0.476,0.912,0.645,0.678,0.407,0.74,0.309,0.555,0.939,0.779,0.523,0.63,0.304,0.763,0.345
0.0,0.837,0.377,0.734,0.803,0.913,0.837,0.006,0.932,0.262,0.681,0.62,0.283,0.724,0.353,0.299,0.419,0.762,0.752,0.76,0.108,0.58,0.323,0.69,0.006,0.767,0.451,0.513,0.849,0.161,0.106,0.444,0.052,0.933,0.451,0.827,0.45,0.602,0.931,0.295,0.57
1.0,0.715,0.125,0.11,0.304,0.894,0.826,0.463,0.875,0.642,0.253,0.007,0.066,0.559,0.279,0.226,0.41,0.647,0.59,0.199,0.308,0.051,0.062,0.929,0.899,0.28,0.393,0.671,0.566,0.818,0.542,0.556,0.789,0.143,0.306,0.96,0.335,0.447,0.514,0.036,0.102
0.0,0.565,0.237,0.905,0.037,0.087,0.309,0.987,0.537,0.919,0.778,0.011,0.153,0.05,0.801,0.505,0.251,0.284,0.364,0.818,0.409,0.4,0.293,0.857,0.11,0.534,0.044,0.578,0.791,0.49,0.62,0.524,0.348,0.862,0.937,0.613,0.531,0.417,0.138,0.507,0.79
0.0,0.329,0.746,0.897,0.804,0.698,0.083,0.409,0.585,0.964,0.159,0.868,0.239,0.975,0.555,0.75,0.063,0.126,0.765,0.242,0.938,0.315,0.542,0.928,0.77,0.056,0.324,0.359,0.35,0.386,0.715,0.154,0.046,0.832,0.535,0.91,0.639,0.767,0.488,0.302,0.613
0.0,0.014,0.504,0.469,0.903,0.313,0.917,0.672,0.59,0.862,0.302,0.805,0.84,0.017,0.301,0.593,0.615,0.43,0.149,0.083,0.543,0.711,0.262,0.233,0.33,0.734,0.383,0.237,0.064,0.917,0.852,0.649,0.775,0.905,0.879,0.661,0.83,0.166,0.081,0.07,0.62
1.0,0.671,0.436,0.852,0.164,0.349,0.09,0.96,0.821,0.591,0.169,0.227,0.639,0.911,0.823,0.189,0.807,0.574,0.906,0.924,0.927,0.957,0.6,0.315,0.213,0.601,0.198,0.806,0.721,0.54,0.317,0.524,0.457,0.578,0.597,0.67,0.568,0.006,0.078,0.13,0.397
0.0,0.704,0.431,0.119,0.248,0.9,0.594,0.417,0.107,0.703,0.978,0.425,0.977,0.038,0.713,0.89,0.435,0.191,0.933,0.289,0.273,0.475,0.903,0.51,0.281,0.679,0.387,0.605,0.195,0.008,0.783,0.66,0.659,0.857,0.437,0.713,0.996,0.33,0.118,0.651,0.915
0.0,0.53,0.051,0.305,0.444,0.564,0.715,0.931,0.567,0.499,0.561,0.11,0.562,0.513,0.42,0.462,0.099,0.461,0.996,0.128,0.2,0.609,0.353,0.935,0.688,0.213,0.542,0.144,0.495,0.834,0.76,0.872,0.692,0.586,0.476,0.032,0.962,0.778,0.837,0.485,0.612
0.0,0.851,0.07,0.707,0.587,0.849,0.536,0.859,0.463,0.58,0.694,0.739,0.281,0.492,0.051,0.634,0.254,0.981,0.992,0.182,0.876,0.628,0.742,0.251,0.547,0.319,0.248,0.725,0.519,0.927,0.957,0.732,0.231,0.438,0.909,0.761,0.162,0.972,0.988,0.439,0.201
1.0,0.629,0.818,0.917,0.188,0.097,0.288,0.472,0.947,0.833,0.035,0.264,0.187,0.191,0.005,0.159,0.267,0.098,0.07,0.046,0.593,0.505,0.678,0.167,0.388,0.367,0.558,0.986,0.623,0.777,0.888,0.929,0.328,0.862,0.9,0.021,0.415,0.85,0.471,0.527,0.538
0.0,0.06,0.115,0.743,0.775,0.874,0.888,0.556,0.745,0.2,0.116,0.375,0.821,0.506,0.623,0.433,0.917,0.623,0.688,0.598,0.019,0.708,0.732,0.759,0.911,0.76,0.639,0.771,0.741,0.223,0.149,0.727,0.509,0.046,0.302,0.764,0.996,0.438,0.609,0.124,0.572
0.0,0.486,0.871,0.164,0.657,0.196,0.295,0.557,0.993,0.898,0.316,0.452,0.815,0.64,0.672,0.285,0.302,0.774,0.807,0.884,0.415,0.064,0.834,0.912,0.903,0.849,0.222,0.331,0.453,0.931,0.716,0.457,0.409,0.868,0.821,0.754,0.401,0.249,0.567,0.589,0.977
0.0,0.229,0.255,0.0,0.352,0.563,0.682,0.331,0.965,0.197,0.621,0.121,0.95,0.717,0.168,0.731,0.768,0.349,0.854,0.287,0.804,0.806,0.484,0.598,0.621,0.759,0.163,0.158,0.173,0.06,0.525,0.468,0.386,0.48,0.498,0.458,0.596,0.769,0.294,0.093,0.656
0.0,0.113,0.882,0.875,0.302,0.148,0.553,0.794,0.63,0.532,0.094,0.296,0.983,0.017,0.598,0.007,0.578,0.782,0.565,0.671,0.308,0.206,0.383,0.299,0.429,0.472,0.269,0.346,0.212,0.279,0.919,0.198,0.939,0.519,0.999,0.101,0.488,0.606,0.768,0.184,0.647
1.0,0.739,0.805,0.52,0.263,0.794,0.869,0.147,0.132,0.334,0.564,0.352,0.292,0.579,0.789,0.356,0.74,0.416,0.028,0.381,0.724,0.493,0.717,0.229,0.744,0.812,0.132,0.435,0.809,0.675,0.504,0.744,0.056,0.507,0.053,0.931,0.814,0.284,0.043,0.811,0.935
0.0,0.722,0.017,0.336,0.033,0.106,0.034,0.526,0.224,0.722,0.58,0.042,0.157,0.671,0.222,0.828,0.334,0.888,0.334,0.692,0.559,0.679,0.318,0.238,0.678,0.26,0.576,0.266,0.185,0.993,0.009,0.521,0.185,0.962,0.528,0.895,0.458,0.399,0.753,0.844,0.398
0.0,0.949,0.193,0.949,0.596,0.972,0.424,0.768,0.459,0.203,0.403,0.917,0.003,0.199,0.601,0.355,0.255,0.078,0.917,0.869,0.444,0.371,0.005,0.776,0.138,0.782,0.906,0.227,0.008,0.815,0.829,0.124,0.197,0.741,0.847,0.128,0.597,0.122,0.815,0.996,0.662
0.0,0.95,0.715,0.086,0.731,0.094,0.367,0.042,0.774,0.348,0.648,0.312,0.532,0.821,0.742,0.192,0.262,0.605,0.213,0.976,0.965,0.63,0.652,0.566,0.074,0.29,0.247,0.209,0.322,0.822,0.158,0.649,0.195,0.165,0.574,0.408,0.07,0.458,0.878,0.107,0.175
0.0,0.73,0.904,0.189,0.657,0.234,0.699,0.909,0.14,0.07,0.449,0.459,0.271,0.616,0.163,0.862,0.776,0.093,0.596,0.784,0.91,0.655,0.667,0.817,0.03,0.872,0.929,0.788,0.103,0.692,0.401,0.318,0.377,0.572,0.013,0.479,0.053,0.675,0.976,0.797,0.426
1.0,0.962,0.053,0.699,0.984,0.415,0.318,0.444,0.029,0.031,0.244,0.763,0.485,0.749,0.351,0.571,0.39,0.15,0.308,0.956,0.356,0.579,0.928,0.064,0.98,0.555,0.585,0.073,0.507,0.133,0.443,0.739,0.929,0.638,0.233,0.654,0.457,0.752,0.383,0.696,0.746
0.0,0.017,0.514,0.473,0.978,0.073,0.708,0.237,0.524,0.389,0.219,0.722,0.538,0.876,0.355,0.279,0.828,0.774,0.893,0.204,0.951,0.308,0.606,0.965,0.35,0.679,0.962,0.148,0.535,0.165,0.607,0.008,0.422,0.836,0.69,0.912,0.84,0.092,0.339,0.664,0.391
1.0,0.388,0.591,0.136,0.958,0.246,0.443,0.641,0.036,0.756,0.359,0.122,0.672,0.173,0.363,0.633,0.078,0.049,0.537,0.036,0.506,0.749,0.899,0.452,0.874,0.561,0.356,0.935,0.154,0.909,0.169,0.502,0.658,0.655,0.277,0.978,0.402,0.69,0.289,0.81,0.222
0.0,0.589,0.36,0.653,0.985,0.606,0.89,0.544,0.302,0.056,0.477,0.138,0.699,0.285,0.538,0.687,0.12,0.41,0.634,0.554,0.447,0.783,0.117,0.912,0.893,0.13,0.424,0.642,0.818,0.187,0.801,0.216,0.606,0.898,0.388,0.419,0.521,0.921,0.265,0.48,0.261
0.0,0.198,0.161,0.976,0.204,0.637,0.111,0.815,0.628,0.425,0.458,0.396,0.772,0.705,0.167,0.28,0.894,0.999,0.339,0.546,0.51,0.729,0.872,0.49,0.33,0.522,0.142,0.031,0.217,0.443,0.635,0.214,0.951,0.426,0.077,0.282,0.916,0.594,0.989,0.394,0.957
0.0,0.35,0.814,0.944,0.984,0.896,0.443,0.34,0.583,0.281,0.726,0.237,0.189,0.067,0.97,0.767,0.088,0.474,0.229,0.695,0.759,0.948,0.882,0.471,0.265,0.397,0.325,0.916,0.578,0.799,0.136,0.413,0.707,0.944,0.103,0.087,0.627,0.41,0.105,0.066,0.921
1.0,0.567,0.944,0.472,0.18,0.216,0.437,0.282,0.388,0.085,0.938,0.762,0.678,0.939,0.632,0.758,0.297,0.164,0.157,0.474,0.345,0.305,0.811,0.084,0.638,0.151,0.257,0.052,0.068,0.118,0.791,0.085,0.981,0.253,0.944,0.09,0.196,0.167,0.068,0.06,0.711
1.0,0.923,0.064,0.578,0.853,0.253,0.894,0.783,0.073,0.102,0.824,0.428,0.708,0.287,0.605,0.954,0.235,0.013,0.377,0.276,0.199,0.678,0.18,0.945,0.155,0.844,0.962,0.333,0.268,0.496,0.046,0.839,0.238,0.04,0.349,0.976,0.929,0.869,0.966,0.624,0.204
1.0,0.007,0.111,0.529,0.078,0.248,0.344,0.461,0.187,0.804,0.566,0.196,0.54,0.008,0.233,0.171,0.121,0.053,0.035,0.895,0.098,0.572,0.565,0.671,0.356,0.993,0.067,0.095,0.488,0.177,0.112,0.113,0.139,0.912,0.31,0.354,0.04,0.778,0.479,0.926,0.938
0.0,0.245,0.809,0.93,0.739,0.123,0.467,0.67,0.028,0.717,0.85,0.079,0.931,0.694,0.79,0.676,0.43,0.85,0.294,0.621,0.346,0.903,0.375,0.363,0.164,0.439,0.93,0.923,0.999,0.321,0.263,0.728,0.805,0.898,0.213,0.582,0.668,0.881,0.306,0.009,0.743
1.0,0.108,0.152,0.093,0.882,0.064,0.254,0.898,0.37,0.837,0.531,0.455,0.15,0.429,0.564,0.421,0.63,0.149,0.148,0.437,0.506,0.126,0.978,0.379,0.832,0.829,0.507,0.267,0.724,0.446,0.061,0.17,0.671,0.869,0.047,0.05,0.201,0.488,0.761,0.31,0.521
1.0,0.018,0.52,0.327,0.301,0.17,0.353,0.367,0.289,0.243,0.057,0.12,0.318,0.702,0.822,0.97,0.15,0.254,0.48,0.636,0.152,0.529,0.522,0.71,0.685,0.643,0.548,0.025,0.607,0.394,0.344,0.433,0.466,0.675,0.68,0.937,0.675,0.287,0.403,0.059,0.604
0.0,0.056,0.561,0.303,0.144,0.901,0.079,0.919,0.164,0.085,0.539,0.024,0.629,0.274,0.049,0.815,0.767,0.953,0.066,0.478,0.985,0.158,0.46,0.702,0.529,0.6,0.268,0.075,0.307,0.908,0.614,0.526,0.173,0.65,0.692,0.206,0.423,0.808,0.785,0.778,0.022
0.0,0.694,0.473,0.985,0.611,0.552,0.747,0.46,0.777,0.098,0.213,0.634,0.724,0.983,0.356,0.105,0.739,0.084,0.384,0.122,0.589,0.408,0.362,0.697,0.103,0.11,0.781,0.506,0.583,0.851,0.589,0.582,0.461,0.296,0.272,0.76,0.585,0.016,0.489,0.266,0.795
1.0,0.332,0.64,0.229,0.702,0.462,0.238,0.314,0.93,0.21,0.874,0.545,0.43,0.387,0.032,0.978,0.685,0.053,0.253,0.397,0.548,0.538,0.725,0.397,0.238,0.244,0.442,0.79,0.719,0.202,0.28,0.923,0.098,0.166,0.231,0.379,0.641,0.114,0.601,0.744,0.76
1.0,0.054,0.817,0.166,0.557,0.176,0.722,0.238,0.788,0.78,0.455,0.114,0.54,0.134,0.046,0.817,0.679,0.215,0.773,0.496,0.047,0.874,0.915,0.619,0.031,0.611,0.479,0.963,0.315,0.006,0.189,0.221,0.527,0.232,0.369,0.209,0.876,0.911,0.016,0.933,0.51
0.0,0.599,0.182,0.758,0.599,0.276,0.821,0.254,0.765,0.424,0.314,0.573,0.463,0.363,0.175,0.28,0.917,0.986,0.774,0.076,0.256,0.154,0.946,0.845,0.568,0.928,0.847,0.999,0.407,0.23,0.203,0.437,0.371,0.721,0.551,0.418,0.771,0.937,0.548,0.669,0.106
0.0,0.493,0.836,0.37,0.152,0.787,0.642,0.132,0.936,0.855,0.659,0.637,0.346,0.438,0.075,0.385,0.431,0.814,0.023,0.078,0.973,0.838,0.652,0.882,0.951,0.493,0.845,0.386,0.544,0.908,0.212,0.299,0.795,0.97,0.721,0.711,0.152,0.777,0.68,0.831,0.469
1.0,0.112,0.388,0.242,0.043,0.038,0.943,0.494,0.483,0.928,0.839,0.546,0.139,0.049,0.378,0.196,0.697,0.918,0.878,0.438,0.022,0.91,0.593,0.048,0.85,0.068,0.609,0.702,0.975,0.245,0.267,0.373,0.922,0.737,0.876,0.14,0.421,0.87,0.435,0.845,0.393
1.0,0.717,0.396,0.54,0.19,0.582,0.365,0.539,0.745,0.782,0.41,0.113,0.477,0.995,0.797,0.207,0.078,0.518,0.973,0.855,0.362,0.788,0.867,0.357,0.477,0.328,0.014,0.768,0.22,0.276,0.017,0.909,0.625,0.176,0.781,0.124,0.308,0.355,0.643,0.166,0.543
0.0,0.054,0.399,0.238,0.571,0.9,0.342,0.466,0.104,0.513,0.957,0.527,0.616,0.083,0.827,0.541,0.311,0.244,0.558,0.286,0.712,0.808,0.428,0.773,0.193,0.471,0.746,0.884,0.19,0.283,0.467,0.509,0.693,0.809,0.079,0.166,0.368,0.291,0.066,0.664,0.578
0.0,0.349,0.901,0.852,0.322,0.76,0.094,0.009,0.569,0.514,0.796,0.262,0.879,0.753,0.388,0.53,0.902,0.204,0.715,0.923,0.42,0.36,0.513,0.156,0.029,0.614,0.443,0.952,0.23,0.211,0.394,0.222,0.363,0.968,0.45,0.561,0.642,0.844,0.983,0.899,0.053
1.0,0.761,0.372,0.752,0.929,0.136,0.791,0.814,0.777,0.179,0.965,0.072,0.66,0.491,0.101,0.664,0.208,0.606,0.704,0.774,0.935,0.003,0.546,0.393,0.42,0.055,0.296,0.952,0.242,0.917,0.327,0.831,0.167,0.293,0.865,0.272,0.554,0.145,0.539,0.364,0.116
1.0,0.62,0.222,0.353,0.137,0.666,0.8,0.853,0.873,0.581,0.423,0.315,0.423,0.413,0.919,0.557,0.994,0.68,0.65,0.474,0.043,0.193,0.092,0.669,0.374,0.445,0.549,0.203,0.214,0.53,0.808,0.954,0.407,0.714,0.186,0.556,0.836,0.624,0.678,0.249,0.376
1.0,0.377,0.941,0.979,0.462,0.644,0.162,0.798,0.906,0.785,0.734,0.209,0.563,0.561,0.432,0.434,0.045,0.534,0.108,0.887,0.14,0.575,0.124,0.104,0.165,0.712,0.469,0.265,0.024,0.608,0.549,0.799,0.459,0.935,0.552,0.101,0.4,0.195,0.901,0.665,0.936
1.0,0.092,0.803,0.665,0.141,0.216,0.565,0.063,0.464,0.509,0.634,0.562,0.693,0.943,0.622,0.639,0.984,0.139,0.327,0.178,0.419,0.411,0.239,0.453,0.634,0.988,0.587,0.174,0.999,0.371,0.317,0.043,0.475,0.214,0.909,0.237,0.608,0.639,0.08,0.87,0.811
1.0,0.927,0.99,0.025,0.679,0.559,0.959,0.808,0.801,0.123,0.064,0.431,0.55,0.419,0.633,0.742,0.833,0.912,0.374,0.561,0.702,0.567,0.231,0.726,0.422,0.965,0.949,0.023,0.642,0.698,0.72,0.839,0.191,0.172,0.924,0.387,0.002,0.438,0.441,0.356,0.18
1.0,0.615,0.476,0.881,0.578,0.11,0.043,0.406,0.861,0.171,0.489,0.037,0.043,0.132,0.719,0.339,0.398,0.977,0.032,0.542,0.451,0.548,0.648,0.437,0.745,0.622,0.819,0.388,0.558,0.321,0.463,0.677,0.333,0.592,0.488,0.812,0.908,0.286,0.994,0.804,0.578
1.0,0.039,0.506,0.455,0.361,0.152,0.089,0.296,0.676,0.963,0.878,0.045,0.386,0.191,0.446,0.253,0.299,0.106,0.134,0.888,0.136,0.074,0.251,0.27,0.768,0.022,0.679,0.705,0.246,0.145,0.531,0.521,0.289,0.975,0.766,0.95,0.187,0.225,0.067,0.015,0.038
0.0,0.32,0.575,0.797,0.501,0.67,0.715,0.925,0.789,0.655,0.302,0.802,0.481,0.935,0.167,0.922,0.246,0.582,0.064,0.322,0.651,0.695,0.163,0.82,0.937,0.204,0.959,0.046,0.466,0.264,0.195,0.274,0.164,0.849,0.197,0.252,0.847,0.822,0.472,0.152,0.157
1.0,0.788,0.715,0.781,0.432,0.484,0.234,0.007,0.591,0.508,0.212,0.797,0.228,0.682,0.204,0.58,0.641,0.264,0.292,0.541,0.218,0.138,0.416,0.763,0.805,0.318,0.74,0.83,0.318,0.492,0.853,0.462,0.039,0.569,0.54,0.102,0.633,0.377,0.144,0.013,0.168
0.0,0.637,0.44,0.975,0.216,0.952,0.092,0.479,0.142,0.49,0.833,0.623,0.517,0.432,0.507,0.379,0.977,0.028,0.669,0.346,0.323,0.247,0.037,0.978,0.92,0.152,0.736,0.897,0.329,0.455,0.709,0.71,0.655,0.894,0.266,0.023,0.975,0.882,0.338,0.989,0.322
1.0,0.67,0.468,0.017,0.378,0.03,0.644,0.91,0.204,0.754,0.243,0.456,0.13,0.019,0.282,0.878,0.84,0.684,0.989,0.971,0.214,0.057,0.69,0.061,0.698,0.981,0.481,0.245,0.001,0.599,0.264,0.486,0.259,0.753,0.561,0.025,0.398,0.576,0.477,0.545,0.782
1.0,0.365,0.556,0.769,0.383,0.822,0.88,0.137,0.761,0.68,0.458,0.971,0.527,0.875,0.722,0.935,0.197,0.509,0.146,0.721,0.393,0.567,0.827,0.144,0.832,0.468,0.234,0.474,0.297,0.058,0.389,0.283,0.825,0.531,0.607,0.075,0.506,0.928,0.856,0.375,0.075
0.0,0.905,0.777,0.267,0.881,0.53,0.567,0.175,0.014,0.845,0.489,0.374,0.826,0.184,0.192,0.835,0.074,0.798,0.699,0.965,0.528,0.473,0.653,0.462,0.424,0.334,0.83,0.999,0.605,0.272,0.394,0.009,0.141,0.443,0.502,0.662,0.529,0.227,0.028,0.782,0.567
0.0,0.211,0.798,0.968,0.327,0.606,0.338,0.273,0.341,0.293,0.723,0.298,0.797,0.747,0.264,0.742,0.09,0.666,0.474,0.06,0.827,0.348,0.031,0.923,0.012,0.573,0.06,0.672,0.165,0.27,0.998,0.179,0.398,0.053,0.583,0.721,0.608,0.198,0.862,0.064,0.085
0.0,0.808,0.165,0.924,0.653,0.157,0.821,0.04,0.423,0.813,0.495,0.423,0.825,0.142,0.777,0.392,0.23,0.452,0.07,0.202,0.955,0.027,0.668,0.181,0.496,0.6,0.389,0.143,0.849,0.97,0.087,0.043,0.296,0.481,0.319,0.98,0.766,0.522,0.298,0.843,0.371
1.0,0.868,0.708,0.062,0.677,0.455,0.473,0.584,0.85,0.376,0.813,0.416,0.265,0.17,0.751,0.102,0.539,0.169,0.811,0.598,0.727,0.118,0.174,0.149,0.048,0.229,0.39,0.714,0.075,0.903,0.89,0.886,0.989,0.887,0.798,0.248,0.264,0.914,0.985,0.431,0.332
1.0,0.374,0.799,0.785,0.012,0.588,0.84,0.16,0.472,0.908,0.581,0.321,0.521,0.264,0.509,0.536,0.419,0.21,0.319,0.28,0.872,0.16,0.184,0.203,0.134,0.921,0.214,0.981,0.788,0.683,0.476,0.708,0.879,0.85,0.214,0.245,0.91,0.833,0.199,0.867,0.485
0.0,0.15,0.347,0.652,0.006,0.997,0.217,0.052,0.554,0.548,0.022,0.106,0.864,0.838,0.497,0.111,0.462,0.738,0.064,0.614,0.124,0.772,0.109,0.335,0.326,0.309,0.126,0.312,0.624,0.111,0.337,0.093,0.621,0.276,0.422,0.925,0.83,0.227,0.274,0.3,0.451
0.0,0.811,0.262,0.903,0.692,0.649,0.748,0.251,0.24,0.985,0.889,0.702,0.69,0.924,0.309,0.234,0.374,0.874,0.19,0.78,0.481,0.439,0.905,0.957,0.722,0.013,0.077,0.524,0.006,0.805,0.946,0.085,0.694,0.451,0.577,0.05,0.11,0.252,0.822,0.689,0.887
1.0,0.659,0.771,0.948,0.015,0.31,0.787,0.899,0.184,0.02,0.173,0.209,0.266,0.273,0.284,0.55,0.584,0.263,0.916,0.675,0.138,0.958,0.982,0.915,0.111,0.389,0.362,0.04,0.601,0.59,0.684,0.347,0.482,0.277,0.1,0.5,0.336,0.013,0.636,0.135,0.031
1.0,0.291,0.579,0.867,0.065,0.201,0.187,0.389,0.139,0.44,0.549,0.188,0.536,0.035,0.849,0.54,0.377,0.551,0.192,0.516,0.201,0.647,0.951,0.512,0.172,0.558,0.333,0.968,0.917,0.726,0.202,0.787,0.076,0.674,0.011,0.64,0.569,0.444,0.37,0.484,0.977
0.0,0.125,0.912,0.289,0.364,0.967,0.385,0.44,0.808,0.531,0.936,0.439,0.312,0.583,0.777,0.178,0.834,0.242,0.922,0.47,0.925,0.24,0.952,0.85,0.648,0.681,0.562,0.636,0.63,0.748,0.257,0.694,0.981,0.05,0.302,0.624,0.308,0.358,0.106,0.38,0.431
0.0,0.622,0.876,0.847,0.73,0.995,0.987,0.384,0.904,0.934,0.323,0.071,0.096,0.917,0.776,0.169,0.799,0.225,0.367,0.555,0.841,0.933,0.116,0.429,0.099,0.474,0.865,0.838,0.679,0.076,0.106,0.253,0.271,0.922,0.752,0.31,0.274,0.525,0.469,0.831,0.961
1.0,0.801,0.402,0.9,0.175,0.397,0.394,0.748,0.591,0.003,0.09,0.58,0.719,0.761,0.092,0.066,0.009,0.182,0.605,0.074,0.78,0.86,0.928,0.145,0.514,0.749,0.421,0.056,0.719,0.776,0.95,0.496,0.597,0.868,0.553,0.786,0.228,0.278,0.814,0.761,0.153
1.0,0.804,0.646,0.795,0.66,0.805,0.038,0.502,0.742,0.327,0.784,0.885,0.189,0.239,0.537,0.614,0.14,0.543,0.868,0.958,0.346,0.433,0.276,0.269,0.882,0.781,0.737,0.248,0.24,0.297,0.265,0.657,0.364,0.772,0.162,0.452,0.36,0.908,0.177,0.506,0.778
0.0,0.884,0.932,0.434,0.759,0.923,0.999,0.044,0.234,0.739,0.144,0.634,0.137,0.563,0.504,0.518,0.459,0.879,0.036,0.137,0.601,0.921,0.423,0.825,0.622,0.56,0.277,0.882,0.442,0.56,0.829,0.16,0.273,0.804,0.059,0.471,0.99,0.455,0.031,0.367,0.375
1.0,0.378,0.935,0.342,0.731,0.202,0.941,0.575,0.691,0.416,0.264,0.382,0.047,0.397,0.579,0.275,0.73,0.018,0.389,0.356,0.674,0.272,0.06,0.491,0.086,0.339,0.662,0.343,0.574,0.083,0.885,0.628,0.708,0.43,0.714,0.61,0.27,0.661,0.911,0.435,0.943
0.0,0.565,0.485,0.153,0.571,0.593,0.487,0.426,0.204,0.194,0.968,0.299,0.19,0.726,0.95,0.501,0.831,0.483,0.715,0.064,0.859,0.902,0.798,0.977,0.945,0.881,0.895,0.961,0.429,0.974,0.832,0.9,0.563,0.178,0.133,0.131,0.036,0.177,0.99,0.508,0.311
0.0,0.113,0.527,0.921,0.417,0.928,0.023,0.829,0.87,0.469,0.134,0.843,0.625,0.336,0.881,0.048,0.662,0.474,0.606,0.598,0.976,0.693,0.343,0.279,0.045,0.235,0.629,0.143,0.2,0.091,0.524,0.779,0.298,0.043,0.021,0.833,0.582,0.935,0.983,0.72,0.519
1.0,0.632,0.169,0.653,0.656,0.534,0.549,0.543,0.03,0.441,0.784,0.373,0.1,0.682,0.548,0.898,0.833,0.863,0.17,0.845,0.938,0.008,0.135,0.562,0.578,0.962,0.809,0.901,0.614,0.804,0.419,0.453,0.8,0.225,0.361,0.371,0.777,0.497,0.37,0.753,0.394
0.0,0.78,0.367,0.827,0.616,0.942,0.995,0.479,0.781,0.562,0.953,0.772,0.583,0.447,0.072,0.373,0.629,0.41,0.411,0.644,0.651,0.522,0.133,0.664,0.887,0.502,0.731,0.339,0.539,0.103,0.489,0.48,0.1,0.244,0.465,0.153,0.092,0.872,0.548,0.649,0.202
0.0,0.386,0.239,0.068,0.288,0.694,0.958,0.627,0.494,0.857,0.147,0.317,0.848,0.759,0.007,0.416,0.816,0.937,0.862,0.367,0.029,0.449,0.329,0.095,0.512,0.939,0.809,0.329,0.647,0.627,0.525,0.265,0.174,0.119,0.943,0.253,0.641,0.56,0.28,0.571,0.45
1.0,0.771,0.802,0.224,0.194,0.185,0.542,0.229,0.285,0.951,0.17,0.52,0.666,0.348,0.944,0.466,0.535,0.695,0.018,0.328,0.445,0.173,0.792,0.434,0.972,0.653,0.612,0.244,0.051,0.603,0.92,0.648,0.291,0.31,0.53,0.488,0.741,0.111,0.614,0.736,0.804
1.0,0.009,0.862,0.999,0.563,0.232,0.368,0.454,0.607,0.455,0.04,0.427,0.504,0.266,0.712,0.003,0.061,0.737,0.98,0.865,0.187,0.522,0.266,0.496,0.241,0.367,0.619,0.577,0.077,0.22,0.746,0.918,0.936,0.5,0.822,0.779,0.252,0.478,0.75,0.461,0.367
0.0,0.071,0.665,0.718,0.292,0.008,0.604,0.681,0.383,0.203,0.473,0.42,0.862,0.502,0.842,0.559,0.304,0.522,0.24,0.084,0.085,0.375,0.953,0.548,0.841,0.896,0.089,0.048,0.327,0.257,0.164,0.748,0.6,0.072,0.203,0.638,0.379,0.171,0.247,0.78,0.096
0.0,0.371,0.089,0.509,0.936,0.899,0.672,0.457,0.779,0.565,0.89,0.282,0.814,0.208,0.618,0.916,0.555,0.18,0.851,0.534,0.967,0.817,0.045,0.925,0.121,0.999,0.691,0.016,0.671,0.078,0.179,0.26,0.383,0.509,0.124,0.375,0.269,0.074,0.62,0.228,0.03
0.0,0.493,0.245,0.858,0.768,0.88,0.899,0.092,0.469,0.865,0.455,0.888,0.009,0.697,0.329,0.616,0.445,0.183,0.384,0.701,0.065,0.86,0.591,0.066,0.623,0.441,0.841,0.192,0.948,0.836,0.19,0.314,0.038,0.426,0.503,0.087,0.985,0.733,0.753,0.387,0.142
1.0,0.928,0.997,0.373,0.624,0.046,0.632,0.337,0.784,0.665,0.36,0.743,0.243,0.283,0.839,0.993,0.251,0.649,0.836,0.538,0.034,0.275,0.204,0.636,0.117,0.935,0.863,0.645,0.261,0.356,0.529,0.488,0.995,0.333,0.634,0.272,0.768,0.809,0.618,0.956,0.89
1.0,0.768,0.742,0.065,0.126,0.421,0.196,0.808,0.742,0.927,0.593,0.707,0.526,0.912,0.514,0.372,0.476,0.386,0.565,0.251,0.102,0.978,0.551,0.369,0.738,0.933,0.041,0.127,0.71,0.818,0.532,0.095,0.942,0.205,0.665,0.217,0.136,0.885,0.191,0.4,0.67
1.0,0.733,0.969,0.932,0.31,0.814,0.745,0.616,0.312,0.749,0.856,0.871,0.399,0.726,0.07,0.861,0.186,0.075,0.031,0.581,0.388,0.242,0.101,0.519,0.393,0.992,0.405,0.751,0.913,0.633,0.705,0.87,0.425,0.876,0.418,0.265,0.145,0.243,0.138,0.519,0.495
0.0,0.111,0.544,0.371,0.059,0.873,0.691,0.764,0.279,0.248,0.79,0.552,0.575,0.607,0.911,0.343,0.503,0.907,0.96,0.974,0.123,0.196,0.477,0.054,0.983,0.187,0.5,0.946,0.013,0.999,0.56,0.816,0.824,0.748,0.446,0.392,0.665,0.56,0.87,0.404,0.592
1.0,0.676,0.491,0.82,0.814,0.403,0.945,0.68,0.535,0.059,0.948,0.058,0.682,0.655,0.291,0.862,0.641,0.878,0.845,0.452,0.805,0.33,0.053,0.747,0.96,0.526,0.025,0.56,0.263,0.728,0.52,0.968,0.532,0.574,0.564,0.824,0.652,0.956,0.897,0.424,0.503
0.0,0.454,0.876,0.52,0.558,0.204,0.647,0.941,0.227,0.744,0.532,0.52,0.233,0.62,0.194,0.875,0.312,0.976,0.211,0.954,0.584,0.695,0.511,0.278,0.232,0.041,0.538,0.618,0.995,0.886,0.26,0.915,0.321,0.141,0.961,0.61,0.084,0.188,0.182,0.87,0.324
0.0,0.334,0.923,0.245,0.256,0.857,0.313,0.428,0.31,0.806,0.737,0.665,0.743,0.326,0.909,0.485,0.834,0.132,0.549,0.066,0.984,0.096,0.986,0.054,0.849,0.597,0.478,0.879,0.511,0.436,0.232,0.076,0.463,0.258,0.447,0.45,0.685,0.877,0.097,0.909,0.432
0.0,0.864,0.434,0.206,0.176,0.755,0.395,0.351,0.312,0.937,0.349,0.842,0.654,0.06,0.747,0.99,0.14,0.814,0.126,0.106,0.606,0.322,0.598,0.996,0.447,0.594,0.62,0.259,0.429,0.612,0.744,0.66,0.106,0.855,0.955,0.377,0.294,0.256,0.932,0.779,0.213
0.0,0.13,0.764,0.072,0.853,0.549,0.72,0.776,0.626,0.709,0.126,0.408,0.664,0.718,0.52,0.463,0.506,0.348,0.153,0.341,0.287,0.331,0.954,0.87,0.489,0.17,0.047,0.814,0.405,0.02,0.593,0.426,0.736,0.674,0.337,0.249,0.597,0.423,0.476,0.962,0.978
0.0,0.906,0.751,0.845,0.365,0.153,0.924,0.688,0.265,0.485,0.83,0.16,0.654,0.274,0.769,0.237,0.404,0.983,0.093,0.954,0.467,0.659,0.498,0.927,0.064,0.558,0.076,0.407,0.996,0.562,0.8,0.45,0.495,0.777,0.094,0.023,0.817,0.301,0.323,0.81,0.494
0.0,0.642,0.645,0.929,0.42,0.876,0.629,0.809,0.153,0.878,0.266,0.13,0.152,0.98,0.005,0.758,0.965,0.839,0.526,0.111,0.475,0.154,0.731,0.199,0.067,0.076,0.641,0.828,0.702,0.742,0.014,0.993,0.443,0.133,0.979,0.599,0.959,0.166,0.398,0.09,0.918
0.0,0.666,0.957,0.63,0.419,0.487,0.19,0.083,0.35,0.201,0.976,0.021,0.971,0.183,0.874,0.185,0.31,0.537,0.891,0.387,0.069,0.915,0.737,0.029,0.821,0.595,0.441,0.492,0.966,0.234,0.342,0.893,0.681,0.909,0.485,0.103,0.534,0.536,0.99,0.152,0.467
0.0,0.958,0.029,0.057,0.71,0.021,0.5,0.976,0.627,0.021,0.558,0.086,0.814,0.663,0.574,0.68,0.782,0.77,0.776,0.223,0.322,0.783,0.423,0.71,0.354,0.353,0.6,0.507,0.855,0.492,0.265,0.861,0.933,0.93,0.136,0.207,0.529,0.415,0.613,0.334,0.638
0.0,0.609,0.112,0.943,0.265,0.946,0.494,0.854,0.356,0.118,0.142,0.636,0.845,0.926,0.768,0.495,0.518,0.331,0.939,0.882,0.197,0.732,0.427,0.952,0.792,0.587,0.169,0.203,0.174,0.874,0.769,0.962,0.2,0.666,0.554,0.318,0.921,0.325,0.302,0.536,0.756
0.0,0.115,0.159,0.901,0.212,0.276,0.514,0.348,0.393,0.567,0.069,0.308,0.924,0.638,0.146,0.919,0.448,0.076,0.294,0.736,0.931,0.526,0.331,0.915,0.647,0.285,0.938,0.546,0.28,0.744,0.261,0.531,0.874,0.197,0.088,0.595,0.151,0.177,0.554,0.008,0.382
1.0,0.611,0.467,0.052,0.226,0.629,0.106,0.7,0.434,0.974,0.603,0.314,0.094,0.912,0.045,0.601,0.095,0.841,0.752,0.663,0.357,0.047,0.008,0.764,0.728,0.646,0.431,0.599,0.857,0.921,0.935,0.882,0.181,0.771,0.496,0.828,0.935,0.151,0.349,0.886,0.331
0.0,0.238,0.749,0.183,0.299,0.25,0.899,0.676,0.653,0.572,0.817,0.761,0.771,0.678,0.592,0.719,0.705,0.623,0.902,0.258,0.083,0.568,0.637,0.257,0.127,0.326,0.904,0.452,0.683,0.97,0.752,0.119,0.088,0.003,0.027,0.308,0.794,0.604,0.466,0.852,0.547
0.0,0.606,0.618,0.706,0.055,0.07,0.852,0.128,0.441,0.191,0.61,0.265,0.372,0.461,0.772,0.702,0.117,0.477,0.188,0.449,0.067,0.972,0.376,0.884,0.801,0.952,0.233,0.495,0.694,0.984,0.399,0.665,0.482,0.195,0.886,0.976,0.669,0.643,0.236,0.529,0.972
1.0,0.878,0.626,0.468,0.542,0.276,0.974,0.587,0.658,0.23,0.539,0.124,0.018,0.788,0.271,0.676,0.196,0.651,0.874,0.08,0.246,0.81,0.955,0.712,0.648,0.391,0.588,0.28,0.824,0.326,0.877,0.238,0.388,0.387,0.566,0.91,0.095,0.243,0.671,0.931,0.822
0.0,0.478,0.217,0.692,0.688,0.985,0.777,0.696,0.029,0.376,0.21,0.637,0.81,0.012,0.357,0.61,0.165,0.354,0.445,0.775,0.697,0.237,0.955,0.635,0.943,0.243,0.722,0.066,0.052,0.934,0.216,0.849,0.708,0.43,0.661,0.542,0.516,0.873,0.99,0.752,0.071
0.0,0.506,0.407,0.151,0.707,0.566,0.199,0.085,0.735,0.256,0.101,0.619,0.836,0.839,0.954,0.774,0.252,0.149,0.597,0.039,0.006,0.84,0.974,0.916,0.829,0.299,0.115,0.312,0.543,0.482,0.202,0.325,0.753,0.688,0.028,0.763,0.778,0.998,0.549,0.147,0.497
1.0,0.582,0.311,0.573,0.516,0.197,0.513,0.256,0.186,0.04,0.259,0.786,0.649,0.818,0.577,0.284,0.91,0.803,0.43,0.471,0.929,0.244,0.973,0.728,0.906,0.843,0.877,0.609,0.041,0.532,0.908,0.412,0.45,0.839,0.39,0.192,0.633,0.246,0.941,0.274,0.487
1.0,0.908,0.655,0.208,0.312,0.578,0.988,0.247,0.179,0.95,0.414,0.999,0.685,0.562,0.424,0.82,0.038,0.958,0.267,0.511,0.754,0.037,0.706,0.647,0.955,0.442,0.785,0.696,0.79,0.835,0.145,0.666,0.663,0.205,0.005,0.559,0.988,0.806,0.707,0.343,0.993
0.0,0.421,0.969,0.214,0.464,0.79,0.698,0.283,0.223,0.184,0.732,0.46,0.93,0.868,0.261,0.044,0.513,0.871,0.961,0.046,0.551,0.742,0.749,0.89,0.926,0.629,0.424,0.44,0.119,0.472,0.48,0.403,0.746,0.167,0.974,0.735,0.485,0.92,0.004,0.67,0.753
0.0,0.716,0.109,0.401,0.685,0.431,0.103,0.451,0.829,0.779,0.516,0.547,0.925,0.081,0.515,0.944,0.389,0.225,0.706,0.625,0.518,0.928,0.191,0.027,0.772,0.822,0.833,0.669,0.768,0.701,0.839,0.81,0.716,0.81,0.021,0.644,0.2,0.19,0.524,0.171,0.71
0.0,0.527,0.121,0.811,0.118,0.946,0.224,0.028,0.866,0.449,0.047,0.516,0.673,0.901,0.923,0.814,0.138,0.828,0.585,0.767,0.423,0.99,0.317,0.834,0.994,0.538,0.521,0.634,0.217,0.024,0.939,0.223,0.411,0.468,0.925,0.725,0.439,0.406,0.869,0.805,0.291
1.0,0.228,0.135,0.35,0.54,0.191,0.806,0.366,0.017,0.417,0.322,0.729,0.181,0.13,0.523,0.483,0.084,0.437,0.56,0.099,0.208,0.223,0.602,0.5,0.906,0.629,0.002,0.24,0.952,0.226,0.744,0.205,0.919,0.882,0.237,0.445,0.589,0.853,0.321,0.62,0.02
1.0,0.871,0.167,0.818,0.583,0.935,0.862,0.92,0.434,0.18,0.495,0.937,0.635,0.939,0.233,0.142,0.866,0.003,0.903,0.768,0.913,0.3,0.064,0.781,0.159,0.756,0.497,0.834,0.857,0.952,0.872,0.101,0.889,0.178,0.772,0.685,0.688,0.662,0.202,0.174,0.018
1.0,0.027,0.897,0.063,0.753,0.014,0.265,0.386,0.943,0.314,0.93,0.045,0.126,0.771,0.488,0.957,0.832,0.315,0.633,0.958,0.457,0.276,0.136,0.074,0.143,0.046,0.2,0.757,0.539,0.779,0.75,0.366,0.408,0.69,0.312,0.198,0.23,0.522,0.658,0.294,0.727
0.0,0.271,0.845,0.846,0.732,0.792,0.027,0.005,0.279,0.652,0.067,0.486,0.938,0.63,0.92,0.843,0.348,0.833,0.621,0.241,0.348,0.535,0.992,0.186,0.862,0.072,0.354,0.67,0.734,0.686,0.915,0.719,0.199,0.47,0.498,0.932,0.677,0.694,0.57,0.961,0.756
1.0,0.594,0.712,0.771,0.503,0.12,0.073,0.029,0.348,0.701,0.637,0.625,0.498,0.24,0.865,0.272,0.117,0.583,0.858,0.158,0.976,0.151,0.906,0.381,0.381,0.83,0.849,0.064,0.476,0.677,0.119,0.149,0.098,0.978,0.228,0.294,0.474,0.573,0.724,0.276,0.683
0.0,0.563,0.279,0.252,0.332,0.985,0.035,0.165,0.378,0.321,0.471,0.072,0.961,0.299,0.857,0.456,0.847,0.888,0.16,0.824,0.577,0.623,0.15,0.039,0.228,0.081,0.853,0.559,0.013,0.089,0.38,0.757,0.648,0.283,0.921,0.452,0.924,0.122,0.619,0.672,0.138
0.0,0.705,0.936,0.749,0.243,0.627,0.146,0.959,0.633,0.279,0.088,0.34,0.778,0.311,0.174,0.142,0.223,0.489,0.652,0.272,0.28,0.509,0.697,0.63,0.475,0.43,0.287,0.152,0.212,0.261,0.145,0.515,0.364,0.783,0.912,0.823,0.299,0.316,0.039,0.603,0.735
1.0,0.161,0.462,0.468,0.836,0.57,0.482,0.451,0.862,0.462,0.182,0.11,0.627,0.382,0.021,0.463,0.842,0.61,0.153,0.106,0.072,0.404,0.316,0.461,0.467,0.821,0.448,0.55,0.518,0.941,0.539,0.4,0.749,0.498,0.291,0.486,0.366,0.782,0.561,0.904,0.426
0.0,0.594,0.725,0.33,0.72,0.631,0.472,0.576,0.451,0.3,0.355,0.982,0.857,0.485,0.924,0.474,0.478,0.384,0.027,0.471,0.818,0.773,0.447,0.412,0.465,0.396,0.74,0.286,0.076,0.002,0.924,0.272,0.072,0.369,0.4,0.968,0.604,0.167,0.298,0.677,0.66
1.0,0.201,0.426,0.745,0.209,0.432,0.447,0.385,0.023,0.878,0.031,0.405,0.6,0.183,0.672,0.776,0.047,0.064,0.54,0.816,0.917,0.974,0.663,0.272,0.546,0.33,0.703,0.354,0.358,0.834,0.363,0.547,0.728,0.707,0.498,0.756,0.033,0.568,0.676,0.772,0.615
1.0,0.424,0.021,0.412,0.079,0.114,0.524,0.029,0.643,0.914,0.793,0.821,0.505,0.576,0.575,0.918,0.44,0.789,0.571,0.005,0.773,0.365,0.618,0.557,0.939,0.244,0.586,0.729,0.422,0.496,0.617,0.114,0.208,0.351,0.494,0.176,0.306,0.965,0.411,0.781,0.959
0.0,0.449,0.217,0.874,0.719,0.895,0.189,0.129,0.74,0.743,0.876,0.722,0.341,0.598,0.932,0.327,0.666,0.325,0.972,0.436,0.508,0.082,0.926,0.039,0.267,0.566,0.303,0.301,0.643,0.019,0.039,0.399,0.239,0.512,0.461,0.5,0.213,0.498,0.745,0.538,0.509
0.0,0.81,0.616,0.451,0.046,0.599,0.342,0.976,0.776,0.368,0.91,0.646,0.827,0.161,0.044,0.482,0.018,0.423,0.089,0.343,0.652,0.934,0.732,0.47,0.486,0.053,0.174,0.257,0.788,0.919,0.079,0.59,0.923,0.222,0.245,0.388,0.499,0.096,0.934,0.424,0.724
1.0,0.354,0.51,0.458,0.207,0.595,0.023,0.153,0.914,0.964,0.825,0.34,0.114,0.596,0.837,0.576,0.776,0.144,0.75,0.765,0.112,0.466,0.619,0.093,0.905,0.957,0.762,0.02,0.99,0.101,0.651,0.317,0.636,0.478,0.284,0.214,0.008,0.525,0.033,0.563,0.634
0.0,0.535,0.248,0.268,0.512,0.251,0.296,0.594,0.549,0.529,0.526,0.7,0.933,0.446,0.692,0.202,0.039,0.888,0.391,0.776,0.304,0.849,0.215,0.659,0.545,0.878,0.808,0.019,0.767,0.212,0.553,0.086,0.625,0.9,0.715,0.615,0.976,0.315,0.042,0.539,0.701
1.0,0.597,0.337,0.712,0.905,0.133,0.322,0.732,0.51,0.709,0.317,0.325,0.346,0.105,0.584,0.999,0.028,0.91,0.402,0.394,0.643,0.431,0.453,0.196,0.664,0.35,0.234,0.189,0.273,0.111,0.362,0.796,0.673,0.272,0.153,0.992,0.029,0.877,0.327,0.473,0.558
0.0,0.149,0.491,0.19,0.72,0.898,0.291,0.943,0.038,0.194,0.433,0.379,0.093,0.466,0.295,0.653,0.392,0.56,0.267,0.655,0.829,0.298,0.626,0.38,0.278,0.828,0.446,0.0,0.043,0.007,0.585,0.739,0.264,0.023,0.573,0.414,0.677,0.091,0.943,0.338,0.484
0.0,0.607,0.894,0.1,0.775,0.868,0.838,0.577,0.101,0.665,0.961,0.385,0.013,0.575,0.741,0.681,0.798,0.165,0.571,0.9,0.221,0.521,0.765,0.472,0.397,0.74,0.171,0.65,0.123,0.81,0.957,0.969,0.724,0.098,0.89,0.909,0.723,0.017,0.764,0.356,0.063
0.0,0.634,0.18,0.56,0.271,0.133,0.784,0.175,0.897,0.696,0.319,0.08,0.815,0.435,0.327,0.233,0.659,0.235,0.398,0.521,0.275,0.662,0.124,0.072,0.434,0.513,0.481,0.606,0.187,0.51,0.267,0.002,0.009,0.394,0.193,0.182,0.812,0.748,0.819,0.609,0.641
0.0,0.094,0.062,0.498,0.326,0.257,0.765,0.692,0.049,0.272,0.458,0.474,0.555,0.998,0.372,0.83,0.996,0.417,0.861,0.827,0.855,0.405,0.774,0.824,0.603,0.499,0.595,0.694,0.98,0.053,0.593,0.429,0.516,0.574,0.949,0.402,0.526,0.529,0.603,0.83,0.31
0.0,0.456,0.09,0.612,0.217,0.286,0.914,0.756,0.207,0.185,0.022,0.838,0.874,0.781,0.048,0.396,0.834,0.786,0.806,0.989,0.973,0.442,0.225,0.67,0.419,0.019,0.024,0.408,0.925,0.721,0.281,0.955,0.293,0.687,0.928,0.083,0.963,0.684,0.196,0.801,0.878
1.0,0.794,0.358,0.583,0.103,0.371,0.444,0.515,0.452,0.873,0.273,0.659,0.215,0.969,0.143,0.928,0.389,0.481,0.927,0.171,0.738,0.612,0.336,0.121,0.103,0.782,0.898,0.889,0.386,0.296,0.282,0.655,0.101,0.708,0.669,0.402,0.679,0.177,0.452,0.61,0.015
1.0,0.392,0.403,0.067,0.059,0.171,0.626,0.904,0.23,0.762,0.941,0.515,0.686,0.698,0.209,0.222,0.836,0.755,0.094,0.579,0.448,0.888,0.083,0.76,0.449,0.425,0.184,0.01,0.713,0.465,0.634,0.359,0.416,0.774,0.669,0.662,0.006,0.853,0.419,0.565,0.489
0.0,0.091,0.182,0.418,0.394,0.52,0.006,0.631,0.792,0.132,0.514,0.644,0.237,0.121,0.805,0.514,0.138,0.474,0.477,0.077,0.066,0.077,0.814,0.855,0.105,0.62,0.259,0.426,0.171,0.193,0.954,0.442,0.176,0.366,0.515,0.259,0.329,0.728,0.532,0.145,0.363
0.0,0.282,0.82,0.39,0.18,0.836,0.638,0.288,0.938,0.676,0.186,0.972,0.418,0.727,0.245,0.25,0.376,0.906,0.304,0.98,0.31,0.614,0.969,0.835,0.243,0.81,0.691,0.993,0.096,0.933,0.026,0.547,0.685,0.082,0.999,0.892,0.258,0.481,0.612,0.279,0.626
0.0,0.649,0.698,0.131,0.328,0.76,0.206,0.08,0.765,0.438,0.456,0.782,0.939,0.062,0.455,0.677,0.403,0.396,0.904,0.65,0.734,0.712,0.008,0.821,0.366,0.221,0.897,0.721,0.268,0.068,0.418,0.004,0.885,0.67,0.121,0.866,0.135,0.335,0.288,0.764,0.865
0.0,0.234,0.682,0.578,0.944,0.741,0.043,0.2,0.237,0.367,0.132,0.707,0.198,0.742,0.137,0.258,0.732,0.537,0.473,0.266,0.46,0.171,0.817,0.832,0.908,0.891,0.799,0.203,0.252,0.711,0.429,0.481,0.46,0.073,0.675,0.445,0.503,0.526,0.353,0.502,0.515
1.0,0.152,0.722,0.033,0.164,0.761,0.424,0.485,0.743,0.689,0.112,0.459,0.118,0.866,0.077,0.857,0.471,0.239,0.686,0.691,0.089,0.98,0.792,0.563,0.331,0.384,0.263,0.356,0.453,0.11,0.925,0.561,0.498,0.908,0.29,0.496,0.574,0.117,0.842,0.108,0.584
1.0,0.53,0.229,0.773,0.279,0.884,0.799,0.09,0.926,0.863,0.943,0.977,0.91,0.055,0.287,0.159,0.462,0.225,0.829,0.819,0.233,0.11,0.346,0.535,0.584,0.088,0.017,0.407,0.049,0.016,0.145,0.562,0.089,0.652,0.959,0.449,0.764,0.104,0.023,0.522,0.65
1.0,0.685,0.73,0.161,0.512,0.666,0.599,0.829,0.697,0.15,0.783,0.38,0.619,0.665,0.927,0.468,0.899,0.962,0.529,0.584,0.66,0.377,0.085,0.739,0.183,0.142,0.714,0.877,0.361,0.666,0.789,0.839,0.011,0.593,0.715,0.163,0.754,0.465,0.472,0.622,0.71
0.0,0.177,0.648,0.867,0.616,0.846,0.74,0.759,0.883,0.025,0.476,0.807,0.706,0.168,0.77,0.131,0.032,0.142,0.849,0.387,0.493,0.001,0.83,0.583,0.684,0.859,0.267,0.969,0.223,0.339,0.41,0.985,0.011,0.386,0.162,0.165,0.691,0.459,0.924,0.153,0.384
1.0,0.155,0.593,0.549,0.241,0.494,0.239,0.511,0.925,0.247,0.75,0.306,0.074,0.057,0.587,0.376,0.879,0.903,0.043,0.98,0.452,0.755,0.147,0.72,0.763,0.94,0.167,0.62,0.652,0.96,0.242,0.79,0.067,0.02,0.711,0.336,0.003,0.602,0.131,0.645,0.429
1.0,0.119,0.9,0.161,0.989,0.662,0.304,0.524,0.253,0.69,0.388,0.776,0.578,0.091,0.487,0.169,0.328,0.996,0.207,0.545,0.46,0.231,0.208,0.285,0.523,0.429,0.982,0.395,0.037,0.237,0.491,0.627,0.519,0.953,0.127,0.8,0.225,0.034,0.684,0.336,0.135
1.0,0.614,0.809,0.31,0.457,0.074,0.16,0.896,0.548,0.243,0.377,0.09,0.26,0.855,0.674,0.082,0.3,0.208,0.743,0.56,0.819,0.846,0.446,0.374,0.278,0.567,0.138,0.053,0.02,0.968,0.484,0.489,0.897,0.291,0.868,0.536,0.766,0.991,0.824,0.318,0.529
1.0,0.205,0.616,0.425,0.751,0.275,0.03,0.861,0.066,0.061,0.939,0.688,0.135,0.063,0.011,0.99,0.788,0.485,0.673,0.375,0.565,0.742,0.657,0.489,0.288,0.249,0.24,0.263,0.702,0.337,0.137,0.772,0.537,0.285,0.968,0.828,0.809,0.248,0.646,0.297,0.718
0.0,0.96,0.123,0.229,0.974,0.405,0.258,0.193,0.796,0.651,0.889,0.263,0.871,0.266,0.616,0.186,0.927,0.478,0.466,0.119,0.459,0.005,0.396,0.88,0.699,0.842,0.241,0.474,0.434,0.756,0.026,0.592,0.004,0.895,0.217,0.566,0.827,0.185,0.865,0.587,0.128
0.0,0.95,0.395,0.337,0.064,0.941,0.692,0.294,0.953,0.147,0.369,0.586,0.727,0.984,0.01,0.578,0.996,0.061,0.998,0.814,0.38,0.783,0.2,0.109,0.195,0.943,0.951,0.152,0.3,0.513,0.844,0.522,0.874,0.511,0.929,0.613,0.994,0.968,0.522,0.875,0.995
0.0,0.772,0.572,0.943,0.458,0.233,0.997,0.583,0.602,0.895,0.538,0.627,0.906,0.843,0.584,0.861,0.802,0.115,0.263,0.411,0.97,0.083,0.367,0.085,0.101,0.422,0.753,0.753,0.237,0.312,0.568,0.318,0.982,0.03,0.114,0.397,0.328,0.703,0.932,0.373,0.037
0.0,0.454,0.092,0.48,0.958,0.946,0.522,0.384,0.858,0.362,0.863,0.231,0.96,0.759,0.068,0.141,0.075,0.552,0.673,0.134,0.497,0.98,0.409,0.238,0.828,0.436,0.734,0.714,0.1,0.955,0.001,0.757,0.564,0.518,0.478,0.2,0.488,0.687,0.111,0.282,0.331
1.0,0.029,0.881,0.397,0.384,0.619,0.34,0.348,0.5,0.121,0.144,0.812,0.443,0.405,0.725,0.808,0.733,0.563,0.663,0.69,0.875,0.349,0.946,0.31,0.163,0.313,0.123,0.021,0.318,0.68,0.116,0.985,0.753,0.953,0.06,0.812,0.763,0.37,0.794,0.543,0.587
0.0,0.362,0.893,0.718,0.384,0.23,0.586,0.874,0.578,0.165,0.097,0.182,0.815,0.88,0.666,0.388,0.328,0.254,0.144,0.152,0.495,0.543,0.429,0.003,0.931,0.927,0.652,0.734,0.87,0.518,0.719,0.192,0.371,0.349,0.51,0.358,0.688,0.655,0.762,0.209,0.673
1.0,0.432,0.22,0.027,0.78,0.225,0.901,0.744,0.216,0.145,0.08,0.522,0.528,0.086,0.126,0.779,0.203,0.589,0.879,0.374,0.17,0.47,0.337,0.309,0.51,0.608,0.84,0.326,0.53,0.208,0.951,0.639,0.689,0.934,0.534,0.325,0.69,0.137,0.421,0.006,0.36
1.0,0.161,0.374,0.643,0.066,0.553,0.537,0.581,0.558,0.516,0.723,0.678,0.223,0.157,0.747,0.764,0.281,0.244,0.678,0.838,0.86,0.711,0.632,0.515,0.082,0.974,0.796,0.807,0.152,0.798,0.807,0.552,0.708,0.878,0.781,0.384,0.725,0.397,0.141,0.327,0.557
0.0,0.792,0.001,0.402,0.953,0.208,0.212,0.247,0.444,0.481,0.602,0.626,0.922,0.236,0.633,0.283,0.456,0.412,0.722,0.459,0.936,0.041,0.511,0.462,0.618,0.445,0.625,0.058,0.152,0.601,0.145,0.138,0.802,0.621,0.839,0.292,0.379,0.164,0.622,0.048,0.016
0.0,0.913,0.124,0.023,0.125,0.943,0.93,0.685,0.382,0.82,0.969,0.135,0.807,0.72,0.208,0.202,0.852,0.93,0.208,0.414,0.097,0.304,0.679,0.805,0.611,0.428,0.533,0.282,0.686,0.008,0.762,0.948,0.399,0.919,0.808,0.649,0.294,0.208,0.996,0.213,0.009
1.0,0.35,0.051,0.386,0.099,0.547,0.693,0.631,0.524,0.824,0.293,0.234,0.707,0.237,0.064,0.893,0.942,0.351,0.342,0.282,0.805,0.307,0.53,0.469,0.818,0.727,0.232,0.022,0.025,0.75,0.299,0.367,0.382,0.613,0.617,0.232,0.595,0.698,0.66,0.092,0.553
1.0,0.051,0.661,0.576,0.542,0.716,0.928,0.007,0.834,0.675,0.003,0.002,0.326,0.89,0.932,0.212,0.037,0.897,0.324,0.195,0.875,0.547,0.861,0.258,0.627,0.498,0.015,0.661,0.147,0.971,0.352,0.511,0.162,0.185,0.922,0.037,0.883,0.238,0.919,0.399,0.661
0.0,0.147,0.619,0.688,0.471,0.143,0.034,0.326,0.876,0.98,0.209,0.364,0.737,0.097,0.09,0.723,0.742,0.225,0.035,0.099,0.999,0.978,0.318,0.425,0.949,0.717,0.275,0.7,0.616,0.102,0.349,0.179,0.316,0.842,0.398,0.52,0.672,0.451,0.789,0.313,0.252
1.0,0.757,0.495,0.347,0.529,0.493,0.389,0.96,0.529,0.065,0.32,0.701,0.748,0.675,0.692,0.599,0.228,0.958,0.93,0.374,0.375,0.535,0.949,0.754,0.356,0.84,0.404,0.587,0.499,0.776,0.257,0.563,0.521,0.237,0.917,0.095,0.205,0.406,0.361,0.344,0.881
0.0,0.885,0.676,0.363,0.795,0.406,0.778,0.628,0.862,0.001,0.585,0.16,0.908,0.752,0.169,0.067,0.804,0.971,0.399,0.992,0.93,0.803,0.484,0.541,0.793,0.746,0.05,0.844,0.124,0.455,0.649,0.754,0.859,0.581,0.064,0.365,0.393,0.713,0.886,0.819,0.186
0.0,0.451,0.663,0.153,0.401,0.716,0.002,0.249,0.489,0.714,0.516,0.123,0.422,0.226,0.251,0.966,0.777,0.756,0.127,0.001,0.529,0.054,0.996,0.983,0.639,0.08,0.464,0.695,0.682,0.314,0.018,0.651,0.617,0.396,0.75,0.062,0.761,0.91,0.138,0.34,0.988
1.0,0.539,0.211,0.144,0.217,0.695,0.744,0.468,0.451,0.462,0.173,0.443,0.692,0.363,0.093,0.579,0.1,0.632,0.132,0.791,0.7,0.558,0.666,0.229,0.561,0.952,0.219,0.463,0.911,0.766,0.915,0.818,0.7,0.062,0.993,0.531,0.839,0.224,0.596,0.827,0.4
0.0,0.611,0.301,0.129,0.11,0.288,0.754,0.288,0.203,0.668,0.21,0.533,0.937,0.067,0.734,0.343,0.547,0.759,0.893,0.707,0.294,0.183,0.29,0.887,0.934,0.294,0.673,0.217,0.691,0.33,0.106,0.762,0.483,0.605,0.967,0.943,0.8,0.551,0.85,0.604,0.485
1.0,0.12,0.118,0.564,0.804,0.592,0.755,0.594,0.32,0.982,0.996,0.093,0.287,0.997,0.961,0.606,0.464,0.632,0.371,0.163,0.643,0.752,0.547,0.016,0.32,0.528,0.377,0.362,0.828,0.452,0.422,0.642,0.91,0.434,0.969,0.242,0.155,0.407,0.136,0.298,0.871
0.0,0.151,0.187,0.573,0.816,0.466,0.822,0.747,0.227,0.207,0.677,0.629,0.639,0.957,0.762,0.92,0.199,0.928,0.805,0.596,0.043,0.865,0.185,0.793,0.224,0.694,0.46,0.209,0.675,0.587,0.026,0.502,0.552,0.32,0.366,0.718,0.7,0.562,0.04,0.573,0.108
1.0,0.303,0.143,0.959,0.826,0.472,0.037,0.528,0.912,0.908,0.46,0.282,0.005,0.179,0.384,0.351,0.741,0.417,0.847,0.459,0.693,0.394,0.796,0.227,0.316,0.286,0.732,0.686,0.903,0.559,0.38,0.954,0.331,0.736,0.093,0.397,0.92,0.434,0.457,0.365,0.729
0.0,0.677,0.047,0.977,0.665,0.321,0.36,0.988,0.539,0.76,0.54,0.387,0.357,0.642,0.571,0.916,0.271,0.395,0.115,0.784,0.493,0.436,0.282,0.886,0.803,0.157,0.316,0.992,0.217,0.923,0.272,0.64,0.295,0.815,0.508,0.156,0.393,0.201,0.341,0.577,0.406
0.0,0.108,0.023,0.991,0.532,0.807,0.773,0.82,0.298,0.321,0.083,0.833,0.79,0.398,0.993,0.531,0.028,0.215,0.07,0.598,0.077,0.655,0.744,0.401,0.352,0.184,0.489,0.069,0.394,0.731,0.353,0.188,0.352,0.306,0.398,0.305,0.512,0.575,0.201,0.683,0.982
1.0,0.757,0.294,0.912,0.169,0.84,0.009,0.961,0.606,0.017,0.6,0.478,0.128,0.568,0.554,0.256,0.127,0.566,0.685,0.148,0.586,0.281,0.259,0.562,0.805,0.187,0.773,0.351,0.276,0.368,0.481,0.402,0.571,0.272,0.104,0.04,0.543,0.719,0.078,0.087,0.383
0.0,0.291,0.334,0.062,0.821,0.877,0.517,0.356,0.18,0.004,0.201,0.572,0.766,0.212,0.954,0.333,0.532,0.158,0.68,0.497,0.149,0.181,0.481,0.95,0.353,0.056,0.238,0.606,0.422,0.626,0.559,0.23,0.544,0.06,0.423,0.022,0.893,0.497,0.359,0.289,0.332
1.0,0.489,0.039,0.321,0.999,0.375,0.267,0.335,0.735,0.463,0.571,0.097,0.569,0.006,0.021,0.783,0.551,0.013,0.972,0.113,0.31,0.293,0.089,0.507,0.141,0.704,0.297,0.259,0.132,0.504,0.672,0.14,0.011,0.917,0.804,0.086,0.904,0.426,0.683,0.713,0.653
1.0,0.381,0.267,0.077,0.717,0.556,0.092,0.437,0.562,0.574,0.546,0.786,0.29,0.502,0.156,0.86,0.9,0.959,0.098,0.226,0.948,0.89,0.596,0.727,0.827,0.579,0.843,0.199,0.202,0.793,0.152,0.364,0.046,0.439,0.419,0.262,0.933,0.123,0.474,0.534,0.071
0.0,0.73,0.915,0.534,0.365,0.582,0.164,0.896,0.605,0.123,0.74,0.22,0.319,0.859,0.851,0.56,0.592,0.751,0.139,0.682,0.71,0.544,0.261,0.371,0.394,0.027,0.818,0.882,0.901,0.307,0.273,0.779,0.166,0.646,0.088,0.358,0.926,0.896,0.305,0.747,0.81
0.0,0.471,0.844,0.395,0.788,0.945,0.303,0.302,0.871,0.272,0.489,0.676,0.435,0.058,0.464,0.718,0.248,0.292,0.539,0.291,0.051,0.799,0.307,0.778,0.792,0.814,0.283,0.161,0.458,0.503,0.791,0.981,0.315,0.352,0.202,0.698,0.62,0.142,0.419,0.322,0.443
0.0,0.715,0.161,0.08,0.093,0.866,0.996,0.775,0.115,0.192,0.764,0.389,0.075,0.683,0.336,0.54,0.678,0.652,0.228,0.192,0.014,0.197,0.575,0.373,0.358,0.735,0.673,0.08,0.687,0.008,0.701,0.019,0.214,0.776,0.797,0.757,0.682,0.615,0.181,0.105,0.423
1.0,0.294,0.091,0.617,0.053,0.071,0.433,0.432,0.36,0.298,0.866,0.653,0.723,0.433,0.91,0.981,0.894,0.947,0.74,0.841,0.969,0.357,0.867,0.712,0.116,0.068,0.177,0.702,0.654,0.579,0.543,0.332,0.147,0.493,0.696,0.575,0.047,0.374,0.811,0.453,0.344
0.0,0.779,0.778,0.745,0.679,0.194,0.089,0.325,0.701,0.818,0.48,0.782,0.871,0.011,0.324,0.744,0.4,1.0,0.723,0.524,0.453,0.379,0.576,0.734,0.703,0.685,0.521,0.941,0.954,0.037,0.097,0.261,0.697,0.147,0.036,0.049,0.212,0.674,0.683,0.159,0.778
1.0,0.019,0.609,0.403,0.07,0.187,0.234,0.092,0.27,0.363,0.768,0.082,0.297,0.939,0.003,0.834,0.867,0.659,0.505,0.393,0.031,0.949,0.986,0.528,0.484,0.62,0.12,0.34,0.09,0.827,0.891,0.125,0.376,0.288,0.888,0.032,0.256,0.931,0.237,0.581,0.849
1.0,0.861,0.238,0.259,0.753,0.313,0.919,0.264,0.421,0.031,0.709,0.011,0.279,0.788,0.755,0.024,0.578,0.655,0.048,0.626,0.7,0.362,0.171,0.092,0.456,0.436,0.969,0.485,0.658,0.675,0.396,0.424,0.771,0.661,0.082,0.779,0.61,0.277,0.209,0.422,0.079
1.0,0.681,0.053,0.587,0.612,0.805,0.045,0.483,0.796,0.32,0.164,0.805,0.386,0.474,0.048,0.223,0.729,0.431,0.104,0.176,0.834,0.925,0.82,0.534,0.421,0.444,0.025,0.485,0.296,0.126,0.326,0.847,0.712,0.041,0.78,0.316,0.017,0.747,0.324,0.667,0.201
1.0,0.387,0.625,0.915,0.104,0.35,0.372,0.665,0.763,0.137,0.983,0.018,0.622,0.135,0.856,0.286,0.521,0.85,0.805,0.525,0.94,0.097,0.155,0.714,0.528,0.782,0.533,0.607,0.469,0.023,0.573,0.648,0.371,0.125,0.633,0.963,0.165,0.113,0.925,0.569,0.742
0.0,0.575,0.308,0.03,0.748,0.593,0.777,0.995,0.068,0.943,0.75,0.511,0.68,0.916,0.975,0.424,0.116,0.284,0.357,0.639,0.268,0.055,0.855,0.603,0.951,0.548,0.835,0.866,0.648,0.796,0.292,0.786,0.176,0.777,0.474,0.472,0.717,0.856,0.921,0.121,0.8
1.0,0.595,0.695,0.367,0.621,0.122,0.784,0.966,0.187,0.778,0.141,0.999,0.666,0.157,0.643,0.462,0.485,0.995,0.24,0.588,0.187,0.424,0.392,0.616,0.135,0.849,0.093,0.381,0.848,0.611,0.836,0.251,0.177,0.312,0.564,0.134,0.514,0.283,0.359,0.854,0.738
0.0,0.459,0.023,0.741,0.766,0.553,0.481,0.954,0.179,0.997,0.154,0.478,0.822,0.39,0.102,0.234,0.116,0.16,0.718,0.543,0.345,0.075,0.684,0.961,0.473,0.204,0.55,0.234,0.625,0.27,0.581,0.663,0.126,0.244,0.237,0.255,0.14,0.465,0.512,0.268,0.306
1.0,0.581,0.395,0.045,0.664,0.545,0.469,0.349,0.068,0.555,0.627,0.551,0.053,0.146,0.566,0.541,0.118,0.43,0.403,0.746,0.227,0.229,0.082,0.515,0.506,0.395,0.273,0.974,0.524,0.78,0.277,0.614,0.634,0.751,0.79,0.311,0.18,0.138,0.994,0.163,0.818
0.0,0.612,0.577,0.253,0.924,0.656,0.174,0.305,0.495,0.155,0.308,0.783,0.795,0.997,0.774,0.441,0.454,0.758,0.566,0.982,0.861,0.385,0.44,0.078,0.432,0.926,0.594,0.96,0.755,0.352,0.913,0.35,0.71,0.549,0.402,0.993,0.125,0.761,0.015,0.07,0.046
0.0,0.092,0.06,0.295,0.182,0.294,0.357,0.886,0.951,0.172,0.569,0.495,0.581,0.848,0.138,0.308,0.792,0.973,0.111,0.042,0.911,0.702,0.459,0.018,0.005,0.773,0.934,0.578,0.405,0.763,0.294,0.525,0.229,0.08,0.866,0.279,0.943,0.402,0.146,0.067,0.307
1.0,0.499,0.848,0.095,0.824,0.317,0.06,0.022,0.856,0.864,0.169,0.707,0.638,0.829,0.957,0.187,0.735,0.069,0.899,0.507,0.244,0.89,0.347,0.566,0.955,0.105,0.421,0.816,0.289,0.543,0.221,0.901,0.976,0.536,0.795,0.212,0.664,0.538,0.901,0.363,0.562
1.0,0.928,0.304,0.282,0.093,0.425,0.657,0.129,0.652,0.358,0.53,0.396,0.186,0.129,0.973,0.417,0.828,0.147,0.352,0.007,0.778,0.348,0.144,0.113,0.203,0.329,0.185,0.577,0.177,0.24,0.809,0.053,0.877,0.242,0.469,0.786,0.361,0.873,0.84,0.328,0.184
0.0,0.319,0.721,0.836,0.427,0.017,0.064,0.312,0.309,0.759,0.22,0.151,0.884,0.922,0.403,0.254,0.767,0.656,0.222,0.554,0.591,0.087,0.249,0.055,0.646,0.53,0.633,0.201,0.189,0.157,0.239,0.172,0.833,0.104,0.719,0.71,0.671,0.086,0.314,0.505,0.979
0.0,0.204,0.12,0.001,0.195,0.9,0.179,0.539,0.892,0.101,0.209,0.163,0.688,0.846,0.401,0.241,0.903,0.478,0.49,0.385,0.629,0.393,0.409,0.876,0.976,0.998,0.255,0.252,0.788,0.724,0.436,0.331,0.276,0.449,0.592,0.76,0.082,0.552,0.003,0.375,0.007
1.0,0.316,0.805,0.841,0.82,0.713,0.153,0.264,0.531,0.608,0.31,0.289,0.236,0.897,0.21,0.245,0.43,0.617,0.01,0.162,0.137,0.8,0.349,0.73,0.207,0.519,0.013,0.835,0.69,0.217,0.995,0.011,0.787,0.353,0.224,0.995,0.997,0.342,0.032,0.657,0.088
1.0,0.895,0.611,0.282,0.073,0.312,0.511,0.916,0.791,0.316,0.832,0.083,0.16,0.934,0.323,0.534,0.146,0.858,0.362,0.306,0.86,0.909,0.561,0.351,0.126,0.131,0.092,0.216,0.034,0.308,0.574,0.885,0.825,0.482,0.294,0.932,0.172,0.317,0.822,0.169,0.977
1.0,0.891,0.366,0.354,0.845,0.943,0.684,0.957,0.009,0.353,0.284,0.737,0.395,0.761,0.813,0.641,0.695,0.336,0.916,0.755,0.618,0.922,0.532,0.754,0.226,0.468,0.817,0.641,0.658,0.779,0.085,0.29,0.711,0.306,0.509,0.462,0.322,0.742,0.839,0.778,0.807
0.0,0.529,0.293,0.178,0.326,0.03,0.684,0.584,0.152,0.297,0.981,0.246,0.914,0.379,0.233,0.211,0.979,0.15,0.807,0.93,0.087,0.029,0.833,0.307,0.977,0.912,0.242,0.277,0.738,0.088,0.934,0.938,0.866,0.33,0.26,0.059,0.355,0.641,0.453,0.111,0.396
1.0,0.87,0.53,0.289,0.323,0.236,0.548,0.111,0.834,0.575,0.719,0.327,0.18,0.888,0.819,0.895,0.737,0.11,0.91,0.97,0.51,0.228,0.847,0.363,0.81,0.307,0.233,0.178,0.381,0.447,0.794,0.59,0.383,0.914,0.618,0.039,0.765,0.15,0.158,0.125,0.45
1.0,0.619,0.342,0.102,0.401,0.766,0.411,0.763,0.583,0.614,0.71,0.962,0.7,0.907,0.366,0.526,0.336,0.989,0.967,0.375,0.249,0.353,0.278,0.416,0.868,0.435,0.547,0.88,0.372,0.421,0.642,0.818,0.567,0.381,0.415,0.353,0.573,0.432,0.626,0.741,0.969
1.0,0.254,0.922,0.202,0.641,0.459,0.227,0.46,0.637,0.207,0.841,0.756,0.313,0.953,0.733,0.088,0.916,0.222,0.132,0.895,0.614,0.892,0.899,0.599,0.754,0.573,0.333,0.763,0.101,0.203,0.878,0.004,0.132,0.561,0.846,0.165,0.162,0.056,0.5,0.079,0.253
1.0,0.638,0.561,0.629,0.505,0.168,0.461,0.327,0.306,0.203,0.034,0.831,0.22,0.247,0.09,0.036,0.763,0.597,0.801,0.27,0.199,0.279,0.306,0.435,0.902,0.87,0.394,0.602,0.071,0.585,0.398,0.443,0.677,0.435,0.811,0.429,0.917,0.366,0.225,0.319,0.742
1.0,0.628,0.847,0.005,0.475,0.674,0.567,0.479,0.057,0.589,0.097,0.523,0.369,0.151,0.784,0.632,0.593,0.453,0.87,0.815,0.221,0.435,0.462,0.379,0.335,0.141,0.546,0.595,0.623,0.421,0.456,0.593,0.63,0.483,0.805,0.363,0.146,0.377,0.396,0.783,0.792
1.0,0.511,0.018,0.118,0.133,0.764,0.67,0.827,0.323,0.732,0.417,0.97,0.622,0.906,0.315,0.44,0.693,0.667,0.704,0.348,0.356,0.888,0.591,0.597,0.393,0.981,0.157,0.363,0.522,0.047,0.03,0.262,0.021,0.272,0.195,0.652,0.297,0.114,0.294,0.336,0.715
1.0,0.691,0.424,0.983,0.683,0.477,0.829,0.922,0.242,0.563,0.697,0.987,0.737,0.85,0.541,0.614,0.429,0.49,0.134,0.888,0.932,0.544,0.401,0.396,0.758,0.073,0.974,0.966,0.453,0.1,0.029,0.38,0.056,0.61,0.146,0.017,0.358,0.501,0.476,0.355,0.957
0.0,0.165,0.996,0.516,0.157,0.642,0.127,0.86,0.691,0.276,0.597,0.791,0.787,0.026,0.464,0.945,0.072,0.048,0.476,0.746,0.364,0.125,0.664,0.246,0.112,0.803,0.48,0.664,0.817,0.142,0.693,0.544,0.879,0.662,0.88,0.956,0.87,0.442,0.289,0.11,0.791
0.0,0.547,0.633,0.972,0.618,0.633,0.913,0.734,0.999,0.708,0.206,0.864,0.841,0.137,0.777,0.013,0.989,0.668,0.202,0.777,0.421,0.091,0.452,0.469,0.717,0.436,0.956,0.433,0.055,0.256,0.459,0.576,0.224,0.79,0.769,0.472,0.13,0.613,0.332,0.317,0.962
1.0,0.061,0.029,0.614,0.533,0.548,0.54,0.793,0.155,0.328,0.976,0.403,0.404,0.918,0.666,0.256,0.851,0.293,0.166,0.127,0.932,0.297,0.58,0.322,0.55,0.128,0.184,0.594,0.79,0.499,0.236,0.023,0.978,0.617,0.476,0.957,0.362,0.881,0.809,0.465,0.526
1.0,0.602,0.27,0.633,0.238,0.538,0.52,0.02,0.468,0.155,0.684,0.22,0.086,0.912,0.505,0.91,0.258,0.51,0.241,0.542,0.058,0.856,0.728,0.232,0.829,0.753,0.942,0.99,0.571,0.924,0.898,0.759,0.387,0.51,0.262,0.103,0.314,0.138,0.063,0.514,0.611
1.0,0.271,0.127,0.73,0.564,0.012,0.788,0.665,0.891,0.525,0.015,0.31,0.747,0.133,0.834,0.676,0.042,0.803,0.047,0.569,0.651,0.481,0.807,0.557,0.356,0.726,0.781,0.625,0.785,0.243,0.112,0.286,0.594,0.847,0.084,0.741,0.14,0.265,0.124,0.783,0.761
0.0,0.373,0.161,0.196,0.043,0.238,0.477,0.204,0.544,0.228,0.913,0.828,0.85,0.534,0.171,0.231,0.073,0.731,0.44,0.225,0.165,0.433,0.999,0.752,0.414,0.144,0.022,0.981,0.012,0.381,0.227,0.557,0.347,0.792,0.019,0.03,0.207,0.133,0.638,0.715,0.147
0.0,0.747,0.127,0.805,0.829,0.308,0.352,0.008,0.872,0.696,0.904,0.332,0.055,0.24,0.014,0.19,0.094,0.891,0.01,0.028,0.747,0.593,0.374,0.845,0.542,0.604,0.717,0.345,0.27,0.369,0.456,0.442,0.487,0.491,0.671,0.485,0.251,0.844,0.072,0.637,0.59
0.0,0.851,0.044,0.642,0.297,0.296,0.872,0.741,0.81,0.033,0.596,0.259,0.953,0.988,0.586,0.137,0.478,0.492,0.136,0.368,0.894,0.953,0.176,0.714,0.552,0.36,0.207,0.794,0.438,0.409,0.729,0.902,0.456,0.906,0.797,0.493,0.956,0.066,0.325,0.098,0.066
1.0,0.309,0.678,0.938,0.175,0.553,0.004,0.558,0.76,0.205,0.152,0.776,0.065,0.69,0.056,0.09,0.081,0.379,0.253,0.182,0.571,0.529,0.118,0.275,0.55,0.423,0.567,0.41,0.665,0.17,0.236,0.518,0.397,0.375,0.948,0.985,0.102,0.944,0.044,0.234,0.558
1.0,0.585,0.233,0.672,0.857,0.45,0.145,0.659,0.076,0.64,0.728,0.157,0.643,0.647,0.351,0.764,0.302,0.297,0.604,0.859,0.232,0.907,0.57,0.033,0.818,0.276,0.685,0.149,0.132,0.106,0.307,0.837,0.741,0.972,0.699,0.304,0.823,0.592,0.275,0.057,0.557
1.0,0.107,0.731,0.184,0.48,0.547,0.876,0.466,0.864,0.67,0.121,0.642,0.159,0.886,0.919,0.989,0.34,0.957,0.349,0.481,0.146,0.36,0.23,0.029,0.904,0.584,0.777,0.889,0.853,0.238,0.489,0.063,0.874,0.537,0.411,0.177,0.788,0.363,0.894,0.797,0.851
1.0,0.37,0.549,0.71,0.1,0.755,0.993,0.262,0.167,0.358,0.626,0.466,0.005,0.765,0.371,0.506,0.094,0.433,0.497,0.25,0.31,0.902,0.681,0.05,0.239,0.989,0.087,0.786,0.4,0.451,0.528,0.054,0.09,0.75,0.144,0.121,0.77,0.088,0.345,0.52,0.595
1.0,0.535,0.794,0.624,0.635,0.794,0.89,0.574,0.158,0.891,0.129,0.362,0.577,0.206,0.833,0.949,0.405,0.554,0.87,0.568,0.25,0.1,0.782,0.759,0.824,0.828,0.794,0.305,0.526,0.726,0.872,0.34,0.488,0.183,0.233,0.737,0.171,0.843,0.323,0.756,0.232
0.0,0.337,0.407,0.422,0.701,0.414,0.705,0.885,0.43,0.02,0.769,0.068,0.121,0.547,0.666,0.509,0.885,0.47,0.307,0.898,0.189,0.659,0.383,0.832,0.616,0.288,0.499,0.835,0.659,0.196,0.328,0.109,0.277,0.282,0.039,0.069,0.574,0.133,0.955,0.542,0.155
0.0,0.163,0.175,0.976,0.806,0.946,0.473,0.851,0.81,0.182,0.69,0.506,0.491,0.027,0.354,0.558,0.274,0.893,0.065,0.114,0.468,0.042,0.647,0.289,0.149,0.653,0.865,0.787,0.516,0.237,0.627,0.398,0.456,0.414,0.484,0.069,0.915,0.918,0.04,0.428,0.499
1.0,0.519,0.29,0.142,0.315,0.109,0.623,0.055,0.408,0.632,0.309,0.454,0.402,0.939,0.459,0.433,0.809,0.757,0.286,0.371,0.211,0.055,0.519,0.204,0.473,0.12,0.846,0.096,0.654,0.022,0.388,0.438,0.635,0.92,0.743,0.175,0.49,0.692,0.995,0.623,0.221
1.0,0.946,0.236,0.349,0.489,0.653,0.545,0.583,0.881,0.076,0.249,0.422,0.564,0.089,0.423,0.496,0.995,0.515,0.841,0.765,0.88,0.682,0.815,0.605,0.065,0.009,0.641,0.42,0.718,0.25,0.914,0.416,0.139,0.038,0.076,0.576,0.684,0.245,0.8,0.3,0.425
0.0,0.297,0.141,0.02,0.973,0.445,0.149,0.895,0.534,0.964,0.031,0.823,0.968,0.296,0.298,0.675,0.899,0.313,0.443,0.848,0.279,0.915,0.1,0.737,0.005,0.221,0.146,0.423,0.873,0.444,0.233,0.455,0.103,0.601,0.451,0.815,0.37,0.906,0.385,0.285,0.632
1.0,0.224,0.063,0.648,0.142,0.715,0.398,0.863,0.34,0.753,0.325,0.013,0.253,0.925,0.366,0.119,0.504,0.995,0.057,0.878,0.226,0.132,0.132,0.65,0.408,0.654,0.374,0.402,0.924,0.768,0.418,0.702,0.28,0.607,0.604,0.288,0.706,0.974,0.763,0.593,0.32
1.0,0.135,0.428,0.522,0.079,0.642,0.03,0.868,0.586,0.725,0.768,0.007,0.511,0.213,0.381,0.414,0.364,0.852,0.88,0.616,0.027,0.319,0.968,0.293,0.728,0.482,0.245,0.463,0.163,0.639,0.375,0.686,0.255,0.665,0.471,0.441,0.744,0.901,0.172,0.362,0.213
0.0,0.42,0.181,0.034,0.97,0.794,0.72,0.546,0.529,0.26,0.582,0.284,0.83,0.982,0.055,0.248,0.754,0.28,0.444,0.671,0.332,0.162,0.531,0.446,0.671,0.991,0.971,0.456,0.75,0.115,0.832,0.916,0.872,0.928,0.262,0.691,0.045,0.078,0.8,0.607,0.532
1.0,0.895,0.593,0.412,0.261,0.181,0.873,0.05,0.513,0.729,0.389,0.017,0.445,0.769,0.789,0.495,0.94,0.907,0.416,0.17,0.793,0.235,0.295,0.554,0.21,0.805,0.124,0.008,0.205,0.902,0.401,0.672,0.825,0.641,0.316,0.215,0.059,0.178,0.113,0.826,0.897
1.0,0.713,0.838,0.204,0.84,0.07,0.188,0.931,0.611,0.871,0.733,0.665,0.146,0.456,0.133,0.716,0.631,0.903,0.015,0.758,0.366,0.971,0.198,0.021,0.938,0.893,0.992,0.776,0.013,0.573,0.252,0.999,0.175,0.15,0.62,0.049,0.002,0.901,0.368,0.146,0.141
1.0,0.386,0.656,0.435,0.895,0.792,0.656,0.944,0.666,0.851,0.777,0.23,0.04,0.212,0.474,0.79,0.193,0.235,0.494,0.671,0.606,0.732,0.967,0.11,0.834,0.559,0.349,0.463,0.944,0.009,0.692,0.819,0.114,0.244,0.785,0.493,0.214,0.444,0.345,0.505,0.462
1.0,0.689,0.628,0.703,0.448,0.279,0.987,0.25,0.13,0.303,0.976,0.108,0.646,0.472,0.609,0.323,0.797,0.706,0.025,0.98,0.024,0.973,0.242,0.44,0.299,0.074,0.786,0.341,0.483,0.128,0.985,0.262,0.127,0.743,0.23,0.992,0.246,0.477,0.245,0.388,0.1
0.0,0.423,0.725,0.19,0.613,0.855,0.416,0.544,0.643,0.785,0.422,0.976,0.224,0.506,0.709,0.895,0.237,0.105,0.578,0.143,0.869,0.957,0.047,0.039,0.039,0.962,0.459,0.037,0.976,0.388,0.059,0.287,0.492,0.519,0.465,0.241,0.518,0.838,0.592,0.96,0.623
0.0,0.201,0.241,0.805,0.833,0.646,0.557,0.551,0.684,0.296,0.524,0.485,0.891,0.854,0.836,0.282,0.658,0.703,0.834,0.469,0.058,0.902,0.09,0.912,0.12,0.083,0.867,0.35,0.178,0.237,0.645,0.184,0.451,0.325,0.099,0.734,0.14,0.928,0.609,0.97,0.549
0.0,0.036,0.814,0.655,0.096,0.803,0.564,0.808,0.941,0.144,0.886,0.563,0.296,0.999,0.221,0.004,0.912,0.377,0.383,0.318,0.993,0.359,0.228,0.854,0.384,0.61,0.502,0.944,0.499,0.602,0.227,0.436,0.562,0.704,0.106,0.141,0.827,0.293,0.484,0.701,0.277
0.0,0.766,0.854,0.008,0.921,0.44,0.922,0.197,0.394,0.738,0.344,0.391,0.852,0.433,0.956,0.932,0.696,0.704,0.684,0.523,0.355,0.447,0.38,0.506,0.445,0.788,0.023,0.545,0.501,0.528,0.3,0.964,0.75,0.86,0.799,0.625,0.824,0.408,0.582,0.991,0.04
1.0,0.369,0.455,0.227,0.014,0.805,0.2,0.874,0.82,0.793,0.399,0.971,0.501,0.447,0.179,0.026,0.681,0.997,0.73,0.472,0.49,0.51,0.157,0.638,0.323,0.99,0.816,0.705,0.063,0.569,0.381,0.927,0.573,0.724,0.013,0.9,0.232,0.959,0.282,0.433,0.622
1.0,0.353,0.448,0.85,0.0,0.812,0.33,0.388,0.689,0.346,0.857,0.181,0.056,0.702,0.945,0.181,0.118,0.188,0.257,0.44,0.966,0.217,0.616,0.752,0.985,0.707,0.705,0.7,0.233,0.054,0.2,0.767,0.405,0.133,0.78,0.995,0.446,0.934,0.571,0.354,0.585
1.0,0.378,0.927,0.63,0.736,0.001,0.607,0.373,0.979,0.159,0.995,0.626,0.45,0.571,0.649,0.806,0.828,0.959,0.953,0.29,0.948,0.207,0.099,0.616,0.693,0.554,0.132,0.903,0.248,0.026,0.385,0.865,0.361,0.88,0.497,0.49,0.487,0.6,0.419,0.43,0.194
1.0,0.797,0.74,0.997,0.32,0.619,0.665,0.946,0.193,0.399,0.17,0.312,0.912,0.591,0.687,0.982,0.012,0.668,0.036,0.273,0.337,0.804,0.175,0.107,0.474,0.152,0.645,0.428,0.594,0.633,0.601,0.857,0.761,0.865,0.575,0.404,0.904,0.556,0.369,0.644,0.178
1.0,0.373,0.914,0.364,0.72,0.682,0.718,0.429,0.109,0.057,0.26,0.75,0.232,0.245,0.742,0.873,0.527,0.9,0.102,0.242,0.721,0.809,0.815,0.189,0.177,0.704,0.316,0.77,0.191,0.818,0.43,0.776,0.882,0.475,0.401,0.74,0.098,0.307,0.53,0.934,0.391
1.0,0.382,0.9,0.197,0.752,0.562,0.72,0.908,0.54,0.72,0.906,0.486,0.587,0.365,0.383,0.365,0.706,0.006,0.382,0.142,0.312,0.708,0.862,0.364,0.998,0.414,0.725,0.054,0.039,0.495,0.74,0.045,0.765,0.299,0.333,0.263,0.665,0.861,0.158,0.182,0.019
1.0,0.511,0.247,0.753,0.212,0.435,0.675,0.66,0.662,0.504,0.766,0.262,0.265,0.976,0.886,0.129,0.826,0.332,0.217,0.946,0.286,0.626,0.04,0.094,0.749,0.941,0.582,0.651,0.706,0.338,0.016,0.182,0.022,0.238,0.593,0.811,0.957,0.636,0.907,0.557,0.519
1.0,0.537,0.894,0.426,0.191,0.747,0.235,0.568,0.198,0.023,0.459,0.003,0.129,0.497,0.907,0.249,0.617,0.71,0.303,0.893,0.327,0.713,0.673,0.281,0.534,0.107,0.509,0.534,0.124,0.143,0.762,0.488,0.843,0.165,0.482,0.518,0.615,0.639,0.21,0.699,0.167
0.0,0.709,0.62,0.681,0.953,0.503,0.24,0.944,0.206,0.443,0.866,0.677,0.781,0.59,0.587,0.935,0.765,0.093,0.342,0.511,0.704,0.204,0.857,0.452,0.424,0.927,0.354,0.094,0.877,0.953,0.197,0.684,0.594,0.836,0.349,0.522,0.092,0.355,0.667,0.712,0.256
1.0,0.82,0.682,0.672,0.53,0.123,0.807,0.426,0.925,0.826,0.078,0.664,0.625,0.463,0.509,0.682,0.865,0.832,0.78,0.354,0.08,0.355,0.436,0.031,0.151,0.078,0.781,0.99,0.536,0.726,0.464,0.88,0.99,0.527,0.16,0.838,0.706,0.763,0.419,0.133,0.272
1.0,0.932,0.248,0.486,0.249,0.191,0.476,0.456,0.149,0.049,0.144,0.877,0.025,0.151,0.212,0.082,0.053,0.128,0.62,0.989,0.263,0.166,0.231,0.251,0.405,0.443,0.627,0.597,0.706,0.985,0.092,0.363,0.748,0.403,0.69,0.188,1.0,0.137,0.184,0.793,0.454
1.0,0.524,0.806,0.243,0.845,0.549,0.053,0.096,0.813,0.686,0.819,0.536,0.631,0.649,0.229,0.224,0.329,0.397,0.64,0.088,0.393,0.386,0.909,0.457,0.798,0.722,0.51,0.388,0.828,0.377,0.247,0.538,0.869,0.938,0.098,0.956,0.395,0.044,0.861,0.951,0.797
1.0,0.683,0.294,0.344,0.381,0.19,0.843,0.019,0.579,0.12,0.653,0.27,0.023,0.123,0.06,0.888,0.322,0.515,0.111,0.482,0.137,0.531,0.846,0.766,0.917,0.363,0.416,0.736,0.218,0.151,0.666,0.528,0.497,0.763,0.753,0.326,0.213,0.127,0.558,0.451,0.088
0.0,0.32,0.625,0.926,0.383,0.098,0.401,0.445,0.156,0.801,0.227,0.784,0.811,0.4,0.595,0.803,0.599,0.186,0.31,0.752,0.057,0.089,0.923,0.461,0.235,0.602,0.864,0.301,0.978,0.268,0.761,0.588,0.333,0.438,0.159,0.044,0.506,0.813,0.064,0.5,0.006
1.0,0.725,0.121,0.004,0.635,0.313,0.446,0.932,0.601,0.807,0.232,0.951,0.438,0.761,0.699,0.851,0.709,0.297,0.063,0.707,0.718,0.134,0.331,0.113,0.078,0.772,0.795,0.195,0.546,0.256,0.105,0.723,0.804,0.059,0.88,0.586,0.919,0.228,0.571,0.163,0.006
1.0,0.769,0.074,0.527,0.637,0.68,0.821,0.006,0.645,0.582,0.946,0.509,0.647,0.059,0.139,0.905,0.196,0.317,0.932,0.05,0.238,0.485,0.046,0.246,0.155,0.678,0.477,0.778,0.911,0.762,0.335,0.358,0.932,0.648,0.313,0.486,0.212,0.275,0.04,0.044,0.374
0.0,0.516,0.84,0.617,0.971,0.978,0.24,0.033,0.287,0.562,0.984,0.649,0.52,0.92,0.863,0.877,0.821,0.416,0.362,0.913,0.629,0.668,0.738,0.594,0.827,0.459,0.316,0.124,0.226,0.445,0.31,0.677,0.896,0.44,0.085,0.955,0.381,0.084,0.983,0.117,0.639
0.0,0.596,0.918,0.96,0.895,0.06,0.751,0.62,0.637,0.917,0.101,0.35,0.946,0.437,0.872,0.796,0.515,0.852,0.366,0.797,0.344,0.962,0.005,0.043,0.539,0.989,0.95,0.028,0.944,0.459,0.383,0.952,0.304,0.792,0.477,0.494,0.86,0.695,0.983,0.321,0.193
1.0,0.428,0.103,0.157,0.65,0.013,0.063,0.663,0.186,0.822,0.529,0.281,0.418,0.277,0.64,0.277,0.491,0.299,0.706,0.613,0.239,0.797,0.908,0.205,0.355,0.399,0.466,0.335,0.837,0.196,0.542,0.97,0.754,0.547,0.269,0.786,0.145,0.049,0.988,0.075,0.352
0.0,0.55,0.211,0.046,0.497,0.172,0.202,0.152,0.96,0.728,0.669,0.978,0.995,0.567,0.478,0.465,0.695,0.868,0.845,0.408,0.301,0.059,0.307,0.96,0.649,0.932,0.024,0.283,0.662,0.874,0.994,0.05,0.869,0.453,0.607,0.429,0.822,0.828,0.179,0.625,0.315
0.0,0.643,0.982,0.751,0.508,0.375,0.597,0.564,0.775,0.395,0.459,0.37,0.215,0.509,0.565,0.982,0.74,0.809,0.829,0.987,0.768,0.661,0.318,0.822,0.792,0.733,0.015,0.443,0.522,0.692,0.407,0.336,0.44,0.645,0.925,0.093,0.401,0.629,0.759,0.373,0.149
1.0,0.391,0.282,0.932,0.125,0.017,0.236,0.095,0.453,0.489,0.691,0.304,0.65,0.871,0.792,0.381,0.802,0.55,0.146,0.026,0.848,0.081,0.995,0.779,0.135,0.81,0.73,0.597,0.13,0.156,0.05,0.99,0.535,0.859,0.985,0.218,0.609,0.849,0.951,0.54,0.531
0.0,0.656,0.213,0.65,0.359,0.762,0.769,0.044,0.796,0.032,0.496,0.241,0.837,0.532,0.812,0.277,0.757,0.469,0.277,0.374,0.974,0.078,0.691,0.779,0.565,0.699,0.907,0.734,0.543,0.077,0.248,0.715,0.948,0.493,0.879,0.757,0.488,0.547,0.471,0.076,0.924
0.0,0.457,0.044,0.462,0.28,0.198,0.14,0.934,0.948,0.153,0.806,0.543,0.951,0.541,0.855,0.306,0.203,0.327,0.81,0.683,0.896,0.782,0.659,0.519,0.143,0.413,0.957,0.523,0.223,0.334,0.354,1.0,0.318,0.06,0.386,0.525,0.699,0.736,0.467,0.33,0.021
0.0,0.099,0.483,0.311,0.212,0.883,0.166,0.501,0.805,0.517,0.879,0.434,0.549,0.322,0.054,0.005,0.881,0.231,0.818,0.378,0.701,0.553,0.013,0.815,0.719,0.634,0.325,0.113,0.12,0.915,0.589,0.537,0.83,0.37,0.355,0.737,0.202,0.186,0.647,0.433,0.397
1.0,0.361,0.687,0.08,0.637,0.577,0.299,0.44,0.78,0.51,0.656,0.666,0.272,0.662,0.315,0.406,0.174,0.896,0.371,0.553,0.388,0.722,0.366,0.562,0.401,0.299,0.539,0.102,0.967,0.398,0.628,0.263,0.696,0.086,0.262,0.141,0.828,0.018,0.466,0.134,0.665
1.0,0.401,0.099,0.029,0.879,0.639,0.959,0.506,0.53,0.999,0.15,0.824,0.353,0.517,0.068,0.338,0.034,0.501,0.19,0.099,0.642,0.288,0.768,0.496,0.375,0.515,0.22,0.941,0.434,0.966,0.228,0.845,0.456,0.0,0.702,0.244,0.139,0.237,0.539,0.466,0.451
1.0,0.287,0.7,0.743,0.706,0.724,0.701,0.843,0.34,0.533,0.336,0.926,0.161,0.426,0.764,0.405,0.613,0.401,0.192,0.052,0.691,0.377,0.721,0.394,0.309,0.487,0.86,0.392,0.744,0.38,0.456,0.766,0.76,0.736,0.639,0.825,0.34,0.12,0.71,0.216,0.451
1.0,0.704,0.853,0.57,0.128,0.508,0.546,0.604,0.11,0.462,0.506,0.932,0.071,0.512,0.865,0.301,0.572,0.053,0.841,0.993,0.785,0.526,0.927,0.565,0.536,0.683,0.08,0.06,0.049,0.163,0.824,0.455,0.447,0.047,0.101,0.138,0.787,0.762,0.708,0.813,0.763
1.0,0.242,0.319,0.305,0.691,0.497,0.545,0.675,0.703,0.842,0.932,0.22,0.022,0.323,0.482,0.752,0.565,0.19,0.136,0.713,0.905,0.177,0.787,0.239,0.061,0.138,0.432,0.76,0.169,0.425,0.453,0.997,0.608,0.901,0.219,0.802,0.291,0.853,0.567,0.226,0.137
1.0,0.701,0.962,0.29,0.28,0.364,0.786,0.856,0.452,0.34,0.404,0.682,0.341,0.762,0.081,0.146,0.495,0.617,0.052,0.238,0.857,0.721,0.941,0.007,0.527,0.557,0.018,0.711,0.356,0.202,0.702,0.865,0.242,0.498,0.801,0.44,0.643,0.678,0.512,0.079,0.95
0.0,0.142,0.424,0.041,0.317,0.604,0.892,0.352,0.516,0.802,0.177,0.74,0.569,0.824,0.659,0.074,0.418,0.798,0.373,0.976,0.034,0.67,0.838,0.795,0.166,0.846,0.919,0.773,0.779,0.685,0.912,0.147,0.324,0.97,0.319,0.304,0.141,0.583,0.177,0.589,0.43
1.0,0.594,0.335,0.325,0.872,0.593,0.181,0.269,0.201,0.3,0.269,0.264,0.719,0.849,0.596,0.529,0.777,0.468,0.566,0.274,0.487,0.785,0.574,0.39,0.572,0.008,0.131,0.653,0.937,0.092,0.107,0.028,0.378,0.811,0.727,0.914,0.915,0.7,0.003,0.969,0.379
1.0,0.988,0.121,0.948,0.149,0.674,0.599,0.588,0.109,0.489,0.882,0.989,0.05,0.155,0.856,0.176,0.68,0.862,0.565,0.567,0.039,0.464,0.062,0.481,0.876,0.091,0.554,0.736,0.037,0.513,0.122,0.622,0.109,0.092,0.425,0.46,0.012,0.71,0.476,0.467,0.941
1.0,0.317,0.673,0.628,0.2,0.28,0.418,0.343,0.204,0.005,0.141,0.519,0.086,0.61,0.453,0.033,0.351,0.437,0.12,0.613,0.876,0.703,0.588,0.723,0.567,0.764,0.751,0.237,0.408,0.242,0.27,0.451,0.08,0.03,0.005,0.524,0.237,0.294,0.695,0.478,0.937
0.0,0.542,0.221,0.593,0.943,0.169,0.407,0.11,0.496,0.739,0.222,0.87,0.79,0.52,0.975,0.109,0.297,0.812,0.002,0.829,0.418,0.008,0.813,0.678,0.558,0.234,0.592,0.631,0.474,0.185,0.406,0.47,0.001,0.408,0.287,0.588,0.323,0.695,0.041,0.22,0.909
0.0,0.584,0.962,0.002,0.856,0.061,0.565,0.061,0.13,0.555,0.427,0.501,0.556,0.455,0.657,0.845,0.033,0.017,0.537,0.875,0.01,0.456,0.16,0.923,0.265,0.069,0.858,0.564,0.631,0.289,0.904,0.234,0.104,0.521,0.96,0.129,0.072,0.24,0.435,0.184,0.929
0.0,0.449,0.134,0.393,0.08,0.992,0.976,0.507,0.971,0.538,0.812,0.294,0.017,0.04,0.682,0.957,0.868,0.811,0.385,0.922,0.1,0.636,0.478,0.141,0.19,0.034,0.415,0.669,0.617,0.778,0.567,0.276,0.913,0.488,0.394,0.756,0.052,0.228,0.812,0.828,0.8
0.0,0.744,0.767,0.963,0.411,0.048,0.129,0.474,0.419,0.92,0.549,0.003,0.895,0.138,0.323,0.026,0.584,0.412,0.734,0.721,0.629,0.81,0.511,0.731,0.4,0.484,0.064,0.872,0.147,0.932,0.449,0.715,0.624,0.176,0.362,0.165,0.212,0.704,0.15,0.012,0.563
0.0,0.917,0.576,0.34,0.51,0.323,0.208,0.695,0.227,0.606,0.795,0.318,0.052,0.274,0.762,0.428,0.792,0.779,0.172,0.953,0.318,0.272,0.175,0.887,0.42,0.614,0.949,0.24,0.398,0.106,0.549,0.473,0.3,0.702,0.279,0.745,0.871,0.045,0.871,0.814,0.492
0.0,0.025,0.863,0.892,0.157,0.092,0.476,0.078,0.145,0.459,0.822,0.507,0.211,0.485,0.815,0.838,0.492,0.817,0.134,0.72,0.966,0.366,0.66,0.252,0.195,0.316,0.489,0.98,0.476,0.162,0.789,0.549,0.733,0.61,0.646,0.846,0.292,0.252,0.319,0.15,0.581
1.0,0.118,0.944,0.431,0.773,0.059,0.947,0.811,0.28,0.49,0.553,0.815,0.072,0.995,0.662,0.45,0.316,0.157,0.563,0.687,0.829,0.73,0.294,0.317,0.906,0.971,0.955,0.987,0.573,0.454,0.373,0.598,0.185,0.651,0.091,0.526,0.226,0.246,0.612,0.149,0.693
0.0,0.409,0.619,0.13,0.529,0.614,0.972,0.381,0.877,0.931,0.347,0.849,0.672,0.71,0.769,0.864,0.943,0.738,0.272,0.684,0.185,0.777,0.236,0.844,0.656,0.774,0.849,0.402,0.132,0.176,0.436,0.877,0.785,0.549,0.996,0.086,0.717,0.694,0.795,0.591,0.702
1.0,0.119,0.829,0.541,0.979,0.429,0.368,0.044,0.467,0.424,0.576,0.218,0.883,0.424,0.01,0.269,0.291,0.121,0.169,0.396,0.696,0.828,0.263,0.064,0.906,0.292,0.603,0.154,0.426,0.891,0.163,0.957,0.546,0.642,0.983,0.116,0.097,0.113,0.85,0.742,0.347
1.0,0.07,0.01,0.929,0.963,0.549,0.635,0.091,0.328,0.42,0.586,0.719,0.085,0.408,0.291,0.22,0.635,0.568,0.592,0.456,0.845,0.992,0.583,0.093,0.513,0.547,0.227,0.001,0.941,0.176,0.736,0.693,0.717,0.546,0.895,0.544,0.362,0.789,0.198,0.976,0.231
0.0,0.838,0.284,0.475,0.848,0.778,0.581,0.78,0.176,0.936,0.603,0.935,0.81,0.542,0.716,0.54,0.774,0.147,0.985,0.124,0.322,0.44,0.233,0.072,0.875,0.68,0.757,0.343,0.887,0.471,0.548,0.088,0.615,0.064,0.908,0.304,0.392,0.458,0.696,0.193,0.953
0.0,0.832,0.326,0.455,0.852,0.744,0.341,0.132,0.032,0.43,0.96,0.845,0.877,0.354,0.883,0.304,0.513,0.341,0.769,0.637,0.553,0.518,0.025,0.675,0.763,0.131,0.46,0.536,0.602,0.326,0.54,0.078,0.277,0.372,0.384,0.722,0.821,0.108,0.399,0.331,0.192
0.0,0.866,0.893,0.455,0.708,0.67,0.799,0.434,0.442,0.317,0.498,0.751,0.462,0.904,0.165,0.174,0.645,0.844,0.538,0.786,0.873,0.933,0.679,0.793,0.233,0.704,0.567,0.701,0.744,0.094,0.287,0.987,0.67,0.691,0.305,0.637,0.407,0.098,0.837,0.6,0.016
1.0,0.72,0.402,0.892,0.21,0.79,0.77,0.032,0.655,0.347,0.882,0.288,0.318,0.445,0.541,0.026,0.444,0.675,0.847,0.201,0.749,0.857,0.081,0.368,0.093,0.298,0.216,0.27,0.149,0.473,0.772,0.179,0.808,0.927,0.41,0.862,0.706,0.31,0.406,0.035,0.129
1.0,0.947,0.337,0.284,0.311,0.122,0.543,0.538,0.882,0.398,0.148,0.759,0.542,0.269,0.212,0.374,0.644,0.286,0.606,0.125,0.868,0.341,0.185,0.065,0.385,0.78,0.063,0.424,0.941,0.425,0.466,0.438,0.149,0.544,0.17,0.865,0.665,0.366,0.971,0.617,0.189
0.0,0.165,0.709,0.005,0.234,0.914,0.075,0.892,0.708,0.932,0.878,0.583,0.819,0.129,0.468,0.618,0.096,0.365,0.09,0.818,0.04,0.53,0.179,0.88,0.727,0.728,0.472,0.748,0.69,0.55,0.161,0.035,0.955,0.898,0.52,0.517,0.744,0.354,0.964,0.398,0.427
1.0,0.195,0.09,0.32,0.409,0.678,0.619,0.794,0.981,0.94,0.239,0.198,0.373,0.245,0.767,0.611,0.115,0.292,0.697,0.547,0.864,0.78,0.667,0.193,0.268,0.803,0.599,0.923,0.164,0.919,0.492,0.102,0.937,0.271,0.081,0.101,0.225,0.317,0.578,0.162,0.76
1.0,0.849,0.236,0.986,0.536,0.345,0.805,0.403,0.354,0.9,0.231,0.777,0.508,0.278,0.505,0.726,0.219,0.437,0.682,0.043,0.96,0.478,0.383,0.596,0.934,0.68,0.384,0.312,0.993,0.926,0.581,0.952,0.502,0.205,0.357,0.618,0.506,0.65,0.771,0.87,0.533
0.0,0.435,0.73,0.741,0.826,0.892,0.281,0.171,0.892,0.816,0.278,0.468,0.628,0.851,0.305,0.142,0.228,0.75,0.992,0.193,0.045,0.582,0.434,0.165,0.258,0.476,0.195,0.039,0.7,0.52,0.862,0.157,0.592,0.508,0.631,0.209,0.415,0.325,0.064,0.435,0.463
1.0,0.102,0.612,0.51,0.732,0.45,0.738,0.749,0.741,0.01,0.014,0.607,0.008,0.502,0.386,0.401,0.78,0.466,0.153,0.68,0.574,0.833,0.982,0.028,0.671,0.322,0.257,0.133,0.975,0.037,0.401,0.297,0.555,0.895,0.374,0.152,0.419,0.137,0.664,0.569,0.09
1.0,0.462,0.735,0.587,0.265,0.7,0.594,0.347,0.881,0.993,0.71,0.76,0.066,0.868,0.616,0.856,0.08,0.34,0.654,0.111,0.68,0.593,0.978,0.152,0.49,0.642,0.669,0.994,0.556,0.99,0.534,0.895,0.114,0.078,0.239,0.594,0.044,0.792,0.698,0.574,0.375
1.0,0.485,0.476,0.359,0.868,0.523,0.158,0.261,0.541,0.966,0.791,0.49,0.163,0.745,0.33,0.394,0.166,0.055,0.262,0.9,0.333,0.657,0.429,0.323,0.46,0.728,0.332,0.161,0.493,0.009,0.215,0.617,0.633,0.924,0.028,0.528,0.955,0.062,0.619,0.498,0.032
1.0,0.814,0.048,0.57,0.528,0.595,0.705,0.819,0.463,0.264,0.137,0.692,0.315,0.608,0.012,0.281,0.901,0.753,0.829,0.692,0.421,0.123,0.988,0.258,0.264,0.417,0.954,0.071,0.182,0.913,0.685,0.651,0.753,0.187,0.384,0.63,0.184,0.589,0.304,0.723,0.86
1.0,0.112,0.616,0.436,0.104,0.468,0.949,0.757,0.631,0.36,0.373,0.128,0.748,0.369,0.29,0.261,0.121,0.753,0.717,0.341,0.986,0.776,0.774,0.638,0.746,0.489,0.157,0.153,0.157,0.641,0.47,0.508,0.54,0.92,0.223,0.956,0.298,0.348,0.595,0.201,0.19
1.0,0.948,0.685,0.952,0.889,0.18,0.291,0.552,0.855,0.323,0.894,0.55,0.626,0.858,0.273,0.328,0.889,0.215,0.951,0.53,0.642,0.264,0.765,0.185,0.546,0.89,0.678,0.9,0.765,0.107,0.378,0.544,0.995,0.272,0.927,0.947,0.978,0.384,0.172,0.839,0.673
0.0,0.148,0.805,0.304,0.477,0.857,0.122,0.977,0.11,0.579,0.227,0.675,0.187,0.847,0.76,0.772,0.96,0.814,0.541,0.721,0.052,0.879,0.046,0.214,0.296,0.08,0.742,0.19,0.311,0.905,0.059,0.159,0.984,0.429,0.623,0.481,0.518,0.779,0.3,0.955,0.226
1.0,0.694,0.182,0.811,0.258,0.218,0.27,0.735,0.39,0.053,0.954,0.735,0.026,0.291,0.492,0.275,0.144,0.348,0.971,0.878,0.072,0.799,0.243,0.684,0.466,0.611,0.393,0.326,0.494,0.163,0.08,0.28,0.372,0.203,0.818,0.84,0.648,0.667,0.74,0.698,0.157
0.0,0.32,0.211,0.89,0.562,0.55,0.958,0.632,0.799,0.118,0.316,0.462,0.804,0.55,0.936,0.183,0.716,0.294,0.647,0.055,0.777,0.759,0.356,0.082,0.586,0.419,0.389,0.398,0.128,0.543,0.399,0.097,0.716,0.183,0.712,0.766,0.529,0.068,0.928,0.767,0.295
1.0,0.192,0.541,0.87,0.131,0.29,0.077,0.017,0.529,0.838,0.015,0.088,0.466,0.674,0.679,0.624,0.973,0.068,0.331,0.535,0.202,0.808,0.153,0.177,0.752,0.732,0.708,0.253,0.573,0.273,0.883,0.804,0.791,0.138,0.94,0.82,0.654,0.938,0.387,0.792,0.542
0.0,0.806,0.645,0.81,0.051,0.22,0.806,0.048,0.909,0.256,0.425,0.579,0.973,0.363,0.704,0.091,0.767,0.254,0.039,0.426,0.952,0.742,0.698,0.485,0.866,0.641,0.249,0.711,0.912,0.415,0.155,0.281,0.688,0.094,0.678,0.49,0.756,0.214,0.452,0.01,0.108
0.0,0.707,0.543,0.164,0.479,0.914,0.398,0.103,0.534,0.321,0.056,0.456,0.742,0.391,0.052,0.286,0.103,0.585,0.853,0.125,0.952,0.972,0.643,0.136,0.243,0.278,0.957,0.904,0.866,0.564,0.716,0.811,0.471,0.925,0.303,0.063,0.351,0.176,0.992,0.894,0.065
1.0,0.211,0.454,0.738,0.151,0.809,0.255,0.05,0.745,0.912,0.805,0.247,0.659,0.471,0.679,0.181,0.717,0.546,0.751,0.971,0.964,0.147,0.483,0.671,0.488,0.477,0.608,0.32,0.262,0.326,0.799,0.365,0.1,0.396,0.626,0.267,0.527,0.605,0.72,0.493,0.501
0.0,0.501,0.947,0.29,0.096,0.909,0.415,0.609,0.273,0.385,0.052,0.264,0.921,0.23,0.697,0.506,0.616,0.931,0.723,0.702,0.577,0.591,0.43,0.177,0.224,0.405,0.943,0.865,0.106,0.34,0.053,0.93,0.041,0.062,0.704,0.273,0.82,0.174,0.47,0.135,0.599
1.0,0.264,0.26,0.267,0.08,0.112,0.414,0.024,0.125,0.823,0.064,0.735,0.596,0.272,0.919,0.462,0.691,0.571,0.067,0.154,0.142,0.725,0.454,0.645,0.012,0.272,0.114,0.418,0.234,0.932,0.009,0.175,0.95,0.102,0.489,0.319,0.564,0.139,0.795,0.126,0.265
1.0,0.11,0.71,0.375,0.788,0.318,0.003,0.097,0.904,0.976,0.002,0.386,0.341,0.555,0.518,0.228,0.711,0.665,0.119,0.197,0.718,0.194,0.309,0.046,0.367,0.553,0.796,0.463,0.639,0.997,0.904,0.146,0.028,0.38,0.293,0.579,0.345,0.552,0.612,0.701,0.075
1.0,0.746,0.307,0.818,0.48,0.158,0.297,0.928,0.778,0.148,0.355,0.979,0.307,0.514,0.192,0.055,0.992,0.758,0.119,0.805,0.353,0.743,0.417,0.093,0.728,0.397,0.562,0.743,0.805,0.266,0.8,0.47,0.311,0.055,0.924,0.751,0.243,0.201,0.718,0.989,0.02
0.0,0.989,0.456,0.635,0.685,0.136,0.153,0.115,0.484,0.585,0.286,0.728,0.804,0.602,0.105,0.829,0.293,0.259,0.717,0.386,0.393,0.381,0.29,0.94,0.581,0.998,0.038,0.599,0.196,0.057,0.831,0.507,0.446,0.297,0.322,0.147,0.469,0.196,0.267,0.828,0.872
1.0,0.173,0.822,0.142,0.801,0.854,0.968,0.778,0.553,0.398,0.509,0.399,0.338,0.074,0.183,0.367,0.835,0.381,0.405,0.131,0.35,0.017,0.249,0.489,0.702,0.177,0.081,0.504,0.425,0.921,0.464,0.329,0.385,0.456,0.036,0.226,0.108,0.839,0.352,0.351,0.892
0.0,0.718,0.466,0.836,0.139,0.615,0.779,0.18,0.411,0.61,0.644,0.858,0.501,0.187,0.133,0.5,0.095,0.973,0.002,0.935,0.282,0.693,0.023,0.793,0.493,0.971,0.194,0.34,0.009,0.163,0.274,0.005,0.683,0.021,0.148,0.552,0.192,0.458,0.043,0.383,0.518
0.0,0.209,0.71,0.933,0.499,0.867,0.862,0.594,0.041,0.87,0.515,0.926,0.686,0.604,0.925,0.604,0.092,0.663,0.121,0.71,0.279,0.969,0.359,0.922,0.868,0.056,0.27,0.338,0.093,0.342,0.819,0.222,0.605,0.058,0.755,0.04,0.57,0.343,0.763,0.623,0.458
1.0,0.969,0.126,0.015,0.471,0.791,0.191,0.766,0.072,0.721,0.563,0.465,0.565,0.593,0.234,0.453,0.063,0.372,0.873,0.086,0.215,0.155,0.397,0.288,0.553,0.019,0.797,0.261,0.417,0.745,0.329,0.178,0.762,0.729,0.085,0.775,0.494,0.761,0.377,0.046,0.889
0.0,0.801,0.565,0.478,0.015,0.237,0.122,0.364,0.362,0.565,0.069,0.757,0.36,0.78,0.763,0.239,0.592,0.749,0.56,0.006,0.153,0.938,0.337,0.97,0.626,0.536,0.442,0.916,0.682,0.27,0.874,0.08,0.403,0.477,0.604,0.626,0.637,0.663,0.751,0.184,0.738
1.0,0.772,0.657,0.183,0.503,0.364,0.779,0.808,0.874,0.215,0.957,0.193,0.57,0.039,0.837,0.985,0.267,0.849,0.841,0.436,0.313,0.708,0.401,0.71,0.275,0.326,0.954,0.026,0.453,0.92,0.361,0.427,0.989,0.659,0.879,0.971,0.118,0.853,0.738,0.42,0.152
0.0,0.017,0.652,0.554,0.778,0.022,0.107,0.467,0.39,0.689,0.213,0.759,0.803,0.94,0.095,0.43,0.987,0.136,0.937,0.736,0.24,0.479,0.527,0.329,0.647,0.91,0.56,0.956,0.76,0.521,0.379,0.466,0.561,0.45,0.082,0.529,0.294,0.577,0.302,0.779,0.596
0.0,0.757,0.033,0.46,0.978,0.122,0.307,0.243,0.437,0.698,0.8,0.405,0.381,0.047,0.203,0.179,0.879,0.538,0.641,0.57,0.1,0.843,0.271,0.802,0.044,0.144,0.947,0.756,0.974,0.081,0.434,0.606,0.029,0.523,0.564,0.712,0.095,0.475,0.577,0.507,0.914
0.0,0.851,0.167,0.6,0.789,0.873,0.602,0.268,0.727,0.535,0.486,0.851,0.375,0.438,0.718,0.552,0.219,0.818,0.065,0.612,0.324,0.677,0.423,0.11,0.568,0.139,0.863,0.477,0.956,0.508,0.191,0.589,0.713,0.901,0.204,0.609,0.64,0.27,0.941,0.901,0.739
1.0,0.11,0.275,0.501,0.67,0.438,0.626,0.988,0.33,0.025,0.617,0.803,0.431,0.915,0.626,0.105,0.433,0.342,0.707,0.109,0.082,0.38,0.614,0.619,0.247,0.557,0.737,0.337,0.669,0.287,0.229,0.197,0.65,0.607,0.386,0.502,0.229,0.057,0.725,0.501,0.597
1.0,0.661,0.409,0.796,0.83,0.585,0.434,0.396,0.74,0.472,0.936,0.555,0.261,0.948,0.219,0.557,0.451,0.747,0.702,0.379,0.075,0.375,0.536,0.597,0.644,0.493,0.102,0.38,0.467,0.168,0.769,0.244,0.667,0.231,0.446,0.44,0.712,0.372,0.361,0.278,0.135
1.0,0.816,0.911,0.032,0.966,0.044,0.274,0.414,0.059,0.922,0.818,0.513,0.495,0.922,0.302,0.022,0.276,0.972,0.15,0.506,0.947,0.404,0.774,0.548,0.972,0.089,0.439,0.974,0.588,0.048,0.503,0.744,0.577,0.939,0.514,0.151,0.49,0.198,0.85,0.602,0.727
0.0,0.169,0.624,0.968,0.439,0.257,0.344,0.384,0.133,0.699,0.481,0.255,0.962,0.959,0.048,0.659,0.916,0.834,0.254,0.953,0.588,0.29,0.152,0.999,0.005,0.517,0.132,0.702,0.545,0.628,0.572,0.029,0.96,0.004,0.114,0.447,0.034,0.915,0.874,0.078,0.159
0.0,0.792,0.682,0.869,0.753,0.085,0.909,0.036,0.766,0.843,0.438,0.175,0.897,0.155,0.449,0.625,0.63,0.019,0.827,0.002,0.867,0.476,0.182,0.815,0.703,0.49,0.091,0.862,0.639,0.702,0.611,0.574,0.352,0.266,0.344,0.448,0.856,0.126,0.129,0.322,0.397
0.0,0.014,0.622,0.036,0.388,0.459,0.531,0.476,0.452,0.966,0.341,0.475,0.261,0.259,0.058,0.308,0.346,0.958,0.176,0.137,0.653,0.881,0.243,0.967,0.712,0.622,0.237,0.627,0.451,0.408,0.348,0.249,0.191,0.696,0.123,0.864,0.742,0.639,0.329,0.23,0.853
0.0,0.962,0.067,0.73,0.277,0.918,0.77,0.561,0.094,0.043,0.299,0.473,0.009,0.099,0.825,0.968,0.744,0.187,0.701,0.674,0.622,0.119,0.162,0.605,0.658,0.51,0.912,0.715,0.079,0.444,0.093,0.829,0.138,0.387,0.774,0.492,0.361,0.582,0.509,0.369,0.977
0.0,0.932,0.371,0.748,0.556,0.959,0.469,0.33,0.678,0.2,0.549,0.11,0.839,0.171,0.897,0.692,0.486,0.533,0.489,0.019,0.991,0.958,0.96,0.528,0.499,0.977,0.401,0.246,0.109,0.939,0.485,0.819,0.02,0.094,0.922,0.155,0.595,0.452,0.512,0.554,0.467
1.0,0.489,0.888,0.618,0.464,0.551,0.234,0.587,0.006,0.045,0.278,0.523,0.596,0.952,0.103,0.357,0.127,0.384,0.273,0.213,0.547,0.918,0.666,0.618,0.866,0.1,0.924,0.456,0.822,0.857,0.832,0.384,0.56,0.869,0.129,0.525,0.776,0.409,0.706,0.262,0.652
0.0,0.399,0.056,0.458,0.234,0.874,0.374,0.693,0.744,0.874,0.853,0.605,0.067,0.129,0.844,0.5,0.16,0.225,0.752,0.59,0.332,0.53,0.256,0.595,0.044,0.733,0.119,0.237,0.829,0.48,0.003,0.592,0.211,0.582,0.575,0.072,0.006,0.945,0.301,0.679,0.081
1.0,0.196,0.9,0.487,0.682,0.678,0.149,0.599,0.379,0.218,0.343,0.188,0.769,0.725,0.58,0.703,0.162,0.061,0.189,0.298,0.402,0.781,0.543,0.156,0.373,0.152,0.293,0.955,0.403,0.895,0.787,0.085,0.971,0.367,0.829,0.316,0.968,0.944,0.612,0.946,0.78
0.0,0.528,0.844,0.994,0.318,0.155,0.437,0.406,0.519,0.117,0.7,0.565,0.001,0.465,0.729,0.935,0.438,0.608,0.005,0.87,0.659,0.522,0.275,0.994,0.233,0.649,0.639,0.182,0.371,0.236,0.596,0.879,0.706,0.916,0.761,0.314,0.87,0.956,0.69,0.219,0.65
0.0,0.209,0.605,0.069,0.45,0.891,0.646,0.214,0.662,0.519,0.668,0.061,0.5,0.54,0.29,0.082,0.566,0.97,0.714,0.003,0.36,0.293,0.043,0.93,0.744,0.891,0.632,0.903,0.09,0.91,0.619,0.869,0.267,0.998,0.123,0.209,0.84,0.941,0.493,0.531,0.888
1.0,0.427,0.319,0.925,0.14,0.377,0.486,0.315,0.933,0.747,0.311,0.751,0.307,0.797,0.631,0.41,0.665,0.523,0.308,0.466,0.089,0.309,0.023,0.577,0.134,0.882,0.059,0.21,0.818,0.864,0.106,0.583,0.589,0.045,0.653,0.013,0.352,0.936,0.765,0.421,0.99
1.0,0.376,0.267,0.57,0.904,0.248,0.762,0.925,0.639,0.458,0.877,0.747,0.75,0.839,0.507,0.422,0.197,0.63,0.085,0.6,0.117,0.117,0.642,0.159,0.319,0.215,0.461,0.367,0.818,0.097,0.738,0.883,0.707,0.079,0.805,0.53,0.47,0.347,0.473,0.937,0.713
1.0,0.624,0.287,0.117,0.833,0.657,0.568,0.36,0.999,0.817,0.225,0.046,0.363,0.746,0.101,0.639,0.763,0.501,0.454,0.42,0.484,0.849,0.667,0.21,0.936,0.766,0.39,0.222,0.426,0.014,0.155,0.23,0.938,0.817,0.311,0.093,0.251,0.565,0.815,0.953,0.794
1.0,0.248,0.677,0.795,0.23,0.574,0.872,0.153,0.178,0.861,0.413,0.053,0.343,0.33,0.172,0.274,0.649,0.938,0.399,0.415,0.364,0.569,0.74,0.396,0.948,0.816,0.759,0.724,0.205,0.687,0.081,0.289,0.702,0.962,0.789,0.301,0.824,0.714,0.813,0.303,0.845
1.0,0.783,0.259,0.832,0.247,0.63,0.37,0.582,0.651,0.851,0.659,0.624,0.446,0.934,0.426,0.445,0.83,0.051,0.262,0.813,0.097,0.322,0.153,0.258,0.158,0.862,0.863,0.908,0.428,0.474,0.615,0.382,0.607,0.252,0.107,0.041,0.683,0.703,0.398,0.17,0.418
0.0,0.058,0.773,0.493,0.215,0.484,0.82,0.568,0.903,0.701,0.551,0.715,0.575,0.589,0.632,0.756,0.213,0.227,0.73,0.104,0.012,0.72,0.342,0.951,0.311,0.232,0.577,0.036,0.75,0.068,0.381,0.109,0.198,0.157,0.894,0.93,0.334,0.827,0.949,0.964,0.477
0.0,0.24,0.699,0.203,0.5,0.673,0.647,0.445,0.756,0.484,0.077,0.668,0.938,0.841,0.373,0.738,0.781,0.695,0.849,0.766,0.836,0.242,0.27,0.698,0.472,0.357,0.745,0.239,0.542,0.812,0.333,0.924,0.939,0.976,0.569,0.594,0.509,0.507,0.714,0.402,0.425
0.0,0.445,0.86,0.859,0.932,0.222,0.641,0.083,0.598,0.147,0.549,0.752,0.891,0.461,0.699,0.917,0.272,0.562,0.673,0.813,0.985,0.559,0.294,0.318,0.727,0.341,0.809,0.094,0.098,0.56,0.603,0.075,0.799,0.167,0.612,0.309,0.574,0.874,0.661,0.854,0.975
1.0,0.185,0.152,0.854,0.895,0.089,0.909,0.266,0.52,0.546,0.201,0.115,0.661,0.4,0.519,0.4,0.052,0.076,0.527,0.856,0.029,0.908,0.449,0.687,0.83,0.548,0.458,0.434,0.902,0.589,0.058,0.702,0.275,0.322,0.053,0.574,0.652,0.28,0.349,0.655,0.081
0.0,0.746,0.798,0.635,0.473,0.998,0.72,0.75,0.264,0.217,0.638,0.056,0.837,0.453,0.952,0.502,0.088,0.979,0.493,0.378,0.663,0.646,0.071,0.338,0.96,0.192,0.509,0.871,0.831,0.882,0.276,0.115,0.822,0.334,0.241,0.621,0.859,0.075,0.082,0.642,0.006
0.0,0.686,0.203,0.056,0.059,0.341,0.772,0.849,0.978,0.844,0.892,0.43,0.785,0.677,0.078,0.538,0.304,0.368,0.128,0.645,0.849,0.494,0.572,0.577,0.269,0.773,0.556,0.794,0.463,0.175,0.301,0.986,0.268,0.544,0.731,0.761,0.285,0.621,0.518,0.117,0.431
0.0,0.509,0.126,0.644,0.551,0.978,0.508,0.793,0.186,0.043,0.02,0.437,0.774,0.168,0.67,0.717,0.67,0.97,0.585,0.461,0.229,0.759,0.726,0.111,0.883,0.148,0.809,0.91,0.775,0.802,0.847,0.285,0.696,0.4,0.701,0.803,0.391,0.123,0.9,0.1,0.488
1.0,0.982,0.998,0.544,0.418,0.106,0.36,0.971,0.494,0.182,0.025,0.135,0.646,0.691,0.573,0.208,0.937,0.359,0.357,0.78,0.345,0.946,0.148,0.475,0.045,0.936,0.163,0.873,0.804,0.444,0.144,0.602,0.051,0.591,0.727,0.362,0.718,0.247,0.457,0.344,0.073
0.0,0.741,0.515,0.276,0.786,0.659,0.947,0.564,0.122,0.068,0.846,0.815,0.93,0.783,0.115,0.063,0.478,0.187,0.964,0.138,0.275,0.432,0.691,0.482,0.801,0.723,0.881,0.525,0.916,0.686,0.044,0.995,0.567,0.501,0.741,0.748,0.467,0.593,0.584,0.664,0.816
0.0,0.398,0.268,0.083,0.838,0.298,0.27,0.634,0.666,0.734,0.854,0.822,0.695,0.53,0.021,0.862,0.163,0.065,0.104,0.516,0.136,0.599,0.941,0.783,0.399,0.477,0.611,0.422,0.444,0.023,0.995,0.261,0.406,0.908,0.655,0.894,0.626,0.784,0.963,0.279,0.348
1.0,0.605,0.447,0.79,0.498,0.557,0.344,0.939,0.629,0.773,0.497,0.667,0.294,0.635,0.234,0.032,0.27,0.104,0.378,0.465,0.939,0.763,0.225,0.145,0.742,0.767,0.913,0.16,0.167,0.135,0.017,0.587,0.801,0.907,0.595,0.049,0.664,0.638,0.809,0.432,0.832
0.0,0.364,0.391,0.684,0.874,0.583,0.04,0.927,0.666,0.712,0.998,0.736,0.805,0.673,0.077,0.414,0.163,0.543,0.884,0.544,0.525,0.128,0.186,0.856,0.875,0.683,0.929,0.485,0.948,0.777,0.182,0.999,0.087,0.011,0.506,0.608,0.833,0.79,0.413,0.733,0.135
0.0,0.098,0.07,0.647,0.012,0.504,0.186,0.984,0.27,0.762,0.771,0.01,0.883,0.464,0.306,0.766,0.405,0.024,0.928,0.218,0.575,0.18,0.833,0.245,0.118,0.103,0.293,0.566,0.42,0.796,0.656,0.386,0.324,0.188,0.495,0.476,0.663,0.173,0.956,0.023,0.739
1.0,0.402,0.001,0.573,0.424,0.404,0.358,0.765,0.841,0.979,0.799,0.102,0.349,0.577,0.173,0.995,0.358,0.791,0.445,0.617,0.275,0.019,1.0,0.758,0.272,0.395,0.364,0.671,0.76,0.566,0.577,0.573,0.171,0.925,0.956,0.132,0.56,0.28,0.583,0.816,0.451
0.0,0.468,0.891,0.925,0.55,0.853,0.543,0.044,0.308,0.87,0.278,0.382,0.025,0.378,0.106,0.159,0.659,0.784,0.001,0.369,0.029,0.891,0.281,0.289,0.31,0.947,0.732,0.895,0.686,0.673,0.615,0.305,0.02,0.58,0.911,0.664,0.843,0.516,0.54,0.637,0.52
0.0,0.704,0.395,0.739,0.794,0.939,0.65,0.871,0.623,0.052,0.371,0.458,0.697,0.382,0.095,0.687,0.216,0.307,0.923,0.123,0.452,0.849,0.998,0.916,0.511,0.879,0.124,0.023,0.716,0.745,0.506,0.495,0.106,0.403,0.984,0.441,0.883,0.592,0.073,0.916,0.833
0.0,0.638,0.749,0.675,0.222,0.799,0.272,0.56,0.462,0.567,0.034,0.854,0.552,0.2,0.872,0.435,0.148,0.389,0.844,0.023,0.84,0.768,0.51,0.959,0.916,0.882,0.114,0.612,0.366,0.089,0.372,0.659,0.608,0.678,0.028,0.208,0.781,0.309,0.269,0.672,0.617
1.0,0.736,0.786,0.807,0.67,0.09,0.954,0.528,0.069,0.919,0.266,0.457,0.358,0.75,0.936,0.72,0.674,0.033,0.473,0.612,0.028,0.299,0.771,0.458,0.739,0.096,0.104,0.17,0.193,0.951,0.412,0.394,0.053,0.997,0.336,0.143,0.132,0.88,0.027,0.689,0.967
1.0,0.207,0.731,0.333,0.785,0.266,0.509,0.424,0.049,0.157,0.985,0.732,0.404,0.804,0.95,0.269,0.197,0.191,0.464,0.693,0.656,0.032,0.415,0.104,0.821,0.837,0.152,0.92,0.137,0.125,0.569,0.257,0.632,0.534,0.596,0.733,0.492,0.239,0.442,0.45,0.334
0.0,0.811,0.994,0.541,0.88,0.28,0.311,0.201,0.394,0.68,0.36,0.975,0.323,0.565,0.572,0.067,0.458,0.626,0.268,0.899,0.796,0.958,0.648,0.965,0.182,0.313,0.793,0.527,0.139,0.944,0.85,0.893,0.247,0.386,0.024,0.372,0.506,0.819,0.208,0.039,0.632
1.0,0.05,0.785,0.054,0.231,0.036,0.593,0.813,0.71,0.931,0.372,0.458,0.158,0.787,0.529,0.292,0.11,0.065,0.657,0.019,0.871,0.553,0.074,0.633,0.079,0.97,0.101,0.177,0.807,0.321,0.814,0.451,0.489,0.601,0.077,0.102,0.041,0.371,0.16,0.23,0.461
0.0,0.468,0.67,0.721,0.682,0.561,0.65,0.305,0.702,0.471,0.196,0.604,0.944,0.443,0.842,0.166,0.422,0.727,0.61,0.79,0.199,0.492,0.986,0.791,0.082,0.111,0.465,0.118,0.14,0.7,0.014,0.128,0.454,0.924,0.881,0.952,0.654,0.391,0.765,0.82,0.397
0.0,0.004,0.992,0.598,0.6,0.283,0.304,0.946,0.225,0.748,0.962,0.597,0.927,0.12,0.248,0.913,0.465,0.013,0.575,0.118,0.822,0.526,0.332,0.726,0.81,0.093,0.593,0.648,0.419,0.975,0.954,0.543,0.06,0.621,0.422,0.331,0.212,0.93,0.436,0.941,0.927
0.0,0.021,0.489,0.786,0.102,0.477,0.225,0.104,0.31,0.599,0.916,0.739,0.391,0.079,0.193,0.136,0.862,0.35,0.723,0.188,0.168,0.243,0.284,0.989,0.78,0.242,0.906,0.069,0.7,0.317,0.595,0.86,0.857,0.965,0.846,0.235,0.74,0.589,0.253,0.849,0.077
1.0,0.415,0.744,0.421,0.628,0.068,0.816,0.032,0.78,0.865,0.458,0.72,0.222,0.711,0.48,0.136,0.341,0.755,0.03,0.919,0.894,0.541,0.615,0.292,0.729,0.248,0.734,0.14,0.334,0.913,0.421,0.465,0.741,0.001,0.852,0.076,0.979,0.143,0.744,0.579,0.323
1.0,0.155,0.946,0.881,0.861,0.122,0.673,0.302,0.443,0.442,0.215,0.475,0.607,0.081,0.737,0.538,0.577,0.159,0.073,0.262,0.419,0.177,0.912,0.012,0.836,0.955,0.688,0.614,0.346,0.789,0.285,0.466,0.947,0.173,0.386,0.904,0.118,0.037,0.775,0.261,0.067
0.0,0.355,0.697,0.146,0.901,0.054,0.753,0.781,0.933,0.411,0.822,0.318,0.941,0.374,0.185,0.012,0.626,0.573,0.325,0.456,0.316,0.887,0.792,0.402,0.21,0.892,0.766,0.781,0.156,0.362,0.37,0.832,0.521,0.074,0.225,0.406,0.407,0.015,0.882,0.343,0.607
1.0,0.75,0.411,0.718,0.498,0.088,0.215,0.077,0.934,0.62,0.965,0.257,0.491,0.016,0.911,0.47,0.858,0.236,0.068,0.727,0.885,0.222,0.584,0.1,0.049,0.323,0.24,0.835,0.17,0.76,0.758,0.341,0.292,0.713,0.315,0.504,0.705,0.523,0.204,0.457,0.679
1.0,0.515,0.574,0.652,0.885,0.203,0.327,0.504,0.617,0.188,0.831,0.918,0.331,0.884,0.061,0.071,0.145,0.21,0.797,0.089,0.156,0.534,0.993,0.776,0.488,0.946,0.437,0.068,0.584,0.889,0.805,0.253,0.157,0.491,0.562,0.792,0.463,0.539,0.795,0.362,0.112
1.0,0.803,0.159,0.635,0.906,0.066,0.525,0.992,0.082,0.972,0.206,0.16,0.516,0.212,0.2,0.425,0.456,0.207,0.537,0.132,0.839,0.507,0.204,0.031,0.422,0.375,0.271,0.657,0.587,0.012,0.094,0.485,0.63,0.26,0.533,0.754,0.22,0.83,0.287,0.36,0.563
1.0,0.019,0.633,0.417,0.756,0.386,0.718,0.208,0.435,0.411,0.468,0.657,0.603,0.946,0.388,0.055,0.78,0.643,0.747,0.225,0.182,0.491,0.819,0.061,0.853,0.927,0.689,0.628,0.417,0.22,0.481,0.756,0.325,0.155,0.957,0.646,0.813,0.414,0.591,0.582,0.758
1.0,0.466,0.236,0.674,0.723,0.304,0.771,0.731,0.565,0.477,0.888,0.806,0.643,0.035,0.937,0.626,0.828,0.301,0.494,0.593,0.762,0.199,0.547,0.685,0.384,0.117,0.008,0.693,0.477,0.027,0.461,0.61,0.751,0.912,0.035,0.655,0.409,0.321,0.291,0.436,0.851
1.0,0.738,0.523,0.119,0.153,0.643,0.101,0.243,0.232,0.378,0.503,0.517,0.281,0.22,0.713,0.414,0.974,0.98,0.707,0.281,0.265,0.575,0.11,0.584,0.799,0.537,0.578,0.697,0.262,0.862,0.011,0.363,0.062,0.364,0.609,0.935,0.446,0.243,0.056,0.912,0.299
1.0,0.34,0.642,0.441,0.987,0.493,0.493,0.861,0.693,0.545,0.368,0.913,0.689,0.794,0.671,0.199,0.618,0.705,0.77,0.994,0.118,0.665,0.496,0.538,0.277,0.579,0.462,0.439,0.145,0.894,0.01,0.121,0.392,0.129,0.433,0.556,0.101,0.795,0.596,0.794,0.536
1.0,0.149,0.484,0.048,0.834,0.041,0.203,0.928,0.101,0.109,0.859,0.678,0.078,0.187,0.728,0.175,0.004,0.503,0.042,0.257,0.018,0.391,0.963,0.185,0.47,0.802,0.48,0.774,0.662,0.149,0.081,0.564,0.843,0.917,0.099,0.249,0.859,0.774,0.853,0.216,0.511
1.0,0.379,0.412,0.269,0.469,0.206,0.538,0.891,0.449,0.2,0.781,0.754,0.429,0.158,0.487,0.571,0.937,0.055,0.841,0.365,0.722,0.965,0.346,0.579,0.58,0.3,0.843,0.462,0.885,0.278,0.221,0.276,0.699,0.321,0.607,0.725,0.772,0.378,0.855,0.103,0.095
0.0,0.46,0.604,0.336,0.828,0.518,0.293,0.449,0.291,0.324,0.107,0.847,0.814,0.552,0.133,0.156,0.894,0.607,0.533,0.245,0.625,0.109,0.17,0.843,0.038,0.043,0.958,0.057,0.696,0.451,0.331,0.152,0.54,0.475,0.594,0.99,0.895,0.326,0.524,0.091,0.766
0.0,0.678,0.811,0.406,0.877,0.913,0.879,0.507,0.403,0.805,0.365,0.641,0.837,0.722,0.299,0.436,0.62,0.571,0.545,0.64,0.78,0.367,0.223,0.238,0.938,0.62,0.681,0.436,0.935,0.14,0.032,0.694,0.741,0.469,0.586,0.256,0.958,0.19,0.212,0.177,0.505
1.0,0.653,0.799,0.8,0.364,0.654,0.473,0.144,0.291,0.591,0.815,0.362,0.252,0.752,0.652,0.513,0.351,0.382,0.643,0.252,0.197,0.482,0.043,0.673,0.248,0.745,0.861,0.828,0.113,0.886,0.488,0.954,0.953,0.794,0.575,0.26,0.197,0.039,0.563,0.875,0.892
0.0,0.017,0.216,0.438,0.005,0.49,0.513,0.933,0.035,0.872,0.817,0.866,0.33,0.067,0.898,0.455,0.263,0.983,0.603,0.547,0.477,0.47,0.566,0.202,0.643,0.953,0.929,0.258,0.347,0.267,0.64,0.531,0.168,0.379,0.292,0.064,0.572,0.301,0.639,0.749,0.772
1.0,0.977,0.248,0.998,0.012,0.393,0.913,0.624,0.131,0.245,0.359,0.506,0.66,0.711,0.258,0.948,0.981,0.337,0.53,0.712,0.088,0.306,0.017,0.348,0.243,0.084,0.864,0.922,0.505,0.118,0.324,0.834,0.85,0.163,0.392,0.062,0.246,0.63,0.652,0.536,0.481
0.0,0.664,0.042,0.491,0.742,0.002,0.749,0.008,0.519,0.829,0.824,0.678,0.802,0.398,0.717,0.488,0.639,0.908,0.987,0.684,0.746,0.404,0.322,0.887,0.678,0.127,0.625,0.481,0.863,0.568,0.987,0.631,0.996,0.795,0.8,0.035,0.472,0.095,0.032,0.756,0.306
1.0,0.303,0.897,0.593,0.356,0.458,0.853,0.568,0.021,0.554,0.567,0.875,0.063,0.85,0.724,0.154,0.82,0.096,0.034,0.953,0.977,0.915,0.438,0.616,0.258,0.094,0.781,0.098,0.584,0.823,0.324,0.221,0.984,0.4,0.431,0.315,0.777,0.336,0.972,0.626,0.9
0.0,0.686,0.269,0.239,0.274,0.343,0.019,0.539,0.899,0.231,0.661,0.913,0.217,0.261,0.67,0.29,0.596,0.547,0.431,0.16,0.645,0.225,0.677,0.881,0.067,0.541,0.46,0.213,0.654,0.332,0.259,0.805,0.276,0.566,0.263,0.293,0.367,0.922,0.385,0.889,0.038
0.0,0.557,0.254,0.62,0.337,0.756,0.85,0.748,0.878,0.012,0.663,0.676,0.603,0.502,0.856,0.14,0.821,0.863,0.06,0.81,0.577,0.039,0.407,0.86,0.555,0.781,0.934,0.432,0.943,0.373,0.458,0.432,0.671,0.106,0.93,0.191,0.807,0.752,0.411,0.358,0.431
1.0,0.09,0.954,0.968,0.78,0.443,0.268,0.66,0.448,0.161,0.904,0.636,0.369,0.12,0.788,0.981,0.993,0.74,0.391,0.926,0.743,0.742,0.117,0.315,0.008,0.96,0.204,0.51,0.276,0.873,0.659,0.4,0.853,0.446,0.195,0.074,0.374,0.041,0.038,0.66,0.248
1.0,0.171,0.593,0.907,0.885,0.964,0.165,0.796,0.644,0.496,0.47,0.354,0.419,0.952,0.957,0.931,0.535,0.435,0.095,0.6,0.253,0.568,0.521,0.166,0.279,0.681,0.81,0.671,0.541,0.044,0.498,0.496,0.513,0.763,0.501,0.08,0.152,0.291,0.242,0.319,0.764
0.0,0.424,0.396,0.03,0.859,0.823,0.829,0.103,0.423,0.152,0.621,0.728,0.914,0.057,0.214,0.764,0.403,0.921,0.102,0.227,0.386,0.991,0.305,0.049,0.805,0.788,0.999,0.857,0.262,0.85,0.999,0.661,0.533,0.723,0.931,0.301,0.685,0.593,0.109,0.033,0.769
1.0,0.144,0.651,0.992,0.522,0.256,0.135,0.265,0.541,0.108,0.617,0.267,0.428,0.468,0.43,0.117,0.911,0.663,0.315,0.501,0.776,0.386,0.514,0.364,0.576,0.334,0.656,0.243,0.962,0.427,0.745,0.95,0.86,0.017,0.608,0.874,0.107,0.5,0.378,0.22,0.93
1.0,0.488,0.957,0.749,0.175,0.806,0.333,0.239,0.211,0.159,0.746,0.223,0.04,0.462,0.661,0.862,0.293,0.867,0.144,0.655,0.977,0.531,0.294,0.563,0.957,0.877,0.972,0.484,0.276,0.483,0.232,0.866,0.43,0.464,0.812,0.564,0.082,0.667,0.681,0.353,0.19
0.0,0.543,0.257,0.552,0.766,0.835,0.306,0.504,0.309,0.682,0.897,0.271,0.965,0.299,0.377,0.32,0.528,0.525,0.506,0.194,0.951,0.693,0.689,0.861,0.366,0.255,0.062,0.843,0.121,0.225,0.799,0.672,0.967,0.385,0.029,0.604,0.342,0.51,0.481,0.595,0.399
1.0,0.288,0.668,0.398,0.413,0.24,0.551,0.33,0.633,0.756,0.866,0.998,0.556,0.221,0.251,0.78,0.517,0.637,0.383,0.798,0.655,0.925,0.95,0.725,0.976,0.597,0.965,0.751,0.725,0.123,0.306,0.424,0.285,0.511,0.973,0.359,0.679,0.512,0.274,0.358,0.614
0.0,0.936,0.9,0.516,0.062,0.915,0.011,0.292,0.458,0.49,0.938,0.745,0.633,0.042,0.592,0.658,0.503,0.185,0.172,0.954,0.857,0.601,0.471,0.773,0.443,0.566,0.999,0.446,0.468,0.735,0.751,0.482,0.272,0.318,0.028,0.823,0.351,0.646,0.292,0.473,0.904
1.0,0.381,0.18,0.433,0.549,0.191,0.905,0.406,0.117,0.901,0.866,0.449,0.738,0.637,0.746,0.828,0.871,0.398,0.008,0.63,0.457,0.484,0.684,0.591,0.114,0.415,0.158,0.069,0.413,0.348,0.406,0.438,0.041,0.574,0.566,0.517,0.343,0.304,0.1,0.636,0.269
0.0,0.588,0.311,0.76,0.904,0.865,0.53,0.765,0.336,0.534,0.826,0.721,0.645,0.132,0.678,0.657,0.38,0.689,0.079,0.487,0.494,0.018,0.349,0.055,0.282,0.168,0.039,0.829,0.432,0.272,0.676,0.769,0.923,0.147,0.307,0.647,0.188,0.269,0.048,0.296,0.151
0.0,0.567,0.237,0.28,0.491,0.213,0.734,0.394,0.685,0.807,0.639,0.088,0.997,0.048,0.118,0.762,0.978,0.949,0.911,0.231,0.262,0.733,0.917,0.317,0.976,0.743,0.47,0.528,0.826,0.371,0.154,0.359,0.252,0.767,0.688,0.092,0.032,0.269,0.447,0.837,0.672
0.0,0.175,0.62,0.488,0.963,0.622,0.287,0.835,0.09,0.119,0.54,0.428,0.375,0.348,0.35,0.446,0.395,0.467,0.791,0.166,0.586,0.872,0.014,0.808,0.891,0.437,0.174,0.364,0.882,0.783,0.446,0.998,0.965,0.189,0.994,0.993,0.83,0.443,0.537,0.89,0.949
0.0,0.371,0.005,0.293,0.109,0.092,0.744,0.307,0.184,0.677,0.158,0.697,0.885,0.336,0.737,0.904,0.083,0.969,0.334,0.551,0.32,0.692,0.857,0.743,0.755,0.16,0.412,0.625,0.488,0.547,0.293,0.603,0.685,0.682,0.955,0.571,0.346,0.811,0.807,0.889,0.832
1.0,0.105,0.686,0.48,0.463,0.003,0.712,0.393,0.422,0.794,0.458,0.726,0.753,0.535,0.764,0.006,0.454,0.392,0.363,0.73,0.525,0.564,0.401,0.072,0.37,0.224,0.18,0.298,0.13,0.014,0.191,0.717,0.754,0.581,0.426,0.481,0.587,0.409,0.23,0.542,0.433
0.0,0.357,0.024,0.684,0.849,0.957,0.823,0.905,0.444,0.995,0.233,0.971,0.725,0.245,0.576,0.376,0.998,0.841,0.244,0.278,0.637,0.62,0.491,0.285,0.842,0.683,0.268,0.952,0.32,0.612,0.903,0.296,0.832,0.934,0.67,0.313,0.875,0.793,0.452,0.638,0.042
1.0,0.022,0.733,0.229,0.654,0.627,0.038,0.323,0.04,0.83,0.179,0.567,0.535,0.461,0.952,0.2,0.54,0.746,0.512,0.976,0.387,0.054,0.862,0.456,0.959,0.822,0.265,0.918,0.512,0.614,0.625,0.918,0.518,0.823,0.669,0.258,0.304,0.46,0.882,0.659,0.571
1.0,0.948,0.829,0.012,0.972,0.331,0.813,0.45,0.485,0.277,0.577,0.754,0.146,0.887,0.47,0.0,0.939,0.824,0.734,0.205,0.534,0.077,0.383,0.306,0.282,0.785,0.625,0.605,0.008,0.733,0.34,0.369,0.269,0.161,0.04,0.602,0.795,0.38,0.021,0.506,0.425
1.0,0.564,0.468,0.972,0.611,0.443,0.07,0.827,0.004,0.149,0.858,0.121,0.478,0.01,0.513,0.085,0.03,0.519,0.914,0.251,0.206,0.304,0.765,0.054,0.792,0.443,0.148,0.416,0.45,0.026,0.914,0.941,0.491,0.019,0.785,0.104,0.992,0.542,0.02,0.494,0.207
0.0,0.331,0.115,0.843,0.9,0.823,0.273,0.776,0.015,0.245,0.161,0.562,0.869,0.558,0.375,0.959,0.53,0.153,0.465,0.414,0.331,0.377,0.19,0.693,0.442,0.254,0.134,0.418,0.448,0.142,0.665,0.528,0.849,0.936,0.772,0.293,0.246,0.468,0.735,0.474,0.238
0.0,0.746,0.147,0.954,0.295,0.139,0.903,0.54,0.551,0.988,0.377,0.938,0.978,0.774,0.385,0.033,0.169,0.182,0.285,0.478,0.704,0.922,0.844,0.436,0.451,0.807,0.356,0.169,0.26,0.009,0.096,0.587,0.246,0.523,0.797,0.475,0.199,0.611,0.699,0.693,0.527
0.0,0.44,0.353,0.609,0.04,0.92,0.63,0.154,0.972,0.907,0.857,0.589,0.286,0.998,0.288,0.113,0.297,0.852,0.878,0.443,0.392,0.045,0.179,0.904,0.442,0.095,0.186,0.426,0.592,0.839,0.36,0.236,0.86,0.489,0.264,0.858,0.418,0.628,0.208,0.235,0.917
1.0,0.257,0.791,0.756,0.385,0.232,0.188,0.518,0.968,0.065,0.42,0.832,0.537,0.805,0.429,0.71,0.096,0.279,0.45,0.051,0.778,0.635,0.939,0.119,0.447,0.663,0.107,0.494,0.482,0.534,0.401,0.528,0.994,0.48,0.037,0.881,0.171,0.046,0.535,0.875,0.241
0.0,0.516,0.714,0.824,0.122,0.99,0.532,0.616,0.84,0.115,0.515,0.157,0.27,0.841,0.756,0.129,0.151,0.811,0.999,0.181,0.139,0.457,0.174,0.502,0.299,0.723,0.559,0.596,0.328,0.555,0.414,0.569,0.386,0.201,0.342,0.291,0.56,0.515,0.493,0.254,0.754
0.0,0.413,0.033,0.055,0.839,0.878,0.365,0.517,0.112,0.45,0.372,0.559,0.11,0.268,0.964,0.846,0.212,0.079,0.239,0.528,0.26,0.322,0.467,0.516,0.631,0.726,0.141,0.223,0.977,0.504,0.891,0.884,0.604,0.922,0.903,0.632,0.347,0.368,0.826,0.919,0.944
1.0,0.153,0.535,0.605,0.294,0.428,0.419,0.169,0.193,0.685,0.346,0.276,0.046,0.833,0.113,0.96,0.49,0.519,0.94,0.915,0.702,0.629,0.811,0.927,0.687,0.82,0.04,0.156,0.85,0.569,0.073,0.048,0.934,0.579,0.661,0.706,0.445,0.434,0.289,0.683,0.888
0.0,0.246,0.104,0.571,0.826,0.559,0.047,0.24,0.375,0.857,0.667,0.178,0.817,0.681,0.187,0.107,0.323,0.269,0.725,0.436,0.72,0.867,0.122,0.799,0.433,0.418,0.68,0.007,0.082,0.48,0.585,0.216,0.622,0.285,0.564,0.428,0.423,0.471,0.341,0.154,0.186
1.0,0.412,0.884,0.963,0.95,0.22,0.828,0.586,0.49,0.587,0.312,0.022,0.155,0.436,0.142,0.742,0.893,0.413,0.563,0.633,0.615,0.165,0.005,0.636,0.89,0.447,0.199,0.105,0.716,0.643,0.291,0.986,0.341,0.529,0.038,0.263,0.681,0.209,0.688,0.276,0.004
0.0,0.095,0.161,0.235,0.727,0.713,0.466,0.475,0.496,0.028,0.429,0.814,0.061,0.809,0.794,0.87,0.292,0.091,0.945,0.028,0.638,0.859,0.005,0.85,0.053,0.757,0.721,0.236,0.745,0.164,0.446,0.225,0.289,0.888,0.557,0.602,0.925,0.839,0.378,0.627,0.264
0.0,0.683,0.436,0.934,0.896,0.458,0.886,0.566,0.372,0.819,0.622,0.456,0.96,0.063,0.674,0.256,0.78,0.304,0.27,0.334,0.714,0.425,0.817,0.586,0.315,0.73,0.25,0.822,0.954,0.684,0.047,0.027,0.693,0.877,0.342,0.035,0.79,0.249,0.679,0.782,0.504
0.0,0.912,0.261,0.094,0.875,0.371,0.522,0.657,0.647,0.983,0.483,0.226,0.731,0.151,0.267,0.889,0.141,0.435,0.367,0.858,0.81,0.92,0.857,0.975,0.75,0.706,0.172,0.156,0.351,0.134,0.23,0.998,0.291,0.143,0.601,0.361,0.449,0.723,0.628,0.011,0.158
1.0,0.033,0.332,0.746,0.901,0.392,0.362,0.44,0.648,0.194,0.682,0.884,0.644,0.774,0.938,0.27,0.903,0.477,0.644,0.575,0.789,0.006,0.752,0.64,0.678,0.057,0.321,0.006,0.06,0.867,0.401,0.785,0.31,0.476,0.613,0.785,0.179,0.259,0.85,0.439,0.451
0.0,0.534,0.114,0.222,0.693,0.956,0.866,0.568,0.17,0.23,0.599,0.965,0.942,0.339,0.317,0.756,0.896,0.094,0.999,0.579,0.093,0.411,0.751,0.421,0.578,0.11,0.033,0.689,0.029,0.283,0.101,0.97,0.165,0.096,0.796,0.726,0.347,0.356,0.428,0.674,0.783
1.0,0.276,0.944,0.04,0.777,0.139,0.257,0.655,0.318,0.511,0.582,0.025,0.442,0.109,0.434,0.894,0.822,0.277,0.002,0.075,0.171,0.397,0.283,0.097,0.369,0.477,0.855,0.522,0.146,0.278,0.053,0.557,0.45,0.724,0.428,0.422,0.318,0.881,0.562,0.535,0.151
1.0,0.773,0.338,0.139,0.283,0.005,0.011,0.392,0.764,0.856,0.144,0.959,0.08,0.477,0.29,0.799,0.012,0.302,0.24,0.024,0.376,0.807,0.493,0.599,0.427,0.708,0.211,0.045,0.876,0.123,0.303,0.351,0.328,0.494,0.714,0.135,0.51,0.49,0.55,0.761,0.544
0.0,0.742,0.05,0.727,0.831,0.904,0.139,0.346,0.071,0.065,0.491,0.184,0.971,0.453,0.01,0.565,0.126,0.858,0.376,0.693,0.053,0.129,0.117,0.674,0.904,0.069,0.084,0.313,0.052,0.736,0.166,0.331,0.816,0.889,0.874,0.85,0.551,0.02,0.123,0.951,0.453
1.0,0.646,0.608,0.128,0.64,0.145,0.802,0.6,0.472,0.315,0.926,0.804,0.64,0.161,0.981,0.342,0.107,0.17,0.247,0.143,0.638,0.293,0.398,0.432,0.538,0.116,0.745,0.5,0.079,0.648,0.165,0.984,0.653,0.879,0.527,0.269,0.343,0.435,0.926,0.779,0.616
1.0,0.456,0.67,0.441,0.305,0.327,0.842,0.305,0.161,0.57,0.637,0.65,0.621,0.896,0.94,0.351,0.849,0.084,0.349,0.437,0.001,0.972,0.99,0.194,0.704,0.618,0.993,0.605,0.483,0.847,0.899,0.069,0.882,0.094,0.469,0.275,0.97,0.696,0.138,0.013,0.999
1.0,0.347,0.457,0.21,0.697,0.777,0.128,0.002,0.857,0.457,0.311,0.461,0.114,0.676,0.447,0.035,0.659,0.331,0.121,0.882,0.157,0.9,0.241,0.181,0.898,0.929,0.635,0.883,0.811,0.025,0.848,0.258,0.8,0.685,0.016,0.794,0.803,0.509,0.43,0.424,0.449
1.0,0.089,0.51,0.591,0.29,0.515,0.066,0.991,0.444,0.702,0.081,0.051,0.403,0.224,0.051,0.316,0.75,0.407,0.142,0.992,0.391,0.684,0.04,0.129,0.003,0.465,0.648,0.664,0.744,0.284,0.112,0.507,0.793,0.479,0.983,0.905,0.404,0.974,0.147,0.402,0.246
0.0,0.985,0.206,0.21,0.828,0.916,0.537,0.368,0.084,0.295,0.393,0.352,0.06,0.423,0.355,0.442,0.687,0.636,0.768,0.71,0.771,0.169,0.248,0.247,0.14,0.706,0.121,0.816,0.967,0.486,0.354,0.62,0.947,0.834,0.496,0.274,0.934,0.757,0.914,0.484,0.099
1.0,0.374,0.763,0.961,0.349,0.314,0.313,0.041,0.558,0.858,0.928,0.59,0.556,0.153,0.908,0.158,0.743,0.853,0.272,0.009,0.18,0.647,0.793,0.19,0.788,0.92,0.172,0.35,0.608,0.503,0.875,0.249,0.237,0.393,0.673,0.606,0.537,0.718,0.612,0.39,0.642
1.0,0.775,0.286,0.102,0.452,0.034,0.965,0.943,0.341,0.449,0.175,0.768,0.487,0.868,0.053,0.511,0.931,0.599,0.135,0.648,0.536,0.882,0.747,0.406,0.032,0.688,0.679,0.128,0.898,0.305,0.951,0.677,0.068,0.361,0.274,0.268,0.31,0.136,0.743,0.267,0.722
0.0,0.882,0.608,0.613,0.816,0.928,0.531,0.911,0.665,0.405,0.175,0.592,0.607,0.048,0.318,0.101,0.271,0.901,0.678,0.359,0.308,0.555,0.956,0.506,0.509,0.054,0.474,0.203,0.566,0.133,0.48,0.583,0.168,0.907,0.344,0.614,0.503,0.764,0.411,0.762,0.898
0.0,0.257,0.612,0.264,0.16,0.135,0.252,0.549,0.111,0.314,0.141,0.476,0.671,0.064,0.407,0.244,0.609,0.043,0.073,0.48,0.844,0.614,0.815,0.847,0.082,0.946,0.419,0.781,0.166,0.928,0.173,0.791,0.596,0.955,0.244,0.424,0.348,0.05,0.245,0.886,0.566
0.0,0.004,0.436,0.427,0.573,0.732,0.133,0.397,0.495,0.637,0.57,0.147,0.836,0.677,0.159,0.461,0.977,0.633,0.281,0.455,0.686,0.273,0.065,0.6,0.857,0.853,0.669,0.981,0.413,0.671,0.634,0.708,0.378,0.755,0.93,0.882,0.449,0.819,0.998,0.151,0.181
1.0,0.337,0.778,0.004,0.359,0.51,0.124,0.194,0.236,0.154,0.0,0.484,0.004,0.769,0.933,0.346,0.371,0.778,0.464,0.016,0.602,0.577,0.182,0.072,0.812,0.122,0.693,0.061,0.455,0.877,0.82,0.156,0.648,0.671,0.443,0.143,0.892,0.947,0.019,0.102,0.27
1.0,0.195,0.699,0.461,0.222,0.558,0.695,0.464,0.917,0.501,0.44,0.957,0.059,0.069,0.121,0.365,0.386,0.373,0.834,0.679,0.701,0.821,0.044,0.528,0.028,0.927,0.879,0.236,0.323,0.306,0.212,0.382,0.427,0.717,0.22,0.969,0.494,0.976,0.889,0.438,0.583
0.0,0.749,0.335,0.801,0.321,0.228,0.267,0.761,0.069,0.849,0.12,0.693,0.065,0.841,0.499,0.005,0.709,0.983,0.317,0.231,0.245,0.841,0.195,0.582,0.266,0.75,0.085,0.64,0.489,0.432,0.698,0.517,0.42,0.058,0.778,0.44,0.915,0.363,0.915,0.561,0.09
0.0,0.034,0.376,0.241,0.932,0.932,0.722,0.788,0.733,0.168,0.306,0.967,0.177,0.474,0.724,0.062,0.085,0.344,0.094,0.34,0.119,0.005,0.178,0.047,0.851,0.049,0.613,0.028,0.118,0.342,0.873,0.898,0.161,0.944,0.419,0.65,0.208,0.871,0.369,0.817,0.434
0.0,0.651,0.005,0.054,0.12,0.47,0.72,0.066,0.108,0.101,0.397,0.913,0.979,0.781,0.055,0.814,0.161,0.967,0.431,0.887,0.864,0.99,0.225,0.623,0.367,0.953,0.15,0.737,0.08,0.344,0.725,0.085,0.29,0.548,0.086,0.085,0.515,0.963,0.751,0.313,0.021
0.0,0.245,0.971,0.486,0.556,0.234,0.124,0.618,0.835,0.461,0.536,0.339,0.56,0.292,0.602,0.256,0.232,0.637,0.721,0.692,0.423,0.828,0.6,0.839,0.574,0.906,0.898,0.411,0.842,0.642,0.862,0.171,0.295,0.463,0.288,0.801,0.521,0.165,0.264,0.319,0.617
1.0,0.173,0.591,0.273,0.124,0.461,0.633,0.571,0.926,0.204,0.607,0.122,0.155,0.983,0.916,0.98,0.97,0.391,0.047,0.197,0.967,0.603,0.103,0.736,0.406,0.846,0.943,0.045,0.669,0.718,0.497,0.176,0.706,0.217,0.287,0.429,0.727,0.513,0.564,0.539,0.356
1.0,0.009,0.762,0.16,0.29,0.506,0.089,0.216,0.712,0.173,0.153,0.241,0.666,0.662,0.081,0.937,0.889,0.292,0.709,0.745,0.211,0.734,0.995,0.653,0.197,0.269,0.207,0.511,0.67,0.526,0.864,0.439,0.349,0.727,0.293,0.483,0.292,0.679,0.309,0.705,0.766
1.0,0.436,0.052,0.743,0.081,0.645,0.259,0.932,0.42,0.003,0.904,0.245,0.65,0.29,0.95,0.23,0.536,0.993,0.873,0.675,0.607,0.242,0.819,0.244,0.409,0.939,0.714,0.394,0.541,0.423,0.19,0.443,0.685,0.034,0.395,0.825,0.575,0.187,0.833,0.899,0.329
0.0,0.501,0.722,0.327,0.964,0.667,0.536,0.822,0.219,0.038,0.047,0.607,0.291,0.425,0.28,0.488,0.249,0.41,0.697,0.113,0.852,0.226,0.885,0.823,0.125,0.744,0.569,0.142,0.741,0.23,0.114,0.825,0.921,0.942,0.324,0.706,0.597,0.789,0.513,0.056,0.708
1.0,0.193,0.532,0.864,0.854,0.247,0.047,0.863,0.497,0.66,0.36,0.232,0.494,0.852,0.669,0.496,0.782,0.809,0.733,0.341,0.599,0.743,0.945,0.192,0.754,0.575,0.576,0.853,0.174,0.258,0.916,0.713,0.95,0.041,0.619,0.377,0.809,0.587,0.446,0.999,0.13
0.0,0.723,0.566,0.866,0.029,0.867,0.766,0.339,0.988,0.912,0.275,0.555,0.76,0.898,0.283,0.748,0.163,0.041,0.185,0.744,0.766,0.495,0.035,0.29,0.469,0.598,0.313,0.482,0.457,0.899,0.741,0.361,0.413,0.268,0.446,0.784,0.66,0.412,0.957,0.192,0.263
1.0,0.201,0.606,0.194,0.974,0.197,0.341,0.731,0.975,0.265,0.908,0.07,0.119,0.77,0.083,0.458,0.001,0.163,0.723,0.903,0.809,0.173,0.928,0.018,0.411,0.449,0.698,0.387,0.279,0.967,0.738,0.619,0.334,0.694,0.157,0.434,0.111,0.915,0.271,0.591,0.016
0.0,0.891,0.108,0.22,0.336,0.667,0.579,0.233,0.938,0.218,0.833,0.66,0.072,0.984,0.373,0.662,0.905,0.826,0.013,0.275,0.262,0.775,0.944,0.966,0.94,0.159,0.221,0.039,0.049,0.327,0.122,0.911,0.062,0.868,0.404,0.345,0.67,0.006,0.173,0.941,0.079
0.0,0.411,0.741,0.608,0.901,0.234,0.737,0.542,0.753,0.953,0.883,0.209,0.718,0.717,0.746,0.272,0.746,0.093,0.284,0.578,0.788,0.316,0.484,0.855,0.841,0.242,0.705,0.766,0.777,0.644,0.675,0.676,0.862,0.746,0.557,0.374,0.649,0.976,0.221,0.505,0.849
0.0,0.547,0.511,0.911,0.939,0.004,0.858,0.277,0.726,0.677,0.204,0.521,0.399,0.503,0.866,0.913,0.069,0.419,0.754,0.349,0.9,0.946,0.076,0.955,0.922,0.461,0.142,0.006,0.436,0.934,0.346,0.253,0.636,0.204,0.222,0.054,0.766,0.644,0.008,0.805,0.699
0.0,0.113,0.902,0.19,0.912,0.843,0.234,0.883,0.503,0.087,0.27,0.563,0.47,0.306,0.825,0.914,0.954,0.722,0.959,0.38,0.487,0.894,0.63,0.406,0.645,0.876,0.502,0.875,0.584,0.305,0.561,0.271,0.579,0.722,0.645,0.73,0.878,0.195,0.235,0.409,0.651
1.0,0.753,0.194,0.482,0.087,0.439,0.186,0.742,0.901,0.786,0.038,0.802,0.353,0.084,0.25,0.877,0.998,0.042,0.253,0.366,0.991,0.044,0.144,0.843,0.076,0.757,0.46,0.286,0.47,0.687,0.355,0.142,0.61,0.909,0.575,0.852,0.947,0.634,0.154,0.898,0.596
1.0,0.97,0.973,0.974,0.623,0.466,0.42,0.439,0.567,0.513,0.691,0.823,0.394,0.047,0.72,0.83,0.495,0.845,0.485,0.853,0.922,0.502,0.693,0.493,0.062,0.901,0.871,0.48,0.019,0.439,0.839,0.111,0.288,0.188,0.695,0.786,0.038,0.136,0.438,0.457,0.207
1.0,0.21,0.699,0.312,0.757,0.824,0.617,0.956,0.691,0.443,0.37,0.698,0.308,0.15,0.146,0.745,0.695,0.628,0.888,0.74,0.107,0.487,0.117,0.413,0.891,0.865,0.981,0.073,0.498,0.498,0.043,0.857,0.689,0.867,0.016,0.85,0.508,0.332,0.627,0.205,0.706
1.0,0.151,0.531,0.502,0.518,0.603,0.695,0.117,0.656,0.154,0.005,0.294,0.011,0.119,0.109,0.881,0.125,0.748,0.584,0.869,0.236,0.664,0.335,0.471,0.78,0.442,0.009,0.237,0.962,0.134,0.695,0.309,0.471,0.318,0.263,0.704,0.209,0.708,0.597,0.838,0.25
0.0,0.137,0.005,0.607,0.59,0.16,0.129,0.975,0.589,0.889,0.61,0.808,0.395,0.292,0.937,0.857,0.513,0.773,0.314,0.086,0.257,0.746,0.691,0.799,0.998,0.637,0.109,0.686,0.39,0.164,0.659,0.983,0.129,0.317,0.699,0.375,0.652,0.657,0.433,0.938,0.492
1.0,0.636,0.439,0.343,0.078,0.319,0.564,0.202,0.034,0.477,0.365,0.49,0.391,0.784,0.182,0.952,0.281,0.173,0.116,0.909,0.761,0.261,0.757,0.997,0.382,0.398,0.377,0.745,0.582,0.953,0.062,0.994,0.433,0.42,0.892,0.712,0.073,0.652,0.92,0.432,0.771
1.0,0.263,0.028,0.039,0.944,0.352,0.387,0.038,0.175,0.822,0.217,0.715,0.025,0.436,0.909,0.592,0.232,0.197,0.444,0.536,0.087,0.314,0.978,0.577,0.312,0.323,0.233,0.097,0.548,0.72,0.209,0.776,0.061,0.845,0.446,0.338,0.328,0.746,0.677,0.99,0.962
0.0,0.617,0.837,0.607,0.356,0.218,0.195,0.659,0.365,0.241,0.027,0.188,0.941,0.753,0.762,0.203,0.536,0.981,0.329,0.545,0.186,0.795,0.148,0.885,0.16,0.458,0.018,0.408,0.014,0.181,0.83,0.405,0.392,0.62,0.769,0.926,0.679,0.505,0.765,0.418,0.232
0.0,0.992,0.62,0.289,0.088,0.51,0.96,0.954,0.071,0.043,0.459,0.534,0.905,0.501,0.357,0.769,0.732,0.234,0.67,0.667,0.119,0.004,0.744,0.518,0.614,0.97,0.941,0.474,0.609,0.442,0.483,0.996,0.043,0.621,0.328,0.285,0.956,0.828,0.256,0.908,0.207
1.0,0.993,0.327,0.91,0.48,0.67,0.716,0.063,0.097,0.177,0.174,0.652,0.2,0.162,0.618,0.806,0.122,0.633,0.196,0.499,0.932,0.938,0.38,0.165,0.995,0.849,0.278,0.733,0.355,0.076,0.143,0.611,0.839,0.467,0.913,0.745,0.942,0.296,0.48,0.551,0.026
0.0,0.761,0.545,0.397,0.242,0.202,0.727,0.017,0.29,0.36,0.049,0.461,0.96,0.288,0.977,0.473,0.058,0.809,0.101,0.549,0.445,0.5,0.498,0.022,0.862,0.436,0.812,0.465,0.93,0.976,0.739,0.748,0.676,0.546,0.125,0.917,0.679,0.409,0.552,0.096,0.385
1.0,0.39,0.089,0.66,0.734,0.194,0.479,0.644,0.27,0.994,0.474,0.852,0.185,0.116,0.141,0.247,0.697,0.122,0.069,0.091,0.354,0.423,0.581,0.366,0.806,0.592,0.7,0.855,0.234,0.907,0.517,0.987,0.863,0.059,0.702,0.792,0.968,0.142,0.597,0.91,0.506
0.0,0.418,0.105,0.671,0.468,0.41,0.8,0.81,0.549,0.682,0.359,0.58,0.985,0.781,0.382,0.022,0.348,0.324,0.284,0.956,0.961,0.761,0.905,0.581,0.251,0.435,0.298,0.005,0.897,0.747,0.362,0.799,0.415,0.771,0.439,0.642,0.193,0.846,0.05,0.305,0.814
0.0,0.943,0.627,0.636,0.503,0.369,0.746,0.267,0.907,0.932,0.333,0.952,0.272,0.617,0.534,0.855,0.151,0.785,0.408,0.895,0.613,0.844,0.536,0.919,0.475,0.99,0.513,0.628,0.228,0.177,0.722,0.418,0.568,0.247,0.717,0.653,0.944,0.445,0.725,0.944,0.496
1.0,0.468,0.836,0.656,0.362,0.738,0.9,0.857,0.267,0.56,0.12,0.622,0.186,0.261,0.669,0.821,0.509,0.622,0.101,0.083,0.806,0.655,0.898,0.556,0.754,0.103,0.611,0.994,0.26,0.688,0.513,0.638,0.872,0.527,0.161,0.139,0.222,0.208,0.15,0.603,0.638
0.0,0.178,0.558,0.118,0.975,0.365,0.116,0.135,0.948,0.459,0.539,0.271,0.851,0.275,0.76,0.736,0.836,0.604,0.08,0.085,0.31,0.742,0.38,0.519,0.408,0.999,0.689,0.147,0.445,0.299,0.323,0.131,0.506,0.149,0.725,0.073,0.128,0.639,0.889,0.683,0.458
1.0,0.518,0.12,0.031,0.695,0.181,0.859,0.01,0.81,0.806,0.246,0.445,0.399,0.702,0.841,0.135,0.014,0.41,0.662,0.329,0.618,0.643,0.873,0.302,0.972,0.266,0.297,0.881,0.977,0.861,0.018,0.276,0.985,0.176,0.73,0.802,0.366,0.451,0.648,0.623,0.141
0.0,0.267,0.715,0.303,0.832,0.227,0.025,0.89,0.789,0.035,0.145,0.455,0.884,0.916,0.745,0.626,0.518,0.428,0.408,0.577,0.796,0.36,0.276,0.309,0.412,0.903,0.61,0.771,0.646,0.774,0.705,0.642,0.242,0.98,0.988,0.038,0.485,0.917,0.839,0.912,0.032
1.0,0.172,0.633,0.74,0.581,0.735,0.092,0.117,0.049,0.584,0.136,0.718,0.226,0.236,0.804,0.695,0.531,0.568,0.423,0.515,0.794,0.712,0.916,0.573,0.139,0.428,0.334,0.896,0.48,0.065,0.579,0.578,0.867,0.052,0.216,0.908,0.995,0.135,0.036,0.591,0.245
1.0,0.573,0.662,0.154,0.12,0.261,0.639,0.579,0.809,0.107,0.216,0.954,0.727,0.991,0.673,0.574,0.563,0.775,0.414,0.814,0.372,0.278,0.773,0.214,0.373,0.501,0.587,0.645,0.543,0.322,0.954,0.833,0.455,0.396,0.652,0.152,0.455,0.805,0.164,0.251,0.438
0.0,0.275,0.729,0.163,0.156,0.808,0.469,0.933,0.758,0.793,0.628,0.353,0.191,0.958,0.625,0.162,0.715,0.925,0.683,0.011,0.181,0.264,0.129,0.999,0.925,0.406,0.207,0.318,0.534,0.675,0.42,0.925,0.473,0.829,0.835,0.44,0.873,0.564,0.668,0.04,0.91
1.0,0.157,0.389,0.693,0.389,0.054,0.93,0.666,0.048,0.914,0.197,0.077,0.037,0.829,0.021,0.894,0.041,0.04,0.495,0.885,0.883,0.872,0.617,0.515,0.134,0.108,0.344,0.465,0.334,0.877,0.793,0.141,0.493,0.454,0.068,0.435,0.503,0.565,0.402,0.036,0.093
0.0,0.371,0.88,0.086,0.607,0.53,0.099,0.012,0.885,0.482,0.687,0.331,0.861,0.17,0.863,0.012,0.42,0.456,0.98,0.104,0.043,0.537,0.053,0.757,0.748,0.826,0.864,0.929,0.952,0.32,0.307,0.703,0.447,0.148,0.508,0.035,0.418,0.627,0.291,0.796,0.361
1.0,0.002,0.647,0.252,0.913,0.063,0.226,0.235,0.329,0.506,0.199,0.209,0.007,0.284,0.275,0.982,0.757,0.859,0.857,0.769,0.534,0.25,0.625,0.658,0.847,0.694,0.206,0.047,0.69,0.904,0.518,0.592,0.687,0.299,0.355,0.952,0.988,0.736,0.885,0.423,0.844
0.0,0.16,0.442,0.535,0.834,0.619,0.149,0.926,0.786,0.542,0.618,0.586,0.876,0.403,0.16,0.116,0.451,0.486,0.616,0.57,0.665,0.185,0.359,0.225,0.147,0.308,0.894,0.161,0.29,0.564,0.274,0.295,0.07,0.071,0.971,0.647,0.114,0.152,0.022,0.702,0.609
0.0,0.07,0.904,0.36,0.559,0.343,0.256,0.924,0.069,0.514,0.012,0.789,0.938,0.778,0.663,0.082,0.36,0.855,0.135,0.933,0.292,0.42,0.637,0.79,0.108,0.172,0.469,0.664,0.006,0.138,0.646,0.346,0.726,0.889,0.688,0.516,0.823,0.758,0.627,0.418,0.354
0.0,0.709,0.559,0.686,0.344,0.882,0.287,0.625,0.195,0.359,0.766,0.217,0.158,0.379,0.968,0.095,0.492,0.487,0.284,0.98,0.705,0.575,0.515,0.583,0.035,0.266,0.555,0.74,0.481,0.274,0.196,0.625,0.687,0.201,0.619,0.257,0.751,0.608,0.978,0.494,0.816
0.0,0.28,0.171,0.43,0.74,0.448,0.479,0.737,0.025,0.641,0.819,0.13,0.948,0.794,0.456,0.875,0.35,0.149,0.097,0.783,0.49,0.574,0.125,0.683,0.2,0.641,0.207,0.705,0.377,0.673,0.884,0.53,0.316,0.988,0.439,0.873,0.577,0.041,0.104,0.814,0.626
0.0,0.326,0.385,0.163,0.019,0.579,0.731,0.095,0.82,0.812,0.929,0.125,0.578,0.39,0.691,0.19,0.072,0.028,0.618,0.423,0.338,0.452,0.774,0.783,0.158,0.797,0.216,0.835,0.267,0.702,0.578,0.619,0.543,0.004,0.764,0.982,0.772,0.607,0.981,0.77,0.767
1.0,0.976,0.665,0.942,0.071,0.354,0.42,0.583,0.44,0.211,0.385,0.832,0.514,0.438,0.504,0.553,0.377,0.014,0.404,0.233,0.74,0.982,0.262,0.769,0.291,0.655,0.421,0.919,0.568,0.581,0.723,0.807,0.589,0.519,0.059,0.357,0.365,0.583,0.037,0.543,0.264
0.0,0.083,0.314,0.65,0.604,0.885,0.723,0.399,0.901,0.558,0.274,0.249,0.329,0.607,0.858,0.996,0.177,0.347,0.74,0.383,0.858,0.01,0.371,0.971,0.657,0.267,0.729,0.827,0.064,0.06,0.055,0.558,0.241,0.153,0.304,0.726,0.57,0.471,0.599,0.878,0.252
0.0,0.2,0.892,0.519,0.412,0.985,0.161,0.534,0.466,0.116,0.813,0.829,0.471,0.541,0.724,0.925,0.785,0.428,0.755,0.336,0.004,0.769,0.841,0.542,0.334,0.857,0.785,0.37,0.823,0.916,0.027,0.976,0.294,0.58,0.378,0.814,0.752,0.064,0.717,0.586,0.843
1.0,0.755,0.718,0.289,0.497,0.76,0.243,0.806,0.806,0.944,0.187,0.386,0.212,0.317,0.701,0.835,0.188,0.922,0.489,0.895,0.338,0.149,0.203,0.373,0.008,0.762,0.25,0.958,0.559,0.788,0.13,0.009,0.48,0.39,0.245,0.592,0.238,0.59,0.936,0.766,0.623
1.0,0.418,0.529,0.298,0.222,0.362,0.439,0.525,0.388,0.393,0.394,0.147,0.141,0.886,0.03,0.149,0.45,0.681,0.176,0.658,0.085,0.521,0.581,0.551,0.633,0.786,0.809,0.514,0.893,0.25,0.888,0.284,0.458,0.69,0.687,0.34,0.484,0.683,0.012,0.263,0.538
1.0,0.068,0.44,0.255,0.228,0.506,0.029,0.825,0.438,0.918,0.791,0.375,0.549,0.928,0.89,0.077,0.766,0.365,0.401,0.057,0.65,0.344,0.229,0.309,0.968,0.961,0.987,0.776,0.47,0.933,0.187,0.801,0.308,0.285,0.53,0.33,0.151,0.172,0.296,0.945,0.892
1.0,0.217,0.685,0.172,0.709,0.775,0.756,0.95,0.982,0.619,0.182,0.848,0.661,0.724,0.255,0.052,0.894,0.361,0.923,0.964,0.642,0.676,0.798,0.094,0.164,0.431,0.586,0.045,0.503,0.713,0.382,0.364,0.407,0.29,0.302,0.537,0.934,0.776,0.129,0.576,0.657
0.0,0.106,0.566,0.095,0.333,0.968,0.147,0.575,0.909,0.283,0.083,0.435,0.117,0.043,0.826,0.633,0.83,0.367,0.724,0.961,0.601,0.545,0.639,0.203,0.257,0.491,0.779,0.764,0.134,0.987,0.963,0.043,0.785,0.712,0.716,0.144,0.453,0.307,0.553,0.243,0.64
0.0,0.764,0.648,0.318,0.549,0.428,0.764,0.903,0.257,0.263,0.957,0.37,0.941,0.332,0.213,0.067,0.309,0.626,0.688,0.312,0.046,0.236,0.556,0.964,0.242,0.13,0.187,0.469,0.399,0.23,0.435,0.194,0.205,0.583,0.374,0.829,0.842,0.449,0.093,0.624,0.14
1.0,0.229,0.567,0.91,0.624,0.037,0.918,0.284,0.61,0.483,0.176,0.858,0.978,0.909,0.262,0.148,0.568,0.63,0.983,0.164,0.767,0.263,0.425,0.761,0.868,0.453,0.31,0.518,0.589,0.297,0.408,0.38,0.595,0.334,0.532,0.464,0.101,0.323,0.466,0.213,0.701
0.0,0.356,0.494,0.423,0.645,0.125,0.358,0.975,0.187,0.843,0.579,0.13,0.977,0.704,0.608,0.835,0.142,0.177,0.36,0.361,0.724,0.608,0.238,0.202,0.459,0.301,0.588,0.497,0.869,0.034,0.26,0.807,0.254,0.318,0.018,0.931,0.253,0.043,0.6,0.702,0.916
1.0,0.76,0.749,0.99,0.513,0.494,0.227,0.263,0.715,0.669,0.929,0.482,0.006,0.385,0.618,0.074,0.147,0.428,0.658,0.59,0.257,0.913,0.47,0.416,0.058,0.701,0.571,0.903,0.139,0.102,0.453,0.653,0.823,0.864,0.012,0.717,0.794,0.501,0.17,0.928,0.693
0.0,0.293,0.946,0.78,0.0,0.843,0.091,0.418,0.113,0.169,0.326,0.976,0.442,0.944,0.073,0.87,0.181,0.778,0.713,0.624,0.552,0.005,0.065,0.049,0.837,0.861,0.489,0.263,0.778,0.101,0.685,0.592,0.072,0.679,0.725,0.478,0.419,0.08,0.211,0.433,0.601
0.0,0.45,0.805,0.356,0.067,0.021,0.525,0.543,0.057,0.536,0.053,0.294,0.322,0.776,0.096,0.565,0.57,0.909,0.487,0.592,0.023,0.715,0.369,0.876,0.454,0.42,0.543,0.221,0.42,0.97,0.873,0.009,0.188,0.596,0.164,0.455,0.522,0.693,0.784,0.931,0.967
1.0,0.614,0.04,0.354,0.157,0.147,0.32,0.384,0.128,0.027,0.342,0.519,0.25,0.881,0.669,0.266,0.643,0.54,0.501,0.39,0.425,0.105,0.167,0.152,0.1,0.905,0.058,0.758,0.633,0.544,0.861,0.814,0.844,0.505,0.947,0.841,0.801,0.031,0.309,0.935,0.328
0.0,0.091,0.221,0.684,0.667,0.488,0.041,0.98,0.857,0.779,0.446,0.443,0.022,0.325,0.08,0.852,0.028,0.699,0.287,0.753,0.742,0.778,0.654,0.222,0.315,0.139,0.195,0.842,0.07,0.085,0.372,0.844,0.059,0.196,0.263,0.075,0.167,0.227,0.408,0.305,0.933
0.0,0.928,0.499,0.545,0.972,0.487,0.758,0.665,0.153,0.468,0.58,0.632,0.936,0.02,0.791,0.219,0.566,0.888,0.267,0.419,0.9,0.755,0.098,0.953,0.404,0.779,0.901,0.335,0.398,0.153,0.625,0.778,0.832,0.921,0.086,0.239,0.679,0.596,0.666,0.447,0.539
0.0,0.188,0.868,0.376,0.843,0.347,0.375,0.434,0.094,0.052,0.393,0.729,0.943,0.7,0.31,0.05,0.499,0.718,0.686,0.866,0.673,0.174,0.065,0.833,0.231,0.197,0.106,0.867,0.758,0.893,0.728,0.917,0.125,0.522,0.969,0.895,0.068,0.262,0.099,0.237,0.816
0.0,0.448,0.479,0.315,0.113,0.14,0.161,0.871,0.923,0.068,0.391,0.629,0.009,0.768,0.026,0.236,0.932,0.312,0.672,0.329,0.332,0.34,0.726,0.853,0.338,0.235,0.059,0.159,0.675,0.491,0.028,0.791,0.972,0.197,0.164,0.526,0.269,0.593,0.15,0.728,0.586
0.0,0.406,0.776,0.466,0.819,0.043,0.929,0.366,0.172,0.276,0.586,0.539,0.873,0.234,0.077,0.447,0.005,0.57,0.703,0.124,0.355,0.027,0.085,0.391,0.669,0.842,0.661,0.357,0.075,0.398,0.573,0.766,0.436,0.109,0.93,0.638,0.658,0.15,0.676,0.433,0.42
0.0,0.715,0.107,0.304,0.824,0.268,0.878,0.032,0.282,0.35,0.61,0.547,0.801,0.45,0.375,0.633,0.942,0.784,0.257,0.428,0.935,0.395,0.066,0.872,0.977,0.179,0.186,0.977,0.778,0.647,0.358,0.686,0.194,0.777,0.471,0.153,0.343,0.955,0.377,0.578,0.232
1.0,0.197,0.349,0.878,0.699,0.381,0.538,0.03,0.745,0.684,0.201,0.828,0.755,0.467,0.033,0.738,0.701,0.408,0.154,0.051,0.696,0.798,0.142,0.196,0.653,0.939,0.099,0.428,0.698,0.074,0.926,0.238,0.463,0.409,0.197,0.478,0.558,0.877,0.812,0.747,0.983
0.0,0.215,0.612,0.297,0.891,0.854,0.568,0.754,0.168,0.226,0.108,0.494,0.49,0.344,0.014,0.247,0.375,0.801,0.449,0.586,0.737,0.666,0.108,0.106,0.572,0.808,0.332,0.912,0.64,0.14,0.191,0.986,0.907,0.431,0.955,0.288,0.266,0.981,0.017,0.055,0.383
1.0,0.175,0.002,0.771,0.471,0.335,0.044,0.611,0.892,0.787,0.964,0.59,0.375,0.679,0.128,0.221,0.844,0.124,0.896,0.5,0.837,0.669,0.566,0.594,0.938,0.993,0.654,0.339,0.464,0.584,0.913,0.421,0.886,0.14,0.236,0.358,0.042,0.491,0.786,0.824,0.666
0.0,0.696,0.441,0.621,0.468,0.093,0.341,0.753,0.187,0.989,0.723,0.244,0.89,0.121,0.556,0.551,0.252,0.283,0.226,0.396,0.204,0.011,0.641,0.83,0.036,0.003,0.294,0.765,0.653,0.482,0.272,0.78,0.634,0.808,0.669,0.794,0.922,0.206,0.914,0.105,0.364
1.0,0.686,0.286,0.477,0.517,0.793,0.705,0.199,0.109,0.962,0.63,0.16,0.605,0.036,0.714,0.996,0.565,0.529,0.067,0.062,0.577,0.157,0.087,0.154,0.835,0.797,0.874,0.197,0.171,0.805,0.746,0.801,0.306,0.571,0.115,0.729,0.571,0.455,0.026,0.763,0.545
1.0,0.406,0.26,0.144,0.772,0.526,0.009,0.612,0.312,0.078,0.919,0.689,0.11,0.395,0.096,0.279,0.522,0.7,0.262,0.665,0.128,0.749,0.348,0.664,0.002,0.792,0.71,0.575,0.694,0.175,0.636,0.143,0.008,0.416,0.663,0.707,0.928,0.569,0.013,0.791,0.203
0.0,0.449,0.441,0.491,0.813,0.6,0.889,0.287,0.577,0.751,0.218,0.763,0.867,0.359,0.893,0.447,0.276,0.618,0.246,0.07,0.8,0.621,0.803,0.577,0.415,0.697,0.739,0.387,0.141,0.952,0.37,0.359,0.029,0.583,0.156,0.817,0.102,0.212,0.427,0.661,0.294
1.0,0.142,0.277,0.641,0.85,0.388,0.092,0.557,0.627,0.683,0.935,0.06,0.148,0.23,0.97,0.75,0.235,0.296,0.08,0.674,0.531,0.94,0.802,0.739,0.934,0.237,0.84,0.934,0.184,0.432,0.182,0.554,0.64,0.022,0.786,0.293,0.171,0.03,0.98,0.132,0.252
0.0,0.29,0.815,0.741,0.229,0.493,0.828,0.444,0.095,0.921,0.169,0.373,0.887,0.864,0.52,0.407,0.269,0.937,0.592,0.563,0.892,0.766,0.122,0.001,0.422,0.275,0.65,0.026,0.401,0.953,0.804,0.118,0.122,0.876,0.9,0.135,0.781,0.958,0.981,0.785,0.847
1.0,0.008,0.273,0.216,0.689,0.439,0.975,0.452,0.968,0.811,0.629,0.752,0.737,0.735,0.477,0.737,0.294,0.549,0.336,0.156,0.007,0.534,0.383,0.04,0.873,0.948,0.237,0.23,0.124,0.462,0.082,0.544,0.095,0.966,0.903,0.116,0.38,0.666,0.24,0.432,0.024
0.0,0.705,0.294,0.721,0.748,0.523,0.048,0.215,0.727,0.961,0.591,0.636,0.877,0.754,0.262,0.22,0.985,0.162,0.75,0.488,0.217,0.198,0.68,0.33,0.213,0.97,0.324,0.676,0.263,0.63,0.514,0.282,0.96,0.676,0.349,0.891,0.304,0.651,0.784,0.508,0.573
1.0,0.526,0.539,0.935,0.423,0.651,0.491,0.045,0.603,0.696,0.08,0.186,0.325,0.217,0.178,0.17,0.1,0.392,0.951,0.211,0.593,0.799,0.395,0.153,0.767,0.018,0.747,0.494,0.648,0.101,0.176,0.723,0.819,0.876,0.318,0.597,0.79,0.662,0.248,0.273,0.76
1.0,0.818,0.45,0.841,0.071,0.732,0.867,0.232,0.576,0.078,0.728,0.668,0.749,0.422,0.538,0.807,0.167,0.275,0.957,0.38,0.239,0.097,0.541,0.154,0.602,0.929,0.726,0.093,0.568,0.248,0.573,0.468,0.144,0.293,0.075,0.531,0.094,0.034,0.905,0.321,0.641
1.0,0.525,0.417,0.233,0.54,0.41,0.509,0.262,0.674,0.112,0.835,0.761,0.044,0.017,0.104,0.294,0.291,0.9,0.342,0.766,0.523,0.061,0.06,0.34,0.51,0.337,0.547,0.761,0.929,0.193,0.143,0.325,0.286,0.255,0.214,0.039,0.121,0.083,0.212,0.947,0.897
1.0,0.316,0.52,0.667,0.805,0.088,0.222,0.377,0.568,0.482,0.509,0.64,0.699,0.02,0.698,0.281,0.777,0.994,0.377,0.246,0.33,0.522,0.649,0.376,0.602,0.629,0.266,0.424,0.525,0.85,0.001,0.242,0.34,0.642,0.842,0.584,0.881,0.767,0.974,0.954,0.665
0.0,0.005,0.047,0.2,0.072,0.905,0.98,0.685,0.405,0.787,0.721,0.953,0.79,0.733,0.248,0.04,0.294,0.523,0.415,0.685,0.2,0.216,0.403,0.552,0.118,0.086,0.156,0.007,0.888,0.823,0.205,0.785,0.149,0.097,0.192,0.345,0.076,0.545,0.012,0.85,0.513
1.0,0.026,0.037,0.055,0.526,0.071,0.717,0.672,0.051,0.169,0.605,0.243,0.023,0.03,0.834,0.509,0.205,0.748,0.21,0.032,0.677,0.556,0.144,0.668,0.749,0.581,0.883,0.881,0.29,0.792,0.129,0.964,0.517,0.564,0.413,0.132,0.045,0.104,0.897,0.35,0.838
1.0,0.394,0.392,0.482,0.968,0.002,0.92,0.84,0.625,0.458,0.718,0.419,0.233,0.269,0.372,0.227,0.962,0.239,0.827,0.584,0.296,0.053,0.149,0.684,0.821,0.645,0.262,0.432,0.419,0.55,0.071,0.514,0.219,0.774,0.453,0.974,0.12,0.917,0.422,0.473,0.561
1.0,0.601,0.636,0.148,0.61,0.496,0.577,0.215,0.156,0.126,0.439,0.808,0.701,0.344,0.675,0.73,0.892,0.115,0.733,0.154,0.19,0.705,0.546,0.168,0.088,0.533,0.551,0.667,0.378,0.504,0.529,0.037,0.304,0.726,0.407,0.013,0.476,0.386,0.874,0.748,0.563
0.0,0.191,0.34,0.819,0.04,0.281,0.045,0.396,0.952,0.237,0.119,0.422,0.781,0.757,0.556,0.176,0.12,0.865,0.833,0.465,0.965,0.489,0.528,0.466,0.326,0.237,0.347,0.145,0.224,0.622,0.041,0.875,0.981,0.912,0.441,0.121,0.976,0.293,0.113,0.929,0.777
0.0,0.112,0.267,0.712,0.983,0.872,0.221,0.295,0.624,0.55,0.92,0.069,0.476,0.374,0.242,0.29,0.448,0.787,0.834,0.57,0.78,0.619,0.803,0.644,0.162,0.413,0.416,0.125,0.781,0.905,0.01,0.461,0.471,0.151,0.951,0.567,0.555,0.343,0.571,0.043,0.568
0.0,0.752,0.039,0.244,0.736,0.895,0.145,0.278,0.762,0.755,0.146,0.382,0.165,0.264,0.124,0.993,0.543,0.078,0.553,0.336,0.465,0.343,0.497,0.542,0.115,0.239,0.1,0.605,0.557,0.453,0.005,0.124,0.939,0.737,0.97,0.545,0.144,0.977,0.312,0.161,0.027
0.0,0.772,0.539,0.524,0.937,0.796,0.625,0.97,0.939,0.052,0.554,0.527,0.793,0.525,0.699,0.362,0.053,0.858,0.639,0.027,0.226,0.468,0.591,0.617,0.671,0.81,0.879,0.38,0.046,0.681,0.104,0.862,0.822,0.547,0.302,0.976,0.027,0.644,0.271,0.392,0.735
1.0,0.219,0.318,0.955,0.842,0.195,0.376,0.168,0.32,0.27,0.037,0.996,0.68,0.126,0.02,0.802,0.146,0.314,0.1,0.621,0.992,0.422,0.873,0.441,0.262,0.701,0.899,0.278,0.776,0.297,0.205,0.317,0.232,0.515,0.663,0.953,0.635,0.188,0.29,0.795,0.343
0.0,0.659,0.281,0.743,0.842,0.801,0.737,0.876,0.047,0.178,0.626,0.766,0.149,0.613,0.675,0.932,0.859,0.155,0.162,0.883,0.937,0.828,0.418,0.973,0.995,0.96,0.205,0.727,0.298,0.262,0.43,0.525,0.907,0.025,0.321,0.236,0.606,0.577,0.681,0.721,0.496
0.0,0.74,0.309,0.733,0.574,0.967,0.704,0.605,0.263,0.903,0.036,0.519,0.031,0.652,0.729,0.171,0.892,0.49,0.683,0.274,0.586,0.7,0.331,0.645,0.056,0.252,0.856,0.88,0.076,0.571,0.235,0.818,0.715,0.504,0.901,0.0,0.354,0.084,0.667,0.675,0.412
1.0,0.833,0.98,0.609,0.987,0.232,0.983,0.264,0.225,0.597,0.652,0.519,0.684,0.448,0.707,0.464,0.19,0.743,0.524,0.4,0.892,0.589,0.13,0.756,0.456,0.289,0.623,0.352,0.986,0.986,0.995,0.333,0.194,0.224,0.419,0.836,0.276,0.079,0.211,0.91,0.663
1.0,0.414,0.935,0.116,0.952,0.832,0.927,0.011,0.023,0.381,0.722,0.764,0.114,0.561,0.412,0.705,0.057,0.181,0.904,0.802,0.965,0.617,0.337,0.27,0.568,0.323,0.715,0.479,0.591,0.273,0.592,0.629,0.152,0.908,0.444,0.215,0.529,0.934,0.357,0.955,0.429
0.0,0.816,0.592,0.794,0.836,0.207,0.842,0.522,0.22,0.351,0.15,0.803,0.948,0.552,0.256,0.693,0.812,0.153,0.904,0.442,0.303,0.707,0.518,0.236,0.174,0.869,0.875,0.294,0.521,0.468,0.028,0.056,0.846,0.607,0.448,0.645,0.968,0.602,0.206,0.149,0.999
0.0,0.647,0.709,0.04,0.749,0.19,0.924,0.138,0.215,0.882,0.136,0.527,0.158,0.112,0.555,0.895,0.351,1.0,0.94,0.665,0.669,0.877,0.515,0.978,0.799,0.002,0.204,0.898,0.013,0.206,0.809,0.804,0.12,0.556,0.104,0.344,0.367,0.67,0.317,0.872,0.738
1.0,0.181,0.015,0.869,0.906,0.273,0.281,0.442,0.882,0.88,0.293,0.531,0.105,0.778,0.472,0.064,0.023,0.427,0.88,0.461,0.067,0.731,0.723,0.392,0.487,0.467,0.943,0.461,0.962,0.569,0.963,0.281,0.842,0.627,0.129,0.735,0.224,0.005,0.163,0.162,0.672
0.0,0.12,0.374,0.537,0.515,0.188,0.709,0.341,0.984,0.773,0.082,0.312,0.489,0.496,0.006,0.247,0.837,0.926,0.551,0.24,0.197,0.973,0.127,0.946,0.72,0.603,0.884,0.897,0.435,0.506,0.729,0.302,0.633,0.19,0.63,0.412,0.286,0.354,0.713,0.049,0.372
1.0,0.36,0.04,0.164,0.448,0.039,0.664,0.723,0.173,0.659,0.634,0.175,0.465,0.797,0.295,0.197,0.889,0.086,0.591,0.846,0.33,0.737,0.253,0.405,0.247,0.852,0.329,0.467,0.448,0.077,0.267,0.358,0.094,0.861,0.752,0.996,0.72,0.513,0.927,0.795,0.699
1.0,0.254,0.743,0.247,0.984,0.468,0.622,0.697,0.094,0.517,0.69,0.749,0.088,0.607,0.968,0.474,0.199,0.507,0.841,0.249,0.67,0.717,0.749,0.628,0.939,0.049,0.614,0.415,0.254,0.415,0.395,0.739,0.643,0.083,0.333,0.779,0.291,0.654,0.1,0.371,0.32
0.0,0.927,0.569,0.635,0.825,0.46,0.09,0.185,0.926,0.813,0.029,0.42,0.014,0.917,0.758,0.62,0.929,0.726,0.891,0.666,0.128,0.71,0.153,0.878,0.148,0.974,0.877,0.67,0.673,0.955,0.842,0.593,0.845,0.426,0.418,0.585,0.744,0.038,0.356,0.772,0.584
0.0,0.174,0.925,0.804,0.904,0.935,0.149,0.469,0.845,0.785,0.508,0.807,0.239,0.611,0.725,0.105,0.569,0.08,0.167,0.796,0.065,0.0,0.112,0.803,0.652,0.992,0.803,0.082,0.561,0.725,0.266,0.596,0.499,0.917,0.124,0.436,0.514,0.625,0.249,0.291,0.638
1.0,0.137,0.932,0.244,0.32,0.567,0.73,0.142,0.37,0.555,0.398,0.845,0.118,0.346,0.387,0.465,0.48,0.389,0.05,0.573,0.119,0.459,0.395,0.393,0.078,0.558,0.016,0.239,0.607,0.134,0.919,0.383,0.016,0.714,0.434,0.358,0.66,0.616,0.927,0.795,0.661
0.0,0.844,0.546,0.261,0.533,0.003,0.009,0.783,0.694,0.319,0.094,0.373,0.951,0.798,0.693,0.974,0.991,0.814,0.571,0.05,0.521,0.148,0.261,0.517,0.777,0.452,0.501,0.876,0.079,0.182,0.568,0.041,0.098,0.665,0.315,0.357,0.112,0.149,0.583,0.741,0.687
0.0,0.957,0.28,0.793,0.048,0.971,0.142,0.55,0.434,0.591,0.89,0.445,0.231,0.465,0.724,0.016,0.072,0.706,0.898,0.072,0.696,0.187,0.435,0.946,0.589,0.521,0.82,0.974,0.951,0.863,0.404,0.836,0.316,0.387,0.177,0.087,0.493,0.189,0.84,0.329,0.343
1.0,0.219,0.455,0.385,0.155,0.173,0.786,0.516,0.651,0.154,0.17,0.464,0.297,0.665,0.524,0.465,0.464,0.877,0.662,0.674,0.017,0.82,0.34,0.174,0.707,0.429,0.075,0.532,0.556,0.293,0.006,0.859,0.763,0.134,0.4,0.582,0.615,0.436,0.903,0.331,0.569
1.0,0.004,0.376,0.142,0.719,0.649,0.744,0.11,0.302,0.838,0.737,0.995,0.393,0.738,0.717,0.679,0.174,0.433,0.272,0.85,0.177,0.841,0.213,0.326,0.969,0.149,0.467,0.386,0.408,0.335,0.112,0.731,0.523,0.238,0.131,0.467,0.715,0.264,0.051,0.822,0.816
0.0,0.949,0.807,0.226,0.243,0.042,0.644,0.363,0.3,0.622,0.925,0.236,0.853,0.627,0.366,0.599,0.268,0.697,0.205,0.207,0.871,0.64,0.001,0.617,0.392,0.846,0.867,0.134,0.491,0.149,0.269,0.848,0.792,0.987,0.922,0.909,0.197,0.957,0.123,0.128,0.383
0.0,0.829,0.718,0.008,0.484,0.929,0.911,0.449,0.112,0.737,0.103,0.005,0.601,0.113,0.386,0.71,0.771,0.544,0.008,0.649,0.524,0.785,0.002,0.743,0.5,0.346,0.084,0.05,0.175,0.575,0.625,0.317,0.725,0.084,0.671,0.97,0.797,0.214,0.047,0.774,0.466
0.0,0.894,0.579,0.44,0.999,0.986,0.0,0.912,0.719,0.523,0.751,0.571,0.778,0.52,0.31,0.516,0.211,0.439,0.322,0.794,0.933,0.637,0.684,0.979,0.965,0.876,0.823,0.112,0.989,0.154,0.802,0.904,0.017,0.721,0.745,0.313,0.813,0.649,0.251,0.941,0.363
1.0,0.313,0.763,0.926,0.47,0.635,0.584,0.694,0.574,0.037,0.321,0.803,0.405,0.052,0.856,0.012,0.137,0.913,0.052,0.328,0.087,0.543,0.07,0.711,0.336,0.604,0.326,0.272,0.266,0.083,0.222,0.918,0.853,0.556,0.231,0.935,0.227,0.494,0.38,0.5,0.608
0.0,0.866,0.219,0.217,0.805,0.179,0.109,0.153,0.122,0.419,0.939,0.578,0.937,0.128,0.74,0.232,0.552,0.44,0.906,0.127,0.511,0.689,0.14,0.987,0.758,0.194,0.922,0.298,0.474,0.154,0.261,0.056,0.178,0.498,0.573,0.87,0.795,0.846,0.945,0.414,0.07
1.0,0.684,0.452,0.415,0.514,0.354,0.113,0.112,0.627,0.692,0.672,0.133,0.13,0.973,0.806,0.259,0.751,0.629,0.965,0.952,0.022,0.587,0.966,0.238,0.72,0.937,0.874,0.955,0.148,0.018,0.277,0.21,0.217,0.072,0.289,0.17,0.671,0.937,0.924,0.551,0.328
0.0,0.478,0.963,0.856,0.219,0.876,0.816,0.824,0.276,0.304,0.06,0.087,0.074,0.336,0.836,0.421,0.462,0.244,0.535,0.305,0.456,0.209,0.235,0.823,0.463,0.433,0.01,0.734,0.128,0.817,0.975,0.739,0.976,0.715,0.95,0.992,0.397,0.417,0.153,0.102,0.593
0.0,0.684,0.576,0.597,0.976,0.668,0.696,0.18,0.177,0.122,0.105,0.804,0.516,0.471,0.722,0.624,0.825,0.927,0.41,0.888,0.23,0.401,0.811,0.945,0.949,0.023,0.259,0.888,0.268,0.075,0.875,0.161,0.6,0.496,0.63,0.674,0.109,0.806,0.471,0.995,0.692
0.0,0.186,0.318,0.584,0.955,0.011,0.55,0.771,0.811,0.621,0.788,0.931,0.443,0.154,0.388,0.336,0.278,0.253,0.518,0.569,0.199,0.734,0.795,0.796,0.911,0.398,0.141,0.048,0.22,0.689,0.377,0.866,0.235,0.556,0.07,0.779,0.016,0.366,0.09,0.212,0.164
1.0,0.415,0.653,0.886,0.515,0.612,0.789,0.224,0.182,0.93,0.323,0.951,0.599,0.213,0.595,0.675,0.734,0.667,0.948,0.901,0.552,0.814,0.078,0.736,0.508,0.633,0.625,0.67,0.802,0.861,0.087,0.036,0.45,0.266,0.15,0.09,0.253,0.45,0.339,0.379,0.063
0.0,0.165,0.407,0.044,0.108,0.184,0.116,0.75,0.099,0.478,0.534,0.847,0.422,0.896,0.879,0.762,0.264,0.395,0.978,0.122,0.985,0.93,0.742,0.977,0.96,0.414,0.223,0.881,0.112,0.337,0.293,0.933,0.91,0.138,0.274,0.495,0.169,0.728,0.491,0.168,0.47
0.0,0.643,0.451,0.788,0.148,0.381,0.298,0.39,0.432,0.56,0.973,0.459,0.831,0.309,0.168,0.402,0.02,0.868,0.756,0.021,0.833,0.216,0.991,0.841,0.388,0.447,0.138,0.368,0.665,0.297,0.043,0.758,0.955,0.146,0.546,0.653,0.956,0.521,0.607,0.619,0.084
1.0,0.777,0.404,0.707,0.928,0.437,0.599,0.939,0.158,0.794,0.247,0.835,0.331,0.361,0.986,0.579,0.604,0.259,0.851,0.446,0.319,0.08,0.467,0.053,0.489,0.91,0.978,0.795,0.748,0.439,0.713,0.207,0.14,0.117,0.578,0.228,0.209,0.591,0.687,0.151,0.676
1.0,0.098,0.316,0.58,0.893,0.81,0.028,0.619,0.765,0.113,0.849,0.215,0.27,0.073,0.566,0.862,0.378,0.78,0.336,0.457,0.3,0.366,0.416,0.366,0.627,0.996,0.344,0.204,0.661,0.538,0.638,0.736,0.642,0.493,0.675,0.036,0.829,0.362,0.77,0.921,0.886
1.0,0.903,0.655,0.894,0.707,0.131,0.729,0.526,0.778,0.448,0.293,0.599,0.167,0.315,0.981,0.383,0.9,0.234,0.015,0.826,0.236,0.312,0.83,0.988,0.79,0.665,0.234,0.845,0.73,0.079,0.971,0.514,0.223,0.507,0.582,0.518,0.535,0.954,0.758,0.264,0.441
0.0,0.11,0.399,0.592,0.681,0.088,0.496,0.562,0.906,0.664,0.276,0.043,0.176,0.83,0.922,0.659,0.511,0.569,0.622,0.726,0.032,0.239,0.313,0.878,0.366,0.314,0.571,0.062,0.734,0.512,0.757,0.835,0.873,0.889,0.449,0.319,0.401,0.061,0.841,0.913,0.866
1.0,0.785,0.522,0.848,0.9,0.508,0.461,0.553,0.934,0.329,0.311,0.805,0.644,0.663,0.319,0.661,0.593,0.441,0.559,0.212,0.035,0.235,0.739,0.287,0.948,0.07,0.634,0.344,0.55,0.948,0.662,0.693,0.049,0.598,0.363,0.733,0.293,0.825,0.928,0.746,0.382
0.0,0.676,0.912,0.387,0.662,0.98,0.258,0.421,0.509,0.202,0.694,0.906,0.264,0.727,0.613,0.756,0.836,0.749,0.101,0.001,0.136,0.006,0.26,0.748,0.272,0.213,0.439,0.312,0.492,0.524,0.781,0.16,0.679,0.657,0.367,0.033,0.514,0.495,0.295,0.649,0.494
0.0,0.151,0.923,0.937,0.955,0.944,0.534,0.596,0.481,0.826,0.036,0.209,0.049,0.442,0.492,0.499,0.936,0.748,0.143,0.064,0.848,0.141,0.681,0.204,0.276,0.537,0.944,0.438,0.419,0.415,0.324,0.153,0.708,0.5,0.912,0.24,0.139,0.525,0.05,0.383,0.867
1.0,0.279,0.041,0.513,0.711,0.109,0.241,0.131,0.594,0.015,0.041,0.974,0.016,0.677,0.104,0.907,0.495,0.54,0.608,0.076,0.493,0.515,0.801,0.767,0.869,0.223,0.106,0.918,0.651,0.479,0.917,0.558,0.06,0.694,0.976,0.634,0.525,0.43,0.639,0.984,0.428
1.0,0.759,0.772,0.4,0.088,0.38,0.107,0.944,0.135,0.535,0.107,0.405,0.574,0.15,0.843,0.544,0.242,0.752,0.305,0.61,0.247,0.982,0.322,0.572,0.555,0.436,0.736,0.357,0.091,0.768,0.103,0.873,0.468,0.053,0.18,0.41,0.244,0.335,0.347,0.828,0.266
1.0,0.676,0.742,0.143,0.542,0.167,0.528,0.822,0.332,0.476,0.632,0.554,0.286,0.701,0.289,0.846,0.243,0.793,0.28,0.878,0.688,0.116,0.418,0.484,0.492,0.348,0.428,0.114,0.59,0.204,0.996,0.848,0.624,0.312,0.109,0.332,0.808,0.505,0.152,0.457,0.789
0.0,0.7,0.672,0.798,0.441,0.866,0.61,0.549,0.992,0.754,0.517,0.113,0.719,0.746,0.828,0.608,0.21,0.593,0.147,0.106,0.477,0.452,0.146,0.539,0.292,0.777,0.525,0.955,0.125,0.628,0.686,0.344,0.315,0.792,0.79,0.747,0.521,0.485,0.305,0.151,0.717
1.0,0.806,0.209,0.421,0.321,0.569,0.395,0.874,0.985,0.505,0.849,0.876,0.731,0.948,0.942,0.81,0.51,0.108,0.194,0.656,0.889,0.066,0.581,0.027,0.484,0.487,0.708,0.605,0.302,0.712,0.07,0.514,0.059,0.405,0.821,0.177,0.073,0.483,0.522,0.799,0.46
1.0,0.377,0.124,0.069,0.57,0.479,0.382,0.14,0.652,0.146,0.455,0.108,0.877,0.579,0.463,0.728,0.059,0.289,0.734,0.491,0.887,0.076,0.785,0.448,0.792,0.173,0.226,0.673,0.061,0.764,0.126,0.447,0.533,0.342,0.222,0.503,0.142,0.863,0.129,0.145,0.062
1.0,0.668,0.701,0.86,0.497,0.705,0.781,0.642,0.956,0.085,0.446,0.764,0.041,0.468,0.066,0.911,0.465,0.507,0.065,0.762,0.167,0.39,0.72,0.173,0.58,0.123,0.288,0.011,0.645,0.228,0.344,0.71,0.05,0.677,0.381,0.876,0.545,0.595,0.264,0.052,0.817
0.0,0.163,0.162,0.896,0.041,0.995,0.474,0.608,0.157,0.146,0.638,0.442,0.755,0.956,0.513,0.308,0.745,0.717,0.674,0.747,0.71,0.847,0.211,0.456,0.891,0.19,0.299,0.848,0.945,0.96,0.824,0.601,0.698,0.274,0.38,0.119,0.585,0.113,0.911,0.752,0.944
1.0,0.74,0.99,0.834,0.203,0.754,0.058,0.441,0.828,0.583,0.594,0.702,0.575,0.83,0.485,0.06,0.392,0.936,0.462,0.219,0.16,0.948,0.485,0.298,0.753,0.28,0.031,0.747,0.7,0.484,0.983,0.483,0.252,0.066,0.037,0.861,0.051,0.099,0.141,0.646,0.76
1.0,0.714,0.173,0.28,0.863,0.335,0.149,0.227,0.839,0.687,0.237,0.551,0.57,0.28,0.671,0.576,0.125,0.658,0.742,0.289,0.261,0.651,0.46,0.74,0.287,0.237,0.298,0.882,0.263,0.495,0.166,0.831,0.676,0.856,0.807,0.646,0.642,0.585,0.079,0.195,0.353
1.0,0.444,0.609,0.604,0.203,0.631,0.092,0.426,0.857,0.879,0.294,0.159,0.087,0.922,0.112,0.257,0.531,0.999,0.368,0.077,0.79,0.172,0.311,0.297,0.225,0.087,0.131,0.347,0.318,0.637,0.255,0.989,0.403,0.757,0.244,0.647,0.606,0.255,0.51,0.615,0.75
1.0,0.524,0.759,0.621,0.765,0.545,0.498,0.263,0.321,0.176,0.401,0.007,0.52,0.12,0.047,0.345,0.891,0.104,0.755,0.893,0.903,0.566,0.888,0.36,0.857,0.691,0.93,0.422,0.442,0.991,0.815,0.575,0.852,0.64,0.809,0.308,0.631,0.947,0.05,0.729,0.04
0.0,0.912,0.853,0.804,0.157,0.2,0.877,0.435,0.748,0.3,0.153,0.963,0.96,0.071,0.017,0.372,0.584,0.476,0.609,0.905,0.69,0.584,0.795,0.026,0.423,0.264,0.092,0.605,0.696,0.018,0.945,0.807,0.542,0.814,0.269,0.965,0.999,0.665,0.597,0.948,0.935
1.0,0.563,0.005,0.949,0.195,0.678,0.505,0.682,0.917,0.072,0.629,0.542,0.015,0.196,0.002,0.25,0.92,0.896,0.136,0.804,0.391,0.706,0.931,0.022,0.257,0.411,0.774,0.971,0.111,0.161,0.542,0.99,0.41,0.051,0.353,0.955,0.27,0.943,0.063,0.408,0.973
0.0,0.223,0.529,0.356,0.748,0.672,0.217,0.301,0.657,0.678,0.171,0.095,0.711,0.908,0.035,0.456,0.007,0.33,0.574,0.892,0.008,0.901,0.843,0.377,0.893,0.74,0.425,0.393,0.228,0.479,0.454,0.91,0.197,0.81,0.574,0.302,0.078,0.693,0.841,0.332,0.729
0.0,0.506,0.682,0.611,0.766,0.05,0.69,0.077,0.586,0.394,0.432,0.643,0.794,0.804,0.461,0.872,0.736,0.797,0.695,0.461,0.577,0.691,0.847,0.29,0.267,0.977,0.961,0.621,0.813,0.655,0.569,0.018,0.683,0.443,0.761,0.415,0.158,0.27,0.498,0.162,0.866
0.0,0.637,0.249,0.982,0.147,0.168,0.824,0.975,0.029,0.567,0.336,0.969,0.501,0.939,0.961,0.701,0.286,0.602,0.377,0.327,0.546,0.406,0.718,0.817,0.973,0.155,0.765,0.087,0.991,0.54,0.353,0.388,0.913,0.4,0.591,0.851,0.622,0.878,0.488,0.057,0.108
1.0,0.837,0.719,0.581,0.318,0.012,0.606,0.157,0.592,0.637,0.445,0.686,0.667,0.552,0.029,0.198,0.239,0.167,0.814,0.068,0.514,0.102,0.414,0.702,0.621,0.756,0.1,0.91,0.271,0.648,0.507,0.345,0.944,0.662,0.037,0.631,0.226,0.894,0.157,0.505,0.566
0.0,0.624,0.025,0.928,0.863,0.002,0.769,0.911,0.33,0.576,0.14,0.511,0.493,0.474,0.764,0.119,0.407,0.167,0.427,0.523,0.584,0.444,0.158,0.017,0.749,0.629,0.871,0.51,0.762,0.415,0.867,0.463,0.794,0.963,0.137,0.251,0.141,0.488,0.801,0.383,0.414
1.0,0.706,0.867,0.396,0.516,0.322,0.116,0.203,0.78,0.554,0.537,0.587,0.258,0.063,0.037,0.71,0.936,0.035,0.972,0.453,0.894,0.135,0.78,0.017,0.974,0.252,0.529,0.904,0.098,0.215,0.23,0.481,0.24,0.761,0.748,0.565,0.169,0.682,0.132,0.398,0.827
1.0,0.682,0.499,0.205,0.2,0.209,0.745,0.54,0.241,0.282,0.006,0.835,0.681,0.993,0.378,0.367,0.6,0.137,0.996,0.613,0.224,0.135,0.481,0.669,0.146,0.911,0.992,0.476,0.619,0.96,0.879,0.749,0.805,0.927,0.51,0.066,0.989,0.135,0.744,0.091,0.902
1.0,0.582,0.857,0.886,0.219,0.381,0.35,0.558,0.351,0.145,0.85,0.493,0.401,0.766,0.137,0.833,0.733,0.876,0.425,0.704,0.155,0.642,0.755,0.718,0.834,0.672,0.043,0.108,0.491,0.313,0.126,0.308,0.723,0.209,0.665,0.21,0.193,0.828,0.444,0.768,0.484
1.0,0.353,0.409,0.631,0.243,0.68,0.857,0.469,0.179,0.886,0.515,0.516,0.245,0.406,0.086,0.559,0.4,0.942,0.349,0.228,0.151,0.587,0.123,0.373,0.09,0.423,0.18,0.427,0.946,0.997,0.386,0.073,0.185,0.621,0.871,0.51,0.956,0.563,0.813,0.739,0.391
1.0,0.645,0.064,0.417,0.885,0.819,0.756,0.371,0.952,0.26,0.378,0.547,0.522,0.294,0.498,0.639,0.82,0.92,0.979,0.762,0.965,0.624,0.913,0.179,0.17,0.9,0.084,0.256,0.843,0.686,0.006,0.838,0.101,0.446,0.981,0.389,0.436,0.02,0.216,0.882,0.407
1.0,0.481,0.323,0.088,0.325,0.423,0.398,0.948,0.854,0.993,0.043,0.689,0.166,0.018,0.622,0.784,0.585,0.222,0.069,0.758,0.054,0.33,0.089,0.068,0.528,0.636,0.036,0.992,0.257,0.327,0.46,0.663,0.113,0.3,0.737,0.523,0.585,0.272,0.632,0.344,0.916
0.0,0.198,0.667,0.73,0.691,0.217,0.141,0.291,0.512,0.262,0.171,0.463,0.867,0.44,0.85,0.573,0.662,0.24,0.715,0.776,0.663,0.426,0.263,0.64,0.44,0.981,0.97,0.76,0.084,0.711,0.941,0.851,0.94,0.21,0.034,0.065,0.857,0.324,0.215,0.739,0.483
0.0,0.926,0.569,0.744,0.485,0.237,0.63,0.11,0.671,0.142,0.929,0.067,0.929,0.578,0.739,0.487,0.983,0.726,0.666,0.953,0.97,0.237,0.158,0.882,0.113,0.404,0.538,0.659,0.457,0.891,0.478,0.249,0.708,0.616,0.923,0.692,0.916,0.116,0.801,0.052,0.726
1.0,0.738,0.359,0.585,0.642,0.148,0.069,0.344,0.259,0.089,0.19,0.038,0.856,0.55,0.183,0.521,0.367,0.793,0.089,0.54,0.661,0.176,0.931,0.32,0.183,0.328,0.841,0.035,0.771,0.766,0.917,0.691,0.93,0.605,0.528,0.647,0.64,0.864,0.044,0.854,0.073
0.0,0.655,0.647,0.098,0.019,0.148,0.703,0.4,0.897,0.738,0.329,0.76,0.319,0.655,0.679,0.919,0.488,0.667,0.034,0.839,0.68,0.134,0.367,0.95,0.733,0.147,0.716,0.98,0.967,0.181,0.23,0.966,0.222,0.745,0.115,0.741,0.897,0.028,0.544,0.355,0.087
0.0,0.447,0.034,0.57,0.218,0.695,0.654,0.958,0.563,0.527,0.594,0.097,0.05,0.993,0.009,0.786,0.847,0.704,0.124,0.066,0.026,0.803,0.25,0.976,0.283,0.329,0.575,0.518,0.935,0.293,0.44,0.428,0.664,0.52,0.202,0.931,0.142,0.68,0.666,0.861,0.464
0.0,0.414,0.339,0.947,0.479,0.481,0.81,0.117,0.434,0.326,0.919,0.223,0.443,0.602,0.397,0.97,0.674,0.964,0.399,0.136,0.221,0.529,0.466,0.957,0.334,0.358,0.635,0.707,0.443,0.112,0.307,0.636,0.434,0.661,0.94,0.693,0.668,0.437,0.522,0.156,0.702
1.0,0.362,0.642,0.898,0.854,0.7,0.194,0.517,0.609,0.713,0.81,0.866,0.81,0.414,0.012,0.328,0.043,0.103,0.291,0.453,0.655,0.752,0.663,0.13,0.718,0.553,0.343,0.722,0.022,0.42,0.422,0.599,0.405,0.751,0.954,0.905,0.873,0.476,0.659,0.169,0.444
1.0,0.272,0.706,0.831,0.309,0.119,0.518,0.407,0.734,0.576,0.92,0.413,0.055,0.496,0.754,0.567,0.578,0.055,0.358,0.193,0.266,0.984,0.471,0.565,0.165,0.459,0.669,0.034,0.918,0.559,0.177,0.695,0.594,0.254,0.16,0.746,0.722,0.492,0.772,0.239,0.916
1.0,0.947,0.102,0.715,0.648,0.49,0.236,0.261,0.21,0.979,0.814,0.457,0.64,0.298,0.005,0.572,0.066,0.287,0.504,0.836,0.596,0.487,0.132,0.708,0.26,0.239,0.348,0.088,0.207,0.293,0.951,0.587,0.883,0.003,0.9,0.017,0.242,0.107,0.746,0.989,0.743
0.0,0.202,0.67,0.894,0.291,0.255,0.405,0.462,0.407,0.495,0.247,0.017,0.927,0.04,0.802,0.302,0.833,0.013,0.066,0.319,0.733,0.854,0.565,0.752,0.797,0.216,0.933,0.721,0.91,0.036,0.61,0.621,0.23,0.939,0.484,0.558,0.405,0.635,0.61,0.569,0.132
0.0,0.047,0.483,0.583,0.2,0.862,0.238,0.443,0.084,0.45,0.84,0.858,0.736,0.727,0.94,0.024,0.341,0.079,0.87,0.208,0.691,0.544,0.901,0.2,0.989,0.535,0.725,0.432,0.577,0.375,0.256,0.367,0.593,0.405,0.873,0.36,0.098,0.063,0.6,0.714,0.129
0.0,0.485,0.194,0.759,0.295,0.274,0.944,0.37,0.315,0.588,0.905,0.871,0.545,0.456,0.254,0.218,0.508,0.954,0.546,0.401,0.01,0.943,0.054,0.844,0.782,0.674,0.321,0.791,0.332,0.5,0.751,0.918,0.031,0.471,0.586,0.489,0.302,0.743,0.831,0.105,0.381
1.0,0.871,0.956,0.09,0.396,0.083,0.685,0.226,0.99,0.875,0.313,0.542,0.407,0.385,0.533,0.47,0.758,0.766,0.263,0.589,0.452,0.571,0.338,0.05,0.79,0.412,0.227,0.959,0.954,0.076,0.069,0.375,0.383,0.799,0.797,0.761,0.555,0.06,0.479,0.713,0.084
0.0,0.213,0.135,0.548,0.435,0.262,0.926,0.355,0.778,0.964,0.558,0.433,0.924,0.166,0.448,0.97,0.403,0.956,0.681,0.872,0.814,0.686,0.466,0.459,0.534,0.74,0.925,0.688,0.8,0.124,0.724,0.928,0.889,0.956,0.235,0.36,0.932,0.976,0.087,0.118,0.863
0.0,0.617,0.68,0.079,0.15,0.74,0.635,0.799,0.226,0.473,0.963,0.845,0.163,0.135,0.467,0.579,0.28,0.902,0.027,0.933,0.765,0.298,0.144,0.833,0.239,0.318,0.866,0.62,0.525,0.113,0.859,0.259,0.538,0.255,0.684,0.745,0.288,0.866,0.354,0.956,0.553
1.0,0.285,0.903,0.412,0.758,0.134,0.925,0.299,0.388,0.623,0.97,0.35,0.084,0.524,0.095,0.559,0.095,0.893,0.488,0.758,0.012,0.529,0.423,0.019,0.639,0.479,0.87,0.565,0.406,0.962,0.515,0.258,0.911,0.533,0.378,0.58,0.982,0.255,0.586,0.943,0.754
1.0,0.754,0.688,0.425,0.468,0.12,0.142,0.888,0.057,0.861,0.775,0.14,0.087,0.368,0.81,0.988,0.518,0.021,0.52,0.555,0.818,0.478,0.494,0.363,0.336,0.258,0.695,0.826,0.462,0.215,0.278,0.142,0.277,0.566,0.807,0.858,0.548,0.369,0.029,0.278,0.081
1.0,0.572,0.648,0.852,0.001,0.238,0.116,0.951,0.341,0.521,0.589,0.421,0.073,0.365,0.105,0.63,0.137,0.204,0.871,0.844,0.535,0.473,0.553,0.362,0.855,0.21,0.179,0.156,0.744,0.631,0.817,0.277,0.586,0.094,0.042,0.008,0.537,0.438,0.089,0.896,0.748
1.0,0.566,0.212,0.391,0.217,0.77,0.836,0.906,0.843,0.919,0.624,0.561,0.414,0.005,0.896,0.729,0.8,0.812,0.962,0.293,0.507,0.662,0.436,0.013,0.521,0.74,0.723,0.813,0.671,0.705,0.998,0.412,0.756,0.952,0.766,0.426,0.291,0.179,0.932,0.16,0.281
1.0,0.647,0.774,0.28,0.235,0.411,0.143,0.297,0.631,0.275,0.208,0.862,0.502,0.082,0.129,0.506,0.693,0.58,0.607,0.784,0.333,0.18,0.054,0.069,0.435,1.0,0.51,0.476,0.646,0.535,0.04,0.684,0.28,0.896,0.535,0.097,0.928,0.512,0.781,0.759,0.482
1.0,0.392,0.753,0.972,0.426,0.277,0.025,0.889,0.857,0.398,0.58,0.381,0.827,0.685,0.076,0.488,0.256,0.912,0.039,0.87,0.076,0.708,0.867,0.904,0.837,0.521,0.834,0.181,0.39,0.901,0.965,0.233,0.089,0.521,0.782,0.916,0.317,0.624,0.806,0.277,0.039
0.0,0.405,0.826,0.535,0.946,0.432,0.319,0.898,0.445,0.35,0.129,0.505,0.089,0.246,0.011,0.985,0.334,0.313,0.639,0.645,0.671,0.171,0.421,0.964,0.651,0.111,0.203,0.7,0.664,0.619,0.798,0.284,0.23,0.602,0.339,0.629,0.845,0.72,0.389,0.671,0.015
0.0,0.796,0.035,0.416,0.067,0.864,0.735,0.058,0.237,0.979,0.513,0.913,0.014,0.623,0.504,0.548,0.84,0.126,0.291,0.488,0.148,0.184,0.022,0.02,0.827,0.699,0.438,0.935,0.784,0.803,0.878,0.861,0.254,0.817,0.254,0.284,0.739,0.402,0.367,0.059,0.749
1.0,0.533,0.294,0.648,0.645,0.025,0.342,0.443,0.907,0.084,0.994,0.235,0.458,0.2,0.766,0.191,0.391,0.512,0.444,0.777,0.45,0.888,0.621,0.371,0.145,0.939,0.201,0.646,0.485,0.592,0.945,0.793,0.228,0.309,0.09,0.061,0.975,0.486,0.379,0.925,0.207
1.0,0.89,0.737,0.287,0.85,0.796,0.569,0.981,0.416,0.943,0.288,0.044,0.206,0.039,0.132,0.709,0.34,0.593,0.519,0.636,0.473,0.716,0.905,0.183,0.648,0.762,0.353,0.209,0.736,0.723,0.953,0.395,0.109,0.261,0.685,0.565,0.43,0.926,0.321,0.542,0.813
1.0,0.574,0.41,0.173,0.736,0.127,0.309,0.842,0.423,0.433,0.271,0.787,0.155,0.042,0.699,0.37,0.805,0.031,0.494,0.632,0.034,0.559,0.257,0.465,0.322,0.036,0.38,0.312,0.856,0.925,0.117,0.469,0.259,0.076,0.509,0.398,0.612,0.697,0.976,0.087,0.654
0.0,0.257,0.71,0.402,0.176,0.985,0.366,0.985,0.007,0.923,0.544,0.124,0.218,0.568,0.648,0.796,0.503,0.514,0.026,0.322,0.548,0.333,0.544,0.759,0.452,0.87,0.992,0.162,0.014,0.907,0.077,0.927,0.417,0.127,0.365,0.065,0.886,0.979,0.446,0.559,0.577
1.0,0.746,0.137,0.392,0.346,0.342,0.077,0.759,0.156,0.915,0.372,0.961,0.327,0.122,0.555,0.069,0.09,0.087,0.873,0.511,0.802,0.163,0.666,0.272,0.944,0.094,0.913,0.594,0.561,0.175,0.489,0.806,0.79,0.025,0.945,0.528,0.794,0.158,0.672,0.334,0.415
1.0,0.897,0.798,0.498,0.4,0.511,0.658,0.917,0.261,0.593,0.6,0.785,0.203,0.422,0.838,0.591,0.245,0.619,0.434,0.89,0.204,0.497,0.068,0.643,0.964,0.539,0.533,0.64,0.984,0.303,0.589,0.296,0.569,0.285,0.917,0.553,0.135,0.296,0.132,0.108,0.761
1.0,0.56,0.035,0.993,0.268,0.235,0.246,0.912,0.129,0.492,0.25,0.8,0.493,0.161,0.433,0.367,0.7,0.949,0.078,0.034,0.778,0.596,0.437,0.671,0.928,0.522,0.449,0.142,0.131,0.047,0.982,0.674,0.281,0.135,0.634,0.939,0.076,0.464,0.926,0.633,0.441
0.0,0.52,0.552,0.639,0.69,0.695,0.165,0.802,0.393,0.815,0.5,0.306,0.183,0.269,0.393,0.263,0.797,0.679,0.49,0.008,0.942,0.594,0.467,0.905,0.959,0.545,0.965,0.424,0.629,0.439,0.866,0.693,0.536,0.317,0.74,0.151,0.437,0.929,0.741,0.928,0.127
0.0,0.447,0.74,0.738,0.817,0.951,0.539,0.354,0.442,0.726,0.419,0.247,0.522,0.235,0.241,0.246,0.892,0.798,0.882,0.929,0.444,0.71,0.461,0.754,0.291,0.743,0.361,0.641,0.654,0.053,0.772,0.012,0.301,0.824,0.725,0.752,0.981,0.697,0.716,0.734,0.16
0.0,0.089,0.303,0.99,0.256,0.948,0.175,0.9,0.596,0.123,0.767,0.635,0.249,0.513,0.545,0.957,0.116,0.748,0.513,0.078,0.631,0.941,0.891,0.529,0.568,0.732,0.126,0.549,0.014,0.476,0.286,0.958,0.642,0.179,0.623,0.43,0.323,0.942,0.87,0.322,0.461
0.0,0.329,0.796,0.937,0.9,0.761,0.226,0.427,0.392,0.92,0.428,0.602,0.371,0.11,0.781,0.412,0.834,0.499,0.425,0.772,0.505,0.893,0.853,0.963,0.64,0.47,0.526,0.479,0.639,0.527,0.007,0.511,0.504,0.65,0.473,0.804,0.421,0.418,0.053,0.36,0.947
1.0,0.748,0.14,0.624,0.919,0.647,0.333,0.119,0.732,0.105,0.868,0.042,0.681,0.142,0.835,0.773,0.924,0.567,0.767,0.837,0.572,0.902,0.932,0.011,0.704,0.079,0.987,0.131,0.015,0.196,0.216,0.114,0.584,0.352,0.779,0.227,0.821,0.244,0.909,0.259,0.624
0.0,0.509,0.483,0.007,0.598,0.92,0.804,0.024,0.463,0.843,0.027,0.054,0.811,0.357,0.936,0.463,0.862,0.494,0.1,0.977,0.367,0.027,0.747,0.656,0.282,0.475,0.56,0.221,0.404,0.872,0.547,0.03,0.264,0.465,0.871,0.497,0.954,0.891,0.486,0.874,0.833
0.0,0.225,0.197,0.913,0.403,0.218,0.076,0.756,0.419,0.042,0.134,0.549,0.215,0.908,0.476,0.132,0.332,0.075,0.084,0.91,0.528,0.07,0.499,0.876,0.408,0.888,0.235,0.222,0.108,0.161,0.336,0.654,0.338,0.437,0.339,0.214,0.899,0.453,0.759,0.001,0.961
0.0,0.092,0.623,0.712,0.026,0.799,0.167,0.448,0.933,0.678,0.032,0.053,0.927,0.668,0.102,0.992,0.641,0.431,0.806,0.193,0.611,0.09,0.095,0.629,0.964,0.245,0.48,0.756,0.465,0.368,0.254,0.773,0.312,0.672,0.268,0.249,0.187,0.498,0.932,0.13,0.716
1.0,0.082,0.53,0.404,0.026,0.398,0.019,0.979,0.521,0.045,0.79,0.021,0.019,0.644,0.735,0.114,0.31,0.946,0.502,0.014,0.792,0.358,0.863,0.441,0.302,0.147,0.587,0.864,0.44,0.896,0.004,0.533,0.758,0.351,0.362,0.451,0.128,0.481,0.985,0.985,0.479
0.0,0.83,0.869,0.134,0.465,0.056,0.699,0.312,0.84,0.229,0.533,0.667,0.307,0.327,0.195,0.089,0.525,0.354,0.02,0.072,0.747,0.282,0.614,0.895,0.816,0.582,0.564,0.101,0.179,0.332,0.313,0.092,0.281,0.552,0.418,0.863,0.034,0.83,0.24,0.331,0.569
1.0,0.99,0.792,0.313,0.37,0.722,0.984,0.289,0.401,0.925,0.572,0.188,0.542,0.559,0.514,0.529,0.311,0.799,0.568,0.608,0.523,0.469,0.173,0.431,0.8,0.427,0.41,0.085,0.531,0.087,0.744,0.008,0.455,0.076,0.639,0.117,0.172,0.909,0.577,0.9,0.183
0.0,0.591,0.279,0.032,0.759,0.754,0.322,0.793,0.524,0.124,0.791,0.49,0.675,0.264,0.043,0.831,0.852,0.722,0.688,0.767,0.472,0.155,0.276,0.915,0.331,0.713,0.877,0.124,0.488,0.106,0.479,0.739,0.449,0.741,0.427,0.498,0.008,0.367,0.159,0.758,0.984
0.0,0.877,0.092,0.958,0.582,0.522,0.76,0.422,0.35,0.218,0.751,0.349,0.466,0.767,0.258,0.065,0.855,0.337,0.697,0.287,0.935,0.158,0.32,0.908,0.766,0.362,0.099,0.921,0.197,0.342,0.711,0.589,0.967,0.375,0.105,0.873,0.146,0.737,0.469,0.661,0.427
1.0,0.278,0.612,0.968,0.777,0.328,0.104,0.52,0.756,0.287,0.068,0.877,0.759,0.119,0.093,0.294,0.484,0.743,0.005,0.519,0.921,0.705,0.736,0.094,0.108,0.622,0.182,0.155,0.524,0.429,0.127,0.848,0.832,0.761,0.092,0.252,0.233,0.62,0.898,0.925,0.268
1.0,0.975,0.106,0.402,0.445,0.782,0.632,0.557,0.207,0.515,0.596,0.941,0.086,0.705,0.698,0.619,0.683,0.985,0.027,0.695,0.761,0.373,0.427,0.011,0.557,0.579,0.992,0.057,0.122,0.696,0.423,0.636,0.414,0.248,0.951,0.074,0.61,0.015,0.166,0.664,0.423
1.0,0.042,0.964,0.843,0.684,0.661,0.581,0.971,0.6,0.284,0.327,0.349,0.856,0.753,0.827,0.134,0.134,0.095,0.258,0.152,0.136,0.54,0.841,0.766,0.148,0.649,0.362,0.526,0.846,0.81,0.324,0.621,0.672,0.575,0.953,0.583,0.151,0.661,0.691,0.475,0.681
0.0,0.969,0.045,0.153,0.755,0.77,0.9,0.371,0.159,0.659,0.079,0.897,0.428,0.668,0.107,1.0,0.551,0.907,0.323,0.381,0.152,0.254,0.19,0.832,0.84,0.182,0.63,0.332,0.206,0.291,0.429,0.939,0.788,0.104,0.834,0.579,0.487,0.813,0.285,0.956,0.401
0.0,0.461,0.662,0.082,0.133,0.558,0.329,0.036,0.79,0.197,0.984,0.352,0.249,0.533,0.595,0.33,0.92,0.95,0.01,0.641,0.395,0.435,0.69,0.964,0.531,0.702,0.891,0.347,0.345,0.735,0.381,0.037,0.012,0.101,0.91,0.687,0.357,0.772,0.527,0.856,0.182
1.0,0.703,0.459,0.792,0.377,0.051,0.164,0.834,0.773,0.757,0.219,0.466,0.101,0.746,0.201,0.474,0.267,0.192,0.505,0.867,0.399,0.895,0.151,0.051,0.976,0.231,0.114,0.358,0.66,0.175,0.728,0.484,0.163,0.846,0.903,0.77,0.379,0.04,0.518,0.079,0.667
0.0,0.732,0.609,0.833,0.227,0.42,0.404,0.06,0.924,0.132,0.352,0.751,0.995,0.879,0.754,0.763,0.98,0.204,0.906,0.259,0.443,0.543,0.306,0.3,0.106,0.17,0.108,0.361,0.817,0.734,0.755,0.711,0.19,0.183,0.123,0.713,0.917,0.981,0.725,0.831,0.815
1.0,0.675,0.781,0.581,0.809,0.287,0.014,0.833,0.372,0.065,0.204,0.858,0.153,0.354,0.586,0.267,0.539,0.51,0.536,0.182,0.675,0.797,0.838,0.774,0.929,0.182,0.688,0.718,0.557,0.083,0.316,0.041,0.801,0.598,0.181,0.964,0.759,0.245,0.388,0.076,0.392
0.0,0.602,0.254,0.347,0.669,0.719,0.873,0.47,0.794,0.297,0.561,0.301,0.26,0.438,0.572,0.964,0.779,0.063,0.288,0.028,0.8,0.92,0.192,0.049,0.967,0.209,0.262,0.672,0.767,0.195,0.354,0.647,0.321,0.344,0.7,0.102,0.798,0.681,0.154,0.557,0.686
0.0,0.87,0.32,0.128,0.71,0.861,0.479,0.064,0.048,0.727,0.818,0.473,0.169,0.705,0.481,0.258,0.46,0.939,0.853,0.347,0.64,0.543,0.133,0.306,0.259,0.433,0.571,0.322,0.509,0.373,0.24,0.449,0.306,0.194,0.186,0.946,0.658,0.68,0.361,0.849,0.758
1.0,0.753,0.996,0.375,0.477,0.827,0.523,0.108,0.227,0.832,0.568,0.974,0.1,0.275,0.363,0.87,0.515,0.893,0.095,0.723,0.243,0.19,0.974,0.779,0.197,0.445,0.398,0.215,0.029,0.136,0.21,0.372,0.392,0.002,0.191,0.32,0.326,0.691,0.24,0.036,0.663
1.0,0.44,0.045,0.593,0.847,0.465,0.482,0.648,0.27,0.721,0.153,0.956,0.207,0.599,0.572,0.159,0.224,0.092,0.893,0.187,0.655,0.342,0.541,0.137,0.698,0.624,0.072,0.1,0.283,0.618,0.977,0.165,0.204,0.292,0.232,0.741,0.349,0.703,0.194,0.933,0.942
0.0,0.934,0.507,0.42,0.305,0.743,0.69,0.839,0.366,0.837,0.367,0.766,0.442,0.374,0.64,0.414,0.368,0.638,0.263,0.896,0.148,0.572,0.634,0.814,0.171,0.739,0.376,0.205,0.082,0.01,0.719,0.058,0.523,0.376,0.139,0.999,0.998,0.835,0.097,0.213,0.049
1.0,0.468,0.161,0.509,0.94,0.785,0.535,0.536,0.196,0.596,0.454,0.449,0.926,0.825,0.71,0.549,0.359,0.439,0.539,0.786,0.75,0.366,0.097,0.341,0.569,0.232,0.379,0.24,0.731,0.958,0.526,0.967,0.282,0.029,0.489,0.291,0.541,0.879,0.926,0.034,0.104
1.0,0.869,0.779,0.979,0.694,0.02,0.13,0.419,0.82,0.323,0.452,0.039,0.311,0.089,0.018,0.985,0.388,0.711,0.061,0.655,0.214,0.815,0.476,0.49,0.409,0.266,0.306,0.643,0.381,0.858,0.612,0.722,0.258,0.425,0.504,0.423,0.419,0.985,0.683,0.142,0.609
0.0,0.861,0.005,0.381,0.272,0.967,0.621,0.245,0.075,0.547,0.496,0.919,0.07,0.337,0.68,0.559,0.691,0.033,0.356,0.902,0.371,0.277,0.431,0.272,0.813,0.074,0.522,0.751,0.753,0.411,0.311,0.331,0.276,0.439,0.898,0.723,0.581,0.621,0.008,0.981,0.995
1.0,0.715,0.027,0.205,0.889,0.091,0.665,0.417,0.601,0.684,0.446,0.414,0.535,0.168,0.207,0.223,0.7,0.297,0.338,0.684,0.009,0.209,0.696,0.414,0.102,0.945,0.105,0.567,0.241,0.812,0.69,0.192,0.906,0.307,0.4,0.717,0.211,0.277,0.057,0.794,0.728
1.0,0.854,0.515,0.388,0.557,0.082,0.617,0.353,0.985,0.646,0.932,0.165,0.39,0.481,0.038,0.107,0.263,0.254,0.992,0.837,0.741,0.067,0.253,0.206,0.431,0.718,0.465,0.881,0.217,0.782,0.401,0.854,0.847,0.384,0.059,0.006,0.103,0.333,0.762,0.302,0.921
0.0,0.321,0.305,0.876,0.61,0.996,0.209,0.512,0.728,0.501,0.025,0.401,0.784,0.644,0.116,0.343,0.103,0.424,0.215,0.526,0.941,1.0,0.953,0.532,0.205,0.198,0.835,0.155,0.537,0.133,0.55,0.542,0.018,0.446,0.374,0.138,0.097,0.184,0.251,0.095,0.857
0.0,0.156,0.187,0.232,0.602,0.884,0.828,0.078,0.936,0.085,0.182,0.481,0.039,0.892,0.83,0.912,0.633,0.167,0.297,0.157,0.291,0.004,0.403,0.574,0.194,1.0,0.161,0.554,0.189,0.975,0.76,0.36,0.774,0.975,0.022,0.691,0.875,0.27,0.949,0.785,0.58
0.0,0.821,0.303,0.526,0.773,0.126,0.281,0.665,0.772,0.686,0.303,0.33,0.31,0.785,0.867,0.219,0.016,0.106,0.759,0.524,0.911,0.832,0.18,0.952,0.072,0.089,0.3,0.649,0.174,0.445,0.252,0.497,0.427,0.228,0.835,0.971,0.404,0.128,0.885,0.168,0.131
0.0,0.86,0.188,0.51,0.875,0.848,0.647,0.885,0.534,0.584,0.621,0.269,0.216,0.043,0.036,0.508,0.196,0.671,0.026,0.725,0.255,0.037,0.567,0.839,0.954,0.388,0.558,0.991,0.996,0.238,0.899,0.771,0.052,0.41,0.858,0.903,0.957,0.064,0.991,0.191,0.082
1.0,0.363,0.474,0.326,0.23,0.421,0.239,0.357,0.205,0.584,0.476,0.461,0.201,0.334,0.698,0.872,0.755,0.368,0.527,0.459,0.748,0.677,0.745,0.679,0.926,0.34,0.493,0.646,0.047,0.031,0.855,0.119,0.612,0.599,0.874,0.31,0.545,0.907,0.875,0.05,0.42
0.0,0.153,0.808,0.743,0.173,0.245,0.431,0.485,0.395,0.788,0.493,0.821,0.958,0.655,0.837,0.717,0.842,0.427,0.849,0.665,0.83,0.31,0.275,0.188,0.193,0.496,0.131,0.471,0.583,0.25,0.75,0.584,0.08,0.854,0.962,0.919,0.008,0.321,0.101,0.036,0.536
0.0,0.224,0.848,0.254,0.091,0.012,0.369,0.321,0.33,0.491,0.51,0.417,0.974,0.883,0.524,0.44,0.471,0.144,0.513,0.516,0.699,0.814,0.467,0.38,0.741,0.411,0.115,0.724,0.217,0.972,0.181,0.445,0.969,0.451,0.97,0.269,0.289,0.839,0.187,0.72,0.698
1.0,0.898,0.141,0.518,0.249,0.044,0.938,0.699,0.336,0.732,0.611,0.5,0.664,0.838,0.944,0.997,0.44,0.345,0.415,0.489,0.443,0.75,0.237,0.259,0.55,0.515,0.63,1.0,0.019,0.56,0.927,0.414,0.754,0.975,0.991,0.954,0.647,0.318,0.753,0.113,0.935
0.0,0.579,0.65,0.563,0.183,0.106,0.832,0.294,0.24,0.383,0.65,0.421,0.474,0.53,0.641,0.349,0.395,0.287,0.346,0.895,0.077,0.599,0.217,0.885,0.479,0.487,0.747,0.02,0.088,0.571,0.527,0.819,0.49,0.837,0.639,0.969,0.941,0.887,0.279,0.218,0.41
1.0,0.739,0.899,0.202,0.662,0.115,0.287,0.132,0.52,0.287,0.158,0.702,0.087,0.433,0.061,0.457,0.293,0.577,0.159,0.687,0.974,0.724,0.086,0.609,0.259,0.727,0.465,0.378,0.937,0.467,0.388,0.501,0.394,0.144,0.631,0.203,0.681,0.132,0.795,0.379,0.427
1.0,0.044,0.396,0.903,0.047,0.69,0.737,0.17,0.696,0.279,0.185,0.141,0.53,0.811,0.855,0.87,0.488,0.958,0.052,0.397,0.086,0.57,0.37,0.478,0.997,0.605,0.867,0.636,0.674,0.996,0.105,0.042,0.581,0.265,0.23,0.241,0.648,0.45,0.147,0.171,0.421
0.0,0.044,0.702,0.965,0.57,0.986,0.056,0.961,0.92,0.217,0.262,0.374,0.72,0.096,0.425,0.569,0.62,0.973,0.292,0.559,0.974,0.452,0.305,0.676,0.36,0.962,0.674,0.721,0.816,0.839,0.532,0.162,0.26,0.319,0.641,0.339,0.058,0.754,0.897,0.076,0.471
1.0,0.816,0.913,0.214,0.349,0.078,0.85,0.24,0.27,0.867,0.169,0.516,0.25,0.147,0.472,0.273,0.137,0.546,0.416,0.198,0.206,0.056,0.298,0.577,0.07,0.837,0.096,0.907,0.265,0.225,0.173,0.344,0.814,0.185,0.909,0.499,0.499,0.419,0.121,0.984,0.031
1.0,0.01,0.488,0.369,0.298,0.573,0.695,0.316,0.875,0.459,0.182,0.424,0.098,0.641,0.055,0.98,0.199,0.339,0.037,0.827,0.071,0.786,0.57,0.719,0.179,0.618,0.476,0.104,0.282,0.864,0.691,0.8,0.522,0.842,0.971,0.027,0.667,0.82,0.425,0.127,0.679
1.0,0.888,0.311,0.504,0.099,0.523,0.911,0.211,0.838,0.938,0.882,0.767,0.767,0.124,0.594,0.566,0.771,0.704,0.433,0.901,0.179,0.066,0.297,0.626,0.791,0.764,0.94,0.765,0.051,0.746,0.477,0.85,0.451,0.519,0.721,0.581,0.645,0.366,0.976,0.028,0.226
0.0,0.25,0.801,0.278,0.689,0.488,0.971,0.042,0.09,0.507,0.474,0.654,0.992,0.058,0.549,0.576,0.612,0.095,0.983,0.956,0.63,0.723,0.824,0.958,0.176,0.027,0.61,0.496,0.984,0.728,0.498,0.24,0.914,0.407,0.669,0.192,0.194,0.334,0.607,0.303,0.076
1.0,0.256,0.848,0.192,0.109,0.161,0.95,0.85,0.079,0.775,0.258,0.999,0.395,0.907,0.71,0.153,0.037,0.918,0.772,0.694,0.045,0.553,0.756,0.776,0.148,0.035,0.746,0.278,0.623,0.451,0.857,0.011,0.722,0.264,0.882,0.416,0.146,0.136,0.752,0.808,0.586
1.0,0.679,0.599,0.946,0.049,0.765,0.832,0.079,0.775,0.538,0.398,0.807,0.304,0.114,0.268,0.264,0.119,0.71,0.893,0.779,0.557,0.744,0.04,0.689,0.351,0.341,0.592,0.396,0.466,0.188,0.102,0.915,0.929,0.587,0.365,0.15,0.448,0.514,0.396,0.841,0.183
0.0,0.705,0.468,0.469,0.301,0.225,0.317,0.735,0.999,0.228,0.346,0.059,0.935,0.735,0.437,0.468,0.476,0.51,0.82,0.089,0.993,0.556,0.542,0.832,0.407,0.65,0.221,0.745,0.17,0.015,0.904,0.528,0.947,0.066,0.863,0.492,0.226,0.788,0.786,0.013,0.315
1.0,0.615,0.048,0.151,0.473,0.907,0.534,0.673,0.877,0.951,0.464,0.456,0.802,0.691,0.371,0.802,0.289,0.981,0.151,0.293,0.969,0.484,0.454,0.321,0.46,0.445,0.316,0.163,0.684,0.104,0.117,0.192,0.833,0.036,0.575,0.962,0.823,0.762,0.902,0.828,0.437
0.0,0.659,0.659,0.635,0.257,0.167,0.837,0.048,0.205,0.039,0.304,0.7,0.348,0.623,0.876,0.136,0.593,0.529,0.822,0.153,0.822,0.141,0.745,0.39,0.277,0.211,0.961,0.445,0.57,0.663,0.779,0.08,0.014,0.416,0.681,0.718,0.251,0.481,0.77,0.072,0.449
1.0,0.11,0.168,0.347,0.143,0.483,0.059,0.067,0.513,0.842,0.9,0.992,0.003,0.699,0.089,0.433,0.642,0.758,0.955,0.89,0.439,0.69,0.598,0.331,0.123,0.284,0.717,0.187,0.914,0.809,0.805,0.232,0.828,0.995,0.978,0.227,0.773,0.042,0.18,0.912,0.583
1.0,0.559,0.824,0.921,0.368,0.881,0.912,0.103,0.389,0.428,0.159,0.469,0.961,0.063,0.765,0.099,0.58,0.09,0.028,0.475,0.793,0.645,0.644,0.885,0.646,0.03,0.32,0.362,0.895,0.049,0.178,0.716,0.228,0.826,0.313,0.008,0.433,0.273,0.244,0.875,0.318
1.0,0.754,0.096,0.048,0.611,0.599,0.025,0.418,0.394,0.532,0.022,0.742,0.591,0.066,0.948,0.341,0.232,0.618,0.717,0.176,0.884,0.315,0.785,0.354,0.315,0.355,0.825,0.526,0.852,0.796,0.117,0.26,0.968,0.91,0.148,0.563,0.128,0.211,0.961,0.32,0.049
0.0,0.299,0.539,0.63,0.513,0.144,0.228,0.511,0.366,0.583,0.212,0.966,0.816,0.196,0.677,0.562,0.121,0.002,0.094,0.097,0.39,0.967,0.098,0.714,0.862,0.369,0.464,0.818,0.423,0.59,0.105,0.751,0.778,0.36,0.85,0.732,0.089,0.057,0.144,0.897,0.327
0.0,0.868,0.388,0.239,0.549,0.214,0.099,0.55,0.32,0.434,0.818,0.723,0.376,0.303,0.125,0.94,0.911,0.007,0.054,0.82,0.347,0.998,0.848,0.794,0.39,0.49,0.086,0.921,0.182,0.265,0.543,0.33,0.079,0.434,0.194,0.338,0.604,0.161,0.07,0.746,0.294
0.0,0.768,0.732,0.745,0.253,0.246,0.805,0.822,0.099,0.408,0.616,0.319,0.138,0.322,0.437,0.335,0.19,0.67,0.35,0.871,0.415,0.063,0.927,0.789,0.121,0.739,0.133,0.153,0.274,0.825,0.7,0.426,0.663,0.728,0.455,0.288,0.492,0.327,0.266,0.553,0.743
0.0,0.218,0.65,0.18,0.326,0.735,0.484,0.856,0.428,0.357,0.152,0.009,0.812,0.609,0.894,0.266,0.989,0.507,0.15,0.737,0.923,0.616,0.794,0.307,0.717,0.197,0.631,0.987,0.985,0.016,0.483,0.04,0.07,0.878,0.985,0.142,0.144,0.72,0.336,0.626,0.97
1.0,0.33,0.789,0.826,0.432,0.325,0.307,0.635,0.365,0.455,0.745,0.885,0.329,0.661,0.531,0.569,0.638,0.322,0.852,0.361,0.353,0.352,0.164,0.381,0.695,0.41,0.783,0.465,0.723,0.924,0.106,0.2,0.009,0.394,0.774,0.853,0.191,0.702,0.657,0.019,0.869
0.0,0.763,0.998,0.319,0.009,0.43,0.801,0.487,0.582,0.294,0.628,0.182,0.876,0.3,0.8,0.116,0.638,0.642,0.032,0.311,0.938,0.792,0.978,0.949,0.554,0.69,0.437,0.157,0.543,0.837,0.849,0.181,0.675,0.984,0.569,0.036,0.435,0.862,0.547,0.206,0.521
0.0,0.891,0.094,0.536,0.775,0.589,0.247,0.026,0.378,0.019,0.192,0.997,0.763,0.406,0.178,0.285,0.688,0.497,0.681,0.195,0.159,0.74,0.893,0.812,0.926,0.064,0.02,0.186,0.082,0.429,0.551,0.437,0.885,0.732,0.16,0.13,0.278,0.108,0.735,0.939,0.939
0.0,0.613,0.1,0.778,0.432,0.46,0.901,0.006,0.391,0.281,0.271,0.99,0.317,0.646,0.284,0.013,0.029,0.162,0.762,0.999,0.537,0.981,0.149,0.966,0.839,0.37,0.011,0.204,0.1,0.158,0.223,0.068,0.328,0.379,0.835,0.876,0.24,0.163,0.274,0.61,0.753
1.0,0.277,0.348,0.495,0.531,0.071,0.016,0.885,0.23,0.711,0.034,0.611,0.528,0.952,0.858,0.628,0.073,0.251,0.962,0.921,0.452,0.182,0.999,0.687,0.231,0.703,0.888,0.403,0.543,0.865,0.566,0.482,0.772,0.098,0.372,0.759,0.044,0.295,0.077,0.213,0.191
1.0,0.152,0.272,0.567,0.947,0.705,0.864,0.775,0.76,0.662,0.476,0.057,0.625,0.369,0.588,0.909,0.177,0.704,0.339,0.837,0.367,0.317,0.972,0.724,0.656,0.415,0.817,0.543,0.792,0.916,0.79,0.778,0.529,0.79,0.177,0.499,0.705,0.441,0.481,0.908,0.002
0.0,0.374,0.521,0.355,0.294,0.94,0.69,0.759,0.507,0.532,0.138,0.865,0.673,0.062,0.403,0.652,0.069,0.861,0.58,0.808,0.424,0.79,0.941,0.874,0.229,0.72,0.928,0.258,0.444,0.734,0.734,0.167,0.945,0.367,0.905,0.782,0.523,0.223,0.381,0.746,0.814
1.0,0.541,0.313,0.494,0.758,0.046,0.426,0.457,0.265,0.835,0.431,0.516,0.566,0.943,0.336,0.51,0.597,0.863,0.191,0.101,0.245,0.024,0.36,0.658,0.604,0.872,0.959,0.352,0.453,0.015,0.139,0.356,0.573,0.322,0.72,0.907,0.418,0.475,0.518,0.616,0.096
0.0,0.117,0.85,0.46,0.772,0.433,0.982,0.606,0.588,0.228,0.189,0.247,0.939,0.982,0.587,0.831,0.889,0.229,0.063,0.065,0.781,0.809,0.128,0.961,0.26,0.645,0.396,0.084,0.048,0.302,0.85,0.182,0.824,0.466,0.87,0.603,0.189,0.588,0.586,0.76,0.73
1.0,0.089,0.263,0.305,0.325,0.559,0.47,0.926,0.512,0.262,0.274,0.544,0.69,0.932,0.499,0.759,0.644,0.485,0.959,0.997,0.319,0.739,0.646,0.29,0.998,0.307,0.932,0.035,0.981,0.079,0.827,0.069,0.583,0.005,0.893,0.643,0.761,0.922,0.122,0.973,0.388
1.0,0.18,0.557,0.28,0.771,0.762,0.484,0.656,0.473,0.823,0.436,0.209,0.338,0.164,0.088,0.246,0.377,0.179,0.451,0.697,0.218,0.791,0.43,0.625,0.235,0.05,0.83,0.739,0.743,0.452,0.463,0.079,0.115,0.636,0.917,0.497,0.703,0.509,0.9,0.849,0.884
1.0,0.329,0.6,0.177,0.483,0.214,0.029,0.684,0.626,0.975,0.152,0.994,0.563,0.891,0.014,0.166,0.131,0.252,0.7,0.358,0.86,0.397,0.515,0.699,0.94,0.739,0.917,0.917,0.733,0.545,0.273,0.206,0.009,0.101,0.957,0.313,0.273,0.436,0.721,0.504,0.379
1.0,0.14,0.603,0.252,0.24,0.819,0.539,0.884,0.592,0.438,0.862,0.534,0.01,0.692,0.654,0.322,0.547,0.651,0.645,0.111,0.976,0.652,0.899,0.284,0.388,0.946,0.547,0.743,0.947,0.978,0.652,0.501,0.636,0.712,0.675,0.0,0.685,0.123,0.19,0.577,0.007
1.0,0.983,0.355,0.939,0.192,0.509,0.521,0.749,0.993,0.915,0.683,0.769,0.182,0.733,0.473,0.336,0.117,0.13,0.694,0.705,0.499,0.731,0.632,0.096,0.658,0.346,0.641,0.592,0.254,0.981,0.588,0.749,0.428,0.934,0.939,0.358,0.757,0.187,0.062,0.272,0.624
0.0,0.419,0.942,0.588,0.272,0.891,0.397,0.318,0.66,0.328,0.513,0.578,0.516,0.8,0.061,0.234,0.007,0.127,0.817,0.924,0.812,0.068,0.216,0.078,0.041,0.631,0.741,0.807,0.511,0.312,0.31,0.679,0.032,0.385,0.422,0.567,0.904,0.156,0.434,0.954,0.473
0.0,0.823,0.588,0.45,0.144,0.929,0.293,0.681,0.173,0.247,0.409,0.925,0.709,0.554,0.375,0.506,0.769,0.572,0.824,0.256,0.033,0.551,0.327,0.497,0.21,0.26,0.11,0.674,0.932,0.273,0.394,0.771,0.995,0.65,0.692,0.341,0.791,0.345,0.453,0.378,0.225
0.0,0.654,0.939,0.69,0.323,0.068,0.05,0.081,0.016,0.786,0.671,0.828,0.9,0.913,0.803,0.824,0.227,0.452,0.836,0.875,0.946,0.759,0.931,0.557,0.063,0.27,0.513,0.705,0.039,0.027,0.978,0.213,0.147,0.82,0.441,0.334,0.554,0.936,0.527,0.841,0.727
0.0,0.396,0.646,0.607,0.561,0.095,0.751,0.819,0.712,0.062,0.309,0.508,0.429,0.836,0.386,0.523,0.717,0.94,0.947,0.8,0.319,0.868,0.056,0.619,0.276,0.756,0.18,0.644,0.025,0.571,0.151,0.831,0.832,0.146,0.346,0.02,0.161,0.064,0.94,0.12,0.457
0.0,0.546,0.812,0.427,0.368,0.726,0.711,0.135,0.911,0.971,0.21,0.061,0.939,0.888,0.325,0.938,0.939,0.898,0.354,0.834,0.013,0.673,0.919,0.059,0.311,0.173,0.611,0.353,0.619,0.565,0.331,0.733,0.424,0.176,0.795,0.055,0.878,0.958,0.213,0.033,0.013
0.0,0.178,0.072,0.146,0.754,0.633,0.007,0.82,0.77,0.272,0.074,0.813,0.235,0.897,0.903,0.013,0.47,0.663,0.878,0.038,0.435,0.945,0.204,0.99,0.064,0.355,0.317,0.135,0.424,0.122,0.332,0.051,0.913,0.956,0.694,0.408,0.561,0.211,0.87,0.004,0.187
0.0,0.862,0.971,0.654,0.434,0.072,0.606,0.461,0.994,0.908,0.332,0.574,0.641,0.34,0.465,0.226,0.323,0.405,0.518,0.329,0.05,0.157,0.313,0.926,0.791,0.616,0.046,0.82,0.16,0.003,0.346,0.478,0.93,0.088,0.927,0.022,0.114,0.136,0.765,0.299,0.83
0.0,0.457,0.888,0.799,0.592,0.158,0.366,0.285,0.873,0.939,0.596,0.934,0.797,0.978,0.252,0.311,0.137,0.256,0.6,0.127,0.937,0.638,0.752,0.305,0.415,0.089,0.681,0.169,0.464,0.804,0.094,0.123,0.439,0.534,0.809,0.039,0.58,0.143,0.201,0.81,0.511
0.0,0.533,0.22,0.578,0.42,0.394,0.263,0.602,0.317,0.415,0.664,0.76,0.814,0.954,0.395,0.388,0.899,0.814,0.786,0.912,0.569,0.024,0.203,0.984,0.749,0.96,0.775,0.803,0.599,0.863,0.961,0.624,0.297,0.372,0.893,0.563,0.698,0.111,0.946,0.377,0.457
1.0,0.27,0.568,0.039,0.153,0.839,0.366,0.87,0.681,0.531,0.471,0.163,0.081,0.102,0.21,0.519,0.206,0.023,0.969,0.199,0.379,0.14,0.553,0.162,0.857,0.295,0.469,0.57,0.828,0.738,0.344,0.707,0.951,0.149,0.479,0.969,0.201,0.342,0.806,0.94,0.687
0.0,0.242,0.393,0.361,0.389,0.722,0.877,0.399,0.213,0.695,0.921,0.531,0.11,0.647,0.322,0.488,0.052,0.023,0.764,0.965,0.529,0.334,0.065,0.396,0.148,0.19,0.984,0.168,0.107,0.511,0.163,0.757,0.452,0.484,0.294,0.366,0.238,0.14,0.031,0.651,0.783
1.0,0.303,0.527,0.305,0.241,0.115,0.515,0.575,0.229,0.978,0.728,0.905,0.301,0.062,0.796,0.545,0.14,0.459,0.508,0.289,0.632,0.309,0.389,0.708,0.303,0.68,0.815,0.406,0.832,0.723,0.871,0.238,0.628,0.947,0.623,0.502,0.535,0.552,0.497,0.366,0.132
1.0,0.398,0.544,0.285,0.754,0.137,0.202,0.891,0.735,0.388,0.511,0.962,0.212,0.795,0.995,0.896,0.677,0.766,0.932,0.708,0.391,0.35,0.796,0.214,0.553,0.836,0.754,0.529,0.036,0.017,0.239,0.337,0.145,0.413,0.856,0.746,0.822,0.286,0.775,0.933,0.521
0.0,0.1,0.071,0.088,0.193,0.891,0.417,0.113,0.46,0.686,0.413,0.132,0.93,0.052,0.365,0.853,0.463,0.88,0.463,0.173,0.907,0.982,0.015,0.409,0.72,0.27,0.547,0.081,0.885,0.274,0.902,0.422,0.206,0.618,0.092,0.15,0.437,0.903,0.487,0.785,0.787
1.0,0.258,0.405,0.647,0.406,0.736,0.786,0.495,0.708,0.988,0.534,0.774,0.122,0.472,0.954,0.741,0.218,0.07,0.942,0.651,0.373,0.39,0.198,0.564,0.606,0.648,0.044,0.052,0.435,0.195,0.164,0.533,0.895,0.191,0.146,0.852,0.745,0.699,0.344,0.151,0.18
0.0,0.198,0.583,0.03,0.718,0.531,0.732,0.479,0.783,0.496,0.16,0.37,0.814,0.267,0.28,0.165,0.903,0.159,0.809,0.487,0.742,0.724,0.836,0.575,0.308,0.13,0.572,0.24,0.751,0.065,0.741,0.076,0.856,0.369,0.353,0.364,0.657,0.171,0.524,0.044,0.93
0.0,0.615,0.038,0.903,0.621,0.483,0.21,0.752,0.398,0.765,0.279,0.613,0.814,0.655,0.476,0.666,0.465,0.741,0.352,0.341,0.016,0.746,0.692,0.785,0.973,0.373,0.956,0.108,0.342,0.324,0.949,0.833,0.079,0.169,0.538,0.822,0.834,0.431,0.882,0.975,0.252
0.0,0.246,0.104,0.248,0.705,0.057,0.696,0.196,0.99,0.996,0.863,0.421,0.122,0.797,0.952,0.296,0.818,0.234,0.441,0.77,0.261,0.0,0.759,0.979,0.013,0.614,0.218,0.711,0.826,0.812,0.86,0.408,0.212,0.791,1.0,0.949,0.199,0.241,0.072,0.247,0.784
1.0,0.975,0.205,0.108,0.44,0.129,0.668,0.352,0.796,0.225,0.992,0.559,0.113,0.063,0.773,0.043,0.663,0.474,0.573,0.096,0.254,0.893,0.99,0.016,0.693,0.508,0.032,0.593,0.969,0.332,0.81,0.197,0.689,0.346,0.503,0.44,0.876,0.21,0.933,0.297,0.88
1.0,0.469,0.847,0.048,0.691,0.789,0.993,0.514,0.718,0.421,0.149,0.904,0.635,0.491,0.611,0.199,0.58,0.042,0.434,0.433,0.521,0.032,0.384,0.513,0.362,0.371,0.293,0.982,0.403,0.788,0.774,0.637,0.768,0.619,0.798,0.509,0.23,0.602,0.426,0.31,0.462
1.0,0.283,0.667,0.039,0.114,0.303,0.34,0.203,0.602,0.326,0.988,0.017,0.123,0.03,0.063,0.981,0.204,0.083,0.526,0.398,0.249,0.869,0.174,0.352,0.874,0.835,0.583,0.574,0.408,0.444,0.877,0.28,0.393,0.559,0.674,0.345,0.622,0.616,0.206,0.23,0.829
0.0,0.264,0.252,0.688,0.62,0.704,0.42,0.649,0.643,0.068,0.433,0.196,0.594,0.484,0.729,0.189,0.336,0.117,0.747,0.136,0.153,0.451,0.733,0.949,0.783,0.284,0.527,0.942,0.029,0.478,0.308,0.353,0.835,0.552,0.643,0.41,0.738,0.274,0.774,0.406,0.472
0.0,0.563,0.822,0.143,0.425,0.705,0.584,0.188,0.389,0.539,0.204,0.539,0.939,0.353,0.539,0.018,0.197,0.41,0.113,0.906,0.26,0.994,0.641,0.611,0.213,0.379,0.478,0.041,0.43,0.123,0.064,0.396,0.7,0.224,0.387,0.385,0.427,0.345,0.725,0.577,0.557
0.0,0.927,0.008,0.514,0.197,0.419,0.374,0.023,0.248,0.676,0.095,0.399,0.837,0.849,0.018,0.516,0.218,0.376,0.031,0.439,0.834,0.159,0.716,0.441,0.831,0.646,0.523,0.177,0.665,0.034,0.492,0.215,0.678,0.618,0.811,0.506,0.88,0.885,0.302,0.581,0.584
0.0,0.597,0.29,0.207,0.871,0.954,0.653,0.689,0.145,0.71,0.708,0.475,0.129,0.828,0.091,0.468,0.638,0.128,0.66,0.903,0.086,0.415,0.702,0.918,0.045,0.056,0.916,0.21,0.457,0.606,0.803,0.588,0.874,0.637,0.624,0.716,0.369,0.269,0.793,0.502,0.177
1.0,0.662,0.727,0.248,0.791,0.306,0.391,0.629,0.977,0.801,0.152,0.638,0.496,0.356,0.262,0.45,0.693,0.96,0.626,0.803,0.184,0.268,0.376,0.31,0.172,0.185,0.251,0.458,0.383,0.625,0.922,0.344,0.936,0.185,0.817,0.42,0.264,0.048,0.692,0.353,0.233
1.0,0.122,0.115,0.875,0.763,0.561,0.121,0.21,0.05,0.003,0.42,0.563,0.754,0.925,0.992,0.369,0.191,0.919,0.584,0.156,0.713,0.192,0.73,0.632,0.244,0.927,0.769,0.044,0.143,0.793,0.081,0.871,0.239,0.538,0.046,0.027,0.42,0.395,0.34,0.651,0.963
1.0,0.319,0.912,0.466,0.99,0.089,0.416,0.746,0.343,0.785,0.149,0.739,0.561,0.204,0.818,0.678,0.254,0.358,0.228,0.024,0.806,0.867,0.807,0.585,0.053,0.065,0.033,0.812,0.899,0.151,0.965,0.464,0.795,0.498,0.103,0.9,0.223,0.979,0.11,0.307,0.774
1.0,0.356,0.717,0.587,0.317,0.304,0.79,0.911,0.918,0.799,0.643,0.54,0.766,0.433,0.155,0.071,0.332,0.605,0.729,0.085,0.582,0.66,0.927,0.744,0.872,0.728,0.389,0.851,0.213,0.263,0.723,0.462,0.368,0.15,0.944,0.644,0.233,0.077,0.529,0.47,0.011
0.0,0.523,0.179,0.607,0.473,0.911,0.671,0.069,0.139,0.141,0.854,0.546,0.387,0.901,0.279,0.76,0.68,0.067,0.858,0.598,0.171,0.336,0.986,0.039,0.241,0.456,0.181,0.649,0.788,0.828,0.851,0.393,0.87,0.147,0.705,0.629,0.3,0.634,0.881,0.118,0.804
1.0,0.207,0.498,0.188,0.002,0.84,0.307,0.058,0.426,0.827,0.099,0.659,0.171,0.655,0.39,0.372,0.59,0.378,0.727,0.558,0.103,0.21,0.329,0.136,0.671,0.302,0.363,0.32,0.161,0.259,0.722,0.23,0.533,0.386,0.467,0.395,0.867,0.438,0.537,0.077,0.53
1.0,0.433,0.146,0.234,0.921,0.368,0.492,0.483,0.559,0.451,0.962,0.81,0.607,0.229,0.014,0.662,0.159,0.012,0.351,0.654,0.335,0.263,0.522,0.68,0.248,0.038,0.504,0.578,0.954,0.147,0.663,0.22,0.921,0.906,0.52,0.583,0.418,0.072,0.994,0.478,0.136
0.0,0.847,0.65,0.504,0.013,0.941,0.515,0.257,0.433,0.602,0.341,0.364,0.114,0.272,0.99,0.313,0.836,0.259,0.476,0.201,0.328,0.151,0.109,0.324,0.515,0.523,0.793,0.422,0.41,0.132,0.047,0.973,0.404,0.689,0.784,0.019,0.72,0.779,0.495,0.219,0.81
0.0,0.678,0.768,0.364,0.345,0.904,0.24,0.119,0.899,0.488,0.042,0.061,0.365,0.922,0.408,0.644,0.042,0.606,0.032,0.736,0.757,0.369,0.974,0.554,0.912,0.741,0.554,0.808,0.325,0.394,0.204,0.089,0.839,0.388,0.103,0.36,0.042,0.022,0.373,0.734,0.87
1.0,0.353,0.747,0.24,0.92,0.307,0.026,0.017,0.444,0.211,0.986,0.694,0.607,0.434,0.472,0.251,0.987,0.822,0.274,0.819,0.894,0.088,0.613,0.208,0.935,0.505,0.935,0.649,0.21,0.872,0.071,0.454,0.132,0.177,0.011,0.574,0.34,0.777,0.266,0.817,0.67
0.0,0.028,0.999,0.511,0.729,0.126,0.67,0.692,0.471,0.723,0.523,0.869,0.021,0.746,0.623,0.737,0.537,0.997,0.312,0.567,0.773,0.869,0.91,0.859,0.741,0.749,0.761,0.71,0.316,0.189,0.111,0.55,0.318,0.527,0.103,0.432,0.209,0.333,0.71,0.921,0.552
0.0,0.563,0.31,0.717,0.771,0.927,0.043,0.0,0.435,0.272,0.752,0.957,0.447,0.803,0.624,0.255,0.702,0.397,0.752,0.634,0.833,0.506,0.427,0.93,0.501,0.421,0.805,0.854,0.672,0.231,0.193,0.302,0.792,0.785,0.708,0.822,0.173,0.342,0.207,0.942,0.952
1.0,0.231,0.255,0.768,0.991,0.539,0.139,0.427,0.494,0.514,0.15,0.066,0.437,0.218,0.566,0.867,0.285,0.058,0.428,0.415,0.045,0.595,0.652,0.681,0.44,0.75,0.898,0.712,0.939,0.392,0.834,0.491,0.781,0.267,0.471,0.958,0.768,0.401,0.493,0.259,0.734
1.0,0.945,0.645,0.86,0.6,0.293,0.729,0.653,0.561,0.152,0.301,0.845,0.612,0.194,0.893,0.369,0.938,0.098,0.669,0.339,0.727,0.7,0.726,0.479,0.964,0.135,0.662,0.765,0.356,0.683,0.948,0.643,0.785,0.607,0.493,0.774,0.059,0.734,0.875,0.821,0.104
1.0,0.25,0.657,0.507,0.016,0.692,0.856,0.551,0.285,0.11,0.649,0.981,0.25,0.499,0.957,0.513,0.272,0.747,0.549,0.195,0.085,0.247,0.939,0.033,0.78,0.427,0.657,0.938,0.925,0.211,0.937,0.877,0.57,0.936,0.628,0.555,0.774,0.761,0.778,0.115,0.044
1.0,0.993,0.973,0.982,0.629,0.629,0.689,0.384,0.602,0.563,0.333,0.77,0.279,0.37,0.412,0.805,0.521,0.67,0.304,0.349,0.62,0.658,0.322,0.983,0.874,0.811,0.908,0.06,0.714,0.572,0.081,0.408,0.155,0.419,0.374,0.73,0.767,0.183,0.692,0.819,0.033
1.0,0.861,0.859,0.361,0.411,0.554,0.229,0.99,0.341,0.962,0.034,0.279,0.602,0.45,0.714,0.724,0.28,0.841,0.657,0.083,0.184,0.4,0.035,0.215,0.184,0.607,0.756,0.417,0.483,0.031,0.689,0.292,0.848,0.819,0.379,0.515,0.492,0.883,0.035,0.416,0.728
1.0,0.167,0.289,0.771,0.678,0.065,0.275,0.071,0.565,0.474,0.172,0.875,0.367,0.602,0.3,0.362,0.667,0.514,0.436,0.597,0.237,0.388,0.748,0.56,0.591,0.723,0.67,0.299,0.899,0.694,0.639,0.032,0.872,0.976,0.936,0.62,0.089,0.114,0.293,0.288,0.584
1.0,0.16,0.044,0.283,0.876,0.022,0.624,0.861,0.344,0.878,0.163,0.359,0.148,0.051,0.569,0.117,0.454,0.89,0.651,0.954,0.706,0.442,0.767,0.494,0.387,0.102,0.605,0.843,0.839,0.509,0.948,0.225,0.14,0.614,0.453,0.177,0.95,0.209,0.75,0.905,0.206
1.0,0.205,0.331,0.383,0.341,0.895,0.63,0.245,0.789,0.013,0.063,0.967,0.57,0.066,0.752,0.47,0.986,0.341,0.628,0.682,0.415,0.688,0.717,0.224,0.552,0.697,0.668,0.331,0.615,0.012,0.963,0.623,0.232,0.731,0.911,0.524,0.662,0.745,0.997,0.199,0.001
1.0,0.516,0.106,0.413,0.014,0.698,0.254,0.716,0.511,0.411,0.105,0.28,0.133,0.676,0.63,0.969,0.708,0.47,0.632,0.597,0.962,0.838,0.01,0.609,0.718,0.573,0.506,0.217,0.64,0.753,0.151,0.298,0.921,0.017,0.06,0.489,0.012,0.415,0.837,0.025,0.833
0.0,0.782,0.312,0.274,0.193,0.23,0.436,0.539,0.202,0.963,0.61,0.236,0.847,0.593,0.088,0.773,0.534,0.397,0.581,0.12,0.409,0.128,0.516,0.49,0.373,0.376,0.496,0.17,0.625,0.953,0.323,0.957,0.721,0.077,0.965,0.405,0.643,0.022,0.887,0.04,0.883
1.0,0.378,0.956,0.193,0.178,0.826,0.622,0.306,0.172,0.83,0.796,0.611,0.204,0.609,0.915,0.315,0.904,0.449,0.783,0.478,0.6,0.187,0.269,0.264,0.423,0.288,0.097,0.445,0.815,0.547,0.347,0.814,0.51,0.076,0.787,0.664,0.129,0.609,0.831,0.23,0.556
0.0,0.24,0.469,0.435,0.149,0.751,0.966,0.36,0.955,0.064,0.37,0.997,0.816,0.344,0.12,0.359,0.053,0.873,0.33,0.634,0.168,0.017,0.237,0.317,0.404,0.566,0.461,0.77,0.982,0.8,0.661,0.907,0.55,0.866,0.697,0.316,0.162,0.086,0.423,0.482,0.15
1.0,0.954,0.212,0.497,0.613,0.421,0.836,0.765,0.892,0.128,0.733,0.536,0.388,0.248,0.068,0.73,0.014,0.569,0.701,0.46,0.45,0.891,0.057,0.597,0.955,0.347,0.108,0.103,0.474,0.176,0.048,0.76,0.176,0.564,0.16,0.33,0.964,0.563,0.48,0.175,0.43
1.0,0.411,0.645,0.671,0.513,0.833,0.742,0.659,0.75,0.925,0.961,0.389,0.925,0.803,0.874,0.689,0.867,0.624,0.323,0.727,0.894,0.724,0.602,0.638,0.563,0.787,0.286,0.281,0.424,0.738,0.845,0.881,0.341,0.489,0.362,0.104,0.582,0.567,0.437,0.658,0.54
0.0,0.8,0.509,0.494,0.839,0.912,0.011,0.715,0.717,0.374,0.971,0.41,0.969,0.01,0.757,0.973,0.113,0.658,0.409,0.422,0.498,0.591,0.243,0.097,0.64,0.885,0.295,0.536,0.587,0.404,0.551,0.295,0.149,0.912,0.538,0.386,0.496,0.628,0.508,0.445,0.39
0.0,0.239,0.656,0.795,0.551,0.778,0.624,0.161,0.459,0.65,0.095,0.949,0.074,0.795,0.897,0.215,0.393,0.762,0.726,0.827,0.904,0.374,0.384,0.828,0.249,0.894,0.688,0.318,0.167,0.007,0.137,0.557,0.574,0.34,0.155,0.51,0.233,0.365,0.631,0.815,0.683
1.0,0.937,0.142,0.003,0.265,0.368,0.98,0.1,0.931,0.376,0.828,0.256,0.419,0.898,0.658,0.087,0.305,0.123,0.463,0.06,0.246,0.965,0.932,0.574,0.414,0.252,0.787,0.72,0.675,0.795,0.399,0.595,0.149,0.193,0.32,0.212,0.647,0.345,0.834,0.986,0.805
0.0,0.375,0.848,0.62,0.795,0.487,0.195,0.664,0.176,0.839,0.412,0.811,0.811,0.868,0.235,0.289,0.247,0.49,0.168,0.851,0.284,0.223,0.729,0.025,0.691,0.565,0.023,0.909,0.582,0.179,0.977,0.652,0.552,0.505,0.189,0.843,0.867,0.417,0.203,0.665,0.783
1.0,0.575,0.49,0.632,0.737,0.149,0.833,0.049,0.194,0.33,0.61,0.436,0.661,0.875,0.716,0.109,0.983,0.452,0.07,0.459,0.114,0.684,0.862,0.712,0.293,0.363,0.557,0.438,0.814,0.062,0.851,0.547,0.27,0.423,0.043,0.561,0.232,0.262,0.187,0.357,0.296
0.0,0.002,0.693,0.909,0.312,0.978,0.748,0.957,0.79,0.435,0.2,0.076,0.068,0.166,0.059,0.042,0.493,0.921,0.93,0.365,0.355,0.001,0.374,0.469,0.989,0.722,0.636,0.257,0.108,0.509,0.466,0.979,0.118,0.51,0.229,0.57,0.627,0.135,0.698,0.06,0.355
1.0,0.087,0.892,0.51,0.579,0.422,0.147,0.834,0.013,0.772,0.422,0.131,0.702,0.218,0.037,0.298,0.678,0.888,0.184,0.004,0.433,0.737,0.708,0.62,0.584,0.059,0.119,0.142,0.928,0.819,0.088,0.989,0.916,0.415,0.206,0.132,0.347,0.4,0.632,0.647,0.663
0.0,0.57,0.323,0.655,0.08,0.11,0.4,0.17,0.913,0.791,0.275,0.63,0.073,0.297,0.713,0.666,0.866,0.722,0.818,0.082,0.039,0.371,0.007,0.99,0.999,0.403,0.802,0.246,0.849,0.856,0.998,0.763,0.378,0.69,0.335,0.939,0.465,0.428,0.721,0.445,0.003
1.0,0.648,0.703,0.043,0.647,0.767,0.248,0.645,0.553,0.591,0.912,0.967,0.479,0.508,0.991,0.976,0.453,0.141,0.117,0.65,0.372,0.039,0.999,0.657,0.479,0.247,0.59,0.232,0.778,0.401,0.963,0.941,0.752,0.753,0.142,0.132,0.064,0.088,0.086,0.233,0.217
1.0,0.185,0.899,0.957,0.439,0.517,0.995,0.591,0.765,0.558,0.726,0.173,0.439,0.901,0.014,0.016,0.14,0.224,0.522,0.243,0.861,0.388,0.954,0.553,0.984,0.2,0.475,0.034,0.103,0.702,0.252,0.333,0.08,0.275,0.35,0.847,0.082,0.424,0.006,0.668,0.787
0.0,0.584,0.469,0.357,0.131,0.281,0.05,0.576,0.849,0.902,0.061,0.699,0.019,0.15,0.285,0.942,0.366,0.168,0.134,0.306,0.452,0.549,0.628,0.887,0.837,0.398,0.789,0.761,0.062,0.136,0.777,0.053,0.86,0.828,0.944,0.143,0.163,0.536,0.525,0.322,0.635
0.0,0.434,0.628,0.461,0.668,0.405,0.595,0.553,0.796,0.235,0.401,0.387,0.649,0.1,0.396,0.304,0.028,0.386,0.865,0.109,0.201,0.311,0.109,0.856,0.328,0.807,0.024,0.741,0.637,0.012,0.513,0.198,0.641,0.882,0.948,0.852,0.175,0.049,0.084,0.638,0.418
1.0,0.331,0.64,0.714,0.168,0.43,0.972,0.707,0.75,0.072,0.337,0.277,0.68,0.629,0.432,0.37,0.884,0.257,0.163,0.371,0.96,0.427,0.039,0.427,0.346,0.673,0.461,0.537,0.956,0.391,0.522,0.026,0.74,0.323,0.322,0.588,0.172,0.918,0.044,0.523,0.003
1.0,0.925,0.801,0.234,0.221,0.134,0.19,0.575,0.268,0.884,0.15,0.147,0.086,0.533,0.672,0.562,0.806,0.465,0.271,0.963,0.969,0.01,0.044,0.12,0.278,0.475,0.071,0.464,0.494,0.141,0.696,0.482,0.841,0.792,0.821,0.49,0.281,0.916,0.916,0.862,0.31
1.0,0.319,0.639,0.212,0.594,0.088,0.102,0.76,0.591,0.882,0.86,0.95,0.439,0.068,0.566,0.465,0.245,0.353,0.716,0.376,0.752,0.464,0.476,0.674,0.297,0.323,0.984,0.082,0.052,0.568,0.643,0.834,0.298,0.087,0.594,0.303,0.392,0.838,0.07,0.638,0.633
1.0,0.923,0.631,0.116,0.823,0.689,0.036,0.594,0.595,0.588,0.882,0.122,0.403,0.125,0.929,0.931,0.393,0.071,0.272,0.745,0.039,0.469,0.78,0.316,0.142,0.923,0.34,0.192,0.592,0.745,0.257,0.983,0.311,0.628,0.31,0.797,0.903,0.536,0.036,0.982,0.698
1.0,0.566,0.251,0.282,0.831,0.162,0.749,0.855,0.617,0.097,0.166,0.246,0.23,0.399,0.071,0.69,0.242,0.988,0.353,0.867,0.477,0.326,0.968,0.249,0.092,0.321,0.506,0.217,0.138,0.408,0.322,0.539,0.12,0.47,0.349,0.765,0.38,0.89,0.77,0.678,0.557
0.0,0.872,0.741,0.734,0.719,0.497,0.494,0.515,0.077,0.18,0.083,0.15,0.133,0.588,0.895,0.505,0.72,0.122,0.271,0.254,0.603,0.727,0.348,0.84,0.872,0.402,0.534,0.858,0.804,0.732,0.984,0.029,0.657,0.827,0.874,0.869,0.15,0.091,0.624,0.474,0.354
0.0,0.59,0.139,0.15,0.318,0.871,0.711,0.209,0.379,0.434,0.671,0.794,0.152,0.196,0.469,0.562,0.365,0.152,0.798,0.549,0.4,0.028,0.886,0.927,0.269,0.374,0.079,0.741,0.132,0.81,0.73,0.611,0.006,0.872,0.395,0.766,0.735,0.575,0.608,0.138,0.034
0.0,0.918,0.0,0.313,0.315,0.859,0.04,0.644,0.533,0.17,0.227,0.388,0.315,0.831,0.813,0.212,0.762,0.889,0.386,0.654,0.245,0.072,0.345,0.788,0.627,0.727,0.715,0.822,0.58,0.122,0.032,0.386,0.507,0.868,0.613,0.009,0.605,0.536,0.765,0.532,0.25
1.0,0.795,0.768,0.288,0.075,0.745,0.783,0.215,0.944,0.014,0.062,0.57,0.039,0.919,0.724,0.103,0.929,0.219,0.545,0.15,0.614,0.88,0.521,0.092,0.875,0.221,0.875,0.659,0.007,0.775,0.117,0.208,0.584,0.755,0.366,0.452,0.228,0.0,0.177,0.196,0.383
1.0,0.065,0.826,0.317,0.573,0.426,0.291,0.363,0.12,0.142,0.976,0.408,0.381,0.802,0.654,0.716,0.957,0.533,0.663,0.974,0.113,0.803,0.241,0.09,0.619,0.627,0.439,0.131,0.772,0.695,0.189,0.222,0.836,0.079,0.786,0.178,0.919,0.323,0.426,0.893,0.799
0.0,0.731,0.544,0.272,0.5,0.707,0.332,0.646,0.174,0.186,0.77,0.14,0.928,0.189,0.08,0.664,0.39,0.579,0.089,0.959,0.002,0.454,0.6,0.91,0.291,0.932,0.574,0.817,0.629,0.553,0.811,0.358,0.108,0.294,0.348,0.038,0.785,0.715,0.879,0.62,0.792
1.0,0.299,0.431,0.899,0.521,0.486,0.222,0.117,0.459,0.748,0.938,0.124,0.176,0.079,0.925,0.571,0.662,0.419,0.932,0.731,0.256,0.619,0.856,0.763,0.674,0.89,0.415,0.509,0.53,0.339,0.148,0.456,0.861,0.18,0.526,0.21,0.357,0.533,0.34,0.317,0.953
1.0,0.223,0.599,0.419,0.717,0.176,0.633,0.597,0.1,0.234,0.767,0.324,0.08,0.908,0.053,0.613,0.485,0.976,0.061,0.413,0.888,0.482,0.51,0.359,0.716,0.965,0.52,0.913,0.986,0.053,0.004,0.474,0.632,0.55,0.687,0.743,0.583,0.139,0.576,0.62,0.097
1.0,0.736,0.198,0.928,0.194,0.658,0.394,0.573,0.983,0.884,0.119,0.404,0.229,0.912,0.353,0.038,0.992,0.906,0.013,0.261,0.539,0.197,0.089,0.635,0.728,0.169,0.862,0.616,0.421,0.288,0.52,0.864,0.862,0.647,0.686,0.833,0.273,0.679,0.231,0.979,0.62
1.0,0.692,0.049,0.531,0.843,0.41,0.566,0.54,0.18,0.76,0.471,0.111,0.324,0.032,0.937,0.14,0.874,0.175,0.969,0.246,0.973,0.354,0.516,0.726,0.828,0.638,0.478,0.297,0.405,0.677,0.1,0.894,0.218,0.505,0.591,0.497,0.292,0.839,0.352,0.915,0.682
1.0,0.65,0.85,0.46,0.383,0.748,0.367,0.32,0.849,0.045,0.964,0.568,0.178,0.387,0.829,0.887,0.925,0.494,0.377,0.714,0.732,0.158,0.717,0.172,0.932,0.57,0.598,0.046,0.05,0.058,0.808,0.236,0.626,0.204,0.755,0.579,0.551,0.375,0.479,0.701,0.397
0.0,0.164,0.339,0.373,0.82,0.667,0.599,0.755,0.942,0.224,0.981,0.204,0.619,0.465,0.34,0.337,0.555,0.133,0.643,0.848,0.47,0.179,0.61,0.922,0.631,0.531,0.448,0.149,0.95,0.551,0.713,0.014,0.724,0.879,0.657,0.139,0.597,0.292,0.611,0.729,0.266
0.0,0.933,0.864,0.287,0.073,0.828,0.798,0.25,0.281,0.485,0.489,0.962,0.778,0.747,0.171,0.518,0.105,0.892,0.083,0.778,0.66,0.707,0.682,0.359,0.587,0.273,0.763,0.272,0.317,0.34,0.589,0.733,0.483,0.379,0.847,0.128,0.417,0.352,0.903,0.315,0.079
1.0,0.954,0.937,0.317,0.426,0.438,0.72,0.903,0.959,0.447,0.432,0.93,0.058,0.518,0.746,0.093,0.927,0.615,0.734,0.854,0.837,0.613,0.479,0.588,0.387,0.814,0.941,0.956,0.137,0.5,0.503,0.689,0.93,0.614,0.636,0.188,0.221,0.974,0.001,0.574,0.764
0.0,0.868,0.921,0.382,0.087,0.869,0.939,0.61,0.977,0.786,0.0,0.734,0.13,0.385,0.014,0.746,0.77,0.566,0.859,0.243,0.761,0.617,0.877,0.042,0.433,0.212,0.032,0.324,0.291,0.581,0.703,0.218,0.414,0.777,0.695,0.596,0.888,0.995,0.943,0.338,0.611
1.0,0.866,0.008,0.697,0.425,0.691,0.112,0.211,0.983,0.986,0.315,0.741,0.343,0.684,0.95,0.032,0.103,0.113,0.843,0.231,0.285,0.282,0.478,0.126,0.586,0.973,0.264,0.405,0.102,0.689,0.092,0.234,0.514,0.019,0.684,0.817,0.755,0.747,0.781,0.727,0.73
0.0,0.859,0.369,0.834,0.922,0.994,0.072,0.284,0.729,0.419,0.798,0.017,0.734,0.37,0.049,0.213,0.13,0.38,0.057,0.059,0.811,0.304,0.211,0.897,0.13,0.397,0.357,0.142,0.43,0.503,0.659,0.47,0.502,0.204,0.68,0.083,0.125,0.291,0.548,0.802,0.813
1.0,0.822,0.964,0.603,0.177,0.123,0.088,0.891,0.242,0.226,0.836,0.326,0.805,0.152,0.962,0.502,0.894,0.982,0.308,0.341,0.823,0.213,0.516,0.009,0.7,0.148,0.731,0.661,0.313,0.769,0.107,0.999,0.698,0.505,0.763,0.082,0.662,0.916,0.048,0.771,0.525
0.0,0.003,0.183,0.213,0.425,0.119,0.734,0.605,0.106,0.364,0.378,0.702,0.613,0.156,0.618,0.469,0.017,0.546,0.511,0.59,0.387,0.952,0.607,0.889,0.35,0.075,0.376,0.635,0.636,0.208,0.768,0.306,0.422,0.662,0.767,0.828,0.614,0.786,0.282,0.936,0.38
0.0,0.749,0.026,0.295,0.674,0.961,0.282,0.578,0.073,0.854,0.681,0.637,0.669,0.688,0.618,0.127,0.725,0.417,0.332,0.661,0.495,0.043,0.462,0.295,0.407,0.437,0.519,0.723,0.388,0.89,0.099,0.488,0.854,0.055,0.193,0.952,0.858,0.588,0.903,0.198,0.217
1.0,0.536,0.744,0.788,0.504,0.196,0.148,0.161,0.047,0.367,0.276,0.323,0.179,0.971,0.31,0.447,0.414,0.581,0.431,0.573,0.865,0.705,0.87,0.718,0.611,0.605,0.21,0.078,0.695,0.657,0.963,0.794,0.234,0.17,0.345,0.316,0.413,0.275,0.75,0.724,0.074
1.0,0.389,0.938,0.933,0.982,0.354,0.107,0.642,0.391,0.593,0.824,0.481,0.636,0.998,0.932,0.64,0.715,0.285,0.497,0.445,0.635,0.115,0.994,0.045,0.818,0.945,0.227,0.15,0.732,0.099,0.239,0.545,0.793,0.882,0.183,0.884,0.319,0.2,0.015,0.313,0.488
1.0,0.629,0.365,0.47,0.669,0.339,0.003,0.466,0.51,0.99,0.126,0.474,0.54,0.96,0.011,0.111,0.214,0.964,0.397,0.218,0.838,0.723,0.458,0.503,0.783,0.601,0.605,0.36,0.96,1.0,0.604,0.461,0.253,0.133,0.313,0.052,0.091,0.913,0.77,0.304,0.618
1.0,0.861,0.431,0.794,0.83,0.171,0.723,0.448,0.98,0.512,0.443,0.465,0.439,0.459,0.049,0.153,0.582,0.919,0.923,0.599,0.894,0.898,0.73,0.7,0.311,0.561,0.383,0.513,0.28,0.725,0.984,0.449,0.633,0.445,0.923,0.562,0.993,0.471,0.759,0.931,0.063
1.0,0.371,0.461,0.713,0.698,0.591,0.729,0.0,0.201,0.155,0.771,0.291,0.214,0.054,0.761,0.751,0.359,0.836,0.548,0.148,0.784,0.434,0.59,0.03,0.23,0.731,0.067,0.227,0.059,0.086,0.771,0.192,0.962,0.432,0.56,0.784,0.823,0.215,0.69,0.171,0.759
1.0,0.622,0.747,0.766,0.501,0.367,0.868,0.776,0.553,0.628,0.539,0.816,0.23,0.985,0.316,0.173,0.51,0.221,0.724,0.363,0.654,0.284,0.573,0.503,0.279,0.935,0.526,0.195,0.965,0.048,0.932,0.959,0.646,0.071,0.017,0.872,0.487,0.085,0.37,0.96,0.032
1.0,0.462,0.875,0.71,0.609,0.511,0.651,0.853,0.923,0.307,0.133,0.106,0.048,0.648,0.529,0.769,0.633,0.745,0.951,0.788,0.487,0.721,0.169,0.261,0.474,0.418,0.542,0.445,0.023,0.686,0.766,0.231,0.959,0.696,0.468,0.288,0.358,0.242,0.492,0.041,0.505
0.0,0.744,0.938,0.598,0.497,0.021,0.898,0.477,0.413,0.015,0.933,0.403,0.928,0.443,0.297,0.169,0.102,0.996,0.229,0.351,0.253,0.387,0.692,0.088,0.53,0.143,0.717,0.584,0.86,0.12,0.112,0.572,0.267,0.709,0.052,0.213,0.101,0.486,0.742,0.685,0.971
1.0,0.334,0.961,0.959,0.432,0.639,0.966,0.735,0.121,0.292,0.173,0.132,0.397,0.928,0.611,0.516,0.431,0.182,0.531,0.795,0.601,0.212,0.924,0.717,0.2,0.871,0.894,0.612,0.677,0.619,0.574,0.668,0.668,0.905,0.218,0.753,0.657,0.41,0.814,0.428,0.264
0.0,0.18,0.646,0.157,0.679,0.19,0.288,0.415,0.536,0.167,0.935,0.442,0.808,0.899,0.318,0.341,0.844,0.225,0.787,0.427,1.0,0.238,0.009,0.478,0.494,0.557,0.366,0.397,0.763,0.015,0.615,0.183,0.344,0.808,0.926,0.733,0.452,0.37,0.631,0.69,0.413
1.0,0.872,0.321,0.556,0.416,0.157,0.656,0.037,0.5,0.073,0.228,0.245,0.409,0.938,0.337,0.208,0.138,0.318,0.092,0.429,0.951,0.755,0.738,0.689,0.038,0.574,0.635,0.825,0.931,0.213,0.984,0.307,0.353,0.789,0.575,0.535,0.199,0.034,0.463,0.978,0.421
0.0,0.194,0.702,0.619,0.994,0.207,0.103,0.389,0.992,0.054,0.491,0.58,0.757,0.423,0.628,0.155,0.698,0.157,0.048,0.507,0.085,0.263,0.259,0.861,0.466,0.525,0.491,0.666,0.426,0.303,0.998,0.804,0.346,0.366,0.017,0.556,0.201,0.425,0.954,0.592,0.562
0.0,0.308,0.008,0.946,0.696,0.397,0.032,0.435,0.626,0.354,0.106,0.875,0.888,0.999,0.239,0.672,0.405,0.553,0.896,0.485,0.503,0.551,0.817,0.836,0.759,0.762,0.5,0.177,0.193,0.908,0.75,0.397,0.981,0.567,0.222,0.918,0.185,0.927,0.025,0.654,0.144
1.0,0.253,0.384,0.813,0.888,0.876,0.061,0.48,0.954,0.708,0.772,0.507,0.58,0.262,0.707,0.932,0.79,0.484,0.831,0.234,0.178,0.585,0.112,0.346,0.059,0.209,0.885,0.791,0.201,0.378,0.047,0.486,0.216,0.611,0.339,0.933,0.067,0.482,0.178,0.778,0.154
0.0,0.82,0.848,0.848,0.197,0.862,0.842,0.31,0.411,0.506,0.561,0.565,0.154,0.854,0.55,0.332,0.978,0.488,0.306,0.395,0.154,0.676,0.997,0.754,0.589,0.038,0.536,0.98,0.584,0.858,0.797,0.408,0.893,0.665,0.209,0.246,0.538,0.651,0.243,0.367,0.854
1.0,0.821,0.829,0.718,0.426,0.754,0.02,0.878,0.214,0.226,0.014,0.723,0.493,0.543,0.379,0.972,0.556,0.275,0.446,0.514,0.319,0.851,0.614,0.032,0.08,0.834,0.364,0.008,0.841,0.022,0.895,0.94,0.487,0.364,0.6,0.414,0.363,0.168,0.191,0.704,0.817
1.0,0.96,0.619,0.352,0.588,0.354,0.162,0.557,0.993,0.747,0.019,0.58,0.432,0.038,0.592,0.108,0.93,0.893,0.887,0.834,0.843,0.8,0.382,0.369,0.136,0.424,0.998,0.944,0.863,0.324,0.111,0.232,0.795,0.496,0.398,0.74,0.802,0.718,0.73,0.591,0.331
1.0,0.957,0.397,0.704,0.256,0.618,0.524,0.919,0.589,0.534,0.948,0.237,0.498,0.622,0.696,0.82,0.645,0.26,0.757,0.457,0.429,0.418,0.508,0.255,0.506,0.986,0.905,0.803,0.845,0.899,0.111,0.78,0.417,0.181,0.107,0.09,0.947,0.613,0.244,0.265,0.642
0.0,0.33,0.513,0.669,0.622,0.947,0.85,0.835,0.956,0.891,0.067,0.827,0.683,0.451,0.34,0.295,0.184,0.394,0.06,0.156,0.202,0.55,0.538,0.798,0.975,0.136,0.612,0.223,0.365,0.853,0.707,0.725,0.741,0.507,0.129,0.291,0.579,0.365,0.151,0.591,0.736
0.0,0.05,0.007,0.223,0.875,0.114,0.545,0.886,0.98,0.401,0.712,0.307,0.928,0.5,0.007,0.582,0.846,0.677,0.319,0.094,0.587,0.075,0.346,0.993,0.522,0.583,0.87,0.372,0.496,0.215,0.503,0.479,0.783,0.044,0.571,0.742,0.664,0.275,0.219,0.42,0.578
0.0,0.51,0.907,0.991,0.72,0.422,0.178,0.989,0.019,0.228,0.508,0.335,0.581,0.494,0.475,0.851,0.998,0.32,0.315,0.137,0.04,0.407,0.422,0.599,0.229,0.216,0.458,0.067,0.524,0.862,0.941,0.662,0.179,0.125,0.08,0.805,0.034,0.206,0.816,0.381,0.171
0.0,0.207,0.648,0.382,0.09,0.956,0.358,0.843,0.509,0.862,0.988,0.466,0.566,0.306,0.444,0.401,0.469,0.616,0.371,0.269,0.328,0.012,0.726,0.869,0.512,0.449,0.643,0.051,0.155,0.079,0.851,0.019,0.763,0.059,0.035,0.125,0.178,0.371,0.483,0.165,0.28
1.0,0.078,0.077,0.694,0.117,0.401,0.526,0.889,0.986,0.205,0.736,0.88,0.048,0.47,0.436,0.696,0.115,0.556,0.164,0.609,0.718,0.747,0.864,0.154,0.95,0.596,0.534,0.493,0.581,0.075,0.517,0.217,0.34,0.363,0.446,0.607,0.04,0.836,0.63,0.796,0.184
1.0,0.247,0.409,0.775,0.507,0.45,0.222,0.954,0.51,0.613,0.71,0.37,0.359,0.097,0.204,0.485,0.95,0.621,0.791,0.428,0.648,0.733,0.755,0.028,0.403,0.994,0.193,0.835,0.675,0.735,0.299,0.011,0.212,0.883,0.589,0.595,0.489,0.392,0.367,0.07,0.056
1.0,0.513,0.002,0.84,0.838,0.903,0.434,0.481,0.728,0.175,0.299,0.364,0.46,0.836,0.942,0.703,0.657,0.575,0.115,0.648,0.942,0.091,0.341,0.117,0.352,0.08,0.497,0.435,0.464,0.433,0.651,0.771,0.206,0.998,0.345,0.191,0.452,0.194,0.924,0.135,0.257
1.0,0.722,0.449,0.267,0.39,0.167,0.29,0.274,0.093,0.191,0.29,0.002,0.917,0.148,0.227,0.256,0.783,0.972,0.973,0.2,0.517,0.51,0.786,0.248,0.676,0.497,0.965,0.035,0.839,0.906,0.618,0.44,0.807,0.92,0.305,0.575,0.859,0.407,0.73,0.452,0.655
0.0,0.098,0.61,0.316,0.687,0.489,0.556,0.814,0.714,0.32,0.988,0.984,0.993,0.483,0.483,0.084,0.469,0.443,0.255,0.972,0.946,0.405,0.054,0.162,0.139,0.223,0.321,0.028,0.734,0.029,0.859,0.505,0.55,0.176,0.672,0.211,0.76,0.22,0.681,0.035,0.692
0.0,0.596,0.268,0.675,0.549,0.197,0.874,0.151,0.678,0.816,0.516,0.922,0.545,0.95,0.156,0.312,0.404,0.908,0.556,0.555,0.698,0.37,0.831,0.132,0.957,0.605,0.617,0.009,0.173,0.113,0.889,0.044,0.203,0.428,0.935,0.674,0.951,0.665,0.162,0.45,0.747
0.0,0.262,0.57,0.522,0.154,0.59,0.282,0.574,0.226,0.063,0.64,0.383,0.847,0.016,0.779,0.549,0.28,0.076,0.796,0.534,0.747,0.103,0.7,0.992,0.404,0.872,0.027,0.204,0.478,0.418,0.395,0.106,0.625,0.101,0.868,0.318,0.226,0.608,0.05,0.754,0.457
1.0,0.068,0.618,0.008,0.597,0.048,0.949,0.536,0.44,0.567,0.06,0.34,0.687,0.373,0.032,0.75,0.94,0.361,0.713,0.727,0.408,0.658,0.252,0.72,0.481,0.604,0.284,0.305,0.116,0.137,0.338,0.163,0.932,0.768,0.519,0.706,0.086,0.719,0.466,0.237,0.033
1.0,0.692,0.639,0.413,0.228,0.3,0.202,0.328,0.297,0.753,0.83,0.694,0.578,0.531,0.633,0.853,0.611,0.764,0.251,0.057,0.607,0.867,0.659,0.664,0.636,0.918,0.638,0.447,0.763,0.894,0.88,0.457,0.216,0.582,0.791,0.257,0.126,0.005,0.298,0.433,0.168
1.0,0.543,0.128,0.273,0.626,0.585,0.161,0.998,0.534,0.46,0.376,0.039,0.23,0.699,0.852,0.853,0.743,0.538,0.853,0.108,0.373,0.627,0.291,0.664,0.013,0.239,0.806,0.348,0.282,0.535,0.257,0.987,0.512,0.939,0.437,0.941,0.051,0.861,0.387,0.994,0.16
1.0,0.973,0.685,0.725,0.565,0.758,0.197,0.988,0.646,0.596,0.502,0.697,0.164,0.259,0.463,0.74,0.491,0.717,0.867,0.333,0.418,0.912,0.949,0.528,0.965,0.697,0.464,0.858,0.578,0.608,0.664,0.98,0.641,0.242,0.428,0.567,0.975,0.001,0.7,0.176,0.412
1.0,0.843,0.269,0.539,0.78,0.828,0.771,0.261,0.222,0.771,0.334,0.22,0.604,0.314,0.694,0.25,0.488,0.315,0.293,0.046,0.286,0.616,0.131,0.526,0.718,0.528,0.029,0.443,0.953,0.373,0.537,0.066,0.782,0.83,0.732,0.11,0.78,0.313,0.869,0.569,0.647
1.0,0.904,0.544,0.369,0.184,0.727,0.3,0.788,0.408,0.061,0.686,0.07,0.406,0.027,0.46,0.194,0.231,0.855,0.69,0.084,0.169,0.374,0.265,0.043,0.491,0.361,0.758,0.641,0.834,0.982,0.263,0.319,0.131,0.948,0.397,0.222,0.185,0.661,0.141,0.985,0.522
1.0,0.974,0.953,0.167,0.22,0.169,0.567,0.425,0.063,0.101,0.847,0.754,0.265,0.262,0.441,0.047,0.874,0.291,0.52,0.847,0.086,0.513,0.061,0.005,0.703,0.882,0.197,0.73,0.618,0.355,0.671,0.547,0.921,0.751,0.853,0.115,0.752,0.512,0.742,0.971,0.406
0.0,0.843,0.653,0.625,0.899,0.667,0.659,0.074,0.704,0.842,0.616,0.506,0.913,0.025,0.24,0.812,0.631,0.763,0.451,0.773,0.945,0.29,0.686,0.875,0.958,0.709,0.765,0.157,0.876,0.043,0.683,0.312,0.698,0.364,0.388,0.833,0.277,0.022,0.041,0.843,0.578
0.0,0.079,0.653,0.923,0.04,0.573,0.601,0.831,0.361,0.28,0.069,0.521,0.592,0.129,0.132,0.474,0.205,0.436,0.854,0.569,0.598,0.602,0.823,0.334,0.643,0.138,0.986,0.609,0.007,0.469,0.296,0.627,0.563,0.22,0.532,0.744,0.693,0.451,0.906,0.698,0.532
1.0,0.836,0.571,0.329,0.546,0.518,0.096,0.979,0.984,0.265,0.333,0.866,0.73,0.913,0.334,0.679,0.118,0.269,0.018,0.89,0.074,0.832,0.787,0.741,0.12,0.541,0.664,0.375,0.285,0.297,0.141,0.52,0.348,0.064,0.957,0.883,0.272,0.362,0.358,0.814,0.91
0.0,0.219,0.757,0.955,0.668,0.399,0.279,0.509,0.729,0.079,0.212,0.939,0.399,0.251,0.57,0.184,0.419,0.136,0.226,0.443,0.895,0.242,0.04,0.839,0.635,0.405,0.151,0.621,0.025,0.165,0.866,0.806,0.435,0.646,0.693,0.442,0.982,0.551,0.696,0.923,0.894
1.0,0.893,0.191,0.96,0.246,0.148,0.074,0.976,0.732,0.844,0.652,0.006,0.304,0.196,0.994,0.407,0.731,0.282,0.095,0.645,0.158,0.529,0.186,0.412,0.289,0.567,0.549,0.423,0.852,0.777,0.272,0.193,0.677,0.619,0.971,0.12,0.234,0.284,0.974,0.13,0.129
0.0,0.325,0.497,0.602,0.182,0.966,0.853,0.559,0.869,0.74,0.957,0.077,0.871,0.875,0.58,0.938,0.863,0.508,0.331,0.63,0.855,0.912,0.451,0.437,0.586,0.519,0.026,0.805,0.938,0.23,0.601,0.74,0.389,0.449,0.267,0.843,0.703,0.776,0.195,0.387,0.032
1.0,0.364,0.673,0.555,0.237,0.007,0.148,0.965,0.97,0.142,0.744,0.62,0.265,0.071,0.602,0.76,0.566,0.683,0.736,0.039,0.093,0.044,0.017,0.212,0.826,0.701,0.32,0.414,0.333,0.512,0.3,0.098,0.672,0.761,0.545,0.514,0.082,0.571,0.818,0.968,0.18
1.0,0.177,0.369,0.131,0.283,0.025,0.968,0.638,0.574,0.379,0.527,0.777,0.43,0.809,0.187,0.837,0.23,0.506,0.14,0.669,0.939,0.148,0.976,0.266,0.357,0.078,0.077,0.858,0.025,0.765,0.313,0.414,0.447,0.958,0.889,0.597,0.633,0.093,0.442,0.523,0.956
0.0,0.584,0.014,0.904,0.658,0.916,0.171,0.014,0.317,0.064,0.421,0.085,0.491,0.532,0.345,0.681,0.805,0.415,0.337,0.852,0.251,0.151,0.579,0.243,0.014,0.031,0.745,0.167,0.58,0.923,0.002,0.369,0.972,0.493,0.34,0.639,0.922,0.009,0.493,0.905,0.819
0.0,0.678,0.166,0.059,0.349,0.546,0.248,0.699,0.46,0.096,0.097,0.196,0.508,0.589,0.881,0.744,0.546,0.83,0.512,0.192,0.319,0.855,0.309,0.948,0.023,0.414,0.341,0.847,0.807,0.741,0.844,0.64,0.743,0.231,0.171,0.105,0.591,0.012,0.168,0.66,0.65
0.0,0.811,0.895,0.126,0.928,0.425,0.731,0.822,0.443,0.051,0.469,0.18,0.853,0.448,0.57,0.209,0.686,0.341,0.157,0.361,0.153,0.824,0.115,0.16,0.52,0.341,0.213,0.095,0.095,0.349,0.562,0.384,0.378,0.594,0.606,0.337,0.826,0.617,0.182,0.415,0.141
1.0,0.39,0.955,0.073,0.086,0.656,0.608,0.791,0.949,0.688,0.01,0.343,0.577,0.795,0.727,0.605,0.156,0.702,0.979,0.897,0.554,0.957,0.687,0.061,0.079,0.06,0.425,0.444,0.212,0.029,0.112,0.662,0.597,0.88,0.923,0.982,0.764,0.339,0.986,0.714,0.719
1.0,0.81,0.288,0.854,0.906,0.48,0.745,0.373,0.764,0.264,0.132,0.694,0.155,0.174,0.446,0.595,0.661,0.927,0.684,0.809,0.786,0.912,0.903,0.146,0.063,0.327,0.349,0.667,0.722,0.984,0.308,0.22,0.054,0.841,0.414,0.875,0.146,0.739,0.631,0.431,0.491
0.0,0.526,0.291,0.64,0.208,0.356,0.257,0.093,0.452,0.851,0.579,0.5,0.163,0.181,0.135,0.041,0.848,0.024,0.242,0.16,0.931,0.215,0.076,0.897,0.529,0.733,0.574,0.606,0.52,0.268,0.795,0.482,0.231,0.64,0.884,0.7,0.768,0.73,0.648,0.113,0.531
0.0,0.467,0.85,0.372,0.707,0.901,0.609,0.539,0.116,0.631,0.069,0.877,0.776,0.853,0.798,0.86,0.915,0.481,0.031,0.215,0.739,0.096,0.429,0.865,0.565,0.641,0.845,0.14,0.773,0.569,0.724,0.358,0.859,0.461,0.432,0.426,0.301,0.871,0.716,0.652,0.723
1.0,0.131,0.52,0.795,0.674,0.349,0.259,0.278,0.808,0.583,0.206,0.526,0.126,0.719,0.969,0.503,0.844,0.727,0.702,0.296,0.369,0.957,0.136,0.158,0.772,0.971,0.327,0.289,0.477,0.515,0.668,0.97,0.142,0.305,0.242,0.476,0.479,0.241,0.096,0.537,0.94
1.0,0.962,0.056,0.988,0.954,0.722,0.15,0.378,0.454,0.991,0.513,0.238,0.038,0.228,0.695,0.115,0.64,0.62,0.422,0.405,0.72,0.754,0.526,0.14,0.838,0.209,0.805,0.832,0.833,0.365,0.642,0.05,0.002,0.9,0.74,0.107,0.301,0.442,0.995,0.326,0.268
1.0,0.2,0.118,0.713,0.374,0.256,0.307,0.138,0.851,0.791,0.782,0.856,0.095,0.746,0.431,0.972,0.212,0.061,0.562,0.394,0.046,0.86,0.494,0.498,0.961,0.788,0.283,0.542,0.719,0.577,0.17,0.64,0.362,0.65,0.171,0.116,0.785,0.69,0.902,0.461,0.781
1.0,0.077,0.621,0.457,0.731,0.201,0.219,0.723,0.698,0.32,0.45,0.818,0.263,0.658,0.372,0.495,0.421,0.248,0.757,0.179,0.439,0.276,0.679,0.286,0.769,0.912,0.979,0.94,0.553,0.907,0.296,0.781,0.523,0.98,0.037,0.557,0.568,0.104,0.727,0.646,0.279
0.0,0.93,0.914,0.972,0.497,0.609,0.35,0.412,0.439,0.137,0.232,0.073,0.631,0.839,0.091,0.902,0.127,0.115,0.221,0.533,0.146,0.21,0.3,0.99,0.735,0.693,0.921,0.897,0.99,0.286,0.838,0.911,0.893,0.477,0.699,0.959,0.041,0.863,0.577,0.576,0.431
0.0,0.999,0.67,0.007,0.289,0.497,0.273,0.747,0.658,0.425,0.159,0.499,0.994,0.2,0.436,0.856,0.579,0.42,0.948,0.905,0.143,0.21,0.711,0.748,0.961,0.573,0.548,0.142,0.845,0.096,0.712,0.996,0.038,0.871,0.282,0.282,0.604,0.791,0.38,0.748,0.772
1.0,0.789,0.268,0.839,0.103,0.125,0.059,0.906,0.451,0.449,0.178,0.016,0.509,0.212,0.032,0.968,0.56,0.244,0.593,0.306,0.748,0.809,0.824,0.162,0.959,0.764,0.816,0.978,0.571,0.907,0.71,0.19,0.746,0.746,0.538,0.824,0.271,0.238,0.749,0.011,0.727
1.0,0.65,0.692,0.399,0.634,0.441,0.475,0.437,0.776,0.904,0.1,0.38,0.06,0.029,0.085,0.092,0.752,0.316,0.565,0.417,0.544,0.829,0.223,0.766,0.79,0.534,0.843,0.588,0.198,0.446,0.934,0.267,0.693,0.294,0.298,0.5,0.656,0.871,0.444,0.959,0.285
1.0,0.004,0.393,0.16,0.485,0.464,0.743,0.073,0.572,0.742,0.326,0.034,0.146,0.76,0.784,0.231,0.825,0.727,0.6,0.09,0.093,0.314,0.367,0.31,0.837,0.716,0.887,0.971,0.492,0.407,0.188,0.885,0.381,0.152,0.419,0.373,0.851,0.448,0.74,0.917,0.673
1.0,0.608,0.42,0.465,0.202,0.498,0.289,0.748,0.076,0.165,0.463,0.328,0.117,0.343,0.435,0.395,0.127,0.091,0.074,0.756,0.818,0.037,0.41,0.71,0.531,0.059,0.585,0.403,0.656,0.548,0.999,0.563,0.178,0.424,0.087,0.34,0.1,0.485,0.615,0.616,0.876
1.0,0.267,0.807,0.082,0.751,0.375,0.647,0.78,0.342,0.825,0.002,0.608,0.218,0.191,0.017,0.057,0.477,0.886,0.528,0.335,0.85,0.33,0.863,0.374,0.356,0.46,0.055,0.585,0.317,0.373,0.661,0.827,0.412,0.873,0.678,0.332,0.783,0.899,0.676,0.588,0.448
0.0,0.802,0.336,0.372,0.403,0.211,0.562,0.18,0.318,0.981,0.937,0.64,0.229,0.5,0.162,0.784,0.118,0.837,0.099,0.687,0.223,0.372,0.459,0.844,0.733,0.141,0.26,0.863,0.993,0.672,0.604,0.145,0.528,0.378,0.243,0.063,0.855,0.58,0.487,0.886,0.691
1.0,0.212,0.914,0.829,0.431,0.563,0.711,0.139,0.278,0.176,0.12,0.34,0.088,0.418,0.713,0.692,0.613,0.053,0.87,0.675,0.414,0.295,0.758,0.062,0.809,0.572,0.561,0.847,0.13,0.696,0.206,0.699,0.171,0.381,0.344,0.94,0.796,0.932,0.016,0.931,0.53
0.0,0.856,0.216,0.669,0.447,0.918,0.626,0.565,0.564,0.859,0.504,0.858,0.446,0.187,0.056,0.923,0.94,0.158,0.821,0.174,0.902,0.928,0.294,0.237,0.601,0.343,0.833,0.425,0.285,0.001,0.264,0.908,0.981,0.635,0.8,0.828,0.481,0.303,0.844,0.95,0.273
1.0,0.59,0.295,0.04,0.076,0.117,0.931,0.122,0.946,0.929,0.272,0.153,0.237,0.502,0.177,0.82,0.274,0.633,0.161,0.04,0.684,0.34,0.785,0.328,0.83,0.496,0.123,0.834,0.133,0.463,0.158,0.644,0.169,0.352,0.879,0.904,0.347,0.676,0.36,0.648,0.162
0.0,0.724,0.375,0.538,0.172,0.918,0.342,0.022,0.644,0.069,0.967,0.65,0.666,0.235,0.339,0.954,0.42,0.635,0.801,0.284,0.271,0.863,0.133,0.081,0.509,0.115,0.02,0.897,0.226,0.554,0.581,0.017,0.981,0.199,0.305,0.149,0.637,0.681,0.662,0.985,0.805
0.0,0.889,0.919,0.837,0.146,0.534,0.989,0.074,0.315,0.967,0.03,0.948,0.788,0.614,0.595,0.336,0.833,0.714,0.115,0.865,0.992,0.09,0.09,0.718,0.193,0.307,0.128,0.9,0.411,0.326,0.368,0.988,0.617,0.342,0.273,0.421,0.944,0.064,0.586,0.271,0.017
1.0,0.756,0.681,0.524,0.471,0.575,0.437,0.662,0.15,0.56,0.205,0.024,0.031,0.649,0.747,0.726,0.371,0.909,0.978,0.866,0.627,0.888,0.57,0.437,0.952,0.936,0.545,0.002,0.666,0.255,0.887,0.427,0.173,0.358,0.77,0.96,0.848,0.559,0.166,0.398,0.171
1.0,0.117,0.587,0.224,0.958,0.326,0.119,0.935,0.215,0.907,0.414,0.57,0.508,0.601,0.956,0.317,0.606,0.993,0.933,0.986,0.409,0.307,0.606,0.112,0.12,0.068,0.459,0.214,0.803,0.08,0.736,0.716,0.24,0.542,0.983,0.656,0.863,0.711,0.17,0.994,0.643
1.0,0.005,0.426,0.434,0.61,0.658,0.798,0.795,0.045,0.476,0.103,0.12,0.098,0.936,0.879,0.903,0.093,0.115,0.438,0.487,0.425,0.24,0.352,0.336,0.658,0.985,0.722,0.742,0.951,0.407,0.788,0.143,0.387,0.329,0.55,0.445,0.161,0.175,0.459,0.227,0.497
0.0,0.229,0.023,0.178,0.686,0.818,0.226,0.946,0.994,0.874,0.28,0.02,0.524,0.832,0.404,0.715,0.556,0.127,0.627,0.219,0.816,0.644,0.889,0.878,0.442,0.736,0.606,0.622,0.944,0.728,0.302,0.383,0.643,0.889,0.206,0.195,0.442,0.414,0.991,0.324,0.391
0.0,0.194,0.242,0.655,0.902,0.714,0.307,0.554,0.198,0.867,0.864,0.191,0.114,0.631,0.355,0.949,0.556,0.666,0.159,0.091,0.698,0.509,0.316,0.898,0.878,0.726,0.177,0.018,0.406,0.117,0.917,0.875,0.026,0.661,0.126,0.07,0.037,0.361,0.089,0.622,0.153
1.0,0.224,0.811,0.254,0.562,0.708,0.31,0.01,0.053,0.423,0.848,0.463,0.333,0.8,0.809,0.813,0.981,0.157,0.646,0.652,0.93,0.429,0.889,0.451,0.998,0.939,0.12,0.914,0.378,0.528,0.299,0.385,0.808,0.499,0.09,0.67,0.35,0.43,0.113,0.549,0.049
1.0,0.78,0.229,0.701,0.553,0.715,0.258,0.276,0.902,0.075,0.58,0.629,0.43,0.782,0.471,0.005,0.611,0.105,0.344,0.638,0.411,0.068,0.351,0.122,0.532,0.573,0.809,0.362,0.943,0.31,0.09,0.727,0.087,0.568,0.737,0.009,0.618,0.047,0.881,0.557,0.216
0.0,0.117,0.036,0.757,0.881,0.751,0.608,0.198,0.671,0.331,0.871,0.492,0.278,0.476,0.79,0.204,0.283,0.482,0.01,0.471,0.536,0.285,0.687,0.82,0.708,0.437,0.796,0.676,0.264,0.398,0.817,0.836,0.34,0.32,0.013,0.173,0.519,0.121,0.417,0.066,0.928
0.0,0.053,0.003,0.013,0.782,0.539,0.4,0.124,0.518,0.014,0.499,0.192,0.893,0.214,0.426,0.381,0.517,0.855,0.564,0.963,0.896,0.131,0.947,0.472,0.27,0.265,0.546,0.627,0.4,0.519,0.117,0.323,0.476,0.817,0.934,0.155,0.435,0.328,0.039,0.758,0.393
1.0,0.053,0.604,0.601,0.804,0.754,0.597,0.442,0.991,0.286,0.58,0.89,0.179,0.11,0.46,0.728,0.842,0.856,0.068,0.006,0.004,0.272,0.892,0.74,0.482,0.989,0.925,0.095,0.066,0.3,0.137,0.539,0.335,0.888,0.454,0.971,0.193,0.797,0.213,0.37,0.615
0.0,0.747,0.639,0.834,0.448,0.72,0.308,0.033,0.141,0.709,0.092,0.147,0.833,0.461,0.168,0.988,0.462,0.507,0.591,0.133,0.328,0.893,0.095,0.842,0.134,0.18,0.759,0.936,0.421,0.636,0.355,0.595,0.057,0.373,0.735,0.372,0.723,0.098,0.084,0.324,0.865
1.0,0.627,0.785,0.948,0.041,0.792,0.374,0.695,0.724,0.941,0.453,0.72,0.742,0.411,0.769,0.212,0.099,0.626,0.131,0.301,0.994,0.209,0.211,0.167,0.112,0.725,0.396,0.222,0.515,0.44,0.743,0.319,0.405,0.438,0.539,0.649,0.131,0.395,0.573,0.067,0.954
0.0,0.773,0.857,0.202,0.919,0.879,0.669,0.935,0.541,0.505,0.269,0.941,0.71,0.112,0.967,0.278,0.526,0.02,0.725,0.295,0.409,0.897,0.502,0.298,0.975,0.157,0.998,0.807,0.128,0.579,0.077,0.853,0.911,0.036,0.099,0.601,0.424,0.326,0.391,0.963,0.573
0.0,0.433,0.756,0.846,0.593,0.534,0.28,0.994,0.796,0.552,0.585,0.598,0.487,0.464,0.916,0.987,0.344,0.041,0.002,0.134,0.958,0.217,0.727,0.924,0.385,0.08,0.841,0.635,0.049,0.944,0.959,0.205,0.168,0.182,0.709,0.017,0.753,0.291,0.067,0.587,0.819
1.0,0.703,0.74,0.027,0.148,0.22,0.319,0.545,0.39,0.165,0.062,0.281,0.301,0.063,0.322,0.663,0.433,0.581,0.549,0.922,0.598,0.808,0.976,0.286,0.706,0.458,0.827,0.879,0.268,0.317,0.206,0.511,0.593,0.013,0.182,0.618,0.21,0.728,0.09,0.097,0.268
0.0,0.848,0.002,0.795,0.644,0.627,0.53,0.558,0.426,0.594,0.522,0.731,0.9,0.139,0.172,0.038,0.28,0.312,0.247,0.121,0.128,0.045,0.184,0.872,0.542,0.011,0.767,0.821,0.662,0.747,0.308,0.798,0.341,0.829,0.326,0.392,0.376,0.477,0.673,0.993,0.354
0.0,0.777,0.151,0.368,0.084,0.335,0.498,0.429,0.025,0.725,0.141,0.45,0.313,0.287,0.847,0.302,0.544,0.961,0.568,0.138,0.203,0.753,0.081,0.825,0.511,0.152,0.411,0.763,0.014,0.635,0.359,0.163,0.642,0.103,0.226,0.545,0.533,0.847,0.937,0.762,0.21
0.0,0.897,0.38,0.469,0.823,0.258,0.11,0.952,0.752,0.207,0.362,0.396,0.886,0.145,0.602,0.273,0.423,0.59,0.253,0.719,0.009,0.529,0.706,0.099,0.13,0.544,0.374,0.1,0.738,0.292,0.328,0.581,0.36,0.6,0.403,0.568,0.206,0.428,0.085,0.23,0.682
0.0,0.507,0.308,0.139,0.225,0.511,0.181,0.968,0.821,0.03,0.928,0.041,0.855,0.067,0.084,0.612,0.483,0.239,0.401,0.722,0.83,0.376,0.884,0.207,0.004,0.614,0.688,0.05,0.63,0.809,0.968,0.438,0.684,0.455,0.049,0.612,0.731,0.818,0.531,0.326,0.248
1.0,0.296,0.394,0.128,0.556,0.133,0.087,0.398,0.134,0.059,0.031,0.893,0.748,0.164,0.18,0.669,0.53,0.613,0.026,0.547,0.389,0.791,0.381,0.752,0.202,0.2,0.526,0.709,0.816,0.692,0.156,0.756,0.704,0.81,0.538,0.532,0.752,0.211,0.121,0.032,0.699
0.0,0.687,0.111,0.946,0.403,0.255,0.581,0.143,0.67,0.908,0.745,0.227,0.936,0.826,0.9,0.232,0.873,0.534,0.631,0.053,0.911,0.084,0.232,0.016,0.061,0.116,0.643,0.955,0.386,0.749,0.387,0.826,0.306,0.314,0.629,0.552,0.345,0.555,0.961,0.34,0.943
1.0,0.84,0.411,0.701,0.769,0.658,0.289,0.362,0.567,0.922,0.118,0.22,0.638,0.91,0.567,0.346,0.536,0.777,0.043,0.169,0.299,0.915,0.959,0.264,0.419,0.834,0.632,0.355,0.749,0.682,0.91,0.994,0.9,0.57,0.264,0.098,0.998,0.105,0.87,0.895,0.521
1.0,0.095,0.311,0.638,0.471,0.271,0.93,0.652,0.841,0.748,0.614,0.721,0.258,0.826,0.517,0.082,0.123,0.186,0.76,0.375,0.737,0.326,0.271,0.476,0.999,0.531,0.092,0.439,0.682,0.52,0.239,0.25,0.91,0.58,0.132,0.054,0.053,0.626,0.307,0.561,0.679
1.0,0.977,0.959,0.225,0.021,0.592,0.776,0.586,0.323,0.148,0.475,0.802,0.12,0.949,0.329,0.828,0.748,0.577,0.344,0.576,0.498,0.438,0.265,0.413,0.111,0.213,0.568,0.269,0.378,0.309,0.78,0.233,0.588,0.881,0.412,0.966,0.469,0.496,0.214,0.009,0.2
0.0,0.547,0.659,0.51,0.343,0.279,0.116,0.578,0.358,0.576,0.551,0.204,0.32,0.062,0.699,0.781,0.435,0.389,0.113,0.88,0.019,0.694,0.448,0.831,0.909,0.899,0.744,0.045,0.576,0.542,0.539,0.332,0.949,0.65,0.047,0.855,0.565,0.602,0.482,0.922,0.435
0.0,0.224,0.719,0.89,0.948,0.955,0.393,0.748,0.974,0.133,0.93,0.57,0.115,0.168,0.828,0.475,0.614,0.934,0.141,0.568,0.294,0.03,0.152,0.729,0.584,0.026,0.777,0.921,0.442,0.306,0.654,0.629,0.389,0.283,0.045,0.028,0.611,0.45,0.068,0.068,0.432
0.0,0.385,0.9,0.733,0.619,0.363,0.604,0.269,0.63,0.852,0.712,0.125,0.096,0.103,0.709,0.659,0.995,0.804,0.062,0.028,0.904,0.052,0.175,0.888,0.551,0.414,0.52,0.331,0.67,0.41,0.913,0.967,0.47,0.525,0.852,0.973,0.214,0.786,0.564,0.584,0.005
1.0,0.205,0.128,0.484,0.975,0.453,0.175,0.308,0.284,0.09,0.031,0.491,0.622,0.212,0.459,0.956,0.837,0.131,0.463,0.637,0.963,0.041,0.672,0.446,0.22,0.29,0.924,0.012,0.015,0.824,0.334,0.203,0.377,0.999,0.048,0.358,0.055,0.233,0.86,0.478,0.388
0.0,0.744,0.494,0.048,0.998,0.909,0.506,0.498,0.412,0.717,0.401,0.788,0.029,0.931,0.613,0.827,0.288,0.526,0.817,0.584,0.339,0.006,0.016,0.052,0.448,0.241,0.462,0.066,0.819,0.13,0.576,0.765,0.359,0.035,0.625,0.745,0.277,0.827,0.694,0.298,0.51
1.0,0.293,0.307,0.152,0.28,0.36,0.64,0.565,0.448,0.784,0.268,0.948,0.288,1.0,0.957,0.627,0.657,0.134,0.973,0.586,0.121,0.911,0.495,0.598,0.843,0.992,0.856,0.468,0.329,0.256,0.423,0.758,0.279,0.737,0.992,0.81,0.407,0.49,0.293,0.226,0.545
1.0,0.762,0.004,0.123,0.182,0.353,0.56,0.963,0.3,0.006,0.252,0.173,0.385,0.526,0.531,0.154,0.08,0.559,0.965,0.597,0.712,0.541,0.98,0.414,0.17,0.906,0.789,0.397,0.202,0.668,0.658,0.759,0.137,0.908,0.303,0.639,0.335,0.355,0.9,0.111,0.816
1.0,0.742,0.737,0.826,0.435,0.223,0.654,0.652,0.74,0.629,0.071,0.521,0.709,0.605,0.7,0.878,0.663,0.525,0.274,0.011,0.424,0.981,0.074,0.432,0.296,0.705,0.154,0.833,0.577,0.514,0.427,0.312,0.67,0.736,0.785,0.752,0.442,0.732,0.676,0.824,0.748
1.0,0.536,0.032,0.301,0.885,0.274,0.868,0.712,0.324,0.748,0.591,0.474,0.383,0.29,0.305,0.339,0.864,0.592,0.366,0.221,0.816,0.662,0.239,0.383,0.467,0.511,0.117,0.245,0.25,0.996,0.272,0.426,0.885,0.622,0.641,0.537,0.414,0.109,0.669,0.274,0.852
1.0,0.903,0.584,0.537,0.86,0.398,0.679,0.906,0.05,0.881,0.428,0.384,0.288,0.592,0.115,0.024,0.823,0.901,0.874,0.219,0.923,0.7,0.368,0.011,0.004,0.969,0.877,0.7,0.656,0.597,0.85,0.761,0.36,0.018,0.403,0.36,0.757,0.617,0.233,0.705,0.357
1.0,0.264,0.63,0.515,0.133,0.562,0.545,0.732,0.494,0.343,0.709,0.621,0.025,0.214,0.391,0.512,0.856,0.162,0.952,0.641,0.446,0.043,0.619,0.112,0.849,0.447,0.705,0.328,0.691,0.202,0.567,0.94,0.178,0.414,0.288,0.89,0.477,0.408,0.501,0.607,0.214
0.0,0.431,0.944,0.735,0.182,0.844,0.884,0.247,0.183,0.151,0.363,0.127,0.009,0.137,0.09,0.84,0.322,0.917,0.101,0.353,0.278,0.179,0.36,0.994,0.456,0.795,0.786,0.356,0.093,0.192,0.668,0.24,0.489,0.843,0.798,0.431,0.637,0.811,0.236,0.654,0.84
1.0,0.361,0.297,0.177,0.267,0.251,0.446,0.031,0.359,0.901,0.789,0.215,0.343,0.884,0.914,0.635,0.072,0.415,0.405,0.753,0.098,0.415,0.219,0.287,0.502,0.015,0.623,0.939,0.378,0.451,0.423,0.087,0.038,0.036,0.389,0.411,0.084,0.486,0.054,0.737,0.715
0.0,0.261,0.085,0.201,0.088,0.416,0.375,0.739,0.372,0.972,0.232,0.661,0.935,0.395,0.954,0.446,0.205,0.603,0.245,0.591,0.401,0.26,0.487,0.707,0.929,0.725,0.676,0.018,0.977,0.038,0.714,0.792,0.349,0.572,0.292,0.46,0.29,0.129,0.695,0.399,0.547
1.0,0.235,0.614,0.428,0.26,0.354,0.448,0.631,0.341,0.445,0.47,0.279,0.351,0.46,0.998,0.551,0.485,0.695,0.959,0.332,0.535,0.166,0.238,0.397,0.218,0.003,0.313,0.31,0.963,0.54,0.451,0.423,0.107,0.111,0.28,0.308,0.301,0.996,0.117,0.242,0.462
1.0,0.695,0.708,0.129,0.44,0.786,0.059,0.458,0.335,0.085,0.091,0.741,0.719,0.129,0.979,0.464,0.417,0.512,0.493,0.03,0.719,0.394,0.74,0.2,0.379,0.817,0.894,0.776,0.04,0.201,0.867,0.903,0.661,0.209,0.826,0.639,0.639,0.049,0.406,0.348,0.82
1.0,0.833,0.202,0.73,0.69,0.035,0.627,0.308,0.712,0.471,0.265,0.228,0.552,0.08,0.1,0.07,0.717,0.891,0.969,0.721,0.329,0.823,0.566,0.66,0.374,0.595,0.983,0.332,0.404,0.884,0.487,0.434,0.352,0.746,0.137,0.726,0.152,0.749,0.407,0.506,0.254
1.0,0.718,0.677,0.406,0.492,0.627,0.825,0.794,0.59,0.529,0.338,0.037,0.765,0.615,0.737,0.537,0.033,0.547,0.982,0.944,0.441,0.435,0.945,0.732,0.436,0.718,0.946,0.47,0.079,0.713,0.032,0.271,0.27,0.755,0.965,0.916,0.342,0.643,0.769,0.742,0.308
1.0,0.12,0.174,0.209,0.205,0.212,0.92,0.742,0.484,0.981,0.718,0.599,0.07,0.157,0.548,0.379,0.928,0.413,0.429,0.06,0.549,0.284,0.248,0.281,0.451,0.437,0.637,0.854,0.771,0.981,0.463,0.656,0.305,0.798,0.326,0.781,0.13,0.351,0.885,0.868,0.941
1.0,0.746,0.338,0.968,0.749,0.493,0.817,0.161,0.583,0.544,0.234,0.662,0.753,0.226,0.268,0.387,0.245,0.693,0.618,0.338,0.496,0.217,0.275,0.059,0.573,0.839,0.018,0.99,0.355,0.416,0.555,0.721,0.2,0.29,0.533,0.305,0.999,0.684,0.606,0.228,0.738
1.0,0.653,0.871,0.868,0.055,0.385,0.248,0.072,0.074,0.241,0.491,0.98,0.484,0.346,0.171,0.232,0.343,0.9,0.668,0.948,0.522,0.964,0.408,0.692,0.87,0.966,0.918,0.646,0.122,0.352,0.911,0.247,0.398,0.439,0.302,0.92,0.778,0.264,0.924,0.878,0.365
0.0,0.946,0.471,0.638,0.155,0.987,0.942,0.007,0.861,0.979,0.053,0.498,0.663,0.398,0.998,0.647,0.124,0.118,0.074,0.434,0.655,0.763,0.97,0.24,0.496,0.246,0.492,0.635,0.06,0.57,0.385,0.805,0.705,0.457,0.023,0.531,0.685,0.085,0.353,0.738,0.43
1.0,0.362,0.394,0.536,0.817,0.514,0.26,0.907,0.75,0.217,0.549,0.028,0.489,0.746,0.166,0.146,0.184,0.739,0.844,0.066,0.755,0.853,0.696,0.008,0.652,0.34,0.422,0.515,0.947,0.959,0.731,0.963,0.69,0.004,0.368,0.285,0.482,0.966,0.93,0.349,0.93
1.0,0.617,0.711,0.752,0.044,0.723,0.847,0.354,0.827,0.092,0.045,0.324,0.004,0.572,0.37,0.431,0.156,0.421,0.524,0.254,0.883,0.076,0.933,0.539,0.481,0.054,0.628,0.649,0.677,0.934,0.807,0.327,0.98,0.09,0.774,0.819,0.195,0.472,0.665,0.576,0.928
1.0,0.512,0.459,0.49,0.735,0.564,0.314,0.419,0.715,0.744,0.311,0.463,0.39,0.98,0.743,0.626,0.79,0.857,0.157,0.002,0.189,0.39,0.153,0.091,0.142,0.969,0.125,0.041,0.937,0.212,0.667,0.764,0.477,0.619,0.533,0.092,0.97,0.003,0.656,0.074,0.9
0.0,0.135,0.098,0.584,0.147,0.989,0.327,0.066,0.934,0.665,0.43,0.299,0.946,0.437,0.319,0.888,0.045,0.923,0.102,0.61,0.746,0.109,0.616,0.413,0.0,0.823,0.69,0.521,0.27,0.549,0.429,0.856,0.246,0.76,0.008,0.37,0.652,0.393,0.782,0.341,0.023
0.0,0.173,0.816,0.913,0.868,0.487,0.307,0.999,0.858,0.116,0.987,0.103,0.818,0.46,0.305,0.624,0.153,0.429,0.25,0.214,0.041,0.093,0.941,0.191,0.151,0.436,0.255,0.698,0.7,0.968,0.741,0.24,0.136,0.24,0.647,0.038,0.853,0.61,0.709,0.288,0.243
0.0,0.526,0.633,0.494,0.947,0.679,0.367,0.397,0.391,0.794,0.586,0.216,0.943,0.672,0.186,0.879,0.071,0.669,0.223,0.713,0.99,0.402,0.536,0.291,0.908,0.421,0.156,0.042,0.516,0.276,0.737,0.702,0.995,0.801,0.261,0.318,0.365,0.399,0.791,0.43,0.806
0.0,0.567,0.299,0.05,0.524,0.654,0.727,0.485,0.883,0.337,0.026,0.464,0.264,0.934,0.092,0.628,0.631,0.198,0.484,0.195,0.846,0.323,0.909,0.882,0.178,0.549,0.003,0.935,0.767,0.824,0.335,0.914,0.861,0.925,0.004,0.303,0.381,0.333,0.893,0.025,0.222
1.0,0.461,0.322,0.547,0.031,0.247,0.641,0.898,0.036,0.104,0.711,0.821,0.071,0.333,0.906,0.215,0.332,0.501,0.414,0.346,0.631,0.802,0.695,0.245,0.266,0.089,0.05,0.33,0.089,0.11,0.696,0.563,0.091,0.647,0.022,0.595,0.268,0.368,0.982,0.765,0.762
0.0,0.238,0.125,0.871,0.338,0.448,0.009,0.229,0.211,0.269,0.661,0.786,0.507,0.252,0.477,0.749,0.722,0.425,0.499,0.12,0.763,0.755,0.421,0.809,0.718,0.919,0.538,0.417,0.403,0.907,0.889,0.614,0.309,0.829,0.891,0.524,0.654,0.27,0.626,0.878,0.526
1.0,0.278,0.048,0.473,0.804,0.826,0.214,0.181,0.171,0.105,0.518,0.21,0.476,0.41,0.834,0.756,0.501,0.433,0.469,0.942,0.044,0.168,0.58,0.27,0.079,0.64,0.911,0.365,0.513,0.646,0.264,0.519,0.898,0.792,0.699,0.981,0.016,0.486,0.041,0.893,0.476
0.0,0.906,0.868,0.747,0.818,0.856,0.024,0.478,0.111,0.559,0.677,0.188,0.88,0.911,0.113,0.043,0.57,0.618,0.99,0.558,0.192,0.053,0.612,0.461,0.214,0.223,0.039,0.974,0.356,0.331,0.722,0.255,0.055,0.952,0.992,0.49,0.335,0.648,0.32,0.183,0.062
0.0,0.277,0.929,0.543,0.922,0.051,0.85,0.363,0.988,0.569,0.356,0.774,0.53,0.371,0.561,0.759,0.783,0.454,0.801,0.216,0.041,0.907,0.948,0.963,0.976,0.065,0.643,0.332,0.965,0.451,0.486,0.407,0.138,0.094,0.958,0.105,0.186,0.693,0.049,0.348,0.804
0.0,0.638,0.495,0.756,0.878,0.449,0.057,0.049,0.295,0.957,0.71,0.383,0.932,0.527,0.259,0.193,0.392,0.806,0.099,0.41,0.183,0.954,0.721,0.807,0.689,0.622,0.26,0.595,0.536,0.806,0.289,0.777,0.408,0.027,0.357,0.1,0.545,0.672,0.041,0.153,0.557
0.0,0.508,0.628,0.988,0.316,0.9,0.576,0.797,0.988,0.943,0.699,0.345,0.712,0.633,0.882,0.727,0.319,0.486,0.602,0.495,0.005,0.109,0.874,0.581,0.139,0.511,0.772,0.836,0.195,0.135,0.547,0.798,0.372,0.937,0.481,0.802,0.116,0.488,0.493,0.231,0.035
0.0,0.897,0.673,0.18,0.234,0.907,0.295,0.656,0.452,0.565,0.273,0.226,0.249,0.981,0.898,0.496,0.044,0.232,0.768,0.445,0.258,0.593,0.978,0.524,0.332,0.904,0.203,0.868,0.116,0.755,0.357,0.664,0.644,0.362,0.943,0.547,0.038,0.359,0.629,0.386,0.036
1.0,0.624,0.798,0.968,0.993,0.242,0.947,0.792,0.7,0.251,0.587,0.502,0.524,0.153,0.552,0.223,0.526,0.617,0.235,0.717,0.146,0.814,0.793,0.136,0.015,0.458,0.203,0.402,0.867,0.862,0.946,0.025,0.24,0.268,0.858,0.755,0.297,0.296,0.679,0.157,0.547
0.0,0.622,0.4,0.795,0.667,0.983,0.927,0.37,0.335,0.914,0.183,0.099,0.159,0.895,0.468,0.279,0.53,0.697,0.162,0.038,0.634,0.274,0.785,0.435,0.355,0.42,0.133,0.824,0.977,0.242,0.309,0.667,0.871,0.852,0.376,0.445,0.289,0.355,0.935,0.776,0.923
0.0,0.605,0.857,0.468,0.878,0.109,0.481,0.429,0.703,0.908,0.446,0.266,0.145,0.434,0.535,0.524,0.864,0.559,0.013,0.021,0.867,0.433,0.326,0.894,0.843,0.989,0.548,0.315,0.692,0.409,0.132,0.9,0.033,0.406,0.344,0.615,0.114,0.61,0.531,0.286,0.743
0.0,0.41,0.39,0.317,0.335,0.669,0.667,0.394,0.327,0.255,0.236,0.48,0.989,0.849,0.836,0.487,0.028,0.711,0.47,0.058,0.492,0.371,0.764,0.044,0.266,0.225,0.312,0.435,0.938,0.831,0.432,0.791,0.066,0.989,0.403,0.311,0.439,0.122,0.818,0.543,0.645
1.0,0.099,0.572,0.355,0.394,0.147,0.347,0.763,0.675,0.431,0.902,0.862,0.369,0.823,0.923,0.878,0.841,0.328,0.735,0.45,0.959,0.084,0.213,0.045,0.393,0.486,0.098,0.102,0.862,0.467,0.075,0.08,0.408,0.506,0.716,0.864,0.37,0.094,0.8,0.791,0.552
1.0,0.467,0.438,0.709,0.319,0.36,0.387,0.469,0.359,0.821,0.138,0.168,0.052,0.995,0.583,0.066,0.634,0.421,0.825,0.817,0.847,0.991,0.347,0.146,0.938,0.389,0.445,0.566,0.962,0.796,0.019,0.661,0.493,0.402,0.154,0.563,0.504,0.765,0.637,0.179,0.172
0.0,0.8,0.429,0.441,0.007,0.466,0.404,0.689,0.438,0.891,0.544,0.175,0.807,0.302,0.447,0.887,0.08,0.164,0.229,0.478,0.533,0.068,0.606,0.905,0.226,0.953,0.787,0.136,0.26,0.045,0.495,0.641,0.668,0.628,0.668,0.978,0.291,0.571,0.901,0.046,0.171
1.0,0.47,0.725,0.511,0.128,0.337,0.805,0.829,0.874,0.128,0.728,0.339,0.138,0.61,0.975,0.423,0.908,0.778,0.798,0.85,0.433,0.739,0.993,0.683,0.317,0.69,0.712,0.355,0.477,0.045,0.84,0.725,0.953,0.204,0.205,0.162,0.353,0.028,0.066,0.118,0.213
1.0,0.656,0.225,0.903,0.172,0.262,0.581,0.56,0.351,0.749,0.494,0.286,0.108,0.768,0.845,0.385,0.873,0.427,0.363,0.064,0.473,0.078,0.845,0.248,0.689,0.879,0.705,0.598,0.93,0.558,0.688,0.679,0.854,0.568,0.108,0.188,0.115,0.232,0.957,0.666,0.126
0.0,0.24,0.619,0.805,0.304,0.982,0.801,0.414,0.866,0.469,0.52,0.881,0.185,0.928,0.168,0.109,0.246,0.137,0.451,0.958,0.337,0.736,0.266,0.453,0.104,0.251,0.974,0.992,0.325,0.532,0.392,0.099,0.295,0.814,0.719,0.938,0.765,0.27,0.824,0.876,0.931
0.0,0.428,0.934,0.163,0.837,0.474,0.658,0.768,0.003,0.459,0.6,0.669,0.963,0.42,0.497,0.63,0.689,0.693,0.537,0.276,0.562,0.601,0.719,0.606,0.097,0.328,0.362,0.452,0.741,0.77,0.922,0.074,0.877,0.115,0.028,0.91,0.4,0.176,0.567,0.444,0.696
0.0,0.003,0.37,0.205,0.565,0.835,0.067,0.34,0.898,0.63,0.555,0.044,0.592,0.196,0.432,0.608,0.401,0.293,0.482,0.409,0.581,0.871,0.172,0.255,0.781,0.756,0.768,0.457,0.753,0.547,0.163,0.361,0.588,0.701,0.358,0.869,0.878,0.581,0.871,0.177,0.452
1.0,0.652,0.075,0.476,0.064,0.624,0.044,0.66,0.398,0.218,0.172,0.579,0.006,0.044,0.85,0.86,0.553,0.625,0.218,0.369,0.646,0.695,0.284,0.066,0.621,0.233,0.281,0.699,0.183,0.836,0.196,0.195,0.002,0.386,0.049,0.58,0.528,0.395,0.076,0.353,0.293
1.0,0.721,0.41,0.998,0.007,0.053,0.773,0.185,0.8,0.973,0.903,0.139,0.186,0.691,0.147,0.596,0.934,0.538,0.975,0.283,0.448,0.648,0.004,0.042,0.795,0.11,0.152,0.196,0.194,0.207,0.84,0.921,0.533,0.369,0.427,0.084,0.338,0.009,0.774,0.369,0.902
0.0,0.967,0.422,0.501,0.87,0.37,0.717,0.682,0.244,0.019,0.743,0.101,0.148,0.973,0.69,0.762,0.029,0.072,0.98,0.206,0.411,0.075,0.46,0.849,0.953,0.896,0.856,0.827,0.427,0.811,0.421,0.784,0.881,0.878,0.385,0.309,0.854,0.068,0.895,0.871,0.565
0.0,0.905,0.434,0.955,0.969,0.052,0.104,0.657,0.722,0.498,0.491,0.739,0.962,0.219,0.57,0.255,0.081,0.128,0.66,0.544,0.814,0.92,0.871,0.265,0.645,0.541,0.309,0.708,0.177,0.671,0.608,0.959,0.686,0.385,0.198,0.09,0.957,0.493,0.252,0.441,0.746
1.0,0.942,0.509,0.687,0.28,0.626,0.592,0.032,0.784,0.131,0.745,0.061,0.304,0.7,0.026,0.565,0.967,0.284,0.669,0.67,0.793,0.595,0.585,0.334,0.897,0.595,0.143,0.514,0.254,0.112,0.122,0.378,0.4,0.061,0.961,0.202,0.196,0.414,0.141,0.315,0.997
0.0,0.953,0.859,0.735,0.265,0.237,0.91,0.367,0.111,0.053,0.682,0.879,0.698,0.838,0.157,0.08,0.531,0.866,0.389,0.813,0.439,0.366,0.532,0.764,0.239,0.65,0.611,0.991,0.554,0.606,0.847,0.059,0.449,0.016,0.272,0.446,0.218,0.654,0.421,0.782,0.406
1.0,0.327,0.338,0.727,0.976,0.751,0.831,0.079,0.397,0.711,0.546,0.467,0.242,0.458,0.013,0.712,0.941,0.353,0.363,0.8,0.848,0.267,0.381,0.71,0.14,0.627,0.153,0.707,0.005,0.495,0.971,0.895,0.861,0.981,0.582,0.896,0.351,0.5,0.749,0.818,0.758
1.0,0.052,0.11,0.13,0.927,0.746,0.626,0.273,0.168,0.088,0.452,0.091,0.442,0.39,0.421,0.976,0.009,0.946,0.455,0.426,0.77,0.899,0.407,0.022,0.713,0.211,0.015,0.862,0.525,0.117,0.993,0.898,0.707,0.755,0.148,0.078,0.777,0.107,0.846,0.782,0.263
1.0,0.433,0.581,0.48,0.441,0.579,0.734,0.028,0.366,0.569,0.528,0.776,0.334,0.956,0.518,0.289,0.948,0.837,0.902,0.213,0.721,0.753,0.464,0.225,0.597,0.183,0.629,0.666,0.047,0.697,0.621,0.541,0.722,0.632,0.561,0.153,0.92,0.809,0.038,0.081,0.492
1.0,0.707,0.665,0.482,0.779,0.697,0.403,0.29,0.297,0.137,0.248,0.199,0.434,0.657,0.305,0.204,0.9,0.706,0.754,0.099,0.565,0.092,0.016,0.6,0.709,0.196,0.967,0.264,0.893,0.75,0.061,0.957,0.818,0.09,0.93,0.251,0.442,0.894,0.463,0.302,0.087
1.0,0.872,0.98,0.298,0.151,0.241,0.063,0.369,0.661,0.02,0.911,0.209,0.015,0.135,0.814,0.227,0.11,0.117,0.956,0.506,0.479,0.05,0.76,0.716,0.809,0.867,0.354,0.17,0.276,0.38,0.758,0.979,0.943,0.504,0.133,0.736,0.698,0.288,0.371,0.993,0.215
1.0,0.041,0.401,0.423,0.02,0.377,0.701,0.813,0.04,0.281,0.437,0.664,0.611,0.52,0.476,0.926,0.818,0.011,0.359,0.562,0.013,0.771,0.038,0.699,0.6,0.441,0.713,0.068,0.287,0.95,0.145,0.593,0.452,0.545,0.333,0.891,0.787,0.321,0.606,0.069,0.523
0.0,0.327,0.712,0.042,0.64,0.336,0.856,0.661,0.752,0.169,0.623,0.516,0.29,0.493,0.173,0.543,0.333,0.898,0.863,0.468,0.148,0.085,0.342,0.872,0.742,0.045,0.003,0.025,0.432,0.035,0.948,0.361,0.064,0.534,0.132,0.311,0.959,0.627,0.018,0.451,0.824
1.0,0.938,0.394,0.803,0.252,0.539,0.445,0.77,0.256,0.245,0.759,0.787,0.172,0.024,0.417,0.272,0.881,0.421,0.762,0.863,0.204,0.081,0.8,0.664,0.93,0.753,0.454,0.645,0.125,0.248,0.103,0.446,0.307,0.808,0.498,0.235,0.899,0.545,0.417,0.752,0.781
0.0,0.253,0.956,0.675,0.849,0.898,0.401,0.591,0.914,0.409,0.03,0.423,0.022,0.131,0.797,0.776,0.09,0.664,0.6,0.945,0.287,0.2,0.439,0.577,0.257,0.218,0.176,0.727,0.222,0.895,0.65,0.958,0.117,0.529,0.979,0.589,0.645,0.284,0.647,0.413,0.798
1.0,0.82,0.836,0.573,0.329,0.826,0.856,0.254,0.812,0.727,0.646,0.897,0.692,0.731,0.837,0.796,0.667,0.853,0.825,0.948,0.787,0.37,0.476,0.138,0.137,0.46,0.996,0.67,0.436,0.579,0.535,0.753,0.61,0.546,0.972,0.6,0.255,0.949,0.847,0.913,0.596
0.0,0.752,0.67,0.037,0.889,0.215,0.623,0.43,0.42,0.79,0.149,0.912,0.153,0.145,0.509,0.435,0.167,0.589,0.241,0.285,0.616,0.356,0.682,0.934,0.257,0.236,0.126,0.108,0.464,0.153,0.542,0.021,0.344,0.242,0.542,0.832,0.161,0.273,0.003,0.487,0.301
1.0,0.887,0.479,0.387,0.721,0.245,0.056,0.006,0.74,0.581,0.119,0.895,0.098,0.699,0.022,0.709,0.387,0.053,0.583,0.51,0.678,0.126,0.778,0.669,0.332,0.482,0.094,0.917,0.747,0.094,0.375,0.194,0.24,0.267,0.688,0.12,0.845,0.493,0.449,0.221,0.231
0.0,0.443,0.574,0.534,0.517,0.962,0.692,0.671,0.352,0.136,0.739,0.306,0.61,0.325,0.684,0.463,0.622,0.173,0.036,0.435,0.871,0.478,0.958,0.696,0.433,0.473,0.173,0.1,0.576,0.337,0.083,0.942,0.301,0.074,0.873,0.688,0.82,0.496,0.161,0.087,0.025
0.0,0.89,0.366,0.399,0.58,0.565,0.998,0.46,0.006,0.341,0.674,0.429,0.273,0.307,0.363,0.076,0.114,0.967,0.873,0.517,0.037,0.923,0.214,0.469,0.796,0.683,0.823,0.866,0.467,0.882,0.471,0.19,0.075,0.09,0.23,0.201,0.853,0.124,0.086,0.439,0.96
1.0,0.277,0.157,0.57,0.519,0.028,0.559,0.273,0.759,0.873,0.264,0.405,0.549,0.625,0.484,0.795,0.258,0.916,0.817,0.535,0.552,0.883,0.251,0.413,0.67,0.706,0.307,0.629,0.518,0.382,0.905,0.666,0.45,0.826,0.371,0.308,0.647,0.954,0.824,0.417,0.872
0.0,0.126,0.846,0.705,0.743,0.065,0.786,0.242,0.006,0.488,0.782,0.83,0.335,0.153,0.751,0.404,0.996,0.804,0.152,0.561,0.674,0.34,0.809,0.993,0.106,0.163,0.978,0.74,0.693,0.662,0.217,0.142,0.39,0.766,0.455,0.125,0.301,0.794,0.614,0.587,0.103
0.0,0.179,0.016,0.738,0.494,0.973,0.018,0.6,0.678,0.88,0.145,0.562,0.311,0.388,0.918,0.283,0.931,0.644,0.688,0.049,0.305,0.744,0.041,0.656,0.051,0.752,0.054,0.586,0.744,0.559,0.38,0.945,0.641,0.318,0.286,0.118,0.926,0.646,0.293,0.55,0.819
1.0,0.748,0.539,0.172,0.596,0.081,0.72,0.467,0.233,0.368,0.93,0.454,0.466,0.862,0.889,0.181,0.2,0.339,0.676,0.379,0.821,0.964,0.072,0.758,0.039,0.527,0.466,0.161,0.912,0.192,0.285,0.406,0.333,0.94,0.46,0.228,0.69,0.413,0.652,0.165,0.617
1.0,0.851,0.34,0.662,0.963,0.627,0.545,0.716,0.664,0.309,0.466,0.9,0.643,0.436,0.985,0.478,0.657,0.856,0.284,0.669,0.981,0.046,0.236,0.411,0.385,0.764,0.6,0.677,0.783,0.838,0.469,0.062,0.62,0.744,0.453,0.273,0.315,0.509,0.386,0.713,0.259
1.0,0.55,0.885,0.95,0.229,0.615,0.491,0.521,0.99,0.378,0.06,0.481,0.104,0.373,0.95,0.407,0.34,0.881,0.001,0.996,0.479,0.087,0.903,0.65,0.843,0.848,0.996,0.486,0.028,0.115,0.068,0.559,0.926,0.48,0.419,0.726,0.416,0.428,0.474,0.01,0.676
0.0,0.911,0.505,0.168,0.224,0.224,0.646,0.04,0.19,0.337,0.79,0.977,0.843,0.633,0.439,0.222,0.973,0.921,0.72,0.055,0.647,0.376,0.971,0.863,0.131,0.383,0.653,0.004,0.264,0.579,0.939,0.522,0.724,0.785,0.791,0.953,0.013,0.824,0.622,0.801,0.153
1.0,0.888,0.335,0.445,0.446,0.703,0.395,0.131,0.365,0.074,0.002,0.277,0.513,0.9,0.823,0.045,0.609,0.892,0.611,0.574,0.71,0.884,0.88,0.281,0.518,0.215,0.91,0.339,0.969,0.343,0.576,0.061,0.46,0.369,0.023,0.911,0.539,0.232,0.176,0.879,0.1
1.0,0.351,0.057,0.867,0.795,0.17,0.446,0.305,0.007,0.522,0.027,0.465,0.108,0.356,0.106,0.554,0.553,0.215,0.13,0.683,0.742,0.79,0.306,0.435,0.255,0.072,0.416,0.027,0.055,0.392,0.087,0.407,0.277,0.75,0.076,0.581,0.07,0.362,0.504,0.449,0.939
1.0,0.104,0.527,0.828,0.895,0.182,0.33,0.25,0.492,0.095,0.751,0.627,0.357,0.435,0.157,0.492,0.251,0.494,0.783,0.572,0.749,0.089,0.266,0.568,0.512,0.702,0.38,0.96,0.871,0.401,0.695,0.247,0.182,0.476,0.075,0.87,0.774,0.574,0.281,0.885,0.569
1.0,0.857,0.149,0.605,0.742,0.896,0.244,0.434,0.459,0.603,0.519,0.46,0.059,0.519,0.489,0.602,0.58,0.651,0.511,0.162,0.902,0.565,0.892,0.017,0.685,0.328,0.986,0.319,0.4,0.391,0.69,0.968,0.53,0.279,0.268,0.519,0.052,0.569,0.798,0.246,0.262
0.0,0.935,0.209,0.6,0.975,0.432,0.879,0.382,0.094,0.681,0.71,0.168,0.182,0.925,0.79,0.955,0.864,0.835,0.212,0.801,0.644,0.488,0.284,0.824,0.552,0.108,0.279,0.196,0.339,0.345,0.087,0.301,0.911,0.672,0.987,0.642,0.642,0.46,0.395,0.014,0.686
1.0,0.744,0.729,0.504,0.138,0.008,0.388,0.959,0.418,0.909,0.714,0.788,0.216,0.172,0.544,0.165,0.969,0.957,0.546,0.525,0.005,0.657,0.656,0.287,0.512,0.922,0.089,0.858,0.093,0.421,0.818,0.128,0.028,0.907,0.158,0.427,0.762,0.85,0.718,0.93,0.783
1.0,0.97,0.195,0.849,0.416,0.806,0.91,0.464,0.521,0.078,0.63,0.002,0.888,0.923,0.17,0.427,0.168,0.569,0.997,0.452,0.011,0.838,0.316,0.083,0.46,0.813,0.97,0.803,0.551,0.156,0.77,0.439,0.332,0.272,0.427,0.842,0.621,0.727,0.78,0.268,0.187
1.0,0.094,0.667,0.276,0.343,0.205,0.615,0.723,0.163,0.525,0.494,0.101,0.69,0.96,0.436,0.152,0.028,0.066,0.542,0.765,0.786,0.318,0.046,0.145,0.007,0.887,0.699,0.385,0.413,0.54,0.47,0.138,0.589,0.486,0.193,0.616,0.202,0.294,0.116,0.942,0.273
0.0,0.417,0.546,0.526,0.569,0.071,0.26,0.58,0.917,0.88,0.141,0.4,0.325,0.176,0.885,0.714,0.328,0.2,0.947,0.75,0.922,0.709,0.711,0.967,0.85,0.027,0.737,0.031,0.304,0.466,0.698,0.429,0.109,0.287,0.926,0.465,0.788,0.878,0.448,0.012,0.126
0.0,0.207,0.839,0.011,0.979,0.046,0.926,0.863,0.972,0.727,0.021,0.926,0.88,0.419,0.287,0.898,0.939,0.741,0.275,0.653,0.504,0.647,0.617,0.693,0.959,0.829,0.893,0.122,0.242,0.231,0.321,0.021,0.251,0.654,0.372,0.935,0.075,0.153,0.922,0.22,0.404
1.0,0.832,0.481,0.727,0.826,0.707,0.557,0.438,0.284,0.212,0.445,0.852,0.381,0.942,0.615,0.79,0.004,0.434,0.76,0.133,0.326,0.292,0.45,0.394,0.726,0.264,0.676,0.9,0.09,0.933,0.099,0.191,0.583,0.203,0.731,0.497,0.051,0.782,0.323,0.019,0.023
1.0,0.993,0.432,0.559,0.226,0.744,0.381,0.122,0.708,0.664,0.641,0.689,0.756,0.996,0.048,0.106,0.975,0.448,0.694,0.819,0.728,0.522,0.256,0.328,0.441,0.259,0.806,0.851,0.376,0.323,0.881,0.949,0.85,0.001,0.384,0.218,0.901,0.689,0.363,0.868,0.368
0.0,0.785,0.069,0.44,0.563,0.443,0.259,0.472,0.017,0.911,0.956,0.589,0.4,0.751,0.768,0.485,0.703,0.576,0.233,0.295,0.936,0.526,0.355,0.887,0.819,0.809,0.642,0.907,0.306,0.813,0.563,0.937,0.332,0.147,0.868,0.005,0.881,0.542,0.79,0.392,0.251
1.0,0.193,0.193,0.729,0.282,0.768,0.189,0.336,0.835,0.28,0.053,0.227,0.202,0.681,0.022,0.219,0.016,0.484,0.091,0.84,0.105,0.292,0.796,0.467,0.863,0.168,0.317,0.938,0.863,0.23,0.715,0.964,0.539,0.634,0.26,0.473,0.342,0.783,0.017,0.968,0.609
1.0,0.338,0.586,0.84,0.443,0.593,0.504,0.711,0.371,0.742,0.806,0.382,0.419,0.232,0.191,0.249,0.602,0.562,0.717,0.724,0.944,0.914,0.863,0.4,0.212,0.744,0.115,0.846,0.1,0.391,0.821,0.539,0.923,0.801,0.953,0.91,0.106,0.098,0.933,0.133,0.234
0.0,0.743,0.535,0.477,0.944,0.96,0.882,0.61,0.03,0.434,0.911,0.702,0.371,0.729,0.158,0.442,0.779,0.557,0.963,0.708,0.693,0.686,0.425,0.071,0.81,0.576,0.954,0.29,0.18,0.335,0.677,0.434,0.221,0.23,0.556,0.044,0.643,0.597,0.62,0.219,0.191
0.0,0.236,0.569,0.407,0.153,0.851,0.016,0.248,0.236,0.283,0.815,0.905,0.677,0.098,0.719,0.833,0.694,0.088,0.566,0.368,0.101,0.58,0.07,0.863,0.033,0.971,0.412,0.238,0.345,0.454,0.154,0.018,0.697,0.279,0.051,0.278,0.117,0.237,0.838,0.31,0.081
0.0,0.155,0.058,0.491,0.736,0.009,0.802,0.764,0.938,0.223,0.535,0.871,0.919,0.108,0.778,0.861,0.356,0.321,0.56,0.792,0.015,0.648,0.785,0.34,0.101,0.478,0.946,0.645,0.724,0.951,0.726,0.405,0.176,0.386,0.085,0.874,0.791,0.384,0.307,0.799,0.95
1.0,0.487,0.367,0.286,0.113,0.713,0.237,0.465,0.431,0.987,0.034,0.765,0.171,0.039,0.046,0.149,0.155,0.44,0.699,0.451,0.112,0.484,0.046,0.503,0.411,0.711,0.197,0.561,0.564,0.16,0.774,0.233,0.191,0.489,0.445,0.837,0.957,0.902,0.161,0.996,0.409
0.0,0.392,0.367,0.125,0.804,0.023,0.733,0.941,0.864,0.432,0.942,0.071,0.031,0.205,0.561,0.406,0.435,0.423,0.933,0.806,0.375,0.371,0.306,0.837,0.133,0.652,0.658,0.663,0.366,0.157,0.787,0.225,0.782,0.665,0.043,0.572,0.17,0.038,0.401,0.866,0.668
0.0,0.045,0.233,0.964,0.805,0.545,0.804,0.254,0.588,0.594,0.676,0.115,0.346,0.045,0.928,0.792,0.864,0.44,0.464,0.29,0.663,0.423,0.194,0.992,0.358,0.337,0.263,0.377,0.875,0.714,0.63,0.456,0.084,0.067,0.715,0.211,0.713,0.12,0.066,0.82,0.537
1.0,0.381,0.259,0.617,0.189,0.806,0.865,0.045,0.281,0.669,0.54,0.282,0.5,0.914,0.66,0.61,0.056,0.307,0.592,0.957,0.651,0.214,0.407,0.411,0.426,0.228,0.898,0.58,0.374,0.085,0.324,0.509,0.668,0.087,0.796,0.051,0.023,0.846,0.475,0.221,0.135
0.0,0.679,0.17,0.037,0.856,0.519,0.168,0.683,0.806,0.797,0.228,0.351,0.772,0.115,0.164,0.277,0.905,0.605,0.33,0.704,0.15,0.667,0.192,0.404,0.428,0.128,0.901,0.214,0.416,0.038,0.023,0.309,0.863,0.031,0.026,0.834,0.345,0.349,0.914,0.219,0.758
1.0,0.172,0.479,0.462,0.279,0.439,0.369,0.68,0.247,0.743,0.898,0.706,0.722,0.142,0.62,0.243,0.525,0.627,0.173,0.018,0.81,0.349,0.463,0.72,0.026,0.437,0.843,0.507,0.17,0.454,0.015,0.776,0.55,0.057,0.869,0.247,0.276,0.891,0.412,0.105,0.47
0.0,0.145,0.109,0.449,0.598,0.662,0.13,0.487,0.535,0.148,0.242,0.678,0.638,0.092,0.976,0.247,0.588,0.67,0.197,0.841,0.37,0.3,0.771,0.471,0.545,0.048,0.617,0.68,0.193,0.256,0.014,0.65,0.832,0.318,0.289,0.696,0.845,0.314,0.323,0.231,0.294
1.0,0.068,0.92,0.094,0.183,0.053,0.101,0.967,0.305,0.564,0.057,0.733,0.276,0.332,0.751,0.92,0.239,0.814,0.464,0.944,0.958,0.66,0.718,0.63,0.435,0.073,0.714,0.384,0.896,0.509,0.717,0.837,0.328,0.233,1.0,0.485,0.439,0.747,0.535,0.059,0.012
1.0,0.713,0.343,0.25,0.91,0.693,0.551,0.965,0.293,0.789,0.434,0.557,0.464,0.124,0.991,0.145,0.73,0.191,0.833,0.983,0.902,0.011,0.796,0.168,0.427,0.702,0.508,0.032,0.161,0.219,0.478,0.957,0.408,0.086,0.308,0.687,0.845,0.507,0.368,0.416,0.334
1.0,0.019,0.439,0.469,0.837,0.058,0.555,0.934,0.678,0.75,0.395,0.183,0.684,0.053,0.971,0.295,0.356,0.864,0.504,0.504,0.933,0.811,0.513,0.702,0.428,0.85,0.89,0.492,0.264,0.412,0.607,0.015,0.691,0.784,0.728,0.219,0.946,0.082,0.124,0.001,0.672
0.0,0.827,0.52,0.605,0.484,0.033,0.049,0.719,0.527,0.617,0.169,0.816,0.851,0.174,0.569,0.497,0.201,0.93,0.04,0.112,0.066,0.343,0.34,0.24,0.677,0.273,0.469,0.855,0.839,0.745,0.59,0.982,0.913,0.228,0.815,0.278,0.081,0.298,0.344,0.794,0.146
0.0,0.959,0.173,0.372,0.181,0.942,0.033,0.939,0.141,0.924,0.346,0.24,0.376,0.866,0.676,0.173,0.578,0.799,0.891,0.39,0.931,0.184,0.839,0.757,0.007,0.557,0.006,0.377,0.13,0.916,0.422,0.112,0.931,0.649,0.597,0.998,0.141,0.279,0.594,0.913,0.934
1.0,0.937,0.387,0.542,0.989,0.81,0.208,0.764,0.735,0.664,0.24,0.816,0.722,0.066,0.49,0.526,0.712,0.72,0.221,0.276,0.363,0.693,0.313,0.196,0.047,0.386,0.701,0.781,0.599,0.718,0.773,0.574,0.699,0.385,0.831,0.61,0.543,0.61,0.668,0.273,0.82
0.0,0.855,0.443,0.988,0.872,0.87,0.768,0.142,0.703,0.449,0.377,0.547,0.834,0.102,0.943,0.044,0.248,0.912,0.966,0.49,0.272,0.99,0.594,0.135,0.561,0.329,0.556,0.395,0.987,0.887,0.49,0.422,0.373,0.603,0.737,0.734,0.13,0.209,0.693,0.146,0.882
1.0,0.479,0.298,0.207,0.722,0.316,0.16,0.878,0.766,0.15,0.377,0.088,0.358,0.87,0.219,0.328,0.816,0.898,0.678,0.838,0.229,0.709,0.974,0.435,0.593,0.474,0.946,0.019,0.054,0.264,0.896,0.539,0.822,0.482,0.615,0.327,0.049,0.114,0.688,0.414,0.634
1.0,0.533,0.669,0.492,0.207,0.742,0.557,0.451,0.508,0.136,0.109,0.537,0.061,0.051,0.711,0.086,0.315,0.305,0.406,0.432,0.732,0.758,0.572,0.332,0.456,0.324,0.547,0.199,0.633,0.113,0.425,0.158,0.985,0.596,0.553,0.913,0.032,0.552,0.864,0.904,0.674
1.0,0.336,0.005,0.333,0.869,0.442,0.54,0.065,0.678,0.687,0.762,0.701,0.227,0.271,0.733,0.971,0.864,0.227,0.794,0.889,0.668,0.934,0.919,0.062,0.953,0.995,0.817,0.191,0.671,0.97,0.706,0.942,0.362,0.403,0.914,0.72,0.507,0.066,0.385,0.565,0.34
0.0,0.02,0.046,0.484,0.98,0.918,0.498,0.327,0.779,0.594,0.648,0.167,0.222,0.311,0.017,0.215,0.893,0.031,0.879,0.466,0.799,0.303,0.696,0.944,0.138,0.616,0.962,0.888,0.636,0.83,0.716,0.025,0.028,0.744,0.196,0.143,0.0,0.112,0.929,0.577,0.943
0.0,0.342,0.292,0.054,0.196,0.451,0.944,0.308,0.574,0.454,0.985,0.159,0.771,0.157,0.438,0.824,0.374,0.179,0.371,0.03,0.011,0.059,0.077,0.236,0.068,0.358,0.671,0.649,0.14,0.505,0.08,0.638,0.11,0.27,0.685,0.859,0.43,0.325,0.725,0.26,0.358
0.0,0.63,0.254,0.278,0.836,0.673,0.631,0.22,0.008,0.248,0.69,0.84,0.785,0.651,0.143,0.082,0.656,0.78,0.168,0.265,0.353,0.105,0.83,0.503,0.272,0.869,0.327,0.018,0.883,0.029,0.568,0.022,0.69,0.263,0.903,0.389,0.976,0.538,0.016,0.692,0.225
1.0,0.2,0.86,0.366,0.367,0.092,0.496,0.472,0.795,0.128,0.376,0.984,0.026,0.251,0.898,0.545,0.079,0.986,0.322,0.953,0.872,0.967,0.995,0.5,0.96,0.598,0.903,0.319,0.208,0.727,0.648,0.835,0.004,0.868,0.257,0.303,0.506,0.117,0.871,0.076,0.174
0.0,0.259,0.46,0.246,0.412,0.256,0.684,0.354,0.181,0.154,0.866,0.693,0.864,0.876,0.955,0.373,0.499,0.402,0.522,0.117,0.194,0.884,0.565,0.359,0.289,0.578,0.101,0.291,0.802,0.174,0.24,0.143,0.731,0.941,0.609,0.548,0.83,0.559,0.207,0.573,0.503
1.0,0.461,0.69,0.464,0.233,0.151,0.978,0.147,0.906,0.277,0.717,0.938,0.42,0.492,0.62,0.91,0.427,0.823,0.723,0.131,0.078,0.936,0.017,0.378,0.04,0.969,0.048,0.681,0.481,0.117,0.308,0.199,0.428,0.941,0.393,0.41,0.094,0.929,0.703,0.047,0.276
0.0,0.909,0.613,0.224,0.547,0.866,0.953,0.358,0.783,0.099,0.707,0.864,0.876,0.784,0.068,0.889,0.846,0.878,0.384,0.626,0.461,0.117,0.636,0.78,0.866,0.791,0.586,0.451,0.322,0.791,0.022,0.353,0.1,0.866,0.247,0.539,0.705,0.579,0.646,0.051,0.583
1.0,0.641,0.619,0.114,0.379,0.822,0.076,0.619,0.606,0.056,0.58,0.531,0.64,0.321,0.431,0.41,0.53,0.921,0.353,0.814,0.237,0.263,0.721,0.591,0.076,0.277,0.484,0.579,0.139,0.912,0.147,0.966,0.213,0.028,0.703,0.319,0.237,0.465,0.594,0.527,0.258
1.0,0.771,0.29,0.88,0.055,0.099,0.274,0.412,0.897,0.835,0.91,0.241,0.52,0.073,0.489,0.755,0.947,0.525,0.59,0.914,0.723,0.284,0.32,0.084,0.224,0.944,0.255,0.323,0.451,0.238,0.383,0.162,0.012,0.992,0.872,0.766,0.597,0.797,0.536,0.586,0.789
1.0,0.798,0.152,0.264,0.005,0.56,0.651,0.5,0.688,0.091,0.445,0.566,0.702,0.827,0.691,0.016,0.606,0.824,0.31,0.658,0.09,0.38,0.389,0.192,0.225,0.454,0.953,0.101,0.539,0.094,0.324,0.138,0.347,0.144,0.747,0.606,0.09,0.285,0.411,0.304,0.815
1.0,0.634,0.905,0.926,0.92,0.479,0.118,0.014,0.51,0.775,0.319,0.56,0.145,0.908,0.933,0.86,0.797,0.438,0.879,0.028,0.606,0.092,0.877,0.052,0.631,0.622,0.925,0.161,0.506,0.079,0.543,0.406,0.504,0.086,0.413,0.182,0.418,0.569,0.869,0.561,0.128
0.0,0.213,0.961,0.859,0.817,0.518,0.289,0.159,0.154,0.761,0.116,0.0,0.998,0.659,0.686,0.002,0.587,0.455,0.459,0.764,0.865,0.988,0.134,0.782,0.904,0.796,0.63,0.069,0.408,0.875,0.781,0.593,0.476,0.204,0.922,0.026,0.137,0.32,0.613,0.372,0.746
1.0,0.282,0.991,0.132,0.159,0.292,0.657,0.966,0.648,0.751,0.103,0.424,0.724,0.82,0.084,0.103,0.546,0.952,0.915,0.902,0.78,0.379,0.313,0.406,0.575,0.478,0.311,0.855,0.651,0.204,0.659,0.842,0.379,0.035,0.265,0.208,0.881,0.828,0.855,0.187,0.447
1.0,0.289,0.459,0.619,0.016,0.764,0.473,0.46,0.611,0.741,0.354,0.399,0.108,0.604,0.89,0.449,0.706,0.577,0.404,0.008,0.408,0.796,0.11,0.301,0.194,0.028,0.654,0.04,0.845,0.13,0.348,0.72,0.594,0.96,0.945,0.676,0.695,0.871,0.526,0.181,0.11
1.0,0.665,0.499,0.924,0.53,0.788,0.117,0.832,0.945,0.01,0.446,0.52,0.7,0.551,0.772,0.433,0.548,0.266,0.302,0.089,0.032,0.797,0.149,0.691,0.596,0.526,0.002,0.828,0.874,0.382,0.127,0.93,0.174,0.89,0.867,0.064,0.408,0.422,0.191,0.342,0.07
1.0,0.082,0.395,0.171,0.844,0.403,0.611,0.379,0.714,0.575,0.167,0.493,0.031,0.634,0.272,0.932,0.288,0.009,0.579,0.211,0.763,0.44,0.167,0.581,0.634,0.249,0.571,0.564,0.197,0.097,0.31,0.095,0.831,0.871,0.619,0.774,0.312,0.171,0.118,0.216,0.042
1.0,0.417,0.007,0.56,0.561,0.355,0.498,0.397,0.511,0.732,0.727,0.158,0.721,0.322,0.564,0.835,0.385,0.751,0.142,0.602,0.76,0.707,0.022,0.495,0.749,0.901,0.157,0.728,0.608,0.206,0.407,0.374,0.147,0.198,0.703,0.102,0.193,0.088,0.749,0.835,0.858
1.0,0.788,0.642,0.477,0.689,0.66,0.412,0.728,0.658,0.82,0.513,0.091,0.559,0.278,0.129,0.208,0.15,0.85,0.259,0.128,0.866,0.693,0.097,0.256,0.607,0.064,0.454,0.804,0.391,0.129,0.582,0.866,0.797,0.581,0.354,0.579,0.467,0.788,0.102,0.952,0.699
0.0,0.194,0.986,0.55,0.978,0.979,0.516,0.496,0.639,0.271,0.408,0.205,0.994,0.65,0.488,0.598,0.633,0.586,0.706,0.873,0.629,0.881,0.508,0.55,0.999,0.272,0.394,0.681,0.335,0.574,0.463,0.125,0.216,0.987,0.15,0.641,0.38,0.788,0.029,0.481,0.001
1.0,0.234,0.22,0.818,0.93,0.362,0.635,0.173,0.246,0.918,0.113,0.588,0.581,0.376,0.443,0.341,0.411,0.87,0.035,0.415,0.726,0.861,0.384,0.56,0.778,0.587,0.23,0.601,0.533,0.488,0.468,0.975,0.36,0.874,0.978,0.106,0.079,0.415,0.26,0.656,0.997
0.0,0.971,0.738,0.945,0.361,0.072,0.255,0.504,0.152,0.555,0.472,0.226,0.947,0.044,0.016,0.956,0.316,0.417,0.399,0.382,0.227,0.14,0.102,0.154,0.915,0.237,0.702,0.726,0.365,0.789,0.712,0.544,0.098,0.706,0.766,0.287,0.391,0.534,0.393,0.616,0.922
1.0,0.978,0.989,0.239,0.351,0.839,0.953,0.614,0.039,0.08,0.801,0.162,0.322,0.128,0.376,0.521,0.797,0.876,0.539,0.141,0.049,0.839,0.464,0.159,0.548,0.016,0.419,0.677,0.051,0.875,0.214,0.183,0.3,0.497,0.334,0.667,0.707,0.021,0.741,0.362,0.232
0.0,0.796,0.538,0.612,0.526,0.376,0.171,0.312,0.839,0.902,0.018,0.818,0.095,0.819,0.625,0.931,0.584,0.665,0.628,0.359,0.018,0.201,0.569,0.806,0.206,0.663,0.316,0.999,0.043,0.625,0.581,0.748,0.355,0.828,0.508,0.839,0.223,0.741,0.306,0.124,0.042
1.0,0.08,0.477,0.015,0.996,0.12,0.044,0.014,0.811,0.718,0.255,0.463,0.136,0.079,0.808,0.703,0.28,0.234,0.218,0.194,0.749,0.82,0.858,0.449,0.63,0.405,0.766,0.686,0.063,0.937,0.525,0.276,0.589,0.738,0.422,0.655,0.379,0.048,0.425,0.289,0.775
1.0,0.645,0.435,0.805,0.281,0.548,0.004,0.113,0.065,0.462,0.242,0.151,0.291,0.127,0.343,0.977,0.226,0.799,0.497,0.955,0.741,0.097,0.94,0.35,0.961,0.707,0.296,0.524,0.512,0.432,0.955,0.812,0.375,0.586,0.722,0.295,0.732,0.684,0.89,0.473,0.877
1.0,0.912,0.859,0.535,0.784,0.231,0.007,0.332,0.922,0.254,0.525,0.936,0.227,0.49,0.985,0.398,0.749,0.802,0.467,0.486,0.491,0.593,0.378,0.379,0.649,0.724,0.055,0.227,0.681,0.423,0.146,0.687,0.865,0.41,0.792,0.933,0.486,0.742,0.184,0.831,0.518
0.0,0.114,0.28,0.478,0.08,0.59,0.925,0.076,0.049,0.383,0.636,0.183,0.248,0.941,0.077,0.758,0.924,0.146,0.748,0.218,0.884,0.895,0.775,0.909,0.017,0.66,0.028,0.447,0.481,0.57,0.872,0.88,0.615,0.795,0.734,0.346,0.696,0.575,0.745,0.753,0.705
0.0,0.502,0.287,0.081,0.009,0.576,0.664,0.752,0.052,0.776,0.16,0.178,0.884,0.768,0.674,0.115,0.216,0.206,0.332,0.439,0.025,0.857,0.617,0.595,0.342,0.432,0.425,0.159,0.338,0.296,0.594,0.259,0.128,0.198,0.084,0.846,0.19,0.062,0.803,0.392,0.515
0.0,0.557,0.407,0.179,0.601,0.137,0.576,0.063,0.57,0.052,0.33,0.371,0.849,0.49,0.99,0.686,0.714,0.824,0.548,0.679,0.769,0.634,0.081,0.841,0.977,0.243,0.285,0.393,0.428,0.367,0.078,0.196,0.984,0.772,0.894,0.138,0.46,0.802,0.242,0.057,0.748
1.0,0.536,0.674,0.394,0.184,0.272,0.811,0.616,0.276,0.573,0.449,0.762,0.092,0.727,0.795,0.539,0.918,0.24,0.949,0.856,0.726,0.922,0.996,0.248,0.004,0.358,0.806,0.329,0.475,0.148,0.152,0.125,0.816,0.462,0.718,0.793,0.868,0.675,0.813,0.497,0.283
0.0,0.331,0.955,0.395,0.917,0.846,0.506,0.609,0.966,0.514,0.61,0.007,0.416,0.665,0.497,0.702,0.717,0.462,0.731,0.319,0.401,0.482,0.825,0.8,0.42,0.324,0.761,0.87,0.757,0.799,0.062,0.651,0.008,0.275,0.525,0.673,0.098,0.139,0.401,0.912,0.061
0.0,0.521,0.985,0.351,0.458,0.899,0.505,0.641,0.222,0.883,0.455,0.973,0.577,0.866,0.195,0.11,0.199,0.511,0.084,0.671,0.135,0.303,0.32,0.525,0.315,0.448,0.145,0.41,0.217,0.796,0.995,0.198,0.574,0.713,0.436,0.71,0.274,0.272,0.103,0.943,0.219
0.0,0.93,0.491,0.891,0.617,0.99,0.286,0.281,0.782,0.652,0.501,0.033,0.478,0.163,0.249,0.845,0.26,0.809,0.076,0.627,0.058,0.02,0.896,0.556,0.169,0.757,0.153,0.244,0.54,0.345,0.817,0.343,0.951,0.563,0.897,0.162,0.324,0.015,0.83,0.137,0.183
1.0,0.461,0.15,0.729,0.488,0.451,0.177,0.322,0.35,0.429,0.083,0.817,0.363,0.556,0.408,0.43,1.0,0.779,0.307,0.919,0.49,0.282,0.854,0.379,0.147,0.92,0.289,0.148,0.267,0.84,0.265,0.925,0.314,0.76,0.416,0.287,0.591,0.647,0.408,0.752,0.677
1.0,0.244,0.082,0.678,0.204,0.085,0.295,0.83,0.951,0.537,0.987,0.203,0.974,0.903,0.389,0.903,0.94,0.543,0.516,0.378,0.922,0.61,0.139,0.276,0.612,0.669,0.575,0.373,0.036,0.812,0.6,0.354,0.449,0.217,0.082,0.65,0.903,0.624,0.191,0.882,0.001
0.0,0.05,0.397,0.471,0.435,0.866,0.072,0.472,0.828,0.842,0.953,0.275,0.817,0.429,0.671,0.078,0.999,0.488,0.537,0.069,0.927,0.437,0.939,0.298,0.5,0.235,0.736,0.194,0.773,0.172,0.162,0.64,0.297,0.624,0.663,0.805,0.268,0.873,0.827,0.954,0.201
1.0,0.06,0.741,0.491,0.094,0.59,0.545,0.553,0.793,0.367,0.287,0.746,0.185,0.093,0.439,0.79,0.513,0.164,0.531,0.411,0.418,0.124,0.299,0.343,0.135,0.734,0.965,0.2,0.498,0.247,0.767,0.05,0.488,0.072,0.889,0.358,0.522,0.947,0.094,0.688,0.296
1.0,0.037,0.809,0.156,0.445,0.273,0.334,0.512,0.968,0.788,0.407,0.643,0.248,0.164,0.605,0.616,0.046,0.362,0.786,0.933,0.667,0.817,0.692,0.506,0.193,0.453,0.611,0.05,0.934,0.477,0.654,0.034,0.057,0.08,0.291,0.065,0.955,0.463,0.158,0.87,0.59
0.0,0.458,0.252,0.227,0.314,0.3,0.054,0.476,0.103,0.335,0.662,0.037,0.502,0.846,0.919,0.046,0.267,0.051,0.089,0.957,0.71,0.89,0.61,0.67,0.411,0.169,0.026,0.01,0.227,0.062,0.45,0.504,0.035,0.04,0.228,0.108,0.374,0.972,0.736,0.281,0.471
1.0,0.253,0.289,0.959,0.288,0.644,0.942,0.263,0.393,0.727,0.463,0.007,0.059,0.391,0.395,0.067,0.549,0.593,0.138,0.87,0.247,0.328,0.273,0.592,0.488,0.629,0.814,0.998,0.255,0.99,0.116,0.473,0.807,0.921,0.536,0.429,0.362,0.119,0.963,0.345,0.726
1.0,0.477,0.052,0.846,0.191,0.765,0.883,0.185,0.36,0.611,0.061,0.035,0.413,0.741,0.53,0.791,0.104,0.801,0.17,0.956,0.05,0.393,0.199,0.018,0.276,0.158,0.425,0.874,0.279,0.779,0.555,0.269,0.974,0.169,0.978,0.345,0.179,0.045,0.669,0.128,0.578
1.0,0.255,0.292,0.374,0.095,0.787,0.448,0.319,0.293,0.555,0.639,0.807,0.133,0.573,0.173,0.462,0.992,0.488,0.327,0.648,0.458,0.164,0.755,0.462,0.312,0.068,0.891,0.3,0.257,0.214,0.003,0.462,0.353,0.452,0.567,0.787,0.753,0.46,0.943,0.49,0.184
1.0,0.695,0.258,0.872,0.723,0.422,0.778,0.036,0.816,0.247,0.549,0.643,0.006,0.512,0.539,0.995,0.626,0.256,0.067,0.014,0.479,0.377,0.887,0.514,0.911,0.015,0.217,0.347,0.786,0.738,0.663,0.466,0.466,0.524,0.899,0.698,0.837,0.326,0.747,0.245,0.453
0.0,0.17,0.961,0.122,0.515,0.307,0.943,0.697,0.966,0.999,0.369,0.222,0.967,0.447,0.339,0.542,0.611,0.018,0.105,0.959,0.76,0.895,0.054,0.492,0.42,0.776,0.965,0.576,0.379,0.329,0.61,0.331,0.361,0.428,0.429,0.89,0.358,0.663,0.3,0.643,0.371
0.0,0.322,0.859,0.878,0.018,0.397,0.213,0.824,0.499,0.761,0.603,0.067,0.212,0.57,0.657,0.227,0.896,0.562,0.256,0.318,0.075,0.493,0.702,0.014,0.977,0.22,0.378,0.499,0.998,0.45,0.5,0.72,0.879,0.685,0.082,0.738,0.99,0.699,0.655,0.248,0.124
1.0,0.332,0.963,0.28,0.032,0.575,0.202,0.678,0.929,0.634,0.421,0.359,0.757,0.506,0.1,0.127,0.189,0.408,0.073,0.958,0.687,0.217,0.46,0.263,0.544,0.988,0.614,0.415,0.908,0.994,0.837,0.316,0.391,0.353,0.991,0.37,0.837,0.724,0.029,0.942,0.875
1.0,0.504,0.211,0.558,0.104,0.644,0.798,0.563,0.026,0.945,0.875,0.571,0.017,0.207,0.762,0.392,0.553,0.299,0.07,0.682,0.74,0.884,0.656,0.083,0.864,0.395,0.208,0.101,0.015,0.118,0.06,0.144,0.009,0.594,0.264,0.997,0.05,0.907,0.205,0.439,0.137
0.0,0.755,0.759,0.06,0.067,0.734,0.582,0.561,0.075,0.834,0.333,0.145,0.9,0.743,0.302,0.96,0.266,0.892,0.036,0.872,0.987,0.257,0.627,0.323,0.722,0.546,0.591,0.715,0.871,0.648,0.159,0.623,0.258,0.078,0.897,0.161,0.266,0.93,0.595,0.349,0.016
1.0,0.302,0.006,0.256,0.825,0.756,0.214,0.44,0.325,0.848,0.916,0.038,0.689,0.016,0.79,0.491,0.231,0.374,0.103,0.875,0.967,0.161,0.573,0.38,0.662,0.565,0.386,0.95,0.701,0.935,0.288,0.131,0.987,0.405,0.503,0.289,0.123,0.709,0.88,0.053,0.784
1.0,0.612,0.186,0.273,0.11,0.321,0.042,0.55,0.045,0.878,0.494,0.333,0.341,0.496,0.125,0.299,0.538,0.51,0.1,0.441,0.078,0.361,0.701,0.762,0.235,0.503,0.354,0.227,0.554,0.452,0.491,0.345,0.417,0.685,0.656,0.453,0.006,0.359,0.239,0.143,0.97
1.0,0.753,0.664,0.527,0.81,0.657,0.489,0.533,0.032,0.619,0.331,0.241,0.014,0.776,0.038,0.619,0.982,0.887,0.189,0.866,0.358,0.848,0.412,0.505,0.452,0.187,0.777,0.331,0.434,0.644,0.611,0.408,0.668,0.196,0.388,0.126,0.078,0.92,0.111,0.187,0.177
0.0,0.906,0.242,0.4,0.007,0.977,0.044,0.178,0.325,0.994,0.96,0.383,0.046,0.693,0.608,0.216,0.428,0.877,0.159,0.316,0.199,0.247,0.687,0.037,0.087,0.047,0.571,0.127,0.755,0.83,0.304,0.131,0.161,0.152,0.826,0.546,0.409,0.447,0.218,0.637,0.62
0.0,0.845,0.716,0.473,0.558,0.81,0.826,0.783,0.915,0.371,0.953,0.429,0.647,0.009,0.436,0.352,0.961,0.194,0.635,0.286,0.035,0.169,0.953,0.825,0.798,0.179,0.311,0.822,0.275,0.91,0.699,0.633,0.377,0.02,0.309,0.689,0.127,0.154,0.848,0.698,0.464
1.0,0.11,0.347,0.216,0.482,0.439,0.99,0.646,0.821,0.463,0.579,0.511,0.642,0.563,0.727,0.973,0.756,0.586,0.448,0.352,0.735,0.719,0.426,0.222,0.489,0.103,0.304,0.174,0.736,0.28,0.169,0.82,0.09,0.939,0.614,0.587,0.169,0.177,0.184,0.112,0.503
1.0,0.137,0.352,0.524,0.555,0.711,0.909,0.497,0.965,0.165,0.314,0.697,0.465,0.411,0.196,0.317,0.537,0.481,0.452,0.048,0.188,0.496,0.619,0.236,0.48,0.306,0.633,0.258,0.311,0.409,0.84,0.888,0.56,0.745,0.541,0.24,0.203,0.12,0.877,0.741,0.582
0.0,0.734,0.908,0.683,0.318,0.524,0.41,0.8,0.719,0.393,0.178,0.559,0.959,0.133,0.768,0.72,0.717,0.492,0.901,0.731,0.404,0.623,0.52,0.192,0.146,0.919,0.473,0.663,0.065,0.064,0.573,0.087,0.755,0.781,0.494,0.878,0.355,0.938,0.29,0.121,0.145
0.0,0.717,0.434,0.88,0.864,0.782,0.121,0.725,0.912,0.696,0.6,0.513,0.817,0.304,0.446,0.627,0.34,0.783,0.223,0.498,0.075,0.188,0.889,0.867,0.802,0.534,0.026,0.653,0.971,0.891,0.094,0.137,0.375,0.204,0.583,0.23,0.926,0.079,0.893,0.99,0.251
0.0,0.624,0.44,0.068,0.073,0.771,0.769,0.534,0.756,0.114,0.657,0.581,0.221,0.188,0.67,0.309,0.58,0.947,0.198,0.852,0.762,0.033,0.01,0.409,0.788,0.107,0.022,0.859,0.145,0.729,0.363,0.059,0.407,0.42,0.675,0.645,0.4,0.161,0.026,0.464,0.188
0.0,0.781,0.808,0.314,0.91,0.855,0.485,0.362,0.84,0.811,0.89,0.124,0.039,0.172,0.529,0.649,0.107,0.812,0.291,0.787,0.269,0.644,0.145,0.013,0.3,0.455,0.426,0.676,0.694,0.876,0.086,0.374,0.895,0.745,0.18,0.608,0.181,0.595,0.981,0.138,0.902
1.0,0.059,0.351,0.913,0.302,0.309,0.574,0.332,0.411,0.009,0.032,0.91,0.351,0.865,0.706,0.687,0.398,0.066,0.417,0.698,0.935,0.144,0.617,0.56,0.43,0.342,0.594,0.87,0.213,0.642,0.676,0.368,0.13,0.409,0.504,0.057,0.053,0.47,0.157,0.257,0.044
1.0,0.097,0.051,0.795,0.84,0.317,0.034,0.501,0.605,0.237,0.84,0.69,0.383,0.607,0.711,0.299,0.938,0.357,0.384,0.309,0.896,0.653,0.499,0.217,0.118,0.161,0.425,0.639,0.589,0.654,0.336,0.113,0.955,0.468,0.844,0.149,0.56,0.949,0.131,0.215,0.434
0.0,0.851,0.184,0.432,0.536,0.0,0.882,0.535,0.599,0.804,0.813,0.193,0.265,0.463,0.543,0.558,0.095,0.191,0.063,0.641,0.786,0.185,0.105,0.963,0.617,0.962,0.973,0.803,0.778,0.696,0.152,0.286,0.656,0.169,0.367,0.154,0.264,0.856,0.616,0.005,0.486
1.0,0.496,0.786,0.287,0.837,0.559,0.351,0.918,0.301,0.033,0.044,0.937,0.319,0.084,0.828,0.1,0.767,0.154,0.144,0.137,0.977,0.064,0.713,0.02,0.836,0.779,0.054,0.166,0.225,0.964,0.614,0.173,0.974,0.163,0.193,0.782,0.581,0.421,0.98,0.515,0.925
1.0,0.349,0.891,0.649,0.282,0.146,0.725,0.394,0.966,0.87,0.216,0.957,0.385,0.49,0.059,0.532,0.679,0.787,0.251,0.286,0.187,0.966,0.341,0.51,0.932,0.341,0.335,0.822,0.252,0.558,0.36,0.435,0.094,0.238,0.986,0.849,0.769,0.334,0.58,0.887,0.406
0.0,0.114,0.803,0.686,0.917,0.67,0.773,0.115,0.024,0.021,0.314,0.363,0.832,0.884,0.615,0.365,0.829,0.329,0.867,0.999,0.265,0.217,0.7,0.91,0.222,0.026,0.284,0.914,0.708,0.488,0.321,0.799,0.632,0.801,0.826,0.796,0.962,0.199,0.658,0.359,0.118
0.0,0.376,0.653,0.846,0.469,0.925,0.396,0.65,0.314,0.183,0.953,0.694,0.538,0.789,0.475,0.873,0.632,0.499,0.335,0.501,0.095,0.438,0.488,0.151,0.389,0.219,0.804,0.652,0.496,0.161,0.421,0.362,0.136,0.658,0.562,0.657,0.28,0.568,0.18,0.52,0.864
0.0,0.319,0.338,0.923,0.159,0.988,0.933,0.889,0.484,0.967,0.839,0.712,0.24,0.553,0.095,0.305,0.887,0.763,0.513,0.224,0.4,0.614,0.238,0.856,0.838,0.251,0.093,0.521,0.063,0.667,0.701,0.515,0.897,0.723,0.636,0.556,0.551,0.354,0.153,0.529,0.203
1.0,0.003,0.302,0.628,0.472,0.404,0.569,0.401,0.313,0.222,0.809,0.729,0.332,0.615,0.086,0.261,0.805,0.594,0.012,0.792,0.41,0.794,0.855,0.148,0.308,0.139,0.955,0.145,0.712,0.374,0.774,0.473,0.557,0.705,0.619,0.67,0.635,0.317,0.716,0.154,0.753
0.0,0.667,0.805,0.479,0.834,0.478,0.96,0.309,0.33,0.395,0.002,0.611,0.506,0.038,0.038,0.526,0.276,0.029,0.092,0.09,0.764,0.438,0.342,0.996,0.83,0.513,0.634,0.163,0.192,0.363,0.931,0.034,0.41,0.765,0.248,0.821,0.015,0.155,0.371,0.782,0.644
1.0,0.252,0.165,0.243,0.257,0.676,0.865,0.707,0.126,0.272,0.262,0.768,0.079,0.703,0.324,0.649,0.285,0.825,0.278,0.886,0.528,0.16,0.349,0.286,0.129,0.526,0.094,0.461,0.544,0.483,0.097,0.789,0.579,0.07,0.743,0.662,0.943,0.999,0.648,0.136,0.749
0.0,0.119,0.876,0.296,0.08,0.408,0.338,0.971,0.035,0.764,0.32,0.979,0.815,0.739,0.686,0.276,0.478,0.987,0.802,0.797,0.21,0.171,0.413,0.992,0.892,0.684,0.791,0.042,0.002,0.682,0.247,0.483,0.105,0.724,0.033,0.832,0.685,0.252,0.823,0.597,0.886
0.0,0.387,0.095,0.247,0.516,0.148,0.151,0.129,0.379,0.609,0.797,0.426,0.882,0.85,0.622,0.999,0.319,0.529,0.533,0.938,0.013,0.482,0.334,0.607,0.63,0.287,0.992,0.758,0.828,0.827,0.197,0.663,0.227,0.415,0.034,0.662,0.835,0.22,0.476,0.978,0.885
1.0,0.477,0.661,0.654,0.048,0.31,0.011,0.5,0.978,0.107,0.599,0.829,0.5,0.739,0.713,0.978,0.137,0.976,0.976,0.761,0.689,0.343,0.314,0.582,0.684,0.215,0.464,0.482,0.377,0.887,0.694,0.387,0.239,0.571,0.157,0.368,0.746,0.005,0.83,0.205,0.127
0.0,0.016,0.574,0.831,0.584,0.65,0.779,0.594,0.655,0.994,0.926,0.349,0.211,0.114,0.392,0.905,0.564,0.062,0.106,0.599,0.771,0.954,0.908,0.766,0.425,0.319,0.067,0.129,0.102,0.562,0.749,0.899,0.674,0.302,0.331,0.345,0.741,0.235,0.606,0.097,0.242
1.0,0.73,0.599,0.662,0.14,0.205,0.506,0.006,0.342,0.54,0.467,0.704,0.743,0.604,0.913,0.328,0.545,0.108,0.688,0.001,0.551,0.487,0.584,0.584,0.619,0.531,0.239,0.742,0.435,0.598,0.199,0.772,0.999,0.551,0.367,0.91,0.222,0.177,0.848,0.189,0.891
1.0,0.213,0.066,0.351,0.498,0.422,0.969,0.594,0.34,0.947,0.417,0.259,0.329,0.129,0.904,0.511,0.469,0.383,0.657,0.937,0.141,0.667,0.638,0.225,0.112,0.697,0.885,0.471,0.604,0.26,0.448,0.087,0.906,0.536,0.941,0.314,0.836,0.378,0.591,0.114,0.976
1.0,0.922,0.457,0.469,0.966,0.091,0.588,0.299,0.913,0.369,0.493,0.436,0.16,0.12,0.477,0.05,0.822,0.151,0.991,0.858,0.557,0.88,0.603,0.169,0.985,0.241,0.521,0.223,0.189,0.197,0.505,0.224,0.737,0.226,0.016,0.525,0.571,0.359,0.295,0.342,0.829
1.0,0.385,0.055,0.621,0.882,0.147,0.726,0.947,0.052,0.52,0.809,0.787,0.248,0.798,0.22,0.6,0.02,0.721,0.514,0.121,0.075,0.444,0.372,0.69,0.028,0.463,0.26,0.644,0.913,0.52,0.703,0.433,0.872,0.292,0.037,0.296,0.614,0.519,0.953,0.318,0.327
0.0,0.897,0.899,0.02,0.056,0.788,0.321,0.451,0.038,0.729,0.007,0.322,0.877,0.546,0.138,0.06,0.707,0.606,0.504,0.356,0.474,0.833,0.778,0.323,0.347,0.212,0.918,0.131,0.793,0.099,0.345,0.572,0.398,0.92,0.617,0.831,0.248,0.307,0.692,0.035,0.175
0.0,0.758,0.877,0.648,0.779,0.297,0.758,0.891,0.628,0.611,0.338,0.562,0.236,0.769,0.845,0.861,0.899,0.962,0.928,0.834,0.66,0.481,0.491,0.874,0.626,0.832,0.328,0.579,0.397,0.494,0.967,0.074,0.436,0.857,0.299,0.946,0.908,0.091,0.904,0.027,0.536
1.0,0.947,0.512,0.478,0.845,0.331,0.909,0.207,0.205,0.565,0.875,0.915,0.258,0.984,0.704,0.176,0.35,0.18,0.386,0.888,0.508,0.36,0.563,0.216,0.716,0.38,0.03,0.198,0.379,0.076,0.395,0.302,0.691,0.113,0.3,0.077,0.917,0.838,0.868,0.233,0.622
1.0,0.314,0.41,0.343,0.548,0.631,0.922,0.219,0.123,0.779,0.619,0.939,0.064,0.642,0.597,0.517,0.959,0.168,0.654,0.214,0.506,0.426,0.644,0.036,0.611,0.115,0.441,0.201,0.159,0.12,0.954,0.138,0.862,0.321,0.832,0.195,0.734,0.799,0.358,0.053,0.356
1.0,0.635,0.78,0.189,0.23,0.47,0.046,0.839,0.952,0.872,0.417,0.188,0.192,0.798,0.32,0.834,0.64,0.717,0.988,0.123,0.18,0.252,0.037,0.569,0.633,0.387,0.611,0.302,0.263,0.372,0.127,0.862,0.233,0.845,0.481,0.001,0.623,0.714,0.02,0.051,0.745
0.0,0.252,0.991,0.284,0.021,0.843,0.393,0.596,0.468,0.198,0.966,0.433,0.931,0.848,0.573,0.938,0.346,0.714,0.503,0.506,0.939,0.119,0.929,0.278,0.186,0.42,0.407,0.806,0.891,0.087,0.615,0.84,0.253,0.161,0.648,0.811,0.494,0.278,0.686,0.731,0.807
1.0,0.16,0.161,0.095,0.002,0.705,0.76,0.941,0.876,0.59,0.145,0.458,0.461,0.038,0.43,0.725,0.361,0.491,0.496,0.406,0.446,0.184,0.963,0.443,0.678,0.946,0.848,0.719,0.317,0.388,0.991,0.449,0.204,0.126,0.556,0.651,0.214,0.968,0.281,0.173,0.018
1.0,0.393,0.512,0.019,0.64,0.367,0.645,0.146,0.418,0.235,0.683,0.737,0.594,0.364,0.318,0.658,0.399,0.496,0.802,0.21,0.501,0.359,0.57,0.43,0.527,0.16,0.658,0.269,0.125,0.002,0.451,0.92,0.784,0.901,0.299,0.729,0.116,0.893,0.837,0.689,0.938
0.0,0.16,0.313,0.703,0.05,0.925,0.149,0.61,0.738,0.176,0.171,0.345,0.754,0.087,0.158,0.234,0.603,0.851,0.865,0.804,0.837,0.743,0.75,0.299,0.547,0.086,0.257,0.855,0.823,0.939,0.781,0.397,0.842,0.169,0.404,0.111,0.841,0.459,0.168,0.222,0.632
0.0,0.556,0.107,0.42,0.204,0.966,0.144,0.443,0.405,0.05,0.536,0.308,0.603,0.154,0.061,0.69,0.648,0.337,0.589,0.673,0.267,0.062,0.687,0.757,0.529,0.675,0.998,0.917,0.903,0.484,0.652,0.8,0.714,0.616,0.884,0.241,0.973,0.453,0.048,0.796,0.394
0.0,0.796,0.677,0.88,0.733,0.256,0.365,0.031,0.246,0.431,0.316,0.861,0.825,0.935,0.855,0.284,0.628,0.781,0.957,0.102,0.427,0.362,0.814,0.905,0.885,0.849,0.105,0.174,0.338,0.162,0.512,0.925,0.056,0.925,0.607,0.497,0.133,0.614,0.024,0.009,0.819
0.0,0.318,0.241,0.91,0.375,0.37,0.459,0.447,0.939,0.576,0.847,0.242,0.155,0.134,0.578,0.284,0.516,0.403,0.615,0.803,0.585,0.796,0.135,0.858,0.978,0.355,0.849,0.631,0.485,0.273,0.451,0.513,0.027,0.777,0.679,0.959,0.214,0.827,0.57,0.363,0.026
0.0,0.996,0.469,0.98,0.244,0.786,0.126,0.266,0.122,0.184,0.22,0.797,0.047,0.06,0.414,0.643,0.1,0.938,0.095,0.675,0.302,0.538,0.983,0.035,0.098,0.852,0.209,0.747,0.868,0.715,0.582,0.677,0.547,0.363,0.75,0.196,0.927,0.876,0.98,0.238,0.6
1.0,0.592,0.351,0.125,0.372,0.509,0.537,0.708,0.51,0.261,0.223,0.197,0.062,0.353,0.119,0.711,0.354,0.498,0.94,0.154,0.891,0.383,0.133,0.747,0.938,0.944,0.101,0.502,0.352,0.813,0.328,0.72,0.734,0.846,0.1,0.65,0.977,0.417,0.858,0.785,0.511
1.0,0.191,0.899,0.031,0.744,0.543,0.57,0.351,0.083,0.268,0.907,0.127,0.463,0.765,0.499,0.007,0.472,0.294,0.756,0.683,0.823,0.724,0.767,0.52,0.363,0.654,0.466,0.352,0.936,0.805,0.391,0.603,0.458,0.356,0.737,0.447,0.274,0.28,0.749,0.999,0.795
0.0,0.339,0.74,0.274,0.098,0.898,0.527,0.551,0.591,0.988,0.46,0.924,0.293,0.972,0.603,0.769,0.612,0.35,0.939,0.847,0.175,0.213,0.16,0.872,0.863,0.7,0.327,0.916,0.448,0.017,0.56,0.707,0.945,0.358,0.649,0.681,0.597,0.056,0.189,0.378,0.827
0.0,0.734,0.576,0.688,0.893,0.25,0.955,0.272,0.106,0.035,0.071,0.1,0.572,0.658,0.077,0.971,0.885,0.923,0.927,0.46,0.487,0.798,0.537,0.877,0.437,0.996,0.803,0.148,0.759,0.214,0.939,0.852,0.932,0.221,0.776,0.968,0.227,0.53,0.252,0.533,0.273
0.0,0.026,0.656,0.556,0.897,0.065,0.83,0.426,0.459,0.158,0.33,0.36,0.93,0.421,0.849,0.064,0.488,0.447,0.956,0.9,0.41,0.402,0.481,0.488,0.016,0.416,0.532,0.57,0.535,0.093,0.012,0.782,0.586,0.705,0.385,0.935,0.056,0.674,0.992,0.544,0.945
1.0,0.912,0.479,0.205,0.19,0.819,0.684,0.462,0.783,0.552,0.252,0.492,0.053,0.378,0.909,0.613,0.152,0.57,0.88,0.448,0.262,0.17,0.437,0.707,0.389,0.785,0.285,0.921,0.662,0.458,0.87,0.1,0.512,0.678,0.409,0.592,0.766,0.321,0.216,0.942,0.316
0.0,0.902,0.608,0.873,0.028,0.539,0.512,0.291,0.563,0.641,0.18,0.284,0.843,0.858,0.252,0.927,0.325,0.193,0.561,0.526,0.912,0.039,0.273,0.311,0.396,0.32,0.43,0.369,0.47,0.128,0.364,0.08,0.073,0.904,0.294,0.149,0.893,0.116,0.209,0.722,0.873
0.0,0.548,0.631,0.081,0.23,0.534,0.645,0.793,0.103,0.919,0.576,0.146,0.961,0.529,0.862,0.511,0.511,0.165,0.223,0.808,0.71,0.322,0.728,0.017,0.741,0.63,0.497,0.379,0.453,0.409,0.096,0.368,0.812,0.968,0.279,0.106,0.196,0.837,0.284,0.115,0.434
0.0,0.021,0.936,0.238,0.544,0.159,0.735,0.715,0.718,0.239,0.378,0.899,0.128,0.655,0.929,0.625,0.845,0.264,0.307,0.401,0.158,0.881,0.53,0.898,0.575,0.098,0.407,0.619,0.423,0.224,0.578,0.555,0.965,0.079,0.917,0.312,0.682,0.043,0.409,0.658,0.003
0.0,0.393,0.613,0.112,0.038,0.901,0.349,0.512,0.771,0.919,0.542,0.711,0.078,0.211,0.563,0.071,0.562,0.434,0.261,0.447,0.062,0.921,0.155,0.227,0.629,0.573,0.43,0.936,0.326,0.283,0.55,0.868,0.951,0.342,0.549,0.229,0.424,0.167,0.431,0.084,0.457
0.0,0.142,0.981,0.707,0.62,0.773,0.556,0.388,0.377,0.707,0.48,0.516,0.45,0.322,0.432,0.437,0.078,0.039,0.693,0.581,0.803,0.701,0.959,0.796,0.99,0.775,0.708,0.34,0.93,0.339,0.227,0.94,0.293,0.391,0.14,0.48,0.578,0.172,0.319,0.901,0.411
1.0,0.77,0.377,0.97,0.987,0.342,0.31,0.137,0.836,0.148,0.833,0.349,0.153,0.382,0.35,0.963,0.809,0.745,0.217,0.313,0.504,0.131,0.092,0.524,0.028,0.024,0.879,0.659,0.342,0.116,0.81,0.557,0.786,0.757,0.427,0.13,0.257,0.131,0.584,0.734,0.952
0.0,0.154,0.301,0.801,0.266,0.542,0.425,0.777,0.321,0.142,0.086,0.241,0.554,0.82,0.354,0.778,0.318,0.587,0.102,0.018,0.948,0.646,0.005,0.965,0.213,0.604,0.605,0.655,0.024,0.893,0.574,0.299,0.395,0.597,0.513,0.778,0.38,0.123,0.769,0.733,0.446
0.0,0.342,0.092,0.77,0.865,0.855,0.417,0.789,0.446,0.292,0.345,0.595,0.118,0.923,0.388,0.628,0.506,0.674,0.171,0.712,0.332,0.461,0.415,0.377,0.524,0.849,0.509,0.255,0.201,0.895,0.119,0.617,0.067,0.798,0.913,0.58,0.581,0.574,0.277,0.113,0.315
1.0,0.031,0.388,0.249,0.801,0.445,0.593,0.621,0.612,0.915,0.641,0.546,0.04,0.035,0.193,0.914,0.992,0.091,0.874,0.837,0.821,0.735,0.084,0.7,0.919,0.2,0.385,0.166,0.169,0.52,0.072,0.403,0.203,0.822,0.593,0.803,0.91,0.359,0.957,0.277,0.992
1.0,0.222,0.95,0.997,0.777,0.527,0.647,0.176,0.137,0.039,0.193,0.02,0.51,0.748,0.604,0.247,0.295,0.724,0.974,0.213,0.127,0.823,0.112,0.334,0.765,0.367,0.83,0.918,0.297,0.551,0.47,0.072,0.68,0.718,0.853,0.972,0.345,0.357,0.341,0.881,0.608
1.0,0.686,0.335,0.907,0.656,0.279,0.467,0.109,0.238,0.005,0.195,0.058,0.608,0.149,0.985,0.786,0.315,0.282,0.949,0.072,0.06,0.64,0.894,0.666,0.991,0.807,0.956,0.43,0.427,0.428,0.375,0.839,0.287,0.177,0.883,0.772,0.8,0.753,0.391,0.28,0.668
1.0,0.244,0.508,0.853,0.782,0.737,0.309,0.75,0.167,0.452,0.781,0.17,0.734,0.592,0.527,0.481,0.012,0.705,0.051,0.169,0.408,0.55,0.483,0.755,0.814,0.907,0.701,0.247,0.871,0.849,0.556,0.367,0.127,0.31,0.107,0.073,0.524,0.499,0.666,0.012,0.608
1.0,0.22,0.279,0.878,0.32,0.349,0.972,0.484,0.854,0.251,0.061,0.235,0.051,0.603,0.696,0.992,0.395,0.185,0.667,0.311,0.904,0.123,0.174,0.502,0.239,0.373,0.501,0.978,0.658,0.616,0.688,0.604,0.418,0.145,0.277,0.284,0.87,0.332,0.506,0.789,0.382
0.0,0.671,0.275,0.097,0.325,0.196,0.234,0.569,0.312,0.215,0.575,0.65,0.915,0.534,0.152,0.495,0.413,0.174,0.963,0.214,0.282,0.029,0.291,0.089,0.369,0.826,0.121,0.345,0.833,0.497,0.107,0.199,0.934,0.251,0.594,0.612,0.909,0.744,0.915,0.9,0.275
0.0,0.696,0.765,0.909,0.984,0.87,0.758,0.241,0.545,0.711,0.352,0.437,0.236,0.569,0.535,0.866,0.835,0.988,0.951,0.456,0.597,0.168,0.093,0.804,0.289,0.629,0.951,0.136,0.829,0.497,0.429,0.552,0.501,0.179,0.072,0.998,0.023,0.714,0.783,0.215,0.623
1.0,0.357,0.789,0.576,0.237,0.491,0.361,0.527,0.56,0.203,0.258,0.999,0.189,0.256,0.182,0.622,0.421,0.91,0.276,0.335,0.468,0.449,0.297,0.314,0.978,0.711,0.462,0.418,0.536,0.732,0.811,0.727,0.569,0.02,0.581,0.371,0.885,0.404,0.771,0.138,0.666
1.0,0.71,0.467,0.996,0.604,0.306,0.338,0.943,0.839,0.927,0.157,0.397,0.401,0.047,0.205,0.976,0.227,0.873,0.184,0.279,0.454,0.437,0.5,0.318,0.359,0.845,0.263,0.381,0.105,0.139,0.37,0.484,0.999,0.1,0.779,0.772,0.442,0.387,0.924,0.981,0.821
1.0,0.255,0.36,0.519,0.176,0.379,0.612,0.134,0.509,0.509,0.232,0.458,0.607,0.342,0.442,0.609,0.548,0.743,0.408,0.336,0.53,0.314,0.237,0.55,0.239,0.982,0.002,0.923,0.9,0.903,0.232,0.536,0.827,0.394,0.79,0.961,0.468,0.278,0.416,0.1,0.481
0.0,0.665,0.855,0.911,0.18,0.96,0.985,0.824,0.752,0.205,0.708,0.136,0.388,0.231,0.805,0.282,0.492,0.551,0.659,0.049,0.944,0.513,0.859,0.826,0.293,0.388,0.03,0.978,0.927,0.365,0.237,0.597,0.171,0.457,0.227,0.192,0.746,0.045,0.706,0.668,0.44
0.0,0.887,0.712,0.321,0.594,0.432,0.021,0.79,0.919,0.967,0.094,0.605,0.302,0.94,0.622,0.38,0.03,0.839,0.382,0.478,0.153,0.146,0.538,0.478,0.178,0.443,0.094,0.755,0.81,0.183,0.098,0.531,0.746,0.878,0.019,0.756,0.995,0.159,0.688,0.756,0.819
1.0,0.557,0.657,0.902,0.756,0.085,0.148,0.411,0.022,0.99,0.386,0.537,0.163,0.849,0.988,0.423,0.695,0.028,0.079,0.863,0.66,0.63,0.91,0.085,0.358,0.961,0.245,0.294,0.677,0.763,0.99,0.815,0.905,0.362,0.389,0.291,0.865,0.487,0.628,0.561,0.832
1.0,0.104,0.7,0.727,0.857,0.126,0.862,0.965,0.657,0.064,0.374,0.043,0.489,0.051,0.656,0.306,0.645,0.874,0.107,0.11,0.92,0.16,0.378,0.416,0.045,0.033,0.239,0.156,0.257,0.575,0.614,0.353,0.6,0.583,0.669,0.801,0.71,0.413,0.854,0.82,0.515
1.0,0.705,0.731,0.604,0.641,0.677,0.503,0.572,0.63,0.76,0.145,0.421,0.767,0.643,0.182,0.884,0.562,0.47,0.192,0.526,0.262,0.031,0.568,0.694,0.491,0.061,0.21,0.847,0.494,0.815,0.586,0.868,0.039,0.884,0.495,0.32,0.274,0.7,0.463,0.903,0.491
0.0,0.855,0.538,0.398,0.29,0.985,0.9,0.376,0.669,0.723,0.477,0.715,0.186,0.976,0.724,0.038,0.358,0.766,0.813,0.916,0.686,0.469,0.372,0.783,0.438,0.899,0.674,0.802,0.246,0.173,0.384,0.576,0.323,0.146,0.754,0.449,0.351,0.83,0.317,0.262,0.398
0.0,0.271,0.211,0.754,0.397,0.259,0.461,0.476,0.087,0.503,0.976,0.14,0.613,0.266,0.607,0.789,0.176,0.3,0.806,0.127,0.602,0.545,0.347,0.787,0.821,0.036,0.59,0.256,0.471,0.344,0.979,0.566,0.666,0.58,0.129,0.431,0.716,0.875,0.793,0.769,0.336
1.0,0.476,0.982,0.67,0.434,0.218,0.873,0.762,0.156,0.465,0.966,0.81,0.286,0.554,0.069,0.824,0.379,0.387,0.168,0.213,0.202,0.475,0.316,0.609,0.229,0.429,0.686,0.122,0.772,0.803,0.267,0.173,0.001,0.16,0.211,0.26,0.632,0.366,0.624,0.513,0.358
1.0,0.368,0.644,0.861,0.138,0.316,0.528,0.891,0.526,0.716,0.144,0.205,0.719,0.167,0.873,0.426,0.119,0.754,0.944,0.745,0.507,0.362,0.697,0.698,0.312,0.497,0.404,0.693,0.659,0.018,0.281,0.417,0.857,0.505,0.23,0.546,0.841,0.101,0.587,0.225,0.1
0.0,0.76,0.011,0.699,0.068,0.523,0.037,0.045,0.587,0.075,0.276,0.459,0.869,0.158,0.568,0.459,0.994,0.757,0.329,0.409,0.325,0.446,0.261,0.994,0.845,0.661,0.238,0.252,0.597,0.666,0.311,0.697,0.235,0.906,0.5,0.984,0.764,0.355,0.247,0.092,0.726
1.0,0.442,0.409,0.809,0.723,0.582,0.929,0.13,0.534,0.028,0.55,0.974,0.552,0.522,0.694,0.942,0.505,0.548,0.928,0.033,0.757,0.485,0.117,0.179,0.719,0.714,0.433,0.378,0.502,0.517,0.311,0.718,0.23,0.975,0.868,0.611,0.13,0.36,0.241,0.056,0.414
0.0,0.578,0.606,0.967,0.915,0.227,0.766,0.716,0.221,0.521,0.175,0.918,0.802,0.476,0.417,0.235,0.92,0.454,0.42,0.345,0.014,0.052,0.324,0.695,0.467,0.537,0.278,0.696,0.248,0.944,0.275,0.353,0.132,0.152,0.704,0.507,0.718,0.956,0.607,0.273,0.559
0.0,0.191,0.497,0.754,0.113,0.386,0.274,0.956,0.124,0.478,0.476,0.926,0.07,0.235,0.351,0.746,0.118,0.772,0.999,0.228,0.44,0.954,0.042,0.819,0.047,0.533,0.542,0.646,0.297,0.258,0.757,0.108,0.445,0.651,0.262,0.984,0.998,0.361,0.276,0.275,0.065
0.0,0.675,0.701,0.17,0.684,0.338,0.747,0.395,0.608,0.428,0.85,0.139,0.991,0.948,0.583,0.038,0.53,0.445,0.675,0.945,0.262,0.237,0.557,0.589,0.944,0.177,0.965,0.863,0.993,0.045,0.329,0.38,0.756,0.117,0.378,0.934,0.832,0.702,0.938,0.3,0.402
0.0,0.84,0.823,0.782,0.477,0.914,0.302,0.937,0.041,0.85,0.833,0.843,0.114,0.907,0.077,0.792,0.465,0.528,0.606,0.628,0.374,0.07,0.723,0.811,0.937,0.9,0.63,0.525,0.044,0.327,0.494,0.29,0.572,0.692,0.637,0.882,0.685,0.315,0.083,0.105,0.255
1.0,0.64,0.717,0.948,0.685,0.34,0.47,0.158,0.428,0.256,0.681,0.08,0.022,0.369,0.038,0.786,0.177,0.698,0.934,0.048,0.845,0.87,0.894,0.906,0.2,0.361,0.174,0.097,0.466,0.884,0.697,0.413,0.891,0.101,0.547,0.516,0.259,0.454,0.301,0.161,0.109
0.0,0.502,0.869,0.785,0.812,0.619,0.979,0.433,0.645,0.493,0.269,0.186,0.011,0.151,0.511,0.555,0.583,0.699,0.326,0.604,0.388,0.634,0.821,0.934,0.978,0.713,0.402,0.147,0.071,0.872,0.538,0.812,0.353,0.589,0.442,0.581,0.551,0.547,0.452,0.23,0.702
1.0,0.494,0.782,0.583,0.809,0.432,0.026,0.228,0.656,0.77,0.25,0.851,0.577,0.196,0.517,0.199,0.447,0.06,0.509,0.489,0.077,0.949,0.275,0.46,0.674,0.05,0.871,0.687,0.072,0.403,0.263,0.311,0.452,0.372,0.904,0.023,0.468,0.439,0.002,0.511,0.038
1.0,0.817,0.676,0.237,0.302,0.459,0.339,0.986,0.666,0.531,0.708,0.435,0.357,0.162,0.361,0.549,0.57,0.37,0.648,0.707,0.721,0.463,0.63,0.395,0.254,0.519,0.909,0.098,0.423,0.986,0.467,0.172,0.687,0.201,0.232,0.369,0.273,0.384,0.391,0.517,0.5
0.0,0.282,0.663,0.137,0.057,0.921,0.835,0.823,0.518,0.28,0.664,0.539,0.776,0.092,0.889,0.592,0.676,0.032,0.616,0.944,0.542,0.596,0.953,0.697,0.396,0.961,0.167,0.522,0.527,0.068,0.044,0.592,0.063,0.33,0.008,0.206,0.417,0.21,0.593,0.338,0.797
0.0,0.159,0.456,0.492,0.427,0.67,0.046,0.391,0.859,0.684,0.984,0.434,0.964,0.612,0.018,0.799,0.355,0.253,0.43,0.518,0.26,0.434,0.927,0.405,0.363,0.32,0.633,0.745,0.799,0.21,0.863,0.51,0.617,0.803,0.231,0.974,0.916,0.34,0.548,0.512,0.441
0.0,0.315,0.252,0.357,0.977,0.997,0.955,0.897,0.049,0.454,0.069,0.829,0.235,0.328,0.975,0.121,0.682,0.634,0.323,0.671,0.667,0.022,0.431,0.795,0.925,0.132,0.668,0.479,0.512,0.666,0.756,0.351,0.217,0.865,0.961,0.164,0.791,0.987,0.685,0.096,0.279
0.0,0.526,0.776,0.955,0.978,0.68,0.66,0.991,0.04,0.586,0.798,0.304,0.456,0.892,0.557,0.423,0.142,0.232,0.989,0.38,0.803,0.001,0.176,0.823,0.292,0.07,0.162,0.48,0.303,0.995,0.604,0.56,0.918,0.537,0.672,0.967,0.654,0.592,0.277,0.64,0.851
0.0,0.735,0.393,0.169,0.831,0.901,0.497,0.229,0.25,0.163,0.095,0.133,0.402,0.124,0.806,0.718,0.968,0.825,0.401,0.465,0.188,0.911,0.493,0.682,0.395,0.707,0.289,0.116,0.242,0.281,0.19,0.775,0.021,0.766,0.202,0.759,0.822,0.332,0.603,0.543,0.328
0.0,0.913,0.71,0.633,0.126,0.469,0.416,0.15,0.799,0.329,0.146,0.065,0.767,0.283,0.021,0.36,0.936,0.126,0.512,0.903,0.386,0.26,0.329,0.962,0.139,0.285,0.088,0.553,0.392,0.387,0.124,0.356,0.483,0.804,0.757,0.637,0.466,0.668,0.994,0.688,0.25
1.0,0.145,0.629,0.396,0.351,0.466,0.472,0.816,0.412,0.398,0.121,0.405,0.471,0.292,0.948,0.717,0.398,0.912,0.506,0.244,0.841,0.043,0.975,0.307,0.659,0.231,0.096,0.197,0.46,0.931,0.283,0.03,0.261,0.126,0.916,0.504,0.811,0.483,0.981,0.055,0.019
1.0,0.499,0.991,0.404,0.772,0.568,0.861,0.957,0.034,0.011,0.884,0.924,0.525,0.989,0.244,0.246,0.377,0.692,0.299,0.485,0.534,0.804,0.502,0.101,0.421,0.446,0.77,0.47,0.559,0.063,0.022,0.435,0.438,0.655,0.095,0.01,0.714,0.116,0.515,0.568,0.615
1.0,0.065,0.377,0.058,0.979,0.715,0.573,0.586,0.258,0.133,0.407,0.048,0.115,0.57,0.212,0.278,0.715,0.494,0.484,0.559,0.967,0.557,0.649,0.674,0.769,0.694,0.115,0.618,0.953,0.157,0.878,0.053,0.19,0.362,0.954,0.505,0.293,0.433,0.291,0.113,0.372
0.0,0.247,0.148,0.89,0.845,0.872,0.971,0.325,0.795,0.423,0.669,0.437,0.537,0.141,0.765,0.686,0.157,0.723,0.794,0.918,0.347,0.676,0.129,0.944,0.616,0.751,0.237,0.228,0.442,0.608,0.904,0.668,0.144,0.852,0.32,0.525,0.386,0.313,0.809,0.063,0.652
0.0,0.363,0.096,0.151,0.817,0.013,0.476,0.528,0.434,0.882,0.917,0.661,0.829,0.289,0.854,0.017,0.99,0.294,0.98,0.744,0.384,0.616,0.722,0.422,0.071,0.538,0.304,0.445,0.09,0.715,0.414,0.016,0.396,0.659,0.475,0.037,0.353,0.799,0.438,0.113,0.191
0.0,0.964,0.609,0.767,0.437,0.11,0.154,0.109,0.24,0.603,0.408,0.777,0.959,0.331,0.376,0.306,0.789,0.232,0.592,0.338,0.59,0.123,0.376,0.46,0.768,0.876,0.431,0.834,0.749,0.99,0.902,0.685,0.712,0.384,0.857,0.654,0.787,0.894,0.018,0.168,0.685
0.0,0.464,0.997,0.241,0.831,0.301,0.687,0.818,0.393,0.117,0.73,0.605,0.871,0.006,0.059,0.582,0.238,0.161,0.163,0.624,0.166,0.903,0.811,0.856,0.012,0.49,0.73,0.657,0.348,0.091,0.488,0.112,0.793,0.614,0.91,0.143,0.124,0.938,0.117,0.163,0.526
0.0,0.917,0.381,0.205,0.204,0.863,0.685,0.494,0.029,0.776,0.21,0.181,0.5,0.347,0.717,0.628,0.283,0.096,0.829,0.821,0.776,0.253,0.064,0.516,0.051,0.877,0.864,0.105,0.823,0.429,0.922,0.811,0.712,0.938,0.875,0.654,0.699,0.324,0.134,0.32,0.098
1.0,0.661,0.16,0.076,0.976,0.438,0.406,0.487,0.244,0.234,0.268,0.562,0.7,0.432,0.587,0.327,0.143,0.996,0.59,0.532,0.443,0.126,0.247,0.418,0.761,0.115,0.291,0.732,0.979,0.702,0.183,0.267,0.646,0.327,0.356,0.244,0.285,0.091,0.581,0.751,0.255
1.0,0.299,0.769,0.005,0.226,0.111,0.209,0.48,0.792,0.096,0.169,0.614,0.286,0.373,0.512,0.687,0.1,0.448,0.322,0.579,0.899,0.392,0.396,0.507,0.401,0.775,0.481,0.427,0.052,0.494,0.024,0.095,0.599,0.253,0.915,0.799,0.075,0.506,0.348,0.537,0.937
0.0,0.688,0.719,0.331,0.271,0.763,0.376,0.421,0.78,0.076,0.799,0.673,0.393,0.796,0.878,0.859,0.301,0.724,0.02,0.555,0.531,0.98,0.479,0.834,0.269,0.583,0.552,0.091,0.295,0.363,0.086,0.618,0.933,0.172,0.937,0.174,0.615,0.593,0.044,0.235,0.247
0.0,0.72,0.033,0.86,0.922,0.235,0.326,0.206,0.956,0.878,0.346,0.468,0.489,0.744,0.565,0.335,0.087,0.175,0.283,0.838,0.961,0.18,0.558,0.491,0.467,0.952,0.205,0.397,0.016,0.953,0.668,0.835,0.089,0.625,0.426,0.581,0.323,0.302,0.898,0.429,0.675
1.0,0.357,0.437,0.493,0.204,0.199,0.521,0.311,0.161,0.39,0.074,0.756,0.074,0.445,0.408,0.003,0.102,0.792,0.453,0.147,0.956,0.298,0.22,0.449,0.903,0.08,0.271,0.355,0.219,0.515,0.737,0.696,0.952,0.187,0.926,0.011,0.061,0.153,0.996,0.745,0.668
1.0,0.626,0.339,0.652,0.105,0.022,0.57,0.834,0.164,0.803,0.084,0.138,0.499,0.098,0.21,0.321,0.023,0.076,0.222,0.473,0.143,0.209,0.479,0.356,0.936,0.342,0.667,0.886,0.064,0.437,0.986,0.645,0.849,0.165,0.12,0.317,0.585,0.801,0.997,0.451,0.897
0.0,0.856,0.678,0.848,0.46,0.272,0.557,0.013,0.307,0.887,0.412,0.256,0.153,0.29,0.652,0.066,0.695,0.901,0.117,0.62,0.312,0.727,0.356,0.823,0.086,0.458,0.517,0.075,0.871,0.731,0.507,0.744,0.268,0.439,0.609,0.551,0.407,0.742,0.661,0.028,0.564
1.0,0.765,0.693,0.205,0.973,0.063,0.723,0.414,0.503,0.508,0.762,0.081,0.351,0.634,0.557,0.395,0.936,0.723,0.461,0.608,0.353,0.478,0.092,0.186,0.356,0.405,0.289,0.026,0.889,0.933,0.222,0.268,0.465,0.658,0.857,0.198,0.104,0.88,0.717,0.983,0.326
1.0,0.699,0.593,0.297,0.71,0.279,0.495,0.911,0.195,0.906,0.532,0.23,0.881,0.982,0.303,0.379,0.881,0.179,0.951,0.96,0.918,0.311,0.88,0.098,0.302,0.646,0.913,0.51,0.326,0.73,0.407,0.65,0.055,0.693,0.706,0.764,0.128,0.036,0.643,0.097,0.048
0.0,0.239,0.906,0.679,0.446,0.965,0.379,0.861,0.216,0.544,0.572,0.884,0.033,0.738,0.798,0.836,0.609,0.25,0.246,0.405,0.503,0.954,0.439,0.795,0.883,0.143,0.834,0.549,0.329,0.62,0.276,0.131,0.722,0.131,0.828,0.304,0.66,0.917,0.387,0.235,0.5
1.0,0.798,0.162,0.793,0.978,0.42,0.164,0.048,0.834,0.162,0.386,0.034,0.725,0.155,0.631,0.039,0.406,0.95,0.177,0.59,0.214,0.514,0.961,0.743,0.865,0.398,0.05,0.5,0.518,0.814,0.224,0.451,0.931,0.834,0.084,0.909,0.385,0.309,0.65,0.295,0.341
1.0,0.779,0.617,0.736,0.747,0.269,0.715,0.046,0.589,0.468,0.756,0.008,0.098,0.539,0.395,0.95,0.625,0.472,0.785,0.967,0.398,0.734,0.827,0.101,0.544,0.028,0.855,0.98,0.562,0.568,0.53,0.611,0.772,0.16,0.597,0.907,0.034,0.099,0.926,0.485,0.549
1.0,0.513,0.28,0.2,0.104,0.674,0.397,0.125,0.067,0.756,0.214,0.941,0.25,0.192,0.098,0.25,0.393,0.929,0.007,0.022,0.902,0.112,0.586,0.773,0.405,0.772,0.087,0.245,0.179,0.997,0.067,0.127,0.422,0.437,0.672,0.261,0.036,0.817,0.675,0.653,0.819
0.0,0.706,0.726,0.386,0.844,0.446,0.965,0.816,0.25,0.37,0.78,0.682,0.295,0.701,0.873,0.8,0.585,0.442,0.593,0.807,0.467,0.107,0.555,0.945,0.18,0.061,0.613,0.866,0.948,0.949,0.935,0.319,0.23,0.528,0.502,0.712,0.755,0.662,0.274,0.136,0.9
1.0,0.933,0.387,0.915,0.469,0.592,0.555,0.88,0.815,0.278,0.396,0.991,0.542,0.019,0.637,0.679,0.27,0.155,0.177,0.586,0.404,0.698,0.7,0.68,0.051,0.945,0.513,0.69,0.194,0.16,0.797,0.295,0.574,0.695,0.706,0.992,0.931,0.509,0.857,0.094,0.596
1.0,0.994,0.422,0.884,0.337,0.714,0.489,0.547,0.768,0.998,0.172,0.658,0.016,0.627,0.409,0.82,0.907,0.793,0.633,0.566,0.831,0.195,0.628,0.516,0.548,0.731,0.943,0.513,0.881,0.537,0.629,0.961,0.724,0.58,0.068,0.362,0.403,0.853,0.672,0.484,0.729
0.0,0.464,0.227,0.211,0.211,0.566,0.647,0.38,0.548,0.984,0.232,0.941,0.097,0.484,0.112,0.527,0.477,0.943,0.171,0.541,0.599,0.097,0.119,0.933,0.011,0.567,0.9,0.539,0.469,0.591,0.331,0.562,0.061,0.618,0.429,0.84,0.677,0.542,0.246,0.314,0.706
1.0,0.755,0.15,0.359,0.601,0.206,0.351,0.107,0.474,0.805,0.897,0.806,0.75,0.863,0.846,0.928,0.468,0.176,0.999,0.429,0.44,0.787,0.178,0.553,0.093,0.643,0.483,0.211,0.836,0.582,0.469,0.857,0.592,0.741,0.509,0.516,0.479,0.813,0.951,0.865,0.314
0.0,0.063,0.129,0.379,0.765,0.898,0.528,0.164,0.728,0.958,0.5,0.096,0.952,0.26,0.52,0.516,0.306,0.609,0.808,0.212,0.677,0.806,0.581,0.006,0.102,0.015,0.594,0.492,0.36,0.385,0.2,0.035,0.857,0.954,0.627,0.53,0.993,0.578,0.961,0.759,0.403
0.0,0.789,0.892,0.576,0.551,0.925,0.015,0.547,0.941,0.051,0.142,0.417,0.031,0.177,0.109,0.986,0.969,0.696,0.769,0.747,0.944,0.862,0.292,0.653,0.998,0.192,0.032,0.208,0.111,0.24,0.052,0.354,0.951,0.003,0.693,0.071,0.27,0.122,0.243,0.279,0.674
1.0,0.84,0.673,0.731,0.578,0.489,0.278,0.744,0.604,0.069,0.256,0.266,0.439,0.509,0.318,0.729,0.605,0.02,0.734,0.219,0.947,0.47,0.406,0.652,0.613,0.452,0.788,0.239,0.679,0.507,0.618,0.83,0.034,0.373,0.494,0.368,0.471,0.044,0.788,0.04,0.079
0.0,0.268,0.753,0.342,0.775,0.988,0.823,0.172,0.481,0.314,0.243,0.384,0.572,0.908,0.137,0.035,0.907,0.454,0.248,0.654,0.828,0.621,0.841,0.197,0.467,0.983,0.571,0.33,0.7,0.121,0.613,0.596,0.614,0.107,0.954,0.703,0.319,0.515,0.6,0.131,0.522
0.0,0.184,0.064,0.755,0.506,0.84,0.601,0.056,0.676,0.617,0.242,0.893,0.637,0.553,0.517,0.744,0.395,0.769,0.994,0.341,0.074,0.932,0.664,0.792,0.694,0.232,0.919,0.437,0.731,0.503,0.521,0.594,0.995,0.92,0.296,0.647,0.266,0.919,0.347,0.987,0.731
1.0,0.52,0.313,0.582,0.617,0.031,0.945,0.975,0.667,0.217,0.483,0.798,0.695,0.151,0.438,0.135,0.373,0.206,0.884,0.056,0.991,0.995,0.465,0.664,0.644,0.837,0.669,0.539,0.316,0.622,0.509,0.019,0.143,0.969,0.824,0.811,0.581,0.397,0.923,0.687,0.543
1.0,0.832,0.838,0.756,0.043,0.006,0.705,0.383,0.784,0.304,0.506,0.498,0.614,0.883,0.305,0.128,0.109,0.904,0.665,0.117,0.062,0.595,0.856,0.342,0.72,0.776,0.593,1.0,0.968,0.881,0.358,0.129,0.161,0.217,0.216,0.689,0.603,0.262,0.637,0.925,0.34
1.0,0.924,0.291,0.5,0.89,0.74,0.709,0.302,0.59,0.892,0.165,0.535,0.856,0.189,0.767,0.607,0.826,0.623,0.204,0.858,0.145,0.346,0.824,0.358,0.265,0.284,0.914,0.968,0.984,0.933,0.188,0.721,0.003,0.865,0.794,0.656,0.294,0.949,0.081,0.87,0.415
0.0,0.318,0.798,0.523,0.019,0.889,0.369,0.381,0.505,0.578,0.841,0.028,0.707,0.323,0.394,0.551,0.153,0.833,0.972,0.359,0.769,0.788,0.228,0.818,0.057,0.083,0.218,0.229,0.638,0.834,0.599,0.78,0.281,0.75,0.028,0.788,0.239,0.372,0.106,0.607,0.7
1.0,0.895,0.096,0.528,0.885,0.146,0.334,0.068,0.117,0.975,0.858,0.022,0.157,0.394,0.299,0.814,0.506,0.503,0.787,0.416,0.509,0.301,0.907,0.539,0.741,0.65,0.027,0.568,0.978,0.355,0.685,0.503,0.574,0.009,0.268,0.476,0.757,0.578,0.321,0.751,0.433
1.0,0.87,0.359,0.929,0.885,0.277,0.786,0.446,0.473,0.33,0.778,0.832,0.457,0.994,0.334,0.391,0.215,0.455,0.046,0.655,0.667,0.988,0.015,0.335,0.652,0.442,0.587,0.821,0.048,0.178,0.552,0.44,0.12,0.753,0.261,0.616,0.758,0.03,0.523,0.402,0.72
1.0,0.824,0.116,0.503,0.025,0.135,0.411,0.801,0.307,0.875,0.89,0.778,0.596,0.689,0.939,0.927,0.406,0.013,0.537,0.031,0.121,0.302,0.643,0.107,0.725,0.264,0.612,0.468,0.94,0.098,0.108,0.664,0.125,0.739,0.322,0.574,0.52,0.476,0.565,0.269,0.736
0.0,0.026,0.003,0.732,0.68,0.993,0.382,0.575,0.259,0.618,0.039,0.177,0.245,0.832,0.622,0.214,0.76,0.126,0.776,0.077,0.757,0.675,0.016,0.982,0.792,0.9,0.69,0.552,0.512,0.816,0.497,0.093,0.1,0.805,0.312,0.701,0.792,0.452,0.395,0.463,0.855
0.0,0.168,0.264,0.16,0.174,0.007,0.964,0.242,0.898,0.98,0.698,0.574,0.008,0.024,0.308,0.402,0.895,0.892,0.083,0.328,0.051,0.966,0.577,0.323,0.022,0.223,0.203,0.933,0.889,0.193,0.452,0.936,0.715,0.408,0.849,0.84,0.087,0.45,0.857,0.606,0.116
1.0,0.768,0.019,0.153,0.36,0.383,0.573,0.103,0.97,0.354,0.693,0.687,0.283,0.482,0.068,0.776,0.622,0.904,0.861,0.694,0.331,0.825,0.242,0.558,0.921,0.53,0.091,0.025,0.798,0.569,0.866,0.079,0.551,0.698,0.777,0.246,0.46,0.551,0.969,0.842,0.839
1.0,0.383,0.138,0.234,0.764,0.254,0.394,0.1,0.672,0.787,0.412,0.767,0.341,0.033,0.812,0.506,0.366,0.398,0.604,0.162,0.012,0.218,0.105,0.617,0.191,0.294,0.99,0.971,0.023,0.971,0.848,0.282,0.613,0.288,0.644,0.868,0.677,0.844,0.009,0.057,0.589
0.0,0.987,0.924,0.438,0.702,0.265,0.531,0.449,0.204,0.039,0.574,0.38,0.167,0.067,0.983,0.75,0.675,0.023,0.996,0.301,0.186,0.224,0.425,0.808,0.629,0.412,0.021,0.439,0.992,0.733,0.451,0.872,0.139,0.811,0.221,0.922,0.123,0.342,0.926,0.461,0.471
1.0,0.101,0.28,0.675,0.453,0.693,0.183,0.884,0.489,0.791,0.614,0.445,0.379,0.238,0.346,0.526,0.693,0.624,0.37,0.067,0.412,0.558,0.319,0.231,0.761,0.017,0.302,0.912,0.667,0.282,0.263,0.138,0.733,0.169,0.167,0.618,0.85,0.744,0.29,0.312,0.797
1.0,0.151,0.561,0.461,0.181,0.443,0.212,0.304,0.432,0.612,0.449,0.962,0.362,0.474,0.872,0.408,0.857,0.65,0.503,0.397,0.389,0.309,0.85,0.214,0.217,0.707,0.904,0.18,0.843,0.45,0.987,0.675,0.741,0.522,0.42,0.585,0.113,0.745,0.541,0.973,0.375
1.0,0.984,0.595,0.755,0.982,0.644,0.629,0.759,0.269,0.78,0.94,0.418,0.656,0.554,0.199,0.91,0.907,0.411,0.67,0.27,0.57,0.263,0.785,0.235,0.476,0.859,0.564,0.372,0.618,0.71,0.838,0.285,0.285,0.227,0.683,0.036,0.117,0.321,0.736,0.811,0.831
1.0,0.998,0.017,0.498,0.9,0.626,0.343,0.225,0.609,0.793,0.981,0.635,0.325,0.489,0.24,0.593,0.564,0.499,0.373,0.511,0.171,0.667,0.426,0.099,0.583,0.033,0.585,0.257,0.722,0.573,0.37,0.72,0.231,0.296,0.924,0.554,0.235,0.391,0.199,0.149,0.792
0.0,0.951,0.899,0.509,0.726,0.429,0.484,0.245,0.732,0.686,0.944,0.426,0.84,0.03,0.64,0.604,0.533,0.545,0.338,0.646,0.712,0.917,0.32,0.706,0.465,0.712,0.139,0.174,0.922,0.522,0.924,0.819,0.929,0.815,0.645,0.439,0.266,0.804,0.021,0.716,0.093
1.0,0.161,0.031,0.106,0.429,0.525,0.312,0.746,0.315,0.136,0.855,0.129,0.034,0.372,0.987,0.68,0.157,0.723,0.625,0.239,0.279,0.71,0.85,0.614,0.694,0.698,0.61,0.901,0.554,0.667,0.884,0.264,0.211,0.095,0.598,0.099,0.968,0.989,0.924,0.792,0.762
1.0,0.786,0.002,0.635,0.661,0.38,0.007,0.538,0.528,0.345,0.587,0.964,0.413,0.406,0.181,0.504,0.722,0.148,0.334,0.112,0.039,0.748,0.684,0.397,0.287,0.409,0.629,0.006,0.647,0.039,0.111,0.058,0.527,0.447,0.336,0.447,0.392,0.526,0.942,0.565,0.737
1.0,0.361,0.54,0.871,0.722,0.102,0.816,0.996,0.674,0.275,0.346,0.311,0.52,0.669,0.031,0.092,0.1,0.164,0.696,0.307,0.656,0.008,0.421,0.294,0.376,0.776,0.668,0.499,0.847,0.641,0.963,0.056,0.309,0.303,0.176,0.468,0.703,0.975,0.917,0.354,0.792
0.0,0.045,0.68,0.386,0.429,0.982,0.006,0.547,0.544,0.662,0.056,0.038,0.349,0.05,0.14,0.046,0.762,0.769,0.194,0.357,0.713,0.448,0.492,0.125,0.725,0.877,0.958,0.56,0.985,0.67,0.467,0.697,0.422,0.242,0.591,0.374,0.58,0.123,0.506,0.114,0.609
1.0,0.927,0.523,0.37,0.138,0.642,0.56,0.95,0.904,0.743,0.246,0.63,0.154,0.594,0.644,0.986,0.77,0.134,0.003,0.998,0.704,0.817,0.787,0.484,0.405,0.053,0.795,0.446,0.231,0.234,0.793,0.956,0.161,0.903,0.149,0.896,0.922,0.611,0.702,0.849,0.071
0.0,0.373,0.639,0.39,0.013,0.227,0.196,0.53,0.809,0.016,0.854,0.987,0.914,0.223,0.222,0.62,0.31,0.012,0.285,0.335,0.62,0.629,0.004,0.786,0.559,0.287,0.364,0.249,0.864,0.727,0.353,0.077,0.946,0.762,0.233,0.299,0.905,0.479,0.066,0.328,0.568
1.0,0.379,0.616,0.882,0.849,0.607,0.24,0.838,0.99,0.506,0.108,0.84,0.348,0.952,0.799,0.612,0.021,0.37,0.958,0.144,0.278,0.396,0.967,0.318,0.89,0.971,0.613,0.672,0.369,0.295,0.776,0.118,0.84,0.771,0.815,0.28,0.732,0.281,0.998,0.288,0.279
0.0,0.696,0.793,0.648,0.588,0.984,0.592,0.642,0.686,0.191,0.488,0.544,0.762,0.895,0.672,0.988,0.849,0.416,0.327,0.236,0.188,0.767,0.344,0.657,0.619,0.566,0.283,0.663,0.93,0.855,0.593,0.642,0.941,0.732,0.708,0.962,0.572,0.644,0.147,0.162,0.948
1.0,0.903,0.169,0.634,0.751,0.308,0.603,0.661,0.723,0.865,0.959,0.889,0.103,0.444,0.038,0.536,0.109,0.284,0.375,0.055,0.603,0.018,0.611,0.588,0.348,0.066,0.356,0.372,0.507,0.075,0.455,0.419,0.362,0.389,0.901,0.232,0.944,0.497,0.287,0.616,0.193
1.0,0.461,0.189,0.926,0.933,0.471,0.388,0.876,0.172,0.366,0.037,0.172,0.301,0.538,0.747,0.41,0.277,0.079,0.155,0.084,0.998,0.146,0.923,0.265,0.622,0.929,0.197,0.714,0.997,0.506,0.475,0.334,0.5,0.904,0.757,0.706,0.397,0.743,0.313,0.673,0.007
0.0,0.761,0.499,0.353,0.544,0.983,0.422,0.153,0.357,0.627,0.33,0.927,0.58,0.375,0.028,0.882,0.1,0.103,0.673,0.929,0.957,0.509,0.187,0.738,0.94,0.381,0.61,0.415,0.111,0.93,0.428,0.183,0.801,0.751,0.67,0.177,0.918,0.334,0.306,0.323,0.049
0.0,0.948,0.793,0.516,0.749,0.819,0.684,0.055,0.25,0.331,0.384,0.177,0.157,0.589,0.124,0.565,0.296,0.132,0.541,0.606,0.107,0.12,0.532,0.935,0.195,0.075,0.884,0.615,0.067,0.51,0.491,0.86,0.712,0.399,0.378,0.751,0.163,0.872,0.918,0.389,0.809
0.0,0.6,0.954,0.205,0.425,0.121,0.536,0.382,0.686,0.522,0.506,0.553,0.998,0.13,0.694,0.701,0.486,0.563,0.187,0.429,0.132,0.426,0.047,0.773,0.765,0.372,0.623,0.718,0.636,0.059,0.182,0.935,0.111,0.406,0.798,0.18,0.97,0.784,0.457,0.878,0.513
1.0,0.071,0.686,0.068,0.506,0.804,0.289,0.814,0.03,0.646,0.327,0.228,0.625,0.266,0.477,0.089,0.871,0.278,0.467,0.298,0.193,0.649,0.028,0.484,0.781,0.562,0.473,0.251,0.15,0.544,0.563,0.689,0.011,0.752,0.802,0.58,0.568,0.905,0.773,0.648,0.605
1.0,0.087,0.463,0.649,0.059,0.822,0.709,0.637,0.726,0.96,0.969,0.204,0.727,0.177,0.672,0.169,0.047,0.375,0.084,0.525,0.564,0.582,0.249,0.518,0.204,0.365,0.983,0.977,0.644,0.176,0.439,0.644,0.393,0.664,0.572,0.363,0.288,0.29,0.243,0.23,0.156
1.0,0.09,0.728,0.844,0.387,0.46,0.133,0.432,0.05,0.918,0.715,0.814,0.348,0.532,0.662,0.098,0.652,0.655,0.364,0.846,0.014,0.463,0.32,0.339,0.588,0.073,0.289,0.068,0.453,0.911,0.215,0.05,0.699,0.846,0.806,0.166,0.069,0.895,0.002,0.122,0.721
1.0,0.65,0.72,0.035,0.877,0.579,0.254,0.63,0.802,0.964,0.728,0.265,0.374,0.425,0.789,0.631,0.386,0.452,0.187,0.713,0.264,0.34,0.296,0.571,0.392,0.149,0.556,0.983,0.253,0.457,0.66,0.007,0.476,0.589,0.945,0.73,0.21,0.206,0.952,0.917,0.92
0.0,0.163,0.828,0.063,0.252,0.89,0.369,0.009,0.295,0.28,0.622,0.081,0.105,0.647,0.478,0.025,0.176,0.409,0.65,0.861,0.912,0.28,0.044,0.022,0.704,0.755,0.266,0.029,0.349,0.833,0.571,0.713,0.935,0.741,0.019,0.026,0.582,0.52,0.289,0.778,0.456
0.0,0.91,0.109,0.259,0.921,0.128,0.384,0.587,0.172,0.843,0.479,0.373,0.961,0.43,0.471,0.766,0.664,0.748,0.878,0.148,0.198,0.026,0.763,0.291,0.144,0.491,0.812,0.052,0.736,0.005,0.809,0.281,0.423,0.874,0.464,0.284,0.188,0.755,0.54,0.088,0.966
0.0,0.207,0.73,0.144,0.797,0.291,0.423,0.815,0.458,0.941,0.018,0.253,0.781,0.39,0.811,0.215,0.24,0.534,0.13,0.291,0.23,0.97,0.15,0.685,0.841,0.102,0.907,0.154,0.041,0.617,0.709,0.321,0.088,0.555,0.27,0.257,0.5,0.74,0.533,0.641,0.219
0.0,0.108,0.411,0.42,0.22,0.846,0.705,0.132,0.587,0.391,0.384,0.67,0.234,0.776,0.643,0.243,0.894,0.601,0.539,0.533,0.582,0.987,0.982,0.008,0.634,0.642,0.286,0.281,0.472,0.494,0.109,0.353,0.646,0.332,0.233,0.418,0.395,0.699,0.272,0.126,0.633
1.0,0.502,0.55,0.911,0.298,0.273,0.525,0.741,0.589,0.423,0.386,0.558,0.061,0.608,0.605,0.185,0.236,0.278,0.037,0.679,0.056,0.025,0.93,0.074,0.2,0.43,0.503,0.438,0.775,0.659,0.894,0.096,0.067,0.092,0.484,0.194,0.397,0.374,0.1,0.741,0.349
0.0,0.937,0.348,0.126,0.306,0.566,0.177,0.673,0.342,0.436,0.368,0.504,0.572,0.034,0.991,0.442,0.561,0.219,0.485,0.602,0.164,0.45,0.694,0.963,0.58,0.539,0.573,0.969,0.142,0.624,0.138,0.995,0.652,0.116,0.467,0.443,0.681,0.582,0.712,0.011,0.39
0.0,0.618,0.164,0.83,0.391,0.686,0.596,0.976,0.753,0.473,0.802,0.74,0.771,0.386,0.683,0.892,0.915,0.363,0.741,0.678,0.187,0.966,0.301,0.412,0.769,0.575,0.154,0.9,0.373,0.424,0.202,0.868,0.109,0.727,0.805,0.641,0.142,0.773,0.478,0.224,0.133
1.0,0.399,0.47,0.868,0.329,0.192,0.729,0.296,0.359,0.164,0.822,0.058,0.694,0.105,0.606,0.113,0.939,0.544,0.585,0.059,0.659,0.229,0.544,0.629,0.095,0.551,0.82,0.076,0.246,0.855,0.899,0.789,0.584,0.638,0.919,0.913,0.198,0.858,0.714,0.239,0.44
1.0,0.978,0.466,0.769,0.088,0.745,0.269,0.785,0.759,0.512,0.272,0.257,0.355,0.472,0.211,0.637,0.201,0.241,0.619,0.396,0.238,0.003,0.337,0.038,0.201,0.465,0.154,0.411,0.925,0.171,0.309,0.783,0.644,0.019,0.177,0.537,0.368,0.756,0.614,0.32,0.08
1.0,0.756,0.279,0.955,0.461,0.454,0.968,0.287,0.694,0.779,0.287,0.602,0.277,0.136,0.819,0.099,0.604,0.086,0.262,0.724,0.295,0.24,0.97,0.321,0.441,0.917,0.836,0.081,0.284,0.49,0.912,0.029,0.653,0.296,0.651,0.153,0.267,0.099,0.667,0.59,0.038
1.0,0.358,0.408,0.984,0.437,0.66,0.104,0.077,0.397,0.028,0.775,0.741,0.582,0.787,0.332,0.763,0.431,0.842,0.07,0.8,0.767,0.751,0.171,0.246,0.257,0.479,0.0,0.753,0.191,0.433,0.954,0.875,0.97,0.991,0.55,0.105,0.275,0.838,0.431,0.17,0.78
1.0,0.734,0.032,0.132,0.256,0.353,0.8,0.022,0.03,0.01,0.774,0.923,0.111,0.197,0.678,0.935,0.924,0.493,0.21,0.334,0.343,0.616,0.845,0.064,0.538,0.853,0.544,0.243,0.338,0.563,0.969,0.554,0.442,0.875,0.528,0.811,0.621,0.347,0.457,0.227,0.061
0.0,0.788,0.634,0.687,0.023,0.037,0.169,0.514,0.922,0.422,0.608,0.408,0.371,0.568,0.529,0.739,0.306,0.929,0.388,0.918,0.09,0.784,0.355,0.866,0.314,0.145,0.998,0.678,0.016,0.187,0.221,0.427,0.509,0.437,0.409,0.889,0.878,0.34,0.204,0.69,0.12
1.0,0.389,0.479,0.772,0.091,0.716,0.434,0.221,0.8,0.005,0.793,0.999,0.094,0.838,0.954,0.369,0.143,0.898,0.718,0.486,0.468,0.573,0.714,0.043,0.318,0.054,0.524,0.418,0.151,0.486,0.895,0.24,0.496,0.995,0.505,0.085,0.341,0.572,0.988,0.887,0.087
0.0,0.641,0.714,0.612,0.287,0.247,0.673,0.802,0.697,0.199,0.815,0.56,0.856,0.248,0.24,0.227,0.447,0.779,0.771,0.34,0.845,0.541,0.102,0.336,0.96,0.271,0.249,0.439,0.533,0.287,0.143,0.687,0.284,0.989,0.041,0.272,0.364,0.453,0.314,0.716,0.121
0.0,0.916,0.512,0.253,0.287,0.197,0.768,0.746,0.128,0.898,0.753,0.978,0.943,0.459,0.843,0.263,0.739,0.136,0.517,0.199,0.907,0.67,0.92,0.136,0.889,0.628,0.785,0.847,0.01,0.551,0.711,0.723,0.506,0.017,0.407,0.232,0.685,0.943,0.955,0.36,0.964
1.0,0.766,0.829,0.92,0.768,0.444,0.658,0.369,0.301,0.712,0.847,0.933,0.762,0.354,0.409,0.056,0.124,0.747,0.251,0.614,0.068,0.59,0.233,0.374,0.367,0.768,0.046,0.854,0.959,0.432,0.422,0.861,0.337,0.436,0.305,0.827,0.219,0.09,0.088,0.205,0.793
1.0,0.883,0.941,0.594,0.175,0.644,0.501,0.674,0.875,0.936,0.996,0.863,0.381,0.573,0.589,0.415,0.819,0.733,0.843,0.547,0.708,0.528,0.089,0.715,0.435,0.72,0.911,0.219,0.54,0.154,0.844,0.103,0.888,0.952,0.329,0.051,0.179,0.071,0.22,0.285,0.639
1.0,0.877,0.971,0.487,0.006,0.16,0.578,0.032,0.336,0.053,0.612,0.708,0.856,0.156,0.308,0.288,0.038,0.26,0.818,0.19,0.213,0.395,0.987,0.696,0.085,0.493,0.284,0.79,0.958,0.46,0.602,0.837,0.312,0.892,0.72,0.565,0.591,0.983,0.12,0.725,0.128
0.0,0.148,0.565,0.436,0.572,0.898,0.56,0.688,0.92,0.833,0.989,0.814,0.8,0.336,0.166,0.007,0.023,0.881,0.737,0.751,0.401,0.412,0.281,0.763,0.547,0.225,0.103,0.177,0.754,0.384,0.322,0.956,0.061,0.808,0.169,0.871,0.078,0.409,0.525,0.199,0.022
1.0,0.882,0.058,0.66,0.191,0.159,0.585,0.554,0.295,0.148,0.991,0.924,0.39,0.466,0.791,0.03,0.458,0.109,0.341,0.296,0.858,0.224,0.338,0.606,0.816,0.175,0.319,0.627,0.345,0.459,0.49,0.562,0.795,0.709,0.38,0.698,0.643,0.115,0.737,0.946,0.205
1.0,0.943,0.085,0.095,0.709,0.418,0.022,0.995,0.954,0.755,0.386,0.472,0.263,0.553,0.571,0.958,0.018,0.484,0.164,0.164,0.907,0.783,0.592,0.296,0.609,0.588,0.541,0.037,0.956,0.885,0.128,0.757,0.496,0.942,0.695,0.408,0.098,0.99,0.877,0.372,0.084
0.0,0.531,0.15,0.633,0.885,0.864,0.926,0.65,0.656,0.064,0.677,0.226,0.337,0.09,0.688,0.625,0.269,0.68,0.828,0.797,0.387,0.909,0.088,0.387,0.624,0.085,0.609,0.317,0.204,0.289,0.363,0.564,0.188,0.476,0.724,0.551,0.688,0.985,0.856,0.945,0.966
1.0,0.921,0.957,0.089,0.298,0.585,0.187,0.915,0.637,0.314,0.518,0.207,0.082,0.13,0.464,0.6,0.788,0.238,0.148,0.179,0.961,0.801,0.817,0.708,0.311,0.385,0.804,0.591,0.313,0.324,0.485,0.29,0.114,0.408,0.931,0.332,0.962,0.779,0.12,0.901,0.94
0.0,0.144,0.23,0.855,0.439,0.927,0.964,0.904,0.35,0.862,0.797,0.935,0.937,0.229,0.017,0.565,0.693,0.031,0.711,0.348,0.177,0.682,0.896,0.185,0.725,0.838,0.508,0.815,0.726,0.701,0.74,0.913,0.898,0.876,0.472,0.429,0.743,0.0,0.199,0.06,0.661
0.0,0.906,0.097,0.556,0.191,0.241,0.335,0.489,0.229,0.735,0.248,0.245,0.975,0.494,0.016,0.16,0.653,0.073,0.443,0.304,0.578,0.823,0.802,0.502,0.043,0.285,0.862,0.963,0.596,0.929,0.88,0.334,0.895,0.356,0.013,0.214,0.999,0.589,0.263,0.095,0.678
1.0,0.851,0.882,0.213,0.518,0.36,0.803,0.346,0.649,0.987,0.173,0.324,0.737,0.127,0.293,0.372,0.424,0.979,0.937,0.72,0.633,0.371,0.235,0.517,0.996,0.595,0.47,0.43,0.451,0.091,0.933,0.045,0.839,0.62,0.045,0.472,0.117,0.573,0.665,0.178,0.216
0.0,0.749,0.552,0.594,0.187,0.531,0.128,0.766,0.232,0.108,0.07,0.948,0.95,0.378,0.685,0.369,0.343,0.616,0.055,0.904,0.097,0.27,0.007,0.908,0.721,0.974,0.05,0.051,0.488,0.647,0.265,0.776,0.716,0.739,0.743,0.355,0.484,0.323,0.123,0.121,0.877
1.0,0.36,0.219,0.801,0.433,0.46,0.348,0.768,0.327,0.472,0.066,0.835,0.096,0.778,0.259,0.973,0.604,0.653,0.198,0.772,0.061,0.167,0.107,0.141,0.951,0.3,0.707,0.637,0.492,0.924,0.637,0.105,0.352,0.108,0.231,0.211,0.167,0.656,0.368,0.71,0.555
0.0,0.645,0.223,0.067,0.54,0.941,0.498,0.033,0.913,0.624,0.883,0.224,0.94,0.456,0.526,0.681,0.022,0.571,0.116,0.027,0.702,0.765,0.573,0.321,0.45,0.244,0.128,0.491,0.63,0.341,0.492,0.762,0.9,0.48,0.155,0.864,0.671,0.508,0.19,0.136,0.243
1.0,0.697,0.968,0.039,0.925,0.53,0.608,0.262,0.835,0.649,0.667,0.732,0.405,0.183,0.545,0.624,0.989,0.223,0.998,0.318,0.089,0.376,0.635,0.763,0.492,0.108,0.085,0.594,0.201,0.338,0.372,0.473,0.602,0.062,0.859,0.279,0.348,0.293,0.89,0.125,0.451
1.0,0.936,0.098,0.889,0.495,0.695,0.237,0.579,0.444,0.962,0.236,0.569,0.269,0.334,0.12,0.009,0.17,0.223,0.541,0.715,0.826,0.112,0.717,0.823,0.98,0.091,0.3,0.699,0.304,0.455,0.968,0.688,0.419,0.882,0.359,0.834,0.118,0.389,0.517,0.155,0.628
1.0,0.713,0.355,0.498,0.328,0.006,0.336,0.095,0.132,0.171,0.211,0.34,0.086,0.328,0.746,0.257,0.762,0.569,0.124,0.446,0.854,0.592,0.251,0.033,0.07,0.298,0.878,0.025,0.191,0.26,0.511,0.851,0.18,0.369,0.632,0.606,0.325,0.628,0.4,0.381,0.569
1.0,0.343,0.106,0.969,0.996,0.795,0.477,0.63,0.163,0.331,0.918,0.39,0.607,0.32,0.225,0.377,0.747,0.96,0.045,0.487,0.549,0.204,0.557,0.236,0.928,0.257,0.419,0.408,0.178,0.944,0.464,0.809,0.732,0.177,0.448,0.896,0.662,0.244,0.87,0.269,0.066
1.0,0.405,0.902,0.678,0.909,0.543,0.382,0.289,0.701,0.551,0.584,0.576,0.083,0.953,0.935,0.73,0.231,0.405,0.565,0.609,0.032,0.238,0.623,0.412,0.688,0.187,0.603,0.492,0.824,0.182,0.706,0.341,0.74,0.613,0.027,0.309,0.674,0.33,0.964,0.916,0.476
1.0,0.818,0.764,0.392,0.991,0.183,0.401,0.721,0.8,0.399,0.942,0.424,0.291,0.291,0.835,0.478,0.139,0.091,0.745,0.601,0.51,0.516,0.184,0.084,0.635,0.392,0.717,0.948,0.004,0.157,0.158,0.112,0.57,0.794,0.015,0.437,0.585,0.342,0.737,0.197,0.34
1.0,0.853,0.23,0.192,0.241,0.642,0.337,0.111,0.323,0.558,0.409,0.592,0.71,0.804,0.218,0.38,0.157,0.438,0.475,0.065,0.608,0.801,0.95,0.756,0.151,0.071,0.468,0.984,0.581,0.749,0.964,0.162,0.319,0.646,0.604,0.943,0.557,0.093,0.353,0.332,0.711
1.0,0.605,0.119,0.9,0.484,0.781,0.68,0.239,0.571,0.514,0.095,0.339,0.332,0.609,0.266,0.054,0.838,0.181,0.585,0.477,0.289,0.365,0.795,0.145,0.163,0.644,0.434,0.933,0.08,0.313,0.149,0.797,0.153,0.667,0.801,0.969,0.025,0.74,0.699,0.504,0.882
1.0,0.496,0.471,0.031,0.179,0.812,0.152,0.451,0.884,0.236,0.046,0.154,0.658,0.164,0.001,0.901,0.073,0.212,0.437,0.714,0.828,0.89,0.445,0.066,0.53,0.223,0.918,0.955,0.421,0.305,0.206,0.971,0.837,0.196,0.617,0.199,0.373,0.216,0.786,0.101,0.954
0.0,0.015,0.174,0.777,0.917,0.931,0.395,0.023,0.491,0.682,0.739,0.046,0.564,0.963,0.085,0.32,0.378,0.185,0.204,0.878,0.047,0.952,0.664,0.068,0.62,0.082,0.487,0.689,0.666,0.796,0.3,0.536,0.488,0.842,0.299,0.875,0.151,0.593,0.032,0.13,0.277
0.0,0.579,0.878,0.93,0.284,0.123,0.785,0.531,0.655,0.567,0.964,0.54,0.996,0.232,0.568,0.487,0.747,0.515,0.461,0.327,0.168,0.004,0.064,0.3,0.904,0.116,0.977,0.5,0.321,0.455,0.169,0.091,0.309,0.146,0.063,0.234,0.204,0.857,0.914,0.301,0.047
0.0,0.089,0.694,0.904,0.783,0.128,0.906,0.31,0.41,0.721,0.814,0.295,0.733,0.536,0.295,0.426,0.415,0.315,0.633,0.365,0.736,0.519,0.086,0.939,0.233,0.55,0.699,0.435,0.943,0.281,0.301,0.34,0.043,0.503,0.802,0.085,0.492,0.426,0.377,0.763,0.041
1.0,0.581,0.162,0.87,0.399,0.596,0.275,0.966,0.514,0.86,0.329,0.948,0.621,0.211,0.453,0.034,0.533,0.474,0.375,0.759,0.266,0.258,0.875,0.603,0.661,0.139,0.104,0.789,0.839,0.958,0.318,0.261,0.859,0.067,0.968,0.188,0.198,0.754,0.709,0.338,0.061
0.0,0.205,0.026,0.109,0.059,0.612,0.141,0.494,0.477,0.035,0.06,0.399,0.998,0.526,0.36,0.895,0.85,0.547,0.689,0.35,0.822,0.241,0.033,0.681,0.943,0.499,0.039,0.007,0.721,0.681,0.618,0.298,0.26,0.887,0.609,0.869,0.615,0.598,0.47,0.912,0.686
1.0,0.606,0.306,0.245,0.448,0.216,0.973,0.692,0.434,0.264,0.6,0.18,0.996,0.579,0.578,0.56,0.727,0.374,0.135,0.16,0.252,0.958,0.417,0.027,0.449,0.217,0.929,0.771,0.179,0.005,0.574,0.823,0.247,0.429,0.79,0.387,0.252,0.557,0.245,0.054,0.713
0.0,0.564,0.509,0.153,0.314,0.722,0.898,0.129,0.215,0.778,0.451,0.276,0.771,0.656,0.148,0.98,0.762,0.806,0.141,0.373,0.816,0.577,0.653,0.94,0.146,0.594,0.553,0.614,0.202,0.098,0.766,0.467,0.428,0.72,0.692,0.402,0.319,0.434,0.103,0.72,0.61
0.0,0.984,0.124,0.469,0.117,0.455,0.839,0.922,0.901,0.362,0.802,0.226,0.783,0.187,0.794,0.316,0.641,0.322,0.925,0.48,0.562,0.2,0.782,0.676,0.463,0.333,0.317,0.682,0.013,0.983,0.488,0.452,0.855,0.92,0.893,0.855,0.306,0.149,0.641,0.163,0.623
0.0,0.133,0.56,0.344,0.152,0.986,0.865,0.91,0.609,0.274,0.963,0.688,0.722,0.829,0.585,0.872,0.942,0.923,0.358,0.804,0.412,0.39,0.956,0.846,0.501,0.425,0.057,0.288,0.454,0.972,0.848,0.845,0.44,0.851,0.987,0.587,0.291,0.266,0.314,0.255,0.797
0.0,0.043,0.281,0.736,0.238,0.893,0.736,0.29,0.729,0.968,0.435,0.961,0.44,0.429,0.158,0.867,0.63,0.91,0.916,0.722,0.847,0.394,0.207,0.811,0.663,0.184,0.816,0.006,0.682,0.765,0.78,0.706,0.4,0.617,0.516,0.573,0.59,0.251,0.307,0.057,0.932
0.0,0.008,0.435,0.102,0.284,0.579,0.535,0.62,0.61,0.153,0.693,0.079,0.184,0.369,0.263,0.168,0.433,0.038,0.612,0.006,0.41,0.063,0.234,0.812,0.365,0.417,0.288,0.857,0.824,0.425,0.668,0.523,0.36,0.384,0.088,0.43,0.276,0.03,0.086,0.731,0.622
0.0,0.431,0.421,0.065,0.959,0.674,0.55,0.665,0.356,0.334,0.699,0.506,0.285,0.447,0.413,0.797,0.899,0.806,0.011,0.068,0.48,0.034,0.126,0.961,0.981,0.147,0.863,0.969,0.406,0.905,0.942,0.691,0.978,0.322,0.536,0.296,0.343,0.643,0.653,0.113,0.062
0.0,0.518,0.196,0.296,0.38,0.419,0.238,0.211,0.676,0.936,0.214,0.905,0.772,0.164,0.433,0.801,0.009,0.639,0.093,0.172,0.09,0.045,0.882,0.036,0.123,0.018,0.458,0.499,0.454,0.809,0.334,0.273,0.39,0.991,0.793,0.725,0.54,0.407,0.462,0.826,0.67
1.0,0.32,0.5,0.872,0.805,0.222,0.09,0.955,0.671,0.864,0.215,0.929,0.272,0.589,0.321,0.094,0.633,0.553,0.869,0.382,0.736,0.929,0.878,0.534,0.682,0.077,0.53,0.358,0.651,0.834,0.785,0.043,0.298,0.043,0.068,0.218,0.75,0.112,0.847,0.664,0.341
1.0,0.058,0.194,0.327,0.893,0.395,0.428,0.997,0.155,0.278,0.258,0.341,0.523,0.971,0.217,0.962,0.485,0.625,0.243,0.366,0.306,0.667,0.97,0.615,0.298,0.271,0.861,0.959,0.748,0.167,0.598,0.532,0.549,0.156,0.497,0.42,0.148,0.782,0.078,0.002,0.45
0.0,0.966,0.253,0.783,0.971,0.371,0.916,0.856,0.526,0.82,0.823,0.041,0.874,0.097,0.445,0.665,0.228,0.45,0.764,0.105,0.957,0.054,0.149,0.686,0.928,0.767,0.912,0.128,0.939,0.059,0.453,0.478,0.311,0.977,0.556,0.738,0.787,0.99,0.25,0.635,0.903
0.0,0.172,0.169,0.509,0.591,0.056,0.075,0.929,0.466,0.315,0.205,0.557,0.772,0.381,0.452,0.226,0.259,0.964,0.975,0.592,0.312,0.793,0.278,0.623,0.485,0.707,0.112,0.617,0.618,0.658,0.815,0.131,0.37,0.297,0.646,0.232,0.102,0.585,0.014,0.783,0.105
1.0,0.11,0.397,0.706,0.268,0.812,0.549,0.312,0.097,0.677,0.566,0.866,0.276,0.395,0.439,0.812,0.315,0.782,0.284,0.053,0.051,0.045,0.242,0.045,0.149,0.818,0.431,0.016,0.004,0.989,0.668,0.478,0.857,0.085,0.484,0.698,0.273,0.273,0.092,0.25,0.013
0.0,0.293,0.283,0.552,0.011,0.128,0.122,0.791,0.809,0.613,0.752,0.82,0.851,0.564,0.905,0.401,0.289,0.495,0.748,0.232,0.123,0.196,0.328,0.953,0.781,0.231,0.929,0.845,0.223,0.943,0.696,0.925,0.85,0.787,0.088,0.584,0.632,0.486,0.645,0.408,0.377
1.0,0.343,0.596,0.081,0.558,0.545,0.21,0.349,0.45,0.989,0.866,0.871,0.449,0.397,0.006,0.549,0.218,0.164,0.969,0.197,0.516,0.129,0.983,0.062,0.684,0.308,0.856,0.009,0.767,0.328,0.533,0.466,0.372,0.787,0.122,0.627,0.772,0.167,0.052,0.188,0.792
0.0,0.732,0.311,0.009,0.042,0.545,0.851,0.087,0.091,0.942,0.495,0.293,0.093,0.901,0.102,0.846,0.929,0.531,0.56,0.143,0.269,0.979,0.237,0.86,0.114,0.476,0.221,0.405,0.999,0.128,0.371,0.562,0.932,0.38,0.51,0.808,0.174,0.762,0.021,0.874,0.61
1.0,0.713,0.407,0.784,0.074,0.798,0.03,0.238,0.427,0.654,0.327,0.429,0.714,0.027,0.99,0.284,0.26,0.479,0.648,0.4,0.469,0.542,0.653,0.675,0.716,0.757,0.255,0.354,0.842,0.08,0.061,0.578,0.33,0.305,0.513,0.203,0.606,0.11,0.69,0.537,0.95
0.0,0.254,0.729,0.772,0.575,0.83,0.792,0.342,0.75,0.915,0.478,0.488,0.311,0.954,0.756,0.735,0.792,0.965,0.159,0.417,0.836,0.736,0.873,0.873,0.261,0.369,0.026,0.505,0.217,0.293,0.699,0.729,0.44,0.611,0.018,0.385,0.492,0.028,0.641,0.689,0.894
0.0,0.316,0.442,0.392,0.48,0.872,0.669,0.014,0.682,0.925,0.705,0.666,0.441,0.44,0.63,0.233,0.615,0.478,0.325,0.976,0.138,0.956,0.296,0.691,0.811,0.241,0.666,0.254,0.87,0.063,0.594,0.889,0.622,0.759,0.776,0.904,0.939,0.649,0.757,0.628,0.473
0.0,0.141,0.573,0.238,0.72,0.719,0.207,0.976,0.174,0.501,0.522,0.317,0.072,0.368,0.362,0.84,0.254,0.202,0.356,0.437,0.392,0.265,0.8,0.861,0.224,0.05,0.357,0.627,0.126,0.993,0.874,0.396,0.034,0.565,0.801,0.939,0.828,0.453,0.768,0.957,0.171
1.0,0.493,0.716,0.116,0.905,0.207,0.041,0.286,0.992,0.957,0.544,0.841,0.758,0.325,0.998,0.556,0.32,0.066,0.965,0.755,0.682,0.789,0.8,0.051,0.291,0.477,0.945,0.601,0.752,0.063,0.255,0.875,0.433,0.858,0.512,0.247,0.339,0.814,0.502,0.043,0.25
1.0,0.619,0.998,0.598,0.416,0.168,0.232,0.375,0.601,0.075,0.206,0.586,0.708,0.733,0.435,0.565,0.544,0.857,0.105,0.007,0.945,0.261,0.668,0.171,0.402,0.235,0.096,0.418,0.94,0.847,0.224,0.109,0.951,0.506,0.742,0.61,0.159,0.537,0.734,0.425,0.43
0.0,0.034,0.341,0.741,0.836,0.384,0.162,0.851,0.726,0.386,0.64,0.704,0.962,0.715,0.038,0.723,0.737,0.379,0.919,0.221,0.165,0.173,0.819,0.923,0.574,0.089,0.338,0.456,0.842,0.269,0.942,0.872,0.969,0.403,0.614,0.368,0.769,0.146,0.213,0.468,0.419
1.0,0.241,0.245,0.2,0.377,0.27,0.898,0.135,0.065,0.457,0.146,0.369,0.527,0.352,0.109,0.24,0.003,0.542,0.495,0.82,0.866,0.279,0.346,0.737,0.667,0.929,0.161,0.735,0.733,0.393,0.262,0.291,0.743,0.25,0.903,0.771,0.007,0.115,0.339,0.108,0.489
1.0,0.859,1.0,0.95,0.625,0.765,0.338,0.606,0.943,0.12,0.278,0.658,0.284,0.7,0.324,0.37,0.113,0.403,0.278,0.836,0.591,0.271,0.788,0.125,0.986,0.663,0.46,0.805,0.554,0.727,0.247,0.306,0.125,0.107,0.448,0.325,0.664,0.69,0.649,0.193,0.66
1.0,0.333,0.037,0.63,0.824,0.608,0.853,0.276,0.523,0.391,0.712,0.809,0.175,0.931,0.009,0.938,0.446,0.831,0.486,0.606,0.272,0.812,0.157,0.062,0.759,0.408,0.191,0.522,0.254,0.361,0.563,0.893,0.925,0.527,0.219,0.077,0.247,0.109,0.291,0.36,0.037
0.0,0.962,0.19,0.673,0.188,0.827,0.908,0.642,0.731,0.924,0.64,0.279,0.492,0.67,0.586,0.351,0.333,0.575,0.506,0.117,0.705,0.648,0.389,0.968,0.489,0.503,0.618,0.11,0.137,0.31,0.704,0.163,0.281,0.459,0.033,0.223,0.434,0.109,0.511,0.892,0.381
0.0,0.233,0.697,0.52,0.984,0.645,0.441,0.853,0.57,0.893,0.57,0.723,0.628,0.064,0.966,0.905,0.867,0.245,0.776,0.408,0.486,0.623,0.165,0.942,0.007,0.432,0.431,0.719,0.871,0.466,0.18,0.62,0.654,0.717,0.666,0.676,0.693,0.861,0.087,0.451,0.888
0.0,0.004,0.596,0.978,0.18,0.962,0.151,0.116,0.496,0.873,0.738,0.615,0.003,0.467,0.983,0.882,0.1,0.505,0.94,0.757,0.261,0.611,0.528,0.587,0.974,0.368,0.497,0.618,0.3,0.448,0.74,0.432,0.277,0.945,0.19,0.289,0.769,0.571,0.311,0.292,0.248
1.0,0.125,0.409,0.503,0.254,0.012,0.391,0.331,0.65,0.518,0.135,0.233,0.495,0.54,0.697,0.166,0.959,0.095,0.241,0.912,0.958,0.427,0.753,0.562,0.868,0.379,0.303,0.778,0.762,0.044,0.185,0.356,0.424,0.69,0.792,0.309,0.444,0.962,0.591,0.948,0.023
1.0,0.831,0.262,0.816,0.549,0.352,0.101,0.204,0.482,0.614,0.257,0.293,0.04,0.945,0.597,0.281,0.688,0.949,0.487,0.928,0.665,0.214,0.846,0.436,0.939,0.775,0.063,0.715,0.206,0.691,0.733,0.461,0.743,0.679,0.673,0.628,0.54,0.446,0.898,0.161,0.198
1.0,0.608,0.955,0.688,0.435,0.274,0.401,0.246,0.216,0.707,0.309,0.424,0.407,0.041,0.378,0.797,0.347,0.36,0.143,0.059,0.829,0.18,0.754,0.752,0.502,0.656,0.928,0.433,0.769,0.852,0.159,0.073,0.972,0.914,0.093,0.671,0.917,0.703,0.027,0.665,0.168
0.0,0.21,0.118,0.966,0.695,0.841,0.084,0.7,0.078,0.539,0.436,0.77,0.409,0.654,0.495,0.375,0.495,0.114,0.785,0.236,0.929,0.295,0.215,0.839,0.475,0.098,0.14,0.189,0.892,0.143,0.911,0.403,0.669,0.943,0.363,0.492,0.956,0.131,0.971,0.204,0.769
0.0,0.686,0.41,0.745,0.874,0.746,0.941,0.599,0.316,0.476,0.417,0.116,0.858,0.458,0.488,0.708,0.435,0.342,0.219,0.716,0.051,0.939,0.468,0.988,0.926,0.907,0.524,0.629,0.465,0.277,0.386,0.341,0.582,0.9,0.773,0.458,0.706,0.851,0.585,0.419,0.034
0.0,0.816,0.707,0.984,0.898,0.927,0.449,0.09,0.214,0.6,0.815,0.966,0.153,0.922,0.546,0.242,0.572,0.447,0.491,0.161,0.227,0.613,0.717,0.875,0.03,0.497,0.391,0.693,0.314,0.8,0.838,0.381,0.956,0.646,0.457,0.227,0.936,0.185,0.617,0.7,0.663
0.0,0.216,0.497,0.13,0.659,0.42,0.219,0.215,0.162,0.566,0.501,0.583,0.264,0.861,0.934,0.489,0.226,0.703,0.523,0.085,0.888,0.872,0.659,0.269,0.339,0.469,0.939,0.501,0.482,0.965,0.668,0.062,0.95,0.739,0.843,0.33,0.085,0.466,0.485,0.496,0.294
1.0,0.278,0.779,0.293,0.562,0.29,0.161,0.463,0.661,0.896,0.576,0.884,0.554,0.386,0.08,0.754,0.208,0.148,0.904,0.085,0.87,0.323,0.767,0.597,0.034,0.291,0.26,0.798,0.462,0.999,0.924,0.871,0.634,0.862,0.581,0.785,0.559,0.393,0.261,0.311,0.369
1.0,0.4,0.029,0.689,0.788,0.155,0.726,0.004,0.493,0.617,0.286,0.864,0.341,0.647,0.292,0.979,0.021,0.541,0.985,0.698,0.127,0.547,0.251,0.144,0.354,0.557,0.276,0.535,0.74,0.711,0.879,0.61,0.5,0.576,0.13,0.788,0.295,0.169,0.947,0.807,0.764
0.0,0.076,0.383,0.088,0.908,0.901,0.759,0.715,0.435,0.123,0.663,0.677,0.56,0.314,0.096,0.137,0.684,0.763,0.33,0.107,0.654,0.612,0.104,0.964,0.895,0.397,0.651,0.966,0.435,0.161,0.147,0.059,0.735,0.17,0.416,0.468,0.59,0.297,0.904,0.363,0.815
1.0,0.938,0.677,0.772,0.777,0.244,0.322,0.329,0.437,0.391,0.443,0.669,0.482,0.59,0.097,0.351,0.017,0.301,0.625,0.532,0.126,0.321,0.065,0.109,0.102,0.919,0.161,0.062,0.097,0.073,0.655,0.832,0.979,0.939,0.816,0.746,0.836,0.748,0.743,0.005,0.07
1.0,0.284,0.864,0.643,0.236,0.646,0.134,0.257,0.967,0.157,0.98,0.772,0.427,0.296,0.921,0.023,0.66,0.821,0.722,0.964,0.723,0.986,0.974,0.583,0.159,0.796,0.446,0.529,0.505,0.049,0.163,0.706,0.264,0.221,0.734,0.245,0.528,0.985,0.789,0.928,0.581
1.0,0.041,0.706,0.679,0.93,0.818,0.48,0.523,0.053,0.155,0.893,0.913,0.388,0.752,0.942,0.793,0.751,0.188,0.076,0.038,0.476,0.832,0.79,0.2,0.536,0.706,0.705,0.058,0.507,0.368,0.74,0.124,0.58,0.766,0.213,0.008,0.107,0.556,0.6,0.008,0.499
0.0,0.083,0.223,0.437,0.149,0.17,0.628,0.959,0.409,0.534,0.065,0.927,0.33,0.6,0.554,0.032,0.586,0.362,0.485,0.223,0.931,0.635,0.29,0.787,0.996,0.012,0.722,0.307,0.484,0.529,0.122,0.52,0.419,0.324,0.825,0.315,0.831,0.819,0.231,0.078,0.129
1.0,0.068,0.319,0.963,0.164,0.829,0.467,0.769,0.939,0.982,0.058,0.843,0.206,0.202,0.091,0.523,0.339,0.633,0.285,0.687,0.295,0.65,0.635,0.129,0.627,0.285,0.666,0.545,0.968,0.608,0.218,0.277,0.942,0.272,0.995,0.907,0.013,0.976,0.703,0.441,0.288
1.0,0.499,0.009,0.144,0.864,0.112,0.331,0.347,0.862,0.02,0.345,0.022,0.134,0.51,0.01,0.12,0.815,0.007,0.696,0.865,0.426,0.321,0.496,0.373,0.676,0.143,0.56,0.113,0.935,0.963,0.38,0.998,0.769,0.48,0.986,0.17,0.883,0.008,0.341,0.509,0.753
0.0,0.81,0.508,0.337,0.983,0.957,0.653,0.133,0.011,0.732,0.219,0.961,0.805,0.864,0.368,0.013,0.866,0.723,0.607,0.923,0.259,0.602,0.854,0.955,0.443,0.93,0.742,0.265,0.014,0.014,0.037,0.594,0.313,0.491,0.58,0.853,0.883,0.857,0.892,0.84,0.144
0.0,0.237,0.309,0.567,0.51,0.737,0.291,0.247,0.725,0.369,0.637,0.601,0.693,0.027,0.049,0.306,0.124,0.443,0.109,0.725,0.888,0.366,0.071,0.856,0.238,0.774,0.121,0.394,0.892,0.311,0.296,0.495,0.627,0.346,0.351,0.613,0.696,0.436,0.658,0.246,0.7
0.0,0.975,0.134,0.668,0.498,0.187,0.065,0.033,0.539,0.534,0.677,0.204,0.772,0.986,0.573,0.356,0.997,0.711,0.535,0.137,0.553,0.17,0.314,0.963,0.347,0.89,0.368,0.486,0.487,0.445,0.849,0.03,0.954,0.489,0.489,0.228,0.917,0.082,0.478,0.752,0.908
1.0,0.865,0.832,0.506,0.122,0.229,0.523,0.779,0.015,0.509,0.83,0.711,0.283,0.13,0.359,0.587,0.217,0.338,0.291,0.108,0.104,0.787,0.516,0.4,0.664,0.056,0.462,0.366,0.406,0.866,0.547,0.28,0.27,0.158,0.116,0.723,0.283,0.189,0.976,0.472,0.669
1.0,0.597,0.767,0.518,0.59,0.778,0.815,0.551,0.333,0.737,0.551,0.501,0.445,0.163,0.648,0.312,0.297,0.958,0.702,0.692,0.866,0.219,0.297,0.59,0.158,0.957,0.885,0.527,0.407,0.121,0.809,0.123,0.371,0.818,0.177,0.675,0.08,0.01,0.182,0.209,0.538
0.0,0.973,0.632,0.221,0.131,0.413,0.579,0.151,0.845,0.047,0.772,0.719,0.787,0.61,0.054,0.444,0.215,0.967,0.442,0.062,0.509,0.173,0.54,0.914,0.495,0.279,0.1,0.043,0.603,0.996,0.642,0.789,0.718,0.714,0.475,0.241,0.305,0.93,0.107,0.601,0.735
1.0,0.438,0.453,0.538,0.257,0.823,0.002,0.88,0.745,0.47,0.388,0.418,0.198,0.492,0.756,0.419,0.898,0.614,0.096,0.255,0.834,0.631,0.137,0.692,0.784,0.416,0.016,0.446,0.111,0.074,0.743,0.404,0.46,0.293,0.739,0.15,0.067,0.236,0.319,0.796,0.92
1.0,0.053,0.825,0.116,0.689,0.603,0.412,0.648,0.29,0.176,0.908,0.499,0.349,0.299,0.398,0.411,0.938,0.392,0.559,0.792,0.197,0.302,0.239,0.231,0.145,0.288,0.277,0.626,0.632,0.601,0.944,0.35,0.415,0.62,0.167,0.954,0.189,0.497,0.214,0.163,0.799
1.0,0.043,0.122,0.965,0.35,0.437,0.46,0.634,0.625,0.093,0.184,0.468,0.341,0.663,0.535,0.213,0.261,0.199,0.983,0.919,0.651,0.116,0.591,0.747,0.716,0.528,0.878,0.19,0.458,0.773,0.407,0.467,0.074,0.859,0.401,0.549,0.827,0.627,0.746,0.678,0.562
0.0,0.159,0.562,0.116,0.762,0.167,0.992,0.177,0.928,0.272,0.055,0.467,0.837,0.139,0.962,0.697,0.399,0.489,0.668,0.065,0.366,0.045,0.396,0.171,0.133,0.952,0.006,0.367,0.286,0.72,0.608,0.779,0.702,0.312,0.221,0.546,0.595,0.27,0.011,0.204,0.317
0.0,0.255,0.127,0.539,0.569,0.394,0.924,0.47,0.248,0.944,0.286,0.07,0.635,0.425,0.153,0.589,0.409,0.051,0.46,0.669,0.401,0.141,0.65,0.721,0.288,0.561,0.17,0.636,0.639,0.429,0.764,0.479,0.789,0.464,0.838,0.539,0.43,0.83,0.409,0.893,0.495
0.0,0.197,0.284,0.487,0.331,0.54,0.135,0.986,0.093,0.963,0.053,0.473,0.094,0.631,0.193,0.525,0.131,0.71,0.667,0.173,0.372,0.115,0.376,0.826,0.133,0.964,0.5,0.205,0.679,0.098,0.239,0.477,0.498,0.895,0.597,0.116,0.388,0.655,0.286,0.357,0.486
1.0,0.269,0.017,0.281,0.381,0.43,0.127,0.29,0.164,0.853,0.791,0.402,0.648,0.777,0.173,0.008,0.326,0.926,0.959,0.253,0.507,0.88,0.307,0.344,0.72,0.805,0.617,0.901,0.356,0.206,0.182,0.161,0.934,0.114,0.96,0.427,0.131,0.207,0.431,0.865,0.917
1.0,0.154,0.175,0.419,0.416,0.833,0.261,0.265,0.49,0.347,0.07,0.224,0.267,0.708,0.804,0.634,0.262,0.511,0.194,0.56,0.494,0.965,0.248,0.748,0.74,0.109,0.77,0.289,0.76,0.387,0.031,0.755,0.93,0.841,0.749,0.84,0.34,0.918,0.607,0.96,0.391
1.0,0.854,0.199,0.021,0.757,0.543,0.608,0.193,0.587,0.785,0.672,0.712,0.709,0.947,0.104,0.642,0.258,0.307,0.067,0.219,0.847,0.689,0.984,0.675,0.1,0.597,0.78,0.465,0.101,0.047,0.308,0.324,0.123,0.89,0.137,0.298,0.996,0.805,0.535,0.605,0.992
1.0,0.889,0.801,0.34,0.909,0.926,0.055,0.932,0.717,0.248,0.123,0.151,0.103,0.117,0.641,0.818,0.945,0.505,0.31,0.69,0.926,0.154,0.044,0.931,0.484,0.456,0.393,0.189,0.252,0.701,0.887,0.707,0.105,0.425,0.603,0.491,0.453,0.93,0.557,0.306,0.644
0.0,0.892,0.566,0.691,0.556,0.3,0.835,0.388,0.753,0.337,0.33,0.226,0.843,0.396,0.186,0.99,0.199,0.186,0.174,0.566,0.384,0.495,0.423,0.846,0.001,0.81,0.048,0.633,0.638,0.447,0.201,0.735,0.542,0.665,0.66,0.201,0.92,0.413,0.765,0.931,0.928
1.0,0.743,0.288,0.063,0.75,0.02,0.843,0.466,0.752,0.949,0.592,0.486,0.106,0.68,0.226,0.99,0.382,0.014,0.429,0.267,0.637,0.017,0.146,0.749,0.873,0.12,0.553,0.69,0.571,0.995,0.08,0.34,0.567,0.266,0.59,0.012,0.891,0.986,0.316,0.801,0.67
0.0,0.687,0.058,0.837,0.821,0.705,0.783,0.609,0.765,0.635,0.158,0.398,0.52,0.903,0.623,0.234,0.739,0.146,0.322,0.545,0.678,0.596,0.508,0.926,0.585,0.166,0.71,0.549,0.156,0.581,0.919,0.141,0.969,0.981,0.986,0.482,0.692,0.116,0.707,0.74,0.185
0.0,0.325,0.917,0.339,0.753,0.781,0.077,0.663,0.03,0.327,0.815,0.914,0.873,0.401,0.481,0.888,0.177,0.556,0.693,0.552,0.853,0.843,0.644,0.535,0.499,0.023,0.035,0.793,0.155,0.418,0.074,0.176,0.386,0.23,0.779,0.833,0.357,0.078,0.553,0.535,0.347
0.0,0.837,0.5,0.304,0.996,0.545,0.237,0.275,0.629,0.593,0.215,0.762,0.712,0.612,0.018,0.658,0.512,0.943,0.712,0.629,0.853,0.076,0.774,0.864,0.653,0.371,0.597,0.325,0.144,0.037,0.235,0.261,0.708,0.816,0.467,0.372,0.878,0.594,0.867,0.75,0.995
0.0,0.057,0.777,0.215,0.148,0.536,0.917,0.301,0.302,0.179,0.793,0.67,0.948,0.986,0.877,0.37,0.699,0.926,0.898,0.743,0.908,0.255,0.086,0.468,0.855,0.733,0.739,0.228,0.692,0.304,0.822,0.867,0.556,0.767,0.881,0.94,0.955,0.381,0.582,0.516,0.075
1.0,0.48,0.499,0.541,0.374,0.453,0.737,0.426,0.508,0.404,0.426,0.432,0.102,0.167,0.328,0.689,0.207,0.891,0.041,0.023,0.788,0.554,0.071,0.107,0.597,0.599,0.935,0.991,0.867,0.355,0.157,0.622,0.611,0.901,0.698,0.721,0.92,0.257,0.357,0.41,0.356
1.0,0.887,0.124,0.403,0.781,0.347,0.075,0.787,0.495,0.863,0.169,0.168,0.729,0.675,0.275,0.01,0.559,0.843,0.358,0.484,0.267,0.847,0.111,0.164,0.343,0.858,0.484,0.005,0.133,0.182,0.608,0.933,0.622,0.632,0.885,0.566,0.366,0.323,0.92,0.036,0.637
0.0,0.009,0.749,0.13,0.884,0.472,0.224,0.429,0.098,0.837,0.501,0.263,0.27,0.841,0.716,0.667,0.994,0.757,0.049,0.13,0.548,0.6,0.287,0.914,0.113,0.727,0.078,0.426,0.285,0.906,0.303,0.822,0.283,0.238,0.74,0.446,0.829,0.6,0.02,0.8,0.728
0.0,0.67,0.991,0.384,0.165,0.04,0.712,0.476,0.534,0.079,0.2,0.259,0.491,0.964,0.503,0.321,0.948,0.794,0.999,0.334,0.359,0.601,0.414,0.843,0.867,0.849,0.201,0.911,0.889,0.75,0.832,0.164,0.255,0.503,0.68,0.397,0.517,0.181,0.188,0.46,0.112
0.0,0.912,0.926,0.361,0.643,0.698,0.512,0.723,0.386,0.495,0.711,0.665,0.976,0.927,0.845,0.691,0.171,0.234,0.249,0.927,0.069,0.353,0.699,0.72,0.415,0.499,0.666,0.477,0.116,0.678,0.582,0.887,0.782,0.226,0.364,0.918,0.886,0.802,0.568,0.483,0.234
1.0,0.661,0.74,0.49,0.992,0.277,0.722,0.105,0.553,0.163,0.462,0.748,0.313,0.371,0.97,0.887,0.994,0.539,0.163,0.771,0.468,0.481,0.492,0.031,0.534,0.807,0.979,0.787,0.764,0.581,0.969,0.751,0.902,0.643,0.587,0.491,0.232,0.28,0.642,0.979,0.382
1.0,0.049,0.493,0.399,0.325,0.265,0.084,0.399,0.448,0.336,0.462,0.808,0.724,0.787,0.914,0.089,0.98,0.981,0.497,0.863,0.396,0.686,0.444,0.426,0.361,0.557,0.366,0.352,0.701,0.773,0.86,0.55,0.21,0.088,0.96,0.03,0.067,0.443,0.415,0.128,0.399
0.0,0.959,0.951,0.139,0.671,0.254,0.658,0.727,0.826,0.273,0.055,0.944,0.18,0.499,0.048,0.937,0.105,0.54,0.12,0.452,0.278,0.124,0.495,0.994,0.002,0.786,0.784,0.325,0.709,0.598,0.941,0.332,0.832,0.414,0.956,0.566,0.369,0.931,0.28,0.357,0.865
0.0,0.365,0.075,0.938,0.416,0.265,0.356,0.804,0.97,0.183,0.534,0.618,0.999,0.77,0.091,0.685,0.232,0.962,0.88,0.088,0.256,0.877,0.027,0.712,0.481,0.62,0.546,0.209,0.317,0.416,0.734,0.712,0.103,0.875,0.413,0.138,0.451,0.879,0.828,0.446,0.113
0.0,0.615,0.991,0.023,0.411,0.919,0.563,0.539,0.518,0.759,0.154,0.386,0.221,0.589,0.072,0.223,0.618,0.004,0.857,0.295,0.499,0.732,0.829,0.24,0.266,0.658,0.352,0.388,0.377,0.168,0.087,0.361,0.425,0.41,0.215,0.997,0.63,0.957,0.278,0.873,0.656
0.0,0.629,0.446,0.893,0.121,0.688,0.49,0.076,0.378,0.182,0.636,0.977,0.752,0.262,0.98,0.376,0.721,0.527,0.105,0.574,0.645,0.837,0.317,0.17,0.103,0.889,0.945,0.975,0.624,0.072,0.933,0.969,0.778,0.26,0.592,0.877,0.156,0.723,0.629,0.481,0.488
0.0,0.324,0.096,0.754,0.659,0.065,0.798,0.134,0.08,0.585,0.382,0.292,0.801,0.103,0.276,0.102,0.007,0.167,0.162,0.115,0.453,0.888,0.373,0.438,0.194,0.971,0.004,0.877,0.218,0.724,0.185,0.557,0.429,0.057,0.139,0.653,0.099,0.417,0.333,0.066,0.112
1.0,0.899,0.89,0.867,0.21,0.219,0.953,0.764,0.525,0.668,0.057,0.622,0.466,0.598,0.438,0.471,0.278,0.22,0.16,0.899,0.239,0.233,0.103,0.198,0.216,0.378,0.878,0.29,0.126,0.262,0.648,0.779,0.865,0.217,0.107,0.123,0.371,0.244,0.249,0.722,0.321
0.0,0.299,0.252,0.507,0.714,0.968,0.222,0.253,0.85,0.1,0.98,0.713,0.567,0.96,0.644,0.677,0.86,0.357,0.172,0.151,0.704,0.546,0.589,0.113,0.612,0.554,0.323,0.842,0.708,0.875,0.452,0.106,0.221,0.667,0.758,0.762,0.68,0.181,0.492,0.355,0.396
1.0,0.676,0.233,0.441,0.597,0.845,0.312,0.511,0.605,0.878,0.202,0.218,0.173,0.6,0.652,0.966,0.831,0.991,0.283,0.535,0.381,0.216,0.854,0.315,0.396,0.538,0.583,0.138,0.016,0.129,0.427,0.884,0.958,0.429,0.895,0.718,0.33,0.592,0.751,0.563,0.998
1.0,0.998,0.78,0.202,0.722,0.116,0.588,0.125,0.957,0.976,0.366,0.668,0.745,0.388,0.664,0.408,0.943,0.801,0.861,0.864,0.807,0.826,0.17,0.532,0.376,0.211,0.324,0.363,0.321,0.586,0.897,0.64,0.031,0.945,0.457,0.223,0.291,0.719,0.578,0.608,0.674
0.0,0.168,0.902,0.045,0.182,0.889,0.54,0.603,0.029,0.485,0.223,0.535,0.206,0.141,0.463,0.751,0.931,0.229,0.493,0.997,0.696,0.887,0.507,0.54,0.42,0.075,0.424,0.532,0.576,0.495,0.931,0.793,0.499,0.062,0.073,0.166,0.612,0.645,0.23,0.551,0.131
1.0,0.708,0.416,0.321,0.244,0.769,0.977,0.415,0.283,0.822,0.712,0.425,0.752,0.268,0.481,0.922,0.46,0.135,0.437,0.323,0.436,0.557,0.333,0.318,0.728,0.732,0.705,0.895,0.017,0.817,0.34,0.935,0.139,0.185,0.789,0.972,0.978,0.725,0.883,0.142,0.652
0.0,0.185,0.343,0.819,0.547,0.882,0.673,0.997,0.33,0.064,0.264,0.313,0.688,0.205,0.338,0.989,0.707,0.697,0.421,0.234,0.963,0.337,0.327,0.676,0.275,0.687,0.488,0.289,0.504,0.486,0.616,0.88,0.973,0.661,0.158,0.669,0.482,0.763,0.57,0.332,0.226
0.0,0.674,0.32,0.93,0.881,0.085,0.192,0.28,0.401,0.951,0.863,0.561,0.019,0.662,0.593,0.299,0.43,0.065,0.59,0.409,0.886,0.633,0.85,0.861,0.217,0.838,0.898,0.722,0.114,0.916,0.585,0.698,0.579,0.131,0.838,0.087,0.247,0.799,0.586,0.362,0.148
1.0,0.72,0.216,0.203,0.429,0.156,0.562,0.428,0.779,0.373,0.289,0.348,0.167,0.295,0.047,0.213,0.922,0.426,0.612,0.803,0.057,0.515,0.275,0.525,0.309,0.098,0.362,0.639,0.934,0.919,0.665,0.823,0.446,0.834,0.079,0.537,0.873,0.479,0.376,0.172,0.431
0.0,0.58,0.748,0.685,0.135,0.569,0.753,0.146,0.748,0.551,0.438,0.707,0.864,0.025,0.453,0.672,0.127,0.061,0.609,0.324,0.256,0.798,0.729,0.108,0.185,0.686,0.089,0.866,0.956,0.344,0.532,0.385,0.234,0.396,0.01,0.55,0.392,0.037,0.236,0.176,0.703
0.0,0.199,0.864,0.784,0.682,0.081,0.869,0.683,0.326,0.439,0.753,0.23,0.725,0.503,0.743,0.929,0.056,0.504,0.546,0.165,0.705,0.539,0.593,0.905,0.795,0.256,0.439,0.759,0.189,0.412,0.533,0.363,0.739,0.87,0.878,0.874,0.349,0.942,0.432,0.337,0.262
0.0,0.161,0.45,0.136,0.408,0.943,0.751,0.46,0.888,0.285,0.149,0.103,0.495,0.207,0.79,0.394,0.322,0.569,0.742,0.221,0.708,0.272,0.786,0.099,0.393,0.667,0.024,0.755,0.665,0.344,0.087,0.802,0.133,0.692,0.407,0.784,0.607,0.754,0.742,0.934,0.45
0.0,0.947,0.331,0.302,0.366,0.24,0.465,0.272,0.629,0.048,0.26,0.99,0.634,0.499,0.879,0.718,0.323,0.088,0.203,0.894,0.999,0.974,0.643,0.853,0.138,0.322,0.433,0.621,0.217,0.976,0.723,0.859,0.308,0.756,0.249,0.585,0.393,0.022,0.763,0.341,0.962
0.0,0.668,0.314,0.076,0.67,0.039,0.147,0.942,0.467,0.074,0.147,0.419,0.854,0.466,0.414,0.539,0.165,0.527,0.074,0.574,0.563,0.885,0.359,0.746,0.166,0.209,0.023,0.776,0.481,0.606,0.194,0.714,0.637,0.133,0.594,0.569,0.694,0.652,0.897,0.556,0.056
0.0,0.71,0.791,0.904,0.922,0.186,0.304,0.901,0.391,0.875,0.839,0.849,0.863,0.877,0.371,0.05,0.678,0.409,0.576,0.378,0.936,0.452,0.215,0.981,0.506,0.486,0.847,0.163,0.005,0.533,0.272,0.325,0.551,0.168,0.37,0.667,0.141,0.922,0.019,0.328,0.901
1.0,0.946,0.13,0.332,0.146,0.672,0.928,0.256,0.69,0.014,0.752,0.928,0.332,0.111,0.3,0.195,0.625,0.988,0.104,0.081,0.186,0.508,0.864,0.594,0.469,0.483,0.318,0.307,0.398,0.535,0.74,0.643,0.209,0.623,0.32,0.237,0.123,0.069,0.127,0.897,0.401
1.0,0.04,0.349,0.533,0.992,0.648,0.26,0.462,0.639,0.244,0.478,0.782,0.796,0.63,0.473,0.297,0.352,0.492,0.398,0.225,0.946,0.609,0.645,0.667,0.194,0.782,0.901,0.854,0.526,0.843,0.472,0.039,0.49,0.933,0.292,0.267,0.175,0.613,0.453,0.322,0.838
1.0,0.943,0.341,0.763,0.213,0.823,0.423,0.568,0.902,0.788,0.825,0.561,0.377,0.415,0.986,0.482,0.8,0.037,0.916,0.869,0.841,0.326,0.91,0.644,0.617,0.582,0.691,0.17,0.828,0.385,0.255,0.479,0.403,0.912,0.928,0.994,0.203,0.428,0.258,0.238,0.703
0.0,0.245,0.015,0.304,0.218,0.956,0.446,0.825,0.134,0.856,0.525,0.597,0.661,0.987,0.033,0.63,0.12,0.228,0.296,0.063,0.916,0.418,0.336,0.088,0.644,0.745,0.6,0.416,0.433,0.555,0.543,0.095,0.146,0.042,0.799,0.385,0.809,0.621,0.922,0.788,0.244
1.0,0.255,0.537,0.521,0.446,0.716,0.908,0.348,0.452,0.07,0.797,0.579,0.281,0.646,0.996,0.52,0.008,0.209,0.787,0.511,0.375,0.86,0.94,0.451,0.453,0.909,0.103,0.922,0.655,0.64,0.936,0.072,0.805,0.646,0.157,0.344,0.311,0.055,0.067,0.833,0.29
1.0,0.868,0.668,0.586,0.879,0.001,0.389,0.599,0.546,0.121,0.073,0.54,0.676,0.589,0.581,0.247,0.04,0.688,0.418,0.14,0.504,0.277,0.831,0.57,0.404,0.028,0.912,0.125,0.332,0.001,0.105,0.862,0.717,0.09,0.493,0.945,0.074,0.509,0.17,0.336,0.326
0.0,0.29,0.155,0.844,0.429,0.832,0.016,0.37,0.618,0.62,0.1,0.414,0.727,0.663,0.471,0.853,0.007,0.291,0.955,0.872,0.636,0.414,0.09,0.989,0.052,0.481,0.537,0.86,0.607,0.066,0.362,0.373,0.617,0.357,0.938,0.991,0.373,0.002,0.908,0.545,0.796
0.0,0.13,0.173,0.074,0.56,0.541,0.582,0.856,0.237,0.411,0.207,0.073,0.841,0.634,0.983,0.941,0.248,0.648,0.461,0.952,0.267,0.723,0.644,0.923,0.241,0.841,0.346,0.403,0.788,0.551,0.585,0.517,0.327,0.758,0.495,0.931,0.209,0.225,0.223,0.74,0.34
1.0,0.192,0.074,0.766,0.592,0.449,0.24,0.509,0.0,0.683,0.191,0.829,0.692,0.842,0.772,0.691,0.018,0.375,0.049,0.663,0.807,0.95,0.017,0.722,0.548,0.763,0.656,0.499,0.424,0.581,0.251,0.315,0.967,0.907,0.899,0.593,0.587,0.365,0.966,0.118,0.381
0.0,0.697,0.827,0.63,0.798,0.705,0.567,0.982,0.28,0.455,0.14,0.477,0.891,0.633,0.356,0.46,0.364,0.39,0.81,0.578,0.429,0.205,0.263,0.927,0.082,0.717,0.264,0.819,0.276,0.708,0.939,0.565,0.914,0.58,0.132,0.322,0.259,0.794,0.208,0.163,0.878
0.0,0.904,0.851,0.409,0.4,0.715,0.566,0.216,0.639,0.067,0.617,0.167,0.257,0.459,0.123,0.954,0.498,0.018,0.523,0.605,0.281,0.004,0.415,0.834,0.895,0.068,0.886,0.062,0.592,0.228,0.588,0.65,0.458,0.715,0.478,0.511,0.68,0.733,0.952,0.148,0.645
1.0,0.079,0.892,0.723,0.595,0.299,0.173,0.995,0.413,0.05,0.63,0.263,0.172,0.409,0.232,0.565,0.129,0.794,0.782,0.44,0.5,0.377,0.05,0.176,0.32,0.697,0.213,0.698,0.102,0.482,0.827,0.14,0.855,0.201,0.029,0.554,0.2,0.998,0.494,0.948,0.593
0.0,0.062,0.757,0.692,0.542,0.793,0.647,0.373,0.282,0.733,0.707,0.747,0.987,0.459,0.832,0.261,0.408,0.214,0.078,0.583,0.559,0.452,0.539,0.831,0.419,0.938,0.224,0.602,0.897,0.111,0.848,0.436,0.296,0.469,0.455,0.552,0.231,0.395,0.114,0.273,0.282
1.0,0.646,0.853,0.428,0.513,0.256,0.142,0.071,0.805,0.298,0.254,0.425,0.036,0.943,0.259,0.777,0.425,0.402,0.678,0.319,0.441,0.301,0.268,0.312,0.545,0.651,0.081,0.689,0.02,0.7,0.445,0.655,0.812,0.26,0.335,0.379,0.155,0.212,0.702,0.427,0.742
0.0,0.86,0.563,0.198,0.136,0.907,0.644,0.713,0.92,0.883,0.665,0.938,0.725,0.692,0.122,0.53,0.465,0.886,0.329,0.783,0.041,0.948,0.126,0.531,0.494,0.795,0.239,0.038,0.067,0.096,0.664,0.756,0.086,0.097,0.539,0.384,0.614,0.925,0.414,0.9,0.301
1.0,0.877,0.243,0.092,0.169,0.067,0.79,0.166,0.846,0.45,0.949,0.071,0.67,0.702,0.235,0.274,0.045,0.328,0.415,0.331,0.885,0.976,0.597,0.394,0.297,0.559,0.193,0.282,0.837,0.241,0.501,0.05,0.962,0.606,0.106,0.125,0.301,0.824,0.009,0.247,0.011
0.0,0.819,0.547,0.015,0.533,0.033,0.056,0.798,0.953,0.137,0.486,0.358,0.849,0.304,0.434,0.207,0.631,0.264,0.484,0.835,0.6,0.689,0.953,0.183,0.645,0.695,0.835,0.834,0.543,0.272,0.49,0.514,0.647,0.046,0.532,0.368,0.606,0.966,0.699,0.69,0.528
0.0,0.187,0.402,0.902,0.243,0.966,0.173,0.663,0.738,0.739,0.307,0.278,0.189,0.698,0.21,0.395,0.228,0.74,0.87,0.244,0.993,0.031,0.028,0.521,0.22,0.912,0.038,0.682,0.482,0.296,0.16,0.544,0.023,0.388,0.403,0.425,0.659,0.425,0.915,0.367,0.339
1.0,0.946,0.837,0.675,0.129,0.006,0.442,0.745,0.183,0.377,0.024,0.283,0.363,0.913,0.532,0.617,0.312,0.892,0.984,0.424,0.137,0.697,0.886,0.013,0.632,0.383,0.408,0.927,0.095,0.421,0.558,0.141,0.016,0.211,0.648,0.14,0.981,0.216,0.333,0.311,0.683
1.0,0.658,0.156,0.609,0.089,0.363,0.349,0.798,0.751,0.179,0.938,0.761,0.287,0.967,0.966,0.916,0.701,0.286,0.153,0.681,0.059,0.127,0.899,0.043,0.873,0.499,0.31,0.562,0.862,0.485,0.586,0.757,0.661,0.938,0.109,0.314,0.534,0.701,0.674,0.325,0.858
0.0,0.26,0.677,0.693,0.916,0.929,0.521,0.08,0.219,0.976,0.084,0.064,0.538,0.828,0.681,0.745,0.831,0.576,0.594,0.804,0.275,0.727,0.955,0.621,0.392,0.982,0.33,0.168,0.664,0.37,0.43,0.972,0.927,0.88,0.791,0.082,0.593,0.227,0.486,0.586,0.278
0.0,0.134,0.947,0.657,0.254,0.899,0.003,0.921,0.096,0.029,0.391,0.613,0.604,0.164,0.077,0.204,0.123,0.822,0.404,0.49,0.799,0.264,0.427,0.296,0.791,0.706,0.033,0.838,0.632,0.377,0.469,0.104,0.554,0.02,0.241,0.533,0.969,0.041,0.343,0.563,0.542
0.0,0.356,0.071,0.382,0.148,0.913,0.678,0.772,0.467,0.822,0.526,0.415,0.046,0.479,0.625,0.513,0.219,0.599,0.79,0.23,0.543,0.004,0.421,0.441,0.532,0.736,0.748,0.727,0.234,0.29,0.756,0.09,0.376,0.882,0.239,0.086,0.688,0.128,0.562,0.901,0.828
1.0,0.739,0.388,0.96,0.4,0.228,0.762,0.642,0.428,0.257,0.059,0.353,0.656,0.024,0.267,0.908,0.937,0.126,0.175,0.059,0.926,0.383,0.222,0.322,0.292,0.944,0.957,0.464,0.822,0.176,0.928,0.037,0.049,0.124,0.817,0.051,0.849,0.849,0.411,0.958,0.969
1.0,0.393,0.921,0.311,0.565,0.709,0.728,0.992,0.239,0.662,0.416,0.265,0.431,0.64,0.359,0.388,0.951,0.754,0.914,0.463,0.578,0.838,0.266,0.341,0.502,0.362,0.648,0.363,0.03,0.153,0.882,0.044,0.515,0.047,0.463,0.397,0.389,0.25,0.24,0.659,0.035
1.0,0.424,0.0,0.544,0.148,0.047,0.02,0.805,0.806,0.251,0.001,0.855,0.028,0.471,0.53,0.864,0.978,0.568,0.62,0.765,0.785,0.778,0.528,0.269,0.237,0.644,0.792,0.384,0.02,0.814,0.895,0.957,0.495,0.096,0.863,0.494,0.41,0.199,0.683,0.724,0.313
0.0,0.253,0.126,0.033,0.838,0.978,0.186,0.343,0.929,0.156,0.762,0.11,0.702,0.216,0.034,0.076,0.54,0.08,0.862,0.068,0.481,0.792,0.467,0.353,0.187,0.395,0.328,0.431,0.972,0.818,0.035,0.796,0.58,0.726,0.705,0.776,0.2,0.979,0.547,0.092,0.8
1.0,0.292,0.166,0.439,0.846,0.563,0.165,0.002,0.781,0.032,0.814,0.862,0.325,0.291,0.193,0.43,0.002,0.663,0.774,0.369,0.599,0.671,0.274,0.465,0.004,0.09,0.069,0.018,0.621,0.505,0.307,0.569,0.271,0.015,0.337,0.09,0.739,0.548,0.939,0.474,0.02
1.0,0.818,0.89,0.575,0.647,0.29,0.877,0.791,0.752,0.113,0.75,0.444,0.578,0.292,0.972,0.393,0.94,0.943,0.65,0.746,0.886,0.858,0.325,0.755,0.373,0.528,0.34,0.267,0.77,0.011,0.065,0.908,0.656,0.418,0.072,0.203,0.315,0.47,0.038,0.501,0.286
0.0,0.885,0.175,0.827,0.234,0.027,0.869,0.639,0.378,0.947,0.716,0.954,0.778,0.088,0.005,0.432,0.725,0.079,0.564,0.751,0.655,0.634,0.091,0.239,0.36,0.474,0.502,0.354,0.229,0.614,0.93,0.87,0.34,0.546,0.507,0.79,0.888,0.516,0.631,0.097,0.038
0.0,0.648,0.492,0.929,0.808,0.91,0.242,0.075,0.481,0.22,0.235,0.596,0.534,0.339,0.144,0.168,0.898,0.885,0.649,0.83,0.419,0.923,0.53,0.22,0.978,0.039,0.244,0.846,0.49,0.705,0.757,0.402,0.798,0.632,0.156,0.841,0.802,0.217,0.981,0.208,0.458
0.0,0.499,0.522,0.249,0.155,0.077,0.698,0.659,0.724,0.843,0.875,0.082,0.807,0.372,0.26,0.819,0.954,0.703,0.589,0.334,0.433,0.621,0.495,0.53,0.527,0.964,0.979,0.869,0.804,0.818,0.163,0.675,0.9,0.601,0.257,0.419,0.995,0.897,0.424,0.166,0.774
1.0,0.965,0.537,0.355,0.845,0.469,0.842,0.41,0.725,0.777,0.341,0.503,0.046,0.853,0.886,0.686,0.785,0.877,0.141,0.628,0.682,0.953,0.843,0.596,0.332,0.596,0.003,0.169,0.809,0.083,0.027,0.889,0.75,0.732,0.032,0.175,0.36,0.213,0.804,0.687,0.323
0.0,0.904,0.278,0.402,0.738,0.498,0.579,0.755,0.777,0.891,0.026,0.021,0.887,0.005,0.571,0.765,0.599,0.511,0.554,0.784,0.734,0.998,0.01,0.436,0.346,0.887,0.179,0.22,0.14,0.702,0.002,0.828,0.928,0.726,0.509,0.248,0.102,0.816,0.185,0.996,0.323
1.0,0.513,0.996,0.759,0.988,0.502,0.321,0.037,0.499,0.865,0.279,0.289,0.006,0.512,0.813,0.95,0.516,0.163,0.473,0.113,0.397,0.903,0.353,0.604,0.81,0.49,0.988,0.434,0.319,0.169,0.654,0.324,0.291,0.851,0.166,0.166,0.188,0.329,0.977,0.32,0.972
1.0,0.433,0.787,0.046,0.231,0.711,0.636,0.807,0.381,0.431,0.63,0.12,0.058,0.961,0.4,0.247,0.092,0.119,0.264,0.132,0.95,0.576,0.321,0.066,0.774,0.81,0.044,0.102,0.662,0.829,0.29,0.06,0.472,0.623,0.908,0.668,0.829,0.664,0.558,0.452,0.136
0.0,0.773,0.004,0.857,0.973,0.774,0.175,0.897,0.134,0.99,0.681,0.35,0.871,0.899,0.731,0.91,0.545,0.779,0.239,0.009,0.181,0.813,0.79,0.359,0.764,0.815,0.224,0.751,0.366,0.967,0.14,0.165,0.861,0.855,0.063,0.823,0.67,0.651,0.038,0.293,0.597
0.0,0.024,0.783,0.455,0.746,0.07,0.486,0.75,0.126,0.736,0.113,0.249,0.848,0.373,0.171,0.846,0.717,0.213,0.834,0.95,0.144,0.756,0.433,0.025,0.175,0.819,0.579,0.872,0.535,0.82,0.835,0.069,0.347,0.441,0.971,0.255,0.963,0.721,0.46,0.07,0.848
0.0,0.6,0.072,0.625,0.735,0.903,0.802,0.233,0.664,0.659,0.002,0.361,0.621,0.249,0.778,0.652,0.501,0.678,0.563,0.808,0.859,0.678,0.757,0.421,0.902,0.572,0.114,0.847,0.015,0.954,0.038,0.221,0.232,0.203,0.104,0.788,0.161,0.487,0.231,0.764,0.965
0.0,0.066,0.305,0.945,0.389,0.26,0.053,0.536,0.504,0.707,0.882,0.601,0.914,0.764,0.254,0.875,0.678,0.426,0.051,0.702,0.889,0.22,0.266,0.116,0.595,0.792,0.441,0.119,0.66,0.581,0.55,0.698,0.308,0.412,0.298,0.708,0.659,0.738,0.606,0.667,0.485
1.0,0.098,0.017,0.092,0.301,0.545,0.543,0.698,0.837,0.487,0.853,0.655,0.727,0.971,0.305,0.763,0.631,0.996,0.682,0.183,0.016,0.454,0.314,0.189,0.023,0.743,0.564,0.479,0.315,0.205,0.096,0.046,0.163,0.363,0.939,0.526,0.739,0.923,0.632,0.108,0.398
1.0,0.001,0.878,0.689,0.217,0.598,0.97,0.57,0.339,0.118,0.248,0.278,0.628,0.88,0.0,0.877,0.589,0.059,0.106,0.61,0.103,0.968,0.304,0.19,0.463,0.049,0.984,0.88,0.927,0.129,0.84,0.132,0.378,0.168,0.818,0.215,0.577,0.779,0.286,0.244,0.399
0.0,0.8,0.92,0.426,0.001,0.994,0.256,0.662,0.461,0.161,0.433,0.891,0.357,0.982,0.207,0.709,0.788,0.864,0.582,0.901,0.185,0.093,0.658,0.605,0.32,0.882,0.072,0.266,0.644,0.53,0.241,0.147,0.122,0.305,0.381,0.818,0.095,0.83,0.442,0.521,0.133
1.0,0.366,0.134,0.448,0.552,0.308,0.533,0.615,0.272,0.879,0.43,0.007,0.139,0.61,0.435,0.683,0.785,0.373,0.163,0.891,0.43,0.504,0.392,0.688,0.196,0.889,0.6,0.248,0.608,0.49,0.3,0.293,0.674,0.801,0.255,0.106,0.998,0.847,0.051,0.069,0.804
1.0,0.16,0.501,0.848,0.682,0.109,0.315,0.49,0.01,0.995,0.689,0.036,0.493,0.7,0.469,0.892,0.415,0.763,0.211,0.09,0.132,0.378,0.583,0.747,0.751,0.41,0.795,0.275,0.882,0.483,0.644,0.287,0.364,0.899,0.043,0.633,0.365,0.409,0.649,0.784,0.142
1.0,0.01,0.364,0.974,0.129,0.467,0.214,0.089,0.937,0.494,0.666,0.368,0.648,0.273,0.693,0.356,0.851,0.775,0.214,0.592,0.192,0.916,0.709,0.734,0.105,0.738,0.909,0.023,0.829,0.367,0.525,0.432,0.558,0.459,0.098,0.988,0.322,0.293,0.531,0.455,0.557
0.0,0.247,0.387,0.781,0.844,0.172,0.363,0.833,0.214,0.25,0.375,0.904,0.025,0.529,0.582,0.869,0.262,0.488,0.783,0.839,0.892,0.902,0.113,0.86,0.442,0.853,0.317,0.24,0.813,0.025,0.391,0.613,0.408,0.404,0.041,0.587,0.385,0.415,0.476,0.136,0.053
1.0,0.514,0.252,0.909,0.069,0.402,0.774,0.261,0.006,0.948,0.103,0.347,0.245,0.246,0.862,0.148,0.966,0.199,0.127,0.663,0.332,0.528,0.142,0.509,0.159,0.488,0.685,0.687,0.971,0.767,0.941,0.124,0.431,0.576,0.022,0.675,0.649,0.382,0.146,0.807,0.368
0.0,0.372,0.745,0.427,0.572,0.87,0.207,0.207,0.885,0.495,0.762,0.485,0.448,0.296,0.152,0.259,0.134,0.015,0.623,0.386,0.399,0.508,0.01,0.96,0.571,0.453,0.838,0.774,0.908,0.444,0.6,0.68,0.797,0.013,0.778,0.266,0.523,0.577,0.718,0.146,0.549
1.0,0.491,0.483,0.636,0.71,0.175,0.82,0.974,0.071,0.474,0.643,0.714,0.374,0.555,0.883,0.263,0.497,0.98,0.517,0.74,0.987,0.577,0.801,0.374,0.117,0.547,0.269,0.058,0.986,0.841,0.476,0.363,0.512,0.552,0.575,0.577,0.436,0.146,0.13,0.025,0.151
0.0,0.212,0.114,0.207,0.791,0.178,0.734,0.848,0.654,0.888,0.06,0.495,0.725,0.014,0.215,0.139,0.637,0.139,0.341,0.673,0.978,0.834,0.742,0.756,0.866,0.564,0.581,0.006,0.529,0.926,0.115,0.22,0.284,0.9,0.544,0.074,0.001,0.294,0.415,0.132,0.381
0.0,0.07,0.3,0.212,0.073,0.241,0.257,0.241,0.221,0.743,0.948,0.338,0.996,0.47,0.613,0.659,0.962,0.907,0.087,0.875,0.173,0.893,0.684,0.797,0.653,0.623,0.411,0.937,0.516,0.691,0.468,0.681,0.431,0.495,0.549,0.384,0.811,0.14,0.917,0.708,0.952
1.0,0.474,0.467,0.49,0.751,0.475,0.208,0.284,0.375,0.256,0.502,0.758,0.329,0.68,0.312,0.51,0.134,0.754,0.895,0.576,0.212,0.19,0.238,0.718,0.79,0.233,0.793,0.524,0.693,0.244,0.055,0.794,0.467,0.388,0.807,0.8,0.55,0.565,0.145,0.924,0.404
0.0,0.277,0.703,0.516,0.802,0.421,0.924,0.691,0.227,0.946,0.6,0.378,0.377,0.575,0.816,0.365,0.06,0.877,0.337,0.48,0.293,0.222,0.667,0.912,0.141,0.358,0.021,0.679,0.141,0.096,0.169,0.554,0.277,0.862,0.042,0.251,0.265,0.721,0.99,0.79,0.309
1.0,0.461,0.905,0.279,0.569,0.616,0.181,0.877,0.559,0.808,0.471,0.767,0.568,0.926,0.272,0.369,0.841,0.663,0.824,0.472,0.266,0.67,0.991,0.737,0.99,0.156,0.1,0.749,0.155,0.962,0.015,0.735,0.414,0.04,0.663,0.783,0.763,0.416,0.951,0.783,0.878
0.0,0.591,0.609,0.112,0.794,0.541,0.77,0.666,0.279,0.716,0.82,0.898,0.605,0.695,0.128,0.245,0.363,0.667,0.358,0.356,0.139,0.912,0.833,0.795,0.052,0.34,0.341,0.432,0.58,0.18,0.49,0.042,0.97,0.83,0.23,0.789,0.156,0.485,0.809,0.426,0.428
1.0,0.612,0.744,0.642,0.053,0.794,0.475,0.065,0.979,0.166,0.711,0.374,0.723,0.785,0.541,0.468,0.95,0.854,0.326,0.423,0.014,0.796,0.943,0.368,0.686,0.13,0.27,0.951,0.23,0.31,0.965,0.665,0.865,0.114,0.955,0.822,0.769,0.385,0.677,0.222,0.297
1.0,0.105,0.828,0.895,0.288,0.489,0.655,0.16,0.031,0.328,0.168,0.326,0.049,0.6,0.516,0.538,0.502,0.715,0.557,0.07,0.769,0.205,0.683,0.198,0.282,0.152,0.453,0.844,0.732,0.51,0.275,0.583,0.35,0.337,0.604,0.354,0.372,0.204,0.909,0.401,0.399
0.0,0.675,0.119,0.92,0.821,0.724,0.427,0.693,0.333,0.92,0.195,0.818,0.285,0.588,0.771,0.294,0.874,0.079,0.834,0.749,0.549,0.434,0.188,0.848,0.389,0.181,0.751,0.368,0.823,0.662,0.593,0.703,0.357,0.435,0.647,0.404,0.35,0.932,0.412,0.459,0.772
1.0,0.992,0.736,0.509,0.402,0.604,0.206,0.113,0.792,0.656,0.555,0.086,0.65,0.122,0.059,0.56,0.288,0.666,0.71,0.286,0.228,0.236,0.968,0.302,0.936,0.262,0.741,0.432,0.128,0.907,0.488,0.539,0.583,0.676,0.511,0.438,0.812,0.04,0.628,0.638,0.19
0.0,0.926,0.219,0.766,0.95,0.169,0.245,0.024,0.688,0.79,0.625,0.415,0.891,0.171,0.822,0.713,0.761,0.41,0.401,0.32,0.716,0.405,0.237,0.47,0.892,0.28,0.968,0.405,0.553,0.743,0.923,0.095,0.399,0.793,0.163,0.73,0.286,0.465,0.692,0.339,0.128
1.0,0.894,0.483,0.349,0.921,0.474,0.161,0.486,0.626,0.714,0.715,0.896,0.766,0.765,0.841,0.033,0.082,0.241,0.99,0.697,0.648,0.978,0.907,0.526,0.032,0.981,0.118,0.544,0.625,0.228,0.631,0.828,0.892,0.781,0.81,0.855,0.79,0.702,0.879,0.955,0.012
0.0,0.633,0.229,0.796,0.218,0.264,0.116,0.394,0.881,0.303,0.623,0.066,0.093,0.248,0.123,0.208,0.944,0.886,0.286,0.473,0.999,0.999,0.55,0.515,0.708,0.895,0.294,0.676,0.416,0.122,0.318,0.004,0.169,0.886,0.174,0.832,0.752,0.393,0.192,0.231,0.608
1.0,0.491,0.674,0.497,0.081,0.799,0.374,0.509,0.859,0.99,0.304,0.873,0.307,0.282,0.438,0.749,0.054,0.758,0.723,0.071,0.526,0.29,0.082,0.58,0.769,0.193,0.317,0.294,0.275,0.693,0.316,0.117,0.106,0.144,0.779,0.124,0.843,0.863,0.873,0.283,0.319
0.0,0.853,0.565,0.531,0.129,0.903,0.455,0.807,0.133,0.798,0.18,0.088,0.633,0.433,0.774,0.355,0.22,0.373,0.18,0.344,0.981,0.343,0.646,0.003,0.477,0.506,0.669,0.483,0.807,0.044,0.948,0.566,0.985,0.894,0.644,0.248,0.266,0.469,0.387,0.191,0.753
1.0,0.617,0.345,0.729,0.083,0.014,0.719,0.324,0.14,0.179,0.51,0.689,0.467,0.383,0.605,0.89,0.635,0.325,0.638,0.236,0.807,0.532,0.402,0.621,0.296,0.899,0.374,0.267,0.496,0.767,0.708,0.37,0.67,0.678,0.098,0.933,0.821,0.562,0.869,0.617,0.843
1.0,0.248,0.473,0.757,0.225,0.406,0.043,0.4,0.861,0.215,0.933,0.495,0.765,0.343,0.29,0.728,0.109,0.204,0.661,0.971,0.414,0.719,0.226,0.492,0.769,0.292,0.506,0.23,0.121,0.339,0.342,0.027,0.106,0.68,0.908,0.4,0.142,0.247,0.02,0.108,0.677
1.0,0.446,0.194,0.31,0.211,0.291,0.558,0.652,0.02,0.37,0.597,0.661,0.151,0.009,0.631,0.592,0.123,0.218,0.514,0.562,0.468,0.789,0.838,0.728,0.126,0.491,0.229,0.037,0.707,0.103,0.312,0.813,0.154,0.567,0.707,0.326,0.321,0.079,0.678,0.539,0.482
1.0,0.455,0.168,0.957,0.684,0.681,0.135,0.471,0.297,0.543,0.58,0.705,0.315,0.914,0.893,0.345,0.044,0.333,0.334,0.553,0.583,0.255,0.759,0.161,0.84,0.77,0.371,0.856,0.908,0.079,0.648,0.205,0.837,0.292,0.9,0.913,0.201,0.729,0.588,0.543,0.419
0.0,0.661,0.156,0.617,0.584,0.2,0.226,0.656,0.276,0.688,0.151,0.978,0.138,0.418,0.931,0.564,0.911,0.609,0.684,0.916,0.422,0.423,0.11,0.929,0.423,0.64,0.304,0.51,0.225,0.572,0.066,0.201,0.182,0.694,0.492,0.751,0.223,0.016,0.378,0.291,0.207
0.0,0.762,0.778,0.545,0.871,0.562,0.413,0.158,0.648,0.415,0.187,0.093,0.898,0.706,0.703,0.115,0.386,0.45,0.517,0.327,0.765,0.654,0.214,0.978,0.898,0.867,0.769,0.738,0.191,0.728,0.826,0.91,0.841,0.398,0.127,0.698,0.889,0.064,0.876,0.832,0.52
1.0,0.784,0.15,0.44,0.133,0.577,0.077,0.237,0.259,0.72,0.11,0.024,0.132,0.101,0.589,0.217,0.506,0.32,0.232,0.273,0.133,0.159,0.169,0.487,0.247,0.219,0.149,0.995,0.103,0.176,0.002,0.432,0.793,0.203,0.993,0.9,0.302,0.066,0.141,0.953,0.531
0.0,0.768,0.263,0.791,0.075,0.995,0.341,0.406,0.001,0.567,0.028,0.794,0.415,0.846,0.431,0.179,0.148,0.327,0.975,0.324,0.415,0.244,0.367,0.565,0.002,0.102,0.065,0.646,0.365,0.926,0.096,0.008,0.357,0.671,0.996,0.155,0.805,0.561,0.001,0.473,0.916
1.0,0.087,0.011,0.244,0.621,0.31,0.907,0.026,0.466,0.743,0.888,0.683,0.394,0.691,0.339,0.819,0.764,0.287,0.591,0.903,0.173,0.861,0.116,0.745,0.029,0.797,0.846,0.675,0.146,0.411,0.818,0.44,0.12,0.452,0.436,0.352,0.771,0.136,0.248,0.764,0.795
1.0,0.546,0.222,0.634,0.285,0.775,0.88,0.776,0.244,0.763,0.613,0.711,0.37,0.947,0.334,0.919,0.234,0.809,0.523,0.333,0.978,0.521,0.465,0.502,0.314,0.696,0.104,0.166,0.096,0.185,0.798,0.739,0.286,0.836,0.992,0.795,0.021,0.933,0.329,0.181,0.118
1.0,0.215,0.998,0.094,0.048,0.39,0.321,0.227,0.389,0.985,0.318,0.109,0.299,0.802,0.978,0.124,0.045,0.44,0.913,0.4,0.077,0.079,0.373,0.73,0.976,0.506,0.397,0.691,0.279,0.057,0.259,0.504,0.602,0.924,0.826,0.114,0.688,0.683,0.397,0.625,0.582
1.0,0.902,0.571,0.729,0.759,0.116,0.521,0.216,0.998,0.504,0.028,0.119,0.43,0.484,0.19,0.75,0.175,0.148,0.313,0.542,0.284,0.397,0.97,0.305,0.534,0.353,0.164,0.089,0.07,0.41,0.452,0.181,0.781,0.258,0.167,0.033,0.476,0.72,0.707,0.961,0.38
0.0,0.735,0.05,0.316,0.336,0.502,0.942,0.67,0.306,0.425,0.889,0.144,0.98,0.041,0.163,0.391,0.463,0.576,0.126,0.076,0.202,0.314,0.158,0.281,0.793,0.747,0.677,0.588,0.394,0.123,0.707,0.306,0.383,0.054,0.967,0.714,0.147,0.082,0.522,0.959,0.105
1.0,0.367,0.231,0.786,0.879,0.446,0.502,0.626,0.397,0.193,0.619,0.706,0.548,0.222,0.432,0.999,0.925,0.506,0.368,0.022,0.922,0.027,0.286,0.122,0.242,0.549,0.486,0.952,0.993,0.298,0.152,0.163,0.086,0.617,0.433,0.652,0.069,0.899,0.139,0.876,0.571
1.0,0.426,0.845,0.019,0.719,0.694,0.577,0.632,0.415,0.203,0.416,0.232,0.762,0.474,0.992,0.781,0.044,0.515,0.681,0.774,0.336,0.259,0.938,0.59,0.049,0.88,0.98,0.759,0.119,0.276,0.28,0.167,0.024,0.119,0.014,0.965,0.84,0.04,0.822,0.771,0.689
0.0,0.576,0.477,0.071,0.722,0.856,0.821,0.169,0.598,0.643,0.621,0.169,0.055,0.219,0.384,0.687,0.741,0.5,0.632,0.876,0.001,0.93,0.513,0.312,0.81,0.128,0.852,0.674,0.611,0.01,0.061,0.005,0.5,0.648,0.405,0.605,0.754,0.276,0.744,0.108,0.269
0.0,0.408,0.408,0.748,0.042,0.912,0.984,0.208,0.523,0.978,0.349,0.602,0.827,0.721,0.761,0.643,0.307,0.658,0.075,0.047,0.128,0.222,0.846,0.015,0.144,0.746,0.347,0.575,0.966,0.047,0.656,0.67,0.517,0.835,0.637,0.208,0.199,0.143,0.723,0.166,0.652
0.0,0.3,0.633,0.889,0.005,0.654,0.253,0.027,0.561,0.123,0.072,0.381,0.965,0.469,0.65,0.146,0.915,0.457,0.539,0.816,0.507,0.536,0.583,0.745,0.282,0.74,0.311,0.06,0.912,0.714,0.796,0.453,0.085,0.397,0.081,0.381,0.812,0.292,0.466,0.672,0.634
1.0,0.728,0.874,0.457,0.514,0.106,0.268,0.576,0.226,0.491,0.467,0.892,0.089,0.803,0.981,0.064,0.018,0.043,0.6,0.95,0.206,0.609,0.964,0.486,0.793,0.306,0.929,0.991,0.7,0.385,0.5,0.403,0.095,0.074,0.682,0.231,0.946,0.78,0.693,0.775,0.128
0.0,0.126,0.571,0.35,0.983,0.803,0.149,0.185,0.299,0.272,0.498,0.835,0.147,0.296,0.878,0.183,0.089,0.065,0.89,0.448,0.263,0.792,0.227,0.865,0.678,0.192,0.839,0.007,0.866,0.073,0.029,0.001,0.845,0.563,0.295,0.389,0.515,0.275,0.225,0.668,0.09
1.0,0.453,0.965,0.384,0.055,0.774,0.707,0.514,0.715,0.701,0.736,0.962,0.201,0.461,0.742,0.963,0.463,0.331,0.03,0.643,0.132,0.535,0.07,0.289,0.29,0.745,0.138,0.957,0.004,0.006,0.675,0.507,0.659,0.706,0.365,0.998,0.126,0.867,0.356,0.294,0.024
1.0,0.144,0.46,0.628,0.423,0.538,0.935,0.392,0.998,0.796,0.621,0.585,0.196,0.204,0.103,0.613,0.753,0.216,0.877,0.998,0.933,0.424,0.503,0.147,0.927,0.035,0.213,0.864,0.046,0.03,0.482,0.475,0.005,0.522,0.162,0.371,0.129,0.301,0.927,0.692,0.954
0.0,0.246,0.393,0.07,0.684,0.727,0.019,0.042,0.644,0.271,0.6,0.199,0.012,0.898,0.358,0.685,0.807,0.509,0.418,0.999,0.087,0.428,0.995,0.905,0.435,0.951,0.602,0.162,0.554,0.786,0.407,0.988,0.063,0.02,0.095,0.662,0.551,0.077,0.302,0.308,0.968
0.0,0.015,0.587,0.65,0.268,0.897,0.972,0.654,0.594,0.653,0.756,0.627,0.375,0.774,0.794,0.576,0.728,0.016,0.398,0.823,0.447,0.845,0.7,0.726,0.832,0.06,0.961,0.992,0.388,0.552,0.54,0.378,0.016,0.076,0.992,0.056,0.644,0.467,0.059,0.541,0.695
1.0,0.346,0.646,0.883,0.232,0.564,0.861,0.67,0.361,0.154,1.0,0.158,0.286,0.169,0.5,0.556,0.58,0.338,0.28,0.842,0.426,0.463,0.956,0.153,0.918,0.444,0.987,0.71,0.058,0.033,0.826,0.905,0.801,0.34,0.645,0.475,0.39,0.052,0.604,0.253,0.217
1.0,0.827,0.231,0.593,0.132,0.231,0.73,0.82,0.214,0.901,0.021,0.443,0.352,0.127,0.337,0.404,0.994,0.043,0.55,0.847,0.542,0.666,0.938,0.286,0.643,0.092,0.24,0.766,0.895,0.298,0.89,0.102,0.475,0.051,0.463,0.736,0.969,0.607,0.706,0.554,0.195
0.0,0.738,0.724,0.17,0.975,0.95,0.118,0.237,0.257,0.037,0.875,0.811,0.861,0.913,0.891,0.231,0.791,0.067,0.197,0.299,0.555,0.795,0.39,0.298,0.982,0.349,0.546,0.208,0.862,0.867,0.42,0.415,0.735,0.446,0.178,0.485,0.356,0.716,0.295,0.72,0.281
1.0,0.599,0.291,0.22,0.883,0.354,0.539,0.852,0.73,0.51,0.472,0.364,0.026,0.624,0.044,0.014,0.946,0.555,0.179,0.598,0.644,0.614,0.361,0.24,0.105,0.886,0.669,0.876,0.434,0.55,0.999,0.999,0.251,0.311,0.295,0.102,0.426,0.336,0.767,0.988,0.162
0.0,0.737,0.273,0.626,0.816,0.38,0.262,0.287,0.921,0.271,0.192,0.575,0.728,0.981,0.952,0.335,0.155,0.092,0.338,0.707,0.802,0.746,0.996,0.814,0.129,0.164,0.628,0.645,0.832,0.174,0.903,0.96,0.137,0.593,0.254,0.882,0.911,0.447,0.507,0.687,0.022
0.0,0.722,0.91,0.244,0.38,0.978,0.779,0.021,0.635,0.682,0.578,0.713,0.654,0.39,0.324,0.593,0.617,0.564,0.765,0.902,0.446,0.819,0.588,0.635,0.851,0.214,0.051,0.573,0.044,0.094,0.611,0.711,0.612,0.515,0.466,0.592,0.947,0.948,0.659,0.998,0.342
0.0,0.532,0.355,0.937,0.153,0.971,0.306,0.583,0.332,0.929,0.951,0.769,0.078,0.259,0.402,0.274,0.88,0.626,0.104,0.12,0.528,0.732,0.8,0.618,0.355,0.116,0.905,0.833,0.837,0.416,0.475,0.025,0.035,0.979,0.49,0.845,0.993,0.517,0.299,0.428,0.477
1.0,0.167,0.219,0.922,0.097,0.45,0.475,0.59,0.683,0.395,0.128,0.198,0.7,0.48,0.751,0.047,0.183,0.673,0.584,0.61,0.547,0.697,0.009,0.084,0.421,0.126,0.38,0.897,0.5,0.802,0.843,0.084,0.932,0.793,0.621,0.416,0.207,0.696,0.33,0.712,0.915
1.0,0.327,0.112,0.116,0.684,0.361,0.551,0.29,0.184,0.561,0.483,0.123,0.602,0.782,0.02,0.703,0.761,0.789,0.255,0.2,0.282,0.387,0.488,0.464,0.276,0.977,0.667,0.866,0.295,0.96,0.031,0.125,0.901,0.981,0.349,0.221,0.646,0.147,0.956,0.512,0.847
1.0,0.661,0.658,0.64,0.15,0.64,0.406,0.159,0.031,0.832,0.441,0.168,0.057,0.815,0.159,0.611,0.036,0.607,0.982,0.144,0.062,0.87,0.417,0.191,0.63,0.643,0.4,0.508,0.994,0.442,0.697,0.02,0.747,0.667,0.643,0.336,0.194,0.246,0.976,0.153,0.727
1.0,0.268,0.114,0.98,0.042,0.283,0.317,0.205,0.629,0.512,0.935,0.72,0.422,0.316,0.92,0.665,0.63,0.966,0.738,0.166,0.585,0.513,0.577,0.546,0.592,0.143,0.013,0.503,0.354,0.425,0.496,0.225,0.221,0.123,0.013,0.806,0.582,0.406,0.606,0.036,0.552
0.0,0.786,0.169,0.731,0.726,0.939,0.098,0.791,0.35,0.52,0.098,0.995,0.088,0.857,0.717,0.892,0.222,0.201,0.73,0.607,0.723,0.897,0.685,0.851,0.113,0.643,0.247,0.201,0.466,0.059,0.032,0.893,0.421,0.044,0.53,0.405,0.258,0.715,0.992,0.454,0.468
0.0,0.039,0.766,0.468,0.115,0.439,0.714,0.292,0.178,0.428,0.108,0.652,0.916,0.817,0.58,0.8,0.231,0.554,0.547,0.923,0.95,0.57,0.098,0.168,0.474,0.859,0.256,0.119,0.206,0.102,0.237,0.458,0.248,0.263,0.914,0.033,0.507,0.685,0.477,0.466,0.664
0.0,0.033,0.189,0.031,0.197,0.303,0.023,0.548,0.114,0.748,0.569,0.512,0.997,0.63,0.295,0.582,0.822,0.765,0.393,0.247,0.455,0.513,0.434,0.38,0.327,0.817,0.824,0.658,0.323,0.279,0.821,0.368,0.978,0.473,0.811,0.413,0.486,0.011,0.249,0.799,0.304
1.0,0.308,0.53,0.339,0.906,0.393,0.03,0.867,0.227,0.939,0.69,0.695,0.557,0.007,0.214,0.594,0.423,0.652,0.589,0.853,0.551,0.993,0.443,0.974,0.776,0.218,0.667,0.546,0.091,0.658,0.472,0.768,0.172,0.116,0.19,0.56,0.644,0.099,0.692,0.165,0.853
1.0,0.221,0.885,0.799,0.485,0.777,0.823,0.254,0.896,0.441,0.048,0.072,0.137,0.581,0.475,0.314,0.906,0.361,0.484,0.923,0.197,0.416,0.02,0.564,0.788,0.654,0.507,0.973,0.958,0.36,0.427,0.493,0.464,0.817,0.945,0.365,0.628,0.43,0.262,0.775,0.817
0.0,0.405,0.731,0.449,0.679,0.658,0.898,0.931,0.998,0.793,0.481,0.348,0.822,0.983,0.244,0.743,0.618,0.662,0.8,0.783,0.291,0.742,0.959,0.154,0.761,0.414,0.972,0.171,0.385,0.252,0.729,0.929,0.526,0.366,0.675,0.908,0.755,0.558,0.54,0.867,0.862
1.0,0.859,0.714,0.319,0.508,0.278,0.424,0.056,0.104,0.495,0.29,0.639,0.236,0.505,0.519,0.742,0.241,0.753,0.307,0.799,0.413,0.704,0.847,0.264,0.181,0.194,0.057,0.998,0.922,0.249,0.994,0.781,0.351,0.698,0.292,0.563,0.005,0.842,0.538,0.186,0.398
1.0,0.246,0.718,0.148,0.11,0.754,0.764,0.897,0.437,0.92,0.966,0.237,0.51,0.333,0.525,0.051,0.073,0.333,0.66,0.497,0.235,0.369,0.253,0.594,0.592,0.262,0.781,0.421,0.475,0.955,0.3,0.697,0.042,0.18,0.615,0.358,0.476,0.489,0.427,0.261,0.309
0.0,0.575,0.441,0.969,0.017,0.874,0.512,0.759,0.205,0.125,0.316,0.37,0.006,0.147,1.0,0.014,0.177,0.525,0.519,0.336,0.691,0.191,0.399,0.62,0.037,0.042,0.963,0.985,0.579,0.209,0.28,0.54,0.176,0.194,0.476,0.165,0.607,0.189,0.655,0.929,0.189
1.0,0.372,0.377,0.52,0.26,0.518,0.149,0.059,0.016,0.242,0.62,0.762,0.17,0.935,0.847,0.415,0.28,0.256,0.98,0.717,0.84,0.412,0.853,0.159,0.133,0.313,0.53,0.004,0.567,0.449,0.356,0.719,0.513,0.045,0.118,0.727,0.856,0.482,0.776,0.135,0.522
1.0,0.595,0.826,0.567,0.069,0.719,0.928,0.481,0.118,0.582,0.054,0.812,0.081,0.959,0.745,0.813,0.345,0.725,0.588,0.612,0.908,0.034,0.881,0.712,0.36,0.665,0.188,0.869,0.207,0.477,0.52,0.7,0.622,0.139,0.737,0.889,0.902,0.999,0.039,0.719,0.522
1.0,0.837,0.391,0.798,0.123,0.806,0.343,0.616,0.262,0.221,0.66,0.99,0.096,0.27,0.759,0.879,0.125,0.415,0.731,0.94,0.912,0.183,0.618,0.535,0.681,0.493,0.323,0.744,0.646,0.339,0.613,0.298,0.658,0.965,0.984,0.768,0.183,0.29,0.961,0.19,0.132
1.0,0.648,0.534,0.549,0.484,0.645,0.901,0.174,0.197,0.539,0.669,0.119,0.487,0.87,0.347,0.87,0.932,0.105,0.519,0.524,0.384,0.864,0.275,0.608,0.095,0.307,0.405,0.873,0.045,0.019,0.817,0.584,0.143,0.669,0.165,0.591,0.498,0.962,0.103,0.461,0.68
1.0,0.818,0.972,0.479,0.307,0.026,0.666,0.464,0.777,0.131,0.403,0.803,0.509,0.829,0.718,0.004,0.351,0.633,0.966,0.075,0.955,0.749,0.201,0.003,0.599,0.228,0.011,0.184,0.519,0.105,0.102,0.266,0.711,0.878,0.231,0.497,0.034,0.558,0.601,0.696,0.027
0.0,0.376,0.757,0.21,0.632,0.003,0.557,0.699,0.991,0.423,0.343,0.201,0.997,0.532,0.492,0.399,0.461,0.657,0.114,0.841,0.651,0.63,0.286,0.104,0.811,0.433,0.388,0.179,0.262,0.436,0.525,0.555,0.912,0.355,0.534,0.128,0.465,0.19,0.228,0.173,0.19
0.0,0.703,0.9,0.715,0.97,0.459,0.057,0.815,0.354,0.246,0.308,0.748,0.207,0.733,0.948,0.595,0.431,0.759,0.354,0.275,0.762,0.179,0.741,0.905,0.337,0.867,0.209,0.788,0.947,0.789,0.82,0.012,0.484,0.463,0.875,0.578,0.769,0.49,0.759,0.301,0.205
1.0,0.69,0.88,0.81,0.262,0.306,0.84,0.61,0.231,0.517,0.654,0.184,0.253,0.944,0.452,0.818,0.228,0.405,0.712,0.22,0.455,0.785,0.085,0.187,0.374,0.123,0.721,0.057,0.686,0.65,0.894,0.622,0.677,0.896,0.162,0.223,0.694,0.477,0.148,0.196,0.082
0.0,0.045,0.236,0.487,0.99,0.204,0.636,0.781,0.106,0.296,0.42,0.793,0.842,0.258,0.928,0.366,0.029,0.115,0.927,0.093,0.93,0.701,0.225,0.435,0.2,0.991,0.087,0.597,0.51,0.244,0.524,0.818,0.244,0.089,0.288,0.075,0.251,0.869,0.977,0.458,0.403
1.0,0.781,0.5,0.721,0.024,0.544,0.141,0.817,0.952,0.867,0.068,0.13,0.488,0.555,0.807,0.069,0.948,0.292,0.132,0.904,0.236,0.7,0.165,0.12,0.468,0.38,0.98,0.48,0.479,0.514,0.696,0.112,0.395,0.755,0.138,0.356,0.068,0.211,0.544,0.539,0.146
1.0,0.052,0.801,0.644,0.45,0.306,0.599,0.147,0.78,0.285,0.199,0.619,0.523,0.303,0.119,0.546,0.024,0.706,0.316,0.638,0.69,0.699,0.527,0.524,0.533,0.037,0.84,0.649,0.425,0.735,0.926,0.913,0.362,0.805,0.162,0.192,0.422,0.011,0.824,0.444,0.869
0.0,0.922,0.659,0.974,0.033,0.689,0.093,0.36,0.098,0.613,0.082,0.042,0.811,0.111,0.56,0.779,0.369,0.374,0.924,0.357,0.819,0.698,0.526,0.71,0.399,0.065,0.33,0.232,0.712,0.247,0.192,0.642,0.617,0.577,0.734,0.926,0.411,0.562,0.814,0.806,0.49
0.0,0.877,0.773,0.385,0.993,0.205,0.168,0.289,0.453,0.481,0.625,0.606,0.057,0.212,0.591,0.884,0.228,0.737,0.87,0.839,0.215,0.016,0.925,0.817,0.731,0.463,0.539,0.637,0.935,0.599,0.929,0.115,0.925,0.124,0.095,0.854,0.222,0.073,0.135,0.141,0.425
1.0,0.492,0.153,0.216,0.338,0.49,0.281,0.709,0.944,0.078,0.427,0.674,0.203,0.11,0.467,0.944,0.981,0.68,0.71,0.045,0.518,0.782,0.68,0.043,0.645,0.18,0.072,0.811,0.019,0.633,0.385,0.601,0.728,0.801,0.415,0.918,0.777,0.203,0.748,0.633,0.236
1.0,0.428,0.279,0.484,0.663,0.087,0.454,0.814,0.635,0.068,0.994,0.794,0.178,0.765,0.385,0.046,0.219,0.426,0.561,0.288,0.636,0.211,0.768,0.871,0.072,0.575,0.296,0.126,0.218,0.161,0.601,0.024,0.267,0.053,0.051,0.286,0.776,0.338,0.427,0.82,0.192
0.0,0.606,0.588,0.985,0.022,0.28,0.029,0.535,0.768,0.051,0.435,0.086,0.985,0.927,0.038,0.936,0.4,0.005,0.832,0.714,0.217,0.021,0.283,0.528,0.685,0.011,0.61,0.082,0.257,0.051,0.722,0.825,0.4,0.458,0.247,0.256,0.836,0.48,0.334,0.197,0.51
0.0,0.617,0.527,0.119,0.808,0.257,0.78,0.455,0.979,0.353,0.406,0.096,0.961,0.501,0.96,0.195,0.856,0.725,0.622,0.803,0.824,0.587,0.343,0.914,0.83,0.697,0.744,0.383,0.562,0.283,0.251,0.703,0.578,0.442,0.621,0.952,0.793,0.665,0.913,0.512,0.711
1.0,0.579,0.156,0.043,0.436,0.423,0.301,0.792,0.687,0.333,0.892,0.462,0.194,0.59,0.569,0.494,0.068,0.139,0.988,0.815,0.636,0.901,0.569,0.56,0.788,0.278,0.333,0.809,0.249,0.268,0.255,0.448,0.185,0.003,0.88,0.36,0.621,0.537,0.96,0.342,0.367
0.0,0.916,0.209,0.846,0.12,0.007,0.889,0.898,0.011,0.685,0.116,0.816,0.2,0.325,0.907,0.63,0.775,0.971,0.344,0.752,0.255,0.129,0.537,0.956,0.394,0.293,0.216,0.015,0.632,0.921,0.579,0.087,0.462,0.647,0.943,0.16,0.15,0.49,0.614,0.003,0.563
1.0,0.02,0.705,0.325,0.699,0.841,0.125,0.95,0.358,0.531,0.026,0.934,0.363,0.253,0.375,0.888,0.944,0.069,0.061,0.829,0.082,0.135,0.547,0.687,0.525,0.789,0.775,0.5,0.05,0.533,0.29,0.36,0.882,0.6,0.989,0.149,0.876,0.829,0.319,0.925,0.222
1.0,0.433,0.608,0.753,0.046,0.791,0.197,0.078,0.249,0.689,0.324,0.422,0.188,0.858,0.426,0.628,0.368,0.87,0.622,0.517,0.37,0.929,0.544,0.048,0.687,0.218,0.229,0.185,0.265,0.554,0.104,0.018,0.395,0.048,0.958,0.328,0.287,0.653,0.333,0.755,0.12
0.0,0.03,0.278,0.687,0.586,0.132,0.04,0.836,0.44,0.994,0.307,0.155,0.171,0.722,0.462,0.539,0.909,0.176,0.879,0.084,0.144,0.153,0.068,0.993,0.252,0.137,0.665,0.425,0.352,0.193,0.155,0.035,0.94,0.841,0.49,0.575,0.606,0.085,0.298,0.899,0.123
0.0,0.893,0.781,0.467,0.262,0.702,0.334,0.224,0.249,0.441,0.153,0.243,0.395,0.748,0.303,0.649,0.82,0.245,0.473,0.828,0.937,0.826,0.594,0.876,0.369,0.884,0.563,0.504,0.883,0.31,0.284,0.581,0.92,0.693,0.212,0.434,0.854,0.279,0.939,0.819,0.803
1.0,0.691,0.476,0.66,0.299,0.864,0.551,0.289,0.564,0.437,0.958,0.43,0.18,0.088,0.724,0.339,0.052,0.441,0.38,0.834,0.482,0.045,0.983,0.946,0.471,0.035,0.613,0.134,0.59,0.609,0.965,0.538,0.041,0.249,0.272,0.135,0.385,0.35,0.268,0.868,0.027
0.0,0.869,0.96,0.273,0.94,0.282,0.914,0.024,0.204,0.019,0.935,0.363,0.967,0.529,0.013,0.038,0.487,0.823,0.362,0.45,0.07,0.762,0.252,0.122,0.684,0.008,0.471,0.773,0.687,0.856,0.606,0.711,0.993,0.064,0.17,0.564,0.973,0.247,0.381,0.194,0.548
1.0,0.815,0.661,0.228,0.497,0.182,0.068,0.79,0.028,0.452,0.673,0.006,0.256,0.858,0.097,0.06,0.447,0.102,0.916,0.647,0.381,0.258,0.375,0.029,0.119,0.393,0.921,0.805,0.705,0.615,0.928,0.602,0.91,0.006,0.305,0.981,0.57,0.559,0.876,0.835,0.998
0.0,0.998,0.036,0.822,0.06,0.909,0.268,0.494,0.386,0.395,0.292,0.582,0.619,0.335,0.544,0.032,0.336,0.052,0.256,0.504,0.997,0.152,0.302,0.457,0.867,0.015,0.512,0.45,0.983,0.241,0.786,0.612,0.574,0.667,0.655,0.089,0.116,0.158,0.788,0.118,0.779
0.0,0.096,0.907,0.27,0.237,0.602,0.654,0.372,0.023,0.573,0.673,0.351,0.258,0.757,0.888,0.417,0.172,0.185,0.095,0.908,0.04,0.565,0.914,0.946,0.993,0.667,0.937,0.094,0.971,0.328,0.876,0.594,0.644,0.955,0.037,0.98,0.811,0.333,0.845,0.432,0.671
1.0,0.006,0.312,0.688,0.022,0.714,0.11,0.862,0.355,0.167,0.807,0.5,0.061,0.476,0.728,0.475,0.578,0.104,0.864,0.416,0.249,0.125,0.097,0.04,0.158,0.029,0.601,0.927,0.374,0.55,0.727,0.806,0.496,0.635,0.869,0.964,0.551,0.565,0.01,0.469,0.568
1.0,0.398,0.339,0.827,0.83,0.059,0.36,0.503,0.759,0.462,0.577,0.074,0.606,0.472,0.566,0.357,0.711,0.61,0.636,0.953,0.802,0.917,0.754,0.435,0.439,0.631,0.86,0.876,0.267,0.639,0.101,0.234,0.741,0.492,0.736,0.026,0.856,0.163,0.315,0.881,0.798
0.0,0.541,0.389,0.711,0.013,0.16,0.108,0.06,0.879,0.208,0.367,0.986,0.807,0.923,0.197,0.386,0.724,0.774,0.388,0.02,0.57,0.012,0.843,0.207,0.434,0.88,0.021,0.249,0.155,0.966,0.241,0.888,0.603,0.484,0.483,0.579,0.523,0.506,0.339,0.286,0.614
0.0,0.964,0.199,0.502,0.454,0.88,0.405,0.549,0.368,0.712,0.541,0.822,0.14,0.505,0.113,0.412,0.313,0.492,0.996,0.962,0.885,0.707,0.451,0.153,0.672,0.579,0.434,0.267,0.352,0.226,0.04,0.676,0.273,0.141,0.084,0.923,0.883,0.657,0.913,0.262,0.009
1.0,0.702,0.453,0.967,0.409,0.161,0.693,0.552,0.363,0.612,0.086,0.675,0.318,0.854,0.498,0.607,0.414,0.266,0.139,0.386,0.404,0.525,0.951,0.291,0.936,0.694,0.096,0.336,0.054,0.132,0.117,0.357,0.348,0.135,0.583,0.837,0.26,0.744,0.022,0.613,0.586
1.0,0.354,0.472,0.324,0.383,0.075,0.3,0.362,0.313,0.117,0.535,0.19,0.575,0.8,0.767,0.569,0.576,0.028,0.549,0.617,0.208,0.671,0.534,0.752,0.569,0.13,0.032,0.386,0.829,0.61,0.417,0.186,0.298,0.946,0.518,0.119,0.542,0.449,0.684,0.302,0.968
0.0,0.754,0.8,0.746,0.061,0.32,0.564,0.688,0.621,0.107,0.39,0.908,0.946,0.459,0.051,0.937,0.532,0.604,0.146,0.758,0.354,0.673,0.123,0.755,0.244,0.709,0.316,0.412,0.77,0.542,0.091,0.092,0.556,0.292,0.441,0.997,0.018,0.035,0.276,0.915,0.118
0.0,0.104,0.782,0.308,0.072,0.415,0.605,0.221,0.885,0.458,0.444,0.453,0.917,0.444,0.041,0.983,0.393,0.739,0.296,0.605,0.148,0.915,0.953,0.894,0.798,0.66,0.339,0.775,0.508,0.182,0.781,0.837,0.971,0.831,0.031,0.589,0.999,0.151,0.067,0.742,0.403
0.0,0.141,0.455,0.722,0.767,0.99,0.916,0.397,0.983,0.879,0.593,0.619,0.332,0.284,0.285,0.388,0.795,0.767,0.285,0.411,0.762,0.277,0.586,0.687,0.838,0.903,0.38,0.388,0.135,0.054,0.854,0.659,0.567,0.91,0.88,0.839,0.133,0.937,0.201,0.16,0.173
1.0,0.742,0.299,0.468,0.045,0.363,0.572,0.893,0.788,0.973,0.626,0.884,0.723,0.586,0.619,0.293,0.689,0.389,0.668,0.969,0.912,0.865,0.418,0.119,0.583,0.917,0.498,0.769,0.393,0.453,0.238,0.045,0.807,0.147,0.888,0.877,0.677,0.962,0.502,0.221,0.183
0.0,0.948,0.092,0.411,0.255,0.99,0.837,0.334,0.547,0.096,0.321,0.832,0.222,0.679,0.784,0.582,0.122,0.545,0.026,0.432,0.804,0.427,0.552,0.386,0.46,0.003,0.708,0.779,0.74,0.766,0.091,0.99,0.865,0.938,0.966,0.508,0.337,0.866,0.553,0.297,0.235
1.0,0.932,0.863,0.967,0.283,0.483,0.393,0.59,0.273,0.218,0.219,0.377,0.333,0.721,0.73,0.755,0.87,0.851,0.506,0.776,0.647,0.478,0.997,0.58,0.264,0.3,0.006,0.057,0.564,0.233,0.929,0.236,0.406,0.62,0.756,0.33,0.876,0.063,0.882,0.063,0.223
1.0,0.091,0.652,0.329,0.619,0.519,0.925,0.033,0.481,0.423,0.42,0.881,0.02,0.082,0.292,0.86,0.713,0.141,0.708,0.653,0.797,0.541,0.372,0.502,0.261,0.929,0.249,0.594,0.726,0.243,0.749,0.334,0.489,0.819,0.817,0.412,0.53,0.129,0.235,0.315,0.527
0.0,0.502,0.293,0.14,0.824,0.751,0.018,0.548,0.831,0.167,0.964,0.272,0.93,0.951,0.973,0.902,0.474,0.527,0.319,0.132,0.183,0.768,0.681,0.198,0.664,0.409,0.767,0.671,0.32,0.363,0.587,0.291,0.612,0.453,0.794,0.131,0.415,0.935,0.913,0.078,0.458
0.0,0.151,0.603,0.26,0.384,0.969,0.796,0.363,0.171,0.111,0.794,0.397,0.377,0.074,0.724,0.617,0.45,0.908,0.683,0.169,0.253,0.825,0.824,0.381,0.337,0.825,0.184,0.092,0.675,0.365,0.187,0.357,0.986,0.677,0.669,0.278,0.252,0.012,0.958,0.52,0.616
0.0,0.0,0.92,0.333,0.14,0.577,0.418,0.243,0.833,0.718,0.103,0.208,0.382,0.336,0.404,0.956,0.875,0.792,0.704,0.703,0.689,0.501,0.771,0.844,0.446,0.41,0.452,0.944,0.908,0.595,0.356,0.21,0.258,0.848,0.149,0.685,0.494,0.532,0.072,0.177,0.955
1.0,0.913,0.844,0.575,0.967,0.199,0.977,0.022,0.042,0.771,0.952,0.262,0.372,0.555,0.057,0.085,0.784,0.974,0.257,0.67,0.472,0.622,0.953,0.217,0.578,0.43,0.652,0.829,0.688,0.491,0.961,0.421,0.222,0.043,0.865,0.399,0.971,0.057,0.345,0.145,0.827
0.0,0.316,0.96,0.719,0.253,0.125,0.257,0.462,0.593,0.717,0.191,0.622,0.962,0.602,0.06,0.616,0.229,0.781,0.953,0.771,0.209,0.548,0.536,0.095,0.217,0.641,0.126,0.4,0.723,0.816,0.115,0.17,0.048,0.98,0.446,0.313,0.497,0.34,0.949,0.224,0.843
1.0,0.862,0.482,0.844,0.126,0.635,0.059,0.648,0.426,0.962,0.555,0.478,0.05,0.819,0.676,0.063,0.156,0.234,0.826,0.943,0.468,0.091,0.297,0.127,0.408,0.147,0.031,0.412,0.733,0.63,0.343,0.46,0.661,0.632,0.871,0.168,0.745,0.991,0.374,0.091,0.914
0.0,0.323,0.398,0.564,0.916,0.049,0.574,0.508,0.689,0.739,0.513,0.25,0.188,0.671,0.275,0.016,0.185,0.532,0.684,0.41,0.879,0.693,0.964,0.926,0.956,0.31,0.096,0.052,0.08,0.066,0.9,0.115,0.362,0.391,0.696,0.226,0.146,0.966,0.008,0.748,0.989
1.0,0.641,0.543,0.435,0.057,0.162,0.141,0.694,0.047,0.022,0.093,0.123,0.336,0.805,0.359,0.469,0.844,0.259,0.528,0.033,0.462,0.357,0.038,0.176,0.358,0.925,0.11,0.52,0.288,0.647,0.917,0.541,0.052,0.244,0.138,0.28,0.2,0.267,0.364,0.621,0.642
1.0,0.195,0.058,0.14,0.173,0.358,0.809,0.028,0.328,0.532,0.798,0.657,0.492,0.674,0.36,0.789,0.29,0.674,0.605,0.744,0.771,0.574,0.67,0.245,0.231,0.039,0.412,0.817,0.926,0.589,0.27,0.835,0.935,0.381,0.595,0.141,0.809,0.852,0.763,0.064,0.21
1.0,0.456,0.849,0.821,0.219,0.123,0.267,0.294,0.21,0.088,0.58,0.552,0.587,0.237,0.168,0.953,0.767,0.97,0.372,0.342,0.302,0.652,0.195,0.249,0.766,0.32,0.082,0.201,0.166,0.173,0.648,0.352,0.642,0.701,0.965,0.176,0.937,0.273,0.728,0.147,0.078
1.0,0.418,0.331,0.415,0.418,0.611,0.49,0.227,0.629,0.356,0.864,0.153,0.686,0.075,0.523,0.042,0.303,0.162,0.449,0.786,0.095,0.95,0.258,0.409,0.246,0.433,0.93,0.923,0.999,0.378,0.745,0.741,0.354,0.118,0.883,0.685,0.977,0.309,0.708,0.83,0.819
1.0,0.668,0.084,0.753,0.871,0.457,0.099,0.825,0.418,0.704,0.617,0.547,0.508,0.759,0.742,0.302,0.003,0.348,0.625,0.761,0.199,0.026,0.349,0.18,0.902,0.93,0.977,0.197,0.863,0.77,0.194,0.828,0.797,0.487,0.1,0.494,0.74,0.662,0.718,0.567,0.583
0.0,0.992,0.302,0.837,0.828,0.85,0.411,0.411,0.334,0.383,0.472,0.088,0.569,0.408,0.516,0.937,0.226,0.421,0.029,0.111,0.876,0.183,0.534,0.327,0.797,0.288,0.832,0.681,0.675,0.408,0.428,0.932,0.677,0.449,0.062,0.482,0.783,0.722,0.023,0.438,0.55
0.0,0.218,0.561,1.0,0.713,0.936,0.105,0.728,0.548,0.977,0.116,0.234,0.307,0.42,0.135,0.445,0.191,0.852,0.264,0.426,0.891,0.574,0.261,0.629,0.966,0.7,0.579,0.964,0.027,0.188,0.346,0.625,0.296,0.485,0.757,0.031,0.157,0.752,0.992,0.792,0.953
0.0,0.898,0.168,0.777,0.225,0.991,0.036,0.197,0.519,0.828,0.911,0.846,0.013,0.067,0.113,0.306,0.365,0.2,0.546,0.391,0.459,0.197,0.471,0.553,0.875,0.185,0.162,0.694,0.951,0.116,0.559,0.224,0.94,0.921,0.194,0.693,0.805,0.153,0.062,0.487,0.031
1.0,0.116,0.616,0.426,0.544,0.666,0.28,0.016,0.113,0.823,0.608,0.323,0.13,0.437,0.38,0.963,0.166,0.446,0.084,0.319,0.929,0.769,0.908,0.007,0.499,0.699,0.214,0.52,0.556,0.999,0.848,0.383,0.796,0.197,0.055,0.203,0.672,0.388,0.781,0.807,0.694
1.0,0.966,0.177,0.163,0.71,0.664,0.083,0.597,0.133,0.32,0.038,0.784,0.292,0.452,0.801,0.123,0.989,0.189,0.672,0.968,0.946,0.562,0.157,0.486,0.528,0.949,0.909,0.35,0.733,0.098,0.21,0.271,0.112,0.676,0.105,0.093,0.995,0.086,0.379,0.744,0.156
0.0,0.265,0.757,0.701,0.677,0.046,0.432,0.363,0.466,0.9,0.923,0.744,0.943,0.512,0.971,0.282,0.164,0.608,0.688,0.898,0.488,0.667,0.62,0.078,0.162,0.394,0.352,0.141,0.188,0.686,0.053,0.954,0.634,0.46,0.623,0.998,0.82,0.893,0.083,0.574,0.686
0.0,0.136,0.502,0.518,0.526,0.882,0.342,0.709,0.7,0.812,0.183,0.228,0.415,0.531,0.053,0.495,0.958,0.391,0.16,0.756,0.294,0.646,0.813,0.429,0.649,0.102,0.04,0.404,0.785,0.873,0.024,0.374,0.267,0.892,0.959,0.638,0.77,0.357,0.941,0.117,0.099
1.0,0.045,0.457,0.322,0.863,0.125,0.074,0.62,0.821,0.784,0.06,0.09,0.709,0.646,0.022,0.369,0.621,0.804,0.471,0.74,0.576,0.488,0.237,0.447,0.609,0.946,0.339,0.422,0.402,0.054,0.627,0.233,0.716,0.012,0.417,0.162,0.765,0.336,0.827,0.735,0.342
0.0,0.54,0.647,0.904,0.022,0.155,0.145,0.998,0.416,0.513,0.835,0.441,0.13,0.324,0.618,0.92,0.182,0.396,0.558,0.609,0.121,0.228,0.38,0.916,0.435,0.809,0.325,0.975,0.788,0.466,0.656,0.645,0.784,0.512,0.674,0.325,0.011,0.82,0.59,0.467,0.178
1.0,0.977,0.263,0.74,0.183,0.873,0.92,0.088,0.189,0.405,0.217,0.303,0.614,0.923,0.195,0.797,0.174,0.766,0.457,0.139,0.137,0.632,0.214,0.845,0.447,0.092,0.981,0.508,0.934,0.908,0.306,0.091,0.44,0.018,0.552,0.046,0.634,0.223,0.936,0.245,0.587
1.0,0.638,0.999,0.456,0.979,0.576,0.227,0.185,0.282,0.21,0.475,0.164,0.706,0.489,0.648,0.079,0.076,0.478,0.913,0.508,0.243,0.902,0.345,0.241,0.558,0.073,0.536,0.632,0.706,0.547,0.912,0.048,0.86,0.765,0.315,0.113,0.731,0.547,0.37,0.3,0.894
0.0,0.692,0.829,0.759,0.538,0.933,0.463,0.125,0.117,0.726,0.83,0.027,0.14,0.356,0.423,0.405,0.428,0.988,0.48,0.206,0.041,0.434,0.263,0.179,0.242,0.736,0.005,0.761,0.831,0.271,0.624,0.922,0.902,0.163,0.846,0.446,0.363,0.602,0.355,0.002,0.544
1.0,0.457,0.55,0.644,0.997,0.656,0.21,0.445,0.575,0.504,0.449,0.884,0.566,0.235,0.354,0.562,0.036,0.578,0.747,0.801,0.603,0.576,0.809,0.424,0.565,0.61,0.121,0.542,0.285,0.781,0.401,0.709,0.266,0.839,0.115,0.264,0.369,0.772,0.731,0.735,0.655
1.0,0.939,0.872,0.748,0.939,0.432,0.763,0.895,0.08,0.412,0.354,0.292,0.272,0.495,0.877,0.247,0.448,0.851,0.699,0.195,0.191,0.104,0.457,0.269,0.754,0.291,0.789,0.875,0.866,0.076,0.676,0.953,0.769,0.597,0.895,0.733,0.978,0.847,0.355,0.535,0.719
0.0,0.128,0.848,0.413,0.036,0.116,0.612,0.814,0.525,0.272,0.489,0.21,0.385,0.887,0.181,0.481,0.627,0.701,0.308,0.261,0.433,0.161,0.468,0.458,0.527,0.775,0.475,0.485,0.053,0.989,0.05,0.776,0.419,0.936,0.237,0.07,0.924,0.403,0.692,0.82,0.728
1.0,0.792,0.615,0.75,0.428,0.331,0.228,0.427,0.789,0.888,0.932,0.229,0.564,0.952,0.256,0.95,0.92,0.952,0.533,0.672,0.876,0.143,0.353,0.531,0.276,0.451,0.896,0.122,0.916,0.473,0.276,0.467,0.142,0.97,0.787,0.411,0.876,0.212,0.754,0.179,0.219
1.0,0.367,0.374,0.426,0.16,0.435,0.509,0.15,0.471,0.365,0.881,0.353,0.756,0.586,0.62,0.689,0.02,0.841,0.686,0.98,0.145,0.873,0.327,0.501,0.594,0.619,0.057,0.2,0.478,0.897,0.057,0.203,0.125,0.969,0.175,0.673,0.293,0.425,0.923,0.858,0.55
0.0,0.985,0.697,0.93,0.582,0.12,0.782,0.942,0.111,0.842,0.036,0.708,0.009,0.343,0.598,0.305,0.236,0.727,0.193,0.886,0.052,0.987,0.268,0.91,0.134,0.484,0.619,0.005,0.638,0.912,0.941,0.066,0.711,0.173,0.462,0.238,0.157,0.137,0.854,0.889,0.078
0.0,0.762,0.355,0.444,0.947,0.997,0.054,0.49,0.707,0.035,0.401,0.172,0.358,0.228,0.512,0.118,0.167,0.448,0.153,0.064,0.2,0.044,0.745,0.775,0.994,0.637,0.434,0.663,0.056,0.646,0.984,0.579,0.062,0.121,0.737,0.746,0.237,0.317,0.994,0.439,0.362
0.0,0.479,0.284,0.317,0.343,0.926,0.29,0.354,0.395,0.845,0.59,0.036,0.088,0.932,0.248,0.053,0.298,0.908,0.593,0.588,0.866,0.025,0.365,0.645,0.662,0.741,0.95,0.49,0.436,0.456,0.783,0.292,0.308,0.509,0.165,0.986,0.001,0.004,0.695,0.053,0.647
0.0,0.353,0.383,0.628,0.926,0.415,0.227,0.382,0.935,0.252,0.68,0.054,0.951,0.357,0.837,0.516,0.027,0.288,0.771,0.963,0.695,0.388,0.666,0.267,0.735,0.048,0.073,0.764,0.368,0.887,0.158,0.045,0.051,0.028,0.958,0.119,0.073,0.121,0.141,0.674,0.107
1.0,0.356,0.56,0.632,0.9,0.131,0.741,0.467,0.426,0.192,0.928,0.625,0.543,0.77,0.839,0.705,0.223,0.879,0.938,0.294,0.527,0.313,0.326,0.116,0.661,0.875,0.122,0.575,0.544,0.869,0.639,0.376,0.631,0.93,0.589,0.433,0.088,0.956,0.906,0.354,0.486
1.0,0.816,0.371,0.957,0.322,0.269,0.308,0.122,0.889,0.733,0.037,0.866,0.48,0.579,0.364,0.897,0.163,0.128,0.576,0.709,0.52,0.185,0.277,0.103,0.963,0.609,0.541,0.185,0.443,0.972,0.84,0.495,0.7,0.528,0.947,0.436,0.413,0.382,0.192,0.508,0.897
0.0,0.089,0.676,0.5,0.383,0.498,0.047,0.822,0.406,0.444,0.116,0.016,0.924,0.022,0.291,0.65,0.474,0.529,0.5,0.459,0.087,0.998,0.344,0.7,0.276,0.326,0.434,0.554,0.507,0.482,0.467,0.407,0.968,0.301,0.642,0.844,0.801,0.077,0.882,0.042,0.908
0.0,0.989,0.009,0.645,0.366,0.275,0.163,0.244,0.303,0.962,0.981,0.815,0.925,0.668,0.562,0.448,0.178,0.169,0.655,0.028,0.832,0.475,0.486,0.95,0.503,0.686,0.928,0.401,0.526,0.967,0.88,0.977,0.375,0.108,0.306,0.394,0.667,0.104,0.449,0.966,0.173
0.0,0.658,0.627,0.02,0.784,0.795,0.266,0.091,0.508,0.908,0.782,0.983,0.492,0.005,0.458,0.499,0.871,0.41,0.892,0.949,0.207,0.662,0.855,0.955,0.158,0.377,0.879,0.368,0.273,0.849,0.364,0.105,0.855,0.262,0.295,0.512,0.491,0.999,0.188,0.443,0.903
1.0,0.342,0.142,0.18,0.536,0.351,0.72,0.734,0.554,0.925,0.559,0.146,0.405,0.88,0.793,0.682,0.292,0.053,0.615,0.79,0.884,0.581,0.369,0.585,0.233,0.648,0.675,0.826,0.432,0.345,0.582,0.149,0.287,0.728,0.779,0.537,0.139,0.999,0.497,0.289,0.938
0.0,0.053,0.98,0.917,0.384,0.965,0.786,0.529,0.104,0.619,0.366,0.324,0.552,0.336,0.587,0.578,0.088,0.796,0.162,0.053,0.333,0.382,0.772,0.226,0.396,0.922,0.163,0.988,0.276,0.236,0.88,0.986,0.946,0.68,0.087,0.853,0.159,0.195,0.829,0.428,0.596
0.0,0.86,0.14,0.246,0.58,0.014,0.819,0.649,0.074,0.576,0.545,0.668,0.096,0.941,0.986,0.061,0.33,0.245,0.501,0.075,0.78,0.191,0.804,0.939,0.312,0.55,0.705,0.196,0.581,0.213,0.081,0.747,0.532,0.273,0.334,0.777,0.161,0.11,0.182,0.726,0.553
1.0,0.278,0.431,0.705,0.002,0.328,0.896,0.224,0.324,0.797,0.903,0.171,0.645,0.137,0.812,0.563,0.22,0.875,0.106,0.084,0.818,0.911,0.139,0.098,0.091,0.215,0.824,0.473,0.182,0.927,0.435,0.979,0.071,0.368,0.373,0.498,0.912,0.276,0.359,0.711,0.34
0.0,0.139,0.725,0.317,0.745,0.113,0.296,0.641,0.534,0.48,0.174,0.669,0.118,0.481,0.44,0.822,0.863,0.188,0.359,0.014,0.381,0.96,0.09,0.982,0.831,0.179,0.796,0.97,0.78,0.294,0.518,0.724,0.327,0.622,0.565,0.977,0.856,0.019,0.385,0.469,0.983
1.0,0.487,0.287,0.713,0.397,0.49,0.512,0.598,0.307,0.5,0.966,0.011,0.252,0.435,0.319,0.083,0.802,0.062,0.128,0.009,0.151,0.953,0.774,0.472,0.148,0.38,0.183,0.594,0.135,0.18,0.78,0.004,0.545,0.642,0.261,0.563,0.123,0.918,0.31,0.021,0.335
1.0,0.261,0.675,0.579,0.652,0.786,0.859,0.688,0.242,0.481,0.804,0.64,0.434,0.343,0.982,0.706,0.203,0.761,0.135,0.475,0.423,0.338,0.032,0.41,0.602,0.792,0.112,0.555,0.75,0.795,0.044,0.034,0.06,0.524,0.978,0.826,0.62,0.472,0.647,0.688,0.893
0.0,0.451,0.202,0.349,0.931,0.151,0.394,0.394,0.482,0.927,0.822,0.29,0.84,0.041,0.856,0.518,0.429,0.191,0.087,0.842,0.663,0.133,0.783,0.859,0.469,0.088,0.011,0.748,0.777,0.2,0.027,0.402,0.116,0.983,0.866,0.23,0.765,0.6,0.898,0.577,0.798
0.0,0.964,0.439,0.543,0.379,0.382,0.654,0.07,0.607,0.355,0.273,0.21,0.897,0.968,0.602,0.765,0.138,0.252,0.752,0.357,0.133,0.793,0.236,0.606,0.571,0.691,0.121,0.587,0.584,0.083,0.518,0.976,0.939,0.253,0.328,0.65,0.006,0.361,0.748,0.394,0.299
1.0,0.914,0.498,0.705,0.022,0.027,0.765,0.561,0.46,0.25,0.735,0.048,0.815,0.908,0.446,0.956,0.815,0.243,0.104,0.747,0.368,0.461,0.779,0.18,0.528,0.638,0.184,0.216,0.099,0.573,0.753,0.547,0.965,0.206,0.797,0.976,0.597,0.58,0.087,0.583,0.301
1.0,0.915,0.444,0.515,0.151,0.176,0.43,0.6,0.981,0.802,0.043,0.609,0.256,0.793,0.129,0.763,0.769,0.816,0.688,0.077,0.522,0.467,0.257,0.498,0.782,0.011,0.454,0.828,0.367,0.582,0.596,0.645,0.534,0.991,0.358,0.659,0.42,0.127,0.785,0.06,0.641
1.0,0.301,0.168,0.491,0.412,0.333,0.246,0.302,0.419,0.18,0.441,0.906,0.639,0.869,0.813,0.295,0.5,0.495,0.859,0.125,0.67,0.302,0.777,0.101,0.558,0.991,0.077,0.133,0.351,0.533,0.292,0.33,0.152,0.632,0.581,0.438,0.847,0.762,0.921,0.592,0.863
1.0,0.743,0.468,0.126,0.648,0.508,0.242,0.918,0.213,0.139,0.981,0.063,0.628,0.192,0.81,0.902,0.82,0.889,0.155,0.319,0.177,0.735,0.084,0.16,0.635,0.815,0.076,0.275,0.349,0.224,0.22,0.995,0.02,0.125,0.091,0.846,0.983,0.018,0.027,0.06,0.815
1.0,0.875,0.651,0.838,0.465,0.024,0.689,0.007,0.276,0.833,0.585,0.284,0.214,0.265,0.143,0.618,0.337,0.136,0.713,0.814,0.706,0.927,0.564,0.317,0.808,0.858,0.694,0.932,0.076,0.295,0.751,0.212,0.824,0.078,0.686,0.738,0.255,0.044,0.124,0.456,0.466
1.0,0.057,0.372,0.562,0.204,0.092,0.701,0.906,0.031,0.766,0.24,0.647,0.258,0.234,0.326,0.624,0.908,0.208,0.537,0.062,0.807,0.782,0.338,0.554,0.076,0.535,0.751,0.204,0.925,0.492,0.764,0.354,0.157,0.099,0.268,0.953,0.488,0.269,0.013,0.334,0.936
0.0,0.371,0.7,0.621,0.68,0.892,0.198,0.935,0.123,0.604,0.985,0.551,0.482,0.24,0.419,0.268,0.492,0.858,0.575,0.28,0.322,0.217,0.177,0.649,0.33,0.795,0.014,0.283,0.559,0.916,0.808,0.521,0.985,0.625,0.577,0.637,0.47,0.405,0.675,0.673,0.082
0.0,0.502,0.733,0.999,0.669,0.83,0.113,0.373,0.906,0.686,0.437,0.353,0.907,0.819,0.642,0.474,0.24,0.22,0.885,0.58,0.036,0.876,0.51,0.133,0.88,0.333,0.902,0.82,0.442,0.541,0.022,0.594,0.972,0.767,0.114,0.979,0.825,0.698,0.348,0.931,0.534
1.0,0.973,0.221,0.759,0.259,0.151,0.24,0.92,0.15,0.655,0.449,0.234,0.623,0.432,0.461,0.664,0.376,0.28,0.926,0.596,0.885,0.346,0.167,0.028,0.055,0.342,0.495,0.283,0.321,0.285,0.449,0.815,0.6,0.367,0.142,0.821,0.893,0.616,0.656,0.592,0.817
1.0,0.596,0.632,0.735,0.418,0.792,0.182,0.572,0.823,0.577,0.924,0.319,0.276,0.15,0.303,0.498,0.259,0.173,0.284,0.881,0.563,0.354,0.709,0.476,0.629,0.082,0.379,0.319,0.752,0.689,0.979,0.583,0.053,0.352,0.419,0.677,0.331,0.554,0.805,0.404,0.977
0.0,0.549,0.515,0.945,0.236,0.319,0.444,0.081,0.803,0.971,0.66,0.628,0.991,0.527,0.394,0.36,0.751,0.74,0.757,0.663,0.38,0.205,0.531,0.344,0.26,0.978,0.861,0.265,0.29,0.159,0.261,0.037,0.54,0.636,0.469,0.318,0.47,0.027,0.664,0.618,0.55
1.0,0.801,0.615,0.706,0.879,0.097,0.249,0.918,0.978,0.984,0.777,0.801,0.328,0.327,0.686,0.726,0.378,0.385,0.524,0.067,0.427,0.87,0.955,0.242,0.237,0.399,0.805,0.959,0.954,0.824,0.315,0.828,0.296,0.275,0.541,0.478,0.428,0.333,0.182,0.049,0.535
1.0,0.885,0.257,0.214,0.919,0.342,0.124,0.526,0.159,0.895,0.297,0.332,0.667,0.802,0.47,0.61,0.627,0.283,0.532,0.986,0.029,0.851,0.061,0.023,0.07,0.073,0.884,0.624,0.455,0.152,0.026,0.138,0.242,0.043,0.449,0.326,0.36,0.053,0.901,0.069,0.136
0.0,0.881,0.293,0.707,0.194,0.05,0.524,0.636,0.812,0.094,0.183,0.198,0.814,0.043,0.459,0.751,0.146,0.161,0.079,0.964,0.325,0.958,0.776,0.008,0.872,0.258,0.514,0.753,0.452,0.765,0.595,0.586,0.989,0.119,0.848,0.571,0.663,0.742,0.082,0.359,0.033
0.0,0.437,0.759,0.784,0.733,0.905,0.025,0.048,0.642,0.906,0.107,0.541,0.097,0.39,0.427,0.289,0.337,0.965,0.885,0.626,0.223,0.846,0.578,0.186,0.437,0.991,0.721,0.552,0.323,0.276,0.519,0.631,0.746,0.538,0.073,0.256,0.762,0.65,0.177,0.09,0.526
1.0,0.905,0.587,0.318,0.371,0.123,0.776,0.479,0.464,0.326,0.928,0.608,0.509,0.82,0.284,0.363,0.388,0.384,0.558,0.602,0.248,0.223,0.833,0.111,0.727,0.077,0.097,0.622,0.353,0.326,0.979,0.751,0.525,0.34,0.075,0.933,0.697,0.414,0.444,0.665,0.235
1.0,0.353,0.242,0.081,0.308,0.717,0.018,0.208,0.121,0.777,0.899,0.277,0.053,0.761,0.702,0.198,0.547,0.723,0.485,0.423,0.024,0.144,0.737,0.172,0.783,0.162,0.959,0.212,0.304,0.313,0.173,0.483,0.226,0.254,0.945,0.903,0.464,0.969,0.292,0.698,0.059
1.0,0.175,0.003,0.52,0.249,0.602,0.924,0.855,0.231,0.758,0.235,0.705,0.101,0.387,0.997,0.395,0.573,0.286,0.467,0.805,0.652,0.561,0.367,0.558,0.08,0.994,0.036,0.244,0.75,0.363,0.926,0.243,0.028,0.056,0.259,0.085,0.304,0.224,0.701,0.46,0.567
1.0,0.904,0.49,0.877,0.979,0.515,0.576,0.544,0.514,0.722,0.277,0.438,0.307,0.085,0.709,0.329,0.201,0.976,0.041,0.257,0.422,0.289,0.966,0.867,0.316,0.693,0.195,0.581,0.544,0.248,0.305,0.265,0.564,0.098,0.408,0.242,0.01,0.961,0.317,0.856,0.041
1.0,0.308,0.855,0.598,0.691,0.209,0.958,0.421,0.297,0.791,0.066,0.626,0.142,0.1,0.912,0.439,0.952,0.803,0.336,0.224,0.007,0.653,0.156,0.315,0.316,0.276,0.791,0.3,0.913,0.968,0.347,0.453,0.099,0.116,0.588,0.81,0.03,0.133,0.528,0.917,0.221
1.0,0.234,0.173,0.528,0.999,0.615,0.241,0.739,0.821,0.002,0.501,0.491,0.297,0.571,0.119,0.262,0.411,0.887,0.844,0.679,0.651,0.595,0.107,0.484,0.112,0.538,0.425,0.458,0.233,0.804,0.458,0.918,0.731,0.113,0.195,0.108,0.675,0.066,0.554,0.61,0.557
0.0,0.306,0.042,0.805,0.629,0.899,0.118,0.661,0.876,0.461,0.079,0.663,0.344,0.32,0.179,0.574,0.329,0.868,0.244,0.084,0.63,0.865,0.657,0.525,0.04,0.015,0.331,0.164,0.978,0.69,0.186,0.631,0.313,0.991,0.934,0.506,0.261,0.624,0.981,0.18,0.661
1.0,0.354,0.693,0.325,0.42,0.212,0.006,0.328,0.689,0.422,0.337,0.137,0.678,0.598,0.865,0.818,0.908,0.724,0.701,0.794,0.104,0.734,0.169,0.0,0.907,0.014,0.167,0.793,0.156,0.497,0.259,0.429,0.324,0.513,0.913,0.885,0.446,0.417,0.953,0.377,0.871
0.0,0.575,0.059,0.003,0.016,0.83,0.596,0.15,0.766,0.089,0.221,0.983,0.959,0.234,0.627,0.807,0.934,0.447,0.396,0.03,0.388,0.071,0.052,0.708,0.98,0.337,0.718,0.759,0.289,0.77,0.792,0.628,0.874,0.72,0.862,0.734,0.189,0.022,0.228,0.929,0.039
0.0,0.828,0.846,0.923,0.516,0.574,0.929,0.712,0.961,0.873,0.38,0.585,0.902,0.529,0.402,0.924,0.543,0.597,0.638,0.528,0.96,0.415,0.848,0.812,0.536,0.73,0.578,0.915,0.098,0.782,0.661,0.388,0.698,0.192,0.283,0.035,0.579,0.959,0.821,0.583,0.157
1.0,0.812,0.987,0.318,0.499,0.75,0.547,0.831,0.373,0.571,0.433,0.031,0.405,0.75,0.277,0.963,0.203,0.158,0.684,0.273,0.548,0.833,0.952,0.398,0.477,0.469,0.376,0.031,0.114,0.941,0.281,0.375,0.657,0.608,0.431,0.8,0.437,0.901,0.987,0.147,0.787
1.0,0.576,0.714,0.071,0.474,0.087,0.724,0.118,0.94,0.755,0.014,0.358,0.818,0.927,0.783,0.958,0.784,0.782,0.889,0.043,0.232,0.899,0.498,0.892,0.75,0.203,0.38,0.136,0.451,0.113,0.384,0.123,0.311,0.607,0.336,0.611,0.756,0.702,0.814,0.917,0.961
0.0,0.927,0.235,0.563,0.335,0.778,0.336,0.174,0.517,0.693,0.204,0.71,0.838,0.841,0.114,0.349,0.764,0.32,0.973,0.661,0.592,0.406,0.279,0.356,0.288,0.796,0.869,0.562,0.478,0.635,0.588,0.724,0.923,0.565,0.789,0.328,0.034,0.249,0.207,0.164,0.699
1.0,0.426,0.928,0.071,0.198,0.055,0.258,0.517,0.919,0.82,0.625,0.947,0.751,0.389,0.267,0.287,0.754,0.392,0.094,0.402,0.257,0.13,0.404,0.244,0.385,0.905,0.258,0.719,0.696,0.444,0.361,0.718,0.463,0.33,0.147,0.171,0.196,0.48,0.979,0.544,0.616
0.0,0.864,0.766,0.068,0.975,0.216,0.372,0.088,0.814,0.152,0.875,0.563,0.772,0.501,0.326,0.418,0.532,0.748,0.571,0.66,0.06,0.807,0.27,0.952,0.29,0.484,0.915,0.699,0.26,0.851,0.523,0.792,0.924,0.054,0.799,0.393,0.42,0.421,0.392,0.204,0.176
0.0,0.033,0.974,0.976,0.28,0.287,0.491,0.797,0.267,0.924,0.906,0.629,0.931,0.182,0.148,0.962,0.635,0.137,0.111,0.999,0.106,0.148,0.956,0.391,0.465,0.158,0.001,0.391,0.024,0.359,0.319,0.145,0.008,0.507,0.036,0.134,0.789,0.091,0.479,0.673,0.762
0.0,0.96,0.863,0.649,0.258,0.028,0.661,0.514,0.203,0.572,0.462,0.764,0.007,0.457,0.666,0.456,0.136,0.721,0.155,0.003,0.505,0.312,0.158,0.949,0.573,0.296,0.668,0.564,0.618,0.566,0.185,0.001,0.216,0.273,0.683,0.873,0.794,0.377,0.038,0.66,0.241
1.0,0.713,0.562,0.993,0.637,0.58,0.404,0.628,0.848,0.682,0.246,0.232,0.267,0.707,0.177,0.112,0.024,0.166,0.078,0.671,0.309,0.926,0.457,0.474,0.797,0.144,0.061,0.894,0.543,0.979,0.762,0.586,0.044,0.439,0.103,0.84,0.853,0.364,0.607,0.255,0.316
1.0,0.055,0.278,0.317,0.932,0.796,0.2,0.029,0.235,0.102,0.314,0.546,0.525,0.226,0.4,0.288,0.961,0.02,0.457,0.404,0.186,0.89,0.365,0.636,0.234,0.775,0.494,0.42,0.576,0.851,0.242,0.057,0.468,0.326,0.674,0.435,0.466,0.314,0.27,0.588,0.115
1.0,0.982,0.531,0.531,0.574,0.41,0.648,0.596,0.473,0.223,0.722,0.414,0.129,0.437,0.724,0.264,0.306,0.253,0.744,0.133,0.681,0.07,0.429,0.547,0.364,0.014,0.155,0.405,0.712,0.513,0.078,0.034,0.297,0.782,0.722,0.632,0.397,0.332,0.137,0.516,0.171
1.0,0.624,0.731,0.886,0.917,0.1,0.018,0.565,0.855,0.031,0.762,0.512,0.272,0.499,0.903,0.367,0.089,0.468,0.033,0.216,0.232,0.324,0.362,0.357,0.675,0.981,0.328,0.65,0.568,0.355,0.102,0.926,0.269,0.751,0.157,0.534,0.226,0.288,0.387,0.128,0.198
1.0,0.075,0.015,0.696,0.78,0.761,0.124,0.69,0.133,0.11,0.446,0.373,0.686,0.682,0.545,0.443,0.343,0.279,0.671,0.615,0.922,0.196,0.781,0.144,0.201,0.488,0.254,0.88,0.741,0.225,0.909,0.45,0.068,0.317,0.623,0.324,0.578,0.615,0.907,0.446,0.766
1.0,0.662,0.795,0.453,0.68,0.548,0.859,0.024,0.961,0.559,0.577,0.832,0.796,0.973,0.339,0.132,0.767,0.166,0.098,0.482,0.412,0.961,0.172,0.325,0.83,0.218,0.019,0.353,0.022,0.637,0.145,0.935,0.21,0.163,0.883,0.934,0.204,0.304,0.881,0.889,0.428
1.0,0.124,0.62,0.91,0.349,0.659,0.375,0.298,0.601,0.725,0.964,0.88,0.698,0.83,0.693,0.977,0.878,0.655,0.02,0.858,0.828,0.298,0.828,0.564,0.904,0.232,0.25,0.164,0.485,0.485,0.333,0.533,0.442,0.627,0.492,0.779,0.913,0.182,0.583,0.619,0.226
1.0,0.187,0.505,0.034,0.975,0.572,0.592,0.208,0.991,0.068,0.738,0.126,0.663,0.214,0.912,0.683,0.604,0.464,0.406,0.147,0.271,0.326,0.082,0.481,0.198,0.099,0.373,0.232,0.952,0.545,0.763,0.376,0.677,0.78,0.88,0.999,0.574,0.233,0.821,0.437,0.085
1.0,0.937,0.599,0.891,0.861,0.679,0.359,0.637,0.584,0.815,0.81,0.385,0.41,0.322,0.047,0.218,0.083,0.99,0.214,0.828,0.805,0.207,0.533,0.259,0.466,0.112,0.079,0.001,0.406,0.516,0.628,0.633,0.072,0.542,0.742,0.803,0.475,0.348,0.411,0.504,0.162
0.0,0.801,0.489,0.421,0.051,0.189,0.655,0.299,0.761,0.123,0.582,0.491,0.902,0.401,0.747,0.568,0.927,0.109,0.464,0.754,0.898,0.846,0.212,0.986,0.39,0.164,0.426,0.662,0.568,0.095,0.81,0.397,0.923,0.72,0.926,0.932,0.521,0.627,0.798,0.252,0.355
1.0,0.251,0.906,0.188,0.333,0.085,0.398,0.084,0.661,0.331,0.765,0.957,0.122,0.575,0.931,0.088,0.016,0.292,0.803,0.887,0.07,0.442,0.756,0.05,0.672,0.568,0.813,0.965,0.721,0.511,0.642,0.906,0.748,0.385,0.985,0.073,0.584,0.492,0.442,0.53,0.001
0.0,0.899,0.15,0.435,0.393,0.602,0.609,0.645,0.435,0.102,0.687,0.622,0.799,0.46,0.933,0.604,0.121,0.703,0.553,0.639,0.71,0.736,0.644,0.079,0.803,0.412,0.029,0.2,0.981,0.734,0.418,0.555,0.129,0.078,0.098,0.216,0.76,0.367,0.627,0.967,0.076
1.0,0.843,0.159,0.733,0.43,0.047,0.25,0.28,0.204,0.8,0.625,0.238,0.528,0.914,0.423,0.31,0.369,0.831,0.245,0.605,0.816,0.934,0.958,0.501,0.627,0.029,0.35,0.026,0.699,0.706,0.238,0.205,0.918,0.665,0.312,0.953,0.401,0.2,0.009,0.206,0.684
0.0,0.315,0.969,0.069,0.893,0.887,0.009,0.719,0.61,0.54,0.497,0.87,0.211,0.884,0.107,0.675,0.264,0.28,0.538,0.673,0.023,0.81,0.003,0.315,0.871,0.081,0.008,0.653,0.601,0.284,0.373,0.112,0.785,0.549,0.678,0.514,0.621,0.963,0.212,0.394,0.012
0.0,0.129,0.571,0.57,0.608,0.671,0.487,0.373,0.9,0.36,0.886,0.593,0.925,0.58,0.805,0.635,0.125,0.141,0.49,0.531,0.589,0.503,0.801,0.772,0.423,0.902,0.014,0.004,0.381,0.752,0.038,0.786,0.003,0.876,0.058,0.047,0.919,0.531,0.34,0.379,0.639
0.0,0.937,0.868,0.992,0.558,0.654,0.868,0.901,0.702,0.508,0.385,0.325,0.961,0.568,0.718,0.929,0.325,0.318,0.641,0.496,0.022,0.045,0.334,0.082,0.887,0.193,0.954,0.118,0.527,0.796,0.065,0.383,0.216,0.732,0.971,0.201,0.649,0.192,0.652,0.195,0.534
0.0,0.06,0.802,0.947,0.611,0.967,0.497,0.247,0.534,0.78,0.409,0.271,0.861,0.734,0.133,0.278,0.493,0.986,0.236,0.352,0.358,0.385,0.118,0.251,0.911,0.903,0.371,0.019,0.568,0.61,0.475,0.942,0.785,0.195,0.456,0.643,0.501,0.114,0.011,0.54,0.822
1.0,0.296,0.124,0.608,0.773,0.592,0.622,0.562,0.022,0.383,0.139,0.337,0.516,0.736,0.777,0.823,0.987,0.932,0.011,0.485,0.619,0.163,0.994,0.442,0.496,0.104,0.845,0.051,0.048,0.35,0.019,0.683,0.594,0.037,0.101,0.561,0.42,0.156,0.913,0.571,0.203
1.0,0.554,0.46,0.333,0.544,0.568,0.735,0.837,0.071,0.043,0.112,0.44,0.082,0.125,0.951,0.181,0.639,0.286,0.617,0.466,0.895,0.972,0.75,0.29,0.898,0.222,0.339,0.824,0.494,0.466,0.238,0.487,0.843,0.568,0.27,0.158,0.778,0.143,0.153,0.981,0.21
1.0,0.292,0.457,0.483,0.685,0.617,0.777,0.83,0.379,0.251,0.591,0.01,0.085,0.15,0.234,0.693,0.497,0.863,0.728,0.227,0.63,0.564,0.471,0.394,0.914,0.647,0.184,0.358,0.793,0.814,0.989,0.908,0.946,0.613,0.541,0.558,0.392,0.045,0.124,0.801,0.521
1.0,0.48,0.068,0.636,0.308,0.404,0.812,0.939,0.456,0.516,0.545,0.688,0.14,0.26,0.199,0.184,0.757,0.24,0.705,0.385,0.107,0.812,0.79,0.086,0.313,0.145,0.552,0.847,0.127,0.338,0.787,0.296,0.33,0.397,0.121,0.688,0.189,0.45,0.453,0.555,0.366
0.0,0.407,0.288,0.423,0.178,0.828,0.705,0.098,0.777,0.707,0.891,0.212,0.95,0.429,0.614,0.782,0.071,0.117,0.897,0.659,0.009,0.785,0.716,0.197,0.23,0.294,0.993,0.698,0.295,0.157,0.278,0.565,0.236,0.573,0.625,0.182,0.753,0.433,0.116,0.959,0.668
1.0,0.024,0.688,0.929,0.19,0.173,0.1,0.739,0.461,0.45,0.852,0.033,0.246,0.189,0.2,0.454,0.567,0.153,0.512,0.998,0.965,0.745,0.982,0.778,0.097,0.209,0.787,0.121,0.957,0.679,0.731,0.871,0.194,0.197,0.005,0.28,0.518,0.887,0.839,0.131,0.525
0.0,0.642,0.917,0.445,0.608,0.984,0.364,0.392,0.467,0.133,0.964,0.071,0.484,0.821,0.542,0.685,0.661,0.634,0.471,0.474,0.523,0.319,0.005,0.848,0.672,0.579,0.234,0.16,0.854,0.738,0.604,0.101,0.761,0.371,0.807,0.671,0.908,0.632,0.901,0.292,0.155
0.0,0.517,0.344,0.939,0.747,0.46,0.242,0.972,0.112,0.323,0.792,0.974,0.894,0.323,0.532,0.286,0.667,0.566,0.164,0.8,0.03,0.947,0.662,0.925,0.441,0.262,0.251,0.273,0.319,0.732,0.285,0.277,0.228,0.168,0.01,0.266,0.58,0.949,0.439,0.776,0.199
1.0,0.016,0.176,0.975,0.977,0.014,0.663,0.143,0.582,0.738,0.817,0.993,0.228,0.635,0.77,0.929,0.812,0.859,0.678,0.667,0.724,0.266,0.89,0.564,0.951,0.326,0.665,0.148,0.49,0.457,0.031,0.905,0.518,0.01,0.207,0.337,0.613,0.429,0.175,0.887,0.41
1.0,0.103,0.849,0.215,0.894,0.402,0.843,0.58,0.266,0.409,0.064,0.295,0.523,0.77,0.792,0.778,0.156,0.04,0.456,0.245,0.211,0.813,0.846,0.431,0.692,0.397,0.542,0.269,0.981,0.116,0.195,0.214,0.411,0.603,0.362,0.678,0.919,0.919,0.006,0.661,0.267
0.0,0.336,0.659,0.983,0.278,0.582,0.41,0.507,0.342,0.629,0.303,0.341,0.832,0.781,0.331,0.975,0.403,0.7,0.445,0.884,0.169,0.12,0.556,0.256,0.943,0.966,0.668,0.555,0.753,0.876,0.46,0.185,0.497,0.446,0.267,0.391,0.44,0.032,0.618,0.844,0.549
1.0,0.234,0.335,0.606,0.077,0.51,0.689,0.992,0.472,0.159,0.865,0.162,0.236,0.284,0.854,0.487,0.276,0.275,0.718,0.532,0.948,0.937,0.532,0.702,0.838,0.994,0.46,0.05,0.6,0.184,0.619,0.71,0.865,0.729,0.014,0.873,0.063,0.495,0.156,0.138,0.094
0.0,0.17,0.993,0.764,0.163,0.977,0.014,0.326,0.038,0.394,0.616,0.301,0.971,0.067,0.874,0.606,0.468,0.586,0.432,0.191,0.957,0.138,0.965,0.48,0.712,0.466,0.479,0.127,0.353,0.795,0.804,0.521,0.468,0.434,0.79,0.344,0.277,0.662,0.226,0.557,0.736
0.0,0.006,0.383,0.294,0.2,0.869,0.94,0.359,0.755,0.595,0.224,0.508,0.753,0.742,0.269,0.553,0.098,0.656,0.971,0.155,0.727,0.28,0.268,0.103,0.486,0.952,0.171,0.184,0.929,0.056,0.137,0.51,0.321,0.319,0.568,0.239,0.475,0.203,0.483,0.724,0.157
0.0,0.923,0.022,0.565,0.435,0.951,0.949,0.962,0.4,0.775,0.225,0.392,0.15,0.981,0.595,0.818,0.197,0.827,0.721,0.714,0.736,0.929,0.167,0.564,0.466,0.12,0.713,0.572,0.922,0.748,0.877,0.782,0.595,0.082,0.646,0.321,0.249,0.857,0.568,0.461,0.415
1.0,0.634,0.385,0.377,0.915,0.303,0.291,0.373,0.618,0.762,0.187,0.279,0.078,0.124,0.721,0.575,0.025,0.178,0.834,0.476,0.225,0.341,0.945,0.097,0.437,0.319,0.53,0.018,0.267,0.186,0.816,0.156,0.924,0.702,0.356,0.57,0.425,0.919,0.412,0.112,0.104
0.0,0.282,0.994,0.286,0.124,0.477,0.154,0.199,0.419,0.738,0.791,0.336,0.497,0.099,0.008,0.054,0.573,0.204,0.228,0.207,0.78,0.976,0.937,0.87,0.042,0.37,0.169,0.807,0.643,0.302,0.078,0.765,0.198,0.85,0.949,0.251,0.372,0.425,0.246,0.653,0.426
0.0,0.687,0.488,0.934,0.35,0.857,0.63,0.553,0.218,0.996,0.707,0.464,0.883,0.439,0.121,0.932,0.645,0.904,0.735,0.941,0.647,0.823,0.174,0.261,0.625,0.196,0.566,0.255,0.203,0.61,0.285,0.732,0.808,0.732,0.543,0.891,0.699,0.209,0.436,0.958,0.839
1.0,0.444,0.211,0.95,0.697,0.302,0.866,0.829,0.491,0.462,0.609,0.087,0.661,0.422,0.278,0.071,0.352,0.164,0.535,0.303,0.463,0.535,0.556,0.99,0.633,0.874,0.415,0.25,0.383,0.068,0.53,0.927,0.437,0.676,0.385,0.975,0.996,0.188,0.576,0.496,0.168
0.0,0.66,0.653,0.81,0.785,0.031,0.129,0.187,0.754,0.216,0.398,0.66,0.85,0.1,0.37,0.658,0.946,0.877,0.681,0.614,0.767,0.464,0.897,0.868,0.634,0.209,0.112,0.357,0.13,0.373,0.784,0.315,0.924,0.923,0.081,0.527,0.103,0.365,0.373,0.297,0.761
0.0,0.223,0.697,0.37,0.935,0.969,0.84,0.869,0.832,0.105,0.587,0.308,0.575,0.228,0.396,0.459,0.342,0.275,0.105,0.783,0.089,0.426,0.827,0.906,0.062,0.43,0.659,0.537,0.137,0.963,0.265,0.293,0.932,0.903,0.771,0.59,0.469,0.82,0.569,0.562,0.544
0.0,0.61,0.319,0.07,0.251,0.229,0.589,0.383,0.523,0.28,0.162,0.625,0.373,0.803,0.414,0.714,0.561,0.209,0.304,0.694,0.14,0.92,0.62,0.881,0.565,0.794,0.392,0.901,0.416,0.846,0.681,0.396,0.162,0.741,0.195,0.831,0.056,0.768,0.855,0.553,0.344
0.0,0.281,0.894,0.472,0.947,0.911,0.783,0.738,0.426,0.992,0.528,0.487,0.284,0.289,0.688,0.828,0.566,0.187,0.515,0.837,0.378,0.199,0.445,0.054,0.339,0.156,0.73,0.715,0.346,0.181,0.787,0.756,0.913,0.581,0.396,0.678,0.949,0.065,0.634,0.527,0.416
1.0,0.333,0.167,0.57,0.007,0.535,0.346,0.061,0.682,0.427,0.018,0.543,0.531,0.725,0.236,0.32,0.009,0.941,0.452,0.122,0.571,0.145,0.965,0.175,0.215,0.244,0.467,0.643,0.501,0.955,0.345,0.004,0.375,0.288,0.718,0.649,0.025,0.018,0.905,0.21,0.121
1.0,0.174,0.236,0.124,0.965,0.28,0.059,0.322,0.877,0.676,0.995,0.389,0.143,0.183,0.953,0.008,0.456,0.973,0.818,0.021,0.14,0.628,0.449,0.056,0.402,0.938,0.166,0.985,0.341,0.072,0.148,0.838,0.251,0.916,0.002,0.413,0.024,0.237,0.134,0.454,0.315
1.0,0.139,0.061,0.332,0.312,0.481,0.87,0.912,0.286,0.725,0.276,0.966,0.369,0.996,0.903,0.526,0.098,0.268,0.335,0.225,0.67,0.929,0.271,0.532,0.15,0.437,0.061,0.544,0.393,0.359,0.189,0.995,0.598,0.09,0.301,0.982,0.677,0.036,0.624,0.264,0.837
0.0,0.076,0.833,0.204,0.555,0.925,0.059,0.781,0.284,0.653,0.501,0.355,0.085,0.529,0.189,0.7,0.154,0.774,0.748,0.434,0.247,0.468,0.995,0.534,0.388,0.462,0.696,0.638,0.564,0.015,0.256,0.422,0.715,0.242,0.955,0.274,0.413,0.642,0.612,0.617,0.79
0.0,0.616,0.132,0.859,0.533,0.269,0.727,0.161,0.045,0.405,0.633,0.651,0.776,0.074,0.423,0.112,0.395,0.766,0.481,0.316,0.421,0.282,0.309,0.887,0.945,0.325,0.011,0.77,0.216,0.6,0.308,0.025,0.699,0.739,0.748,0.851,0.619,0.994,0.078,0.246,0.663
0.0,0.818,0.477,0.671,0.326,0.598,0.685,0.512,0.665,0.337,0.212,0.363,0.604,0.161,0.649,0.11,0.965,0.943,0.183,0.406,0.886,0.449,0.053,0.92,0.503,0.55,0.211,0.187,0.407,0.375,0.08,0.203,0.386,0.224,0.862,0.531,0.577,0.708,0.422,0.125,0.12
1.0,0.304,0.29,0.462,0.381,0.549,0.982,0.427,0.103,0.295,0.366,0.102,0.569,0.632,0.485,0.371,0.788,0.374,0.753,0.419,0.864,0.22,0.578,0.621,0.041,0.603,0.453,0.461,0.551,0.099,0.036,0.591,0.282,0.047,0.124,0.591,0.572,0.857,0.875,0.023,0.395
1.0,0.151,0.553,0.995,0.319,0.511,0.692,0.497,0.307,0.688,0.654,0.842,0.2,0.706,0.978,0.634,0.465,0.117,0.29,0.729,0.548,0.471,0.584,0.024,0.083,0.085,0.708,0.509,0.776,0.86,0.926,0.399,0.349,0.365,0.883,0.254,0.29,0.907,0.906,0.351,0.915
0.0,0.736,0.115,0.726,0.665,0.025,0.088,0.16,0.988,0.63,0.489,0.99,0.663,0.162,0.802,0.323,0.102,0.739,0.145,0.911,0.212,0.963,0.949,0.828,0.929,0.39,0.495,0.344,0.183,0.708,0.916,0.872,0.419,0.693,0.702,0.454,0.559,0.755,0.595,0.437,0.401
0.0,0.957,0.262,0.495,0.696,0.359,0.107,0.349,0.287,0.818,0.759,0.709,0.805,0.615,0.986,0.682,0.558,0.922,0.335,0.291,0.559,0.575,0.828,0.115,0.966,0.243,0.083,0.933,0.989,0.752,0.194,0.283,0.558,0.079,0.953,0.341,0.112,0.903,0.804,0.248,0.32
0.0,0.17,0.432,0.741,0.103,0.683,0.807,0.651,0.124,0.867,0.291,0.122,0.979,0.499,0.808,0.82,0.53,0.395,0.198,0.729,0.851,0.406,0.051,0.644,0.952,0.241,0.743,0.036,0.766,0.979,0.75,0.16,0.907,0.909,0.976,0.387,0.881,0.913,0.083,0.134,0.931
0.0,0.378,0.106,0.909,0.224,0.213,0.736,0.05,0.254,0.93,0.184,0.445,0.741,0.277,0.7,0.441,0.592,0.691,0.862,0.46,0.125,0.978,0.138,0.874,0.356,0.068,0.319,0.429,0.872,0.716,0.928,0.969,0.486,0.055,0.608,0.633,0.161,0.398,0.747,0.773,0.923
0.0,0.095,0.214,0.1,0.412,0.202,0.836,0.146,0.603,0.325,0.724,0.162,0.564,0.211,0.876,0.722,0.685,0.881,0.927,0.511,0.395,0.685,0.33,0.275,0.14,0.474,0.908,0.986,0.124,0.293,0.896,0.499,0.165,0.105,0.116,0.703,0.208,0.216,0.238,0.404,0.008
1.0,0.305,0.671,0.519,0.022,0.922,0.153,0.08,0.508,0.296,0.902,0.143,0.901,0.013,0.682,0.867,0.923,0.734,0.627,0.76,0.976,0.893,0.627,0.812,0.905,0.966,0.329,0.27,0.795,0.437,0.264,0.136,0.94,0.568,0.762,0.238,0.007,0.774,0.102,0.891,0.233
1.0,0.248,0.518,0.168,0.504,0.03,0.586,0.789,0.849,0.983,0.398,0.883,0.757,0.1,0.64,0.854,0.122,0.571,0.558,0.164,0.404,0.319,0.298,0.625,0.038,0.946,0.648,0.018,0.72,0.531,0.794,0.149,0.947,0.543,0.603,0.844,0.798,0.876,0.243,0.582,0.674
1.0,0.19,0.07,0.708,0.375,0.475,0.231,0.568,0.184,0.278,0.278,0.099,0.423,0.73,0.709,0.359,0.095,0.02,0.553,0.525,0.361,0.423,0.071,0.208,0.785,0.538,0.093,0.647,0.886,0.601,0.104,0.048,0.996,0.35,0.147,0.335,0.737,0.652,0.131,0.582,0.383
1.0,0.841,0.741,0.382,0.842,0.375,0.414,0.482,0.088,0.721,0.195,0.752,0.592,0.138,0.214,0.96,0.075,0.606,0.293,0.966,0.638,0.495,0.985,0.574,0.363,0.787,0.505,0.767,0.467,0.571,0.555,0.542,0.659,0.967,0.425,0.062,0.512,0.859,0.534,0.672,0.999
1.0,0.08,0.903,0.412,0.278,0.391,0.297,0.481,0.067,0.272,0.126,0.042,0.659,0.789,0.586,0.686,0.869,0.664,0.069,0.457,0.747,0.514,0.179,0.022,0.963,0.044,0.567,0.656,0.026,0.935,0.951,0.938,0.188,0.813,0.96,0.947,0.709,0.224,0.992,0.367,0.91
1.0,0.036,0.039,0.661,0.615,0.268,0.86,0.314,0.677,0.44,0.774,0.615,0.178,0.972,0.56,0.187,0.749,0.447,0.337,0.657,0.157,0.49,0.198,0.212,0.314,0.476,0.786,0.618,0.01,0.287,0.073,0.64,0.694,0.476,0.214,0.742,0.6,0.929,0.424,0.029,0.438
0.0,0.562,0.369,0.519,0.149,0.339,0.853,0.85,0.139,0.629,0.983,0.623,0.109,0.968,0.855,0.344,0.349,0.02,0.146,0.601,0.904,0.481,0.933,0.945,0.429,0.669,0.101,0.614,0.312,0.475,0.824,0.09,0.399,0.719,0.314,0.041,0.73,0.974,0.756,0.978,0.75
0.0,0.816,0.225,0.067,0.938,0.865,0.35,0.068,0.425,0.019,0.083,0.613,0.184,0.084,0.701,0.313,0.589,0.737,0.16,0.258,0.392,0.291,0.925,0.127,0.322,0.127,0.964,0.261,0.502,0.585,0.04,0.73,0.605,0.505,0.183,0.083,0.473,0.903,0.768,0.789,0.221
1.0,0.557,0.217,0.979,0.81,0.008,0.143,0.993,0.991,0.92,0.798,0.744,0.653,0.028,0.807,0.458,0.85,0.349,0.599,0.811,0.771,0.421,0.068,0.297,0.769,0.182,0.529,0.34,0.516,0.466,0.893,0.804,0.287,0.658,0.923,0.898,0.714,0.076,0.902,0.044,0.871
0.0,0.039,0.835,0.475,0.231,0.919,0.92,0.358,0.487,0.224,0.657,0.762,0.282,0.688,0.618,0.949,0.613,0.221,0.558,0.718,0.953,0.38,0.222,0.104,0.184,0.551,0.961,0.187,0.743,0.991,0.752,0.732,0.33,0.278,0.325,0.646,0.176,0.298,0.551,0.443,0.976
0.0,0.38,0.763,0.246,0.019,0.31,0.563,0.368,0.95,0.662,0.856,0.951,0.218,0.625,0.804,0.431,0.776,0.778,0.335,0.831,0.695,0.544,0.514,0.832,0.581,0.384,0.943,0.656,0.719,0.729,0.425,0.961,0.63,0.344,0.276,0.746,0.981,0.344,0.997,0.756,0.894
0.0,0.92,0.096,0.518,0.534,0.371,0.102,0.756,0.931,0.536,0.319,0.579,0.253,0.46,0.419,0.657,0.482,0.324,0.38,0.692,0.935,0.144,0.038,0.567,0.025,0.683,0.843,0.572,0.21,0.006,0.481,0.772,0.386,0.108,0.523,0.349,0.02,0.825,0.32,0.325,0.737
0.0,0.713,0.01,0.978,0.68,0.379,0.012,0.656,0.457,0.408,0.69,0.837,0.58,0.937,0.974,0.538,0.699,0.824,0.404,0.668,0.07,0.419,0.122,0.616,0.418,0.608,0.912,0.841,0.107,0.429,0.826,0.096,0.46,0.743,0.918,0.63,0.42,0.077,0.519,0.867,0.999
0.0,0.7,0.758,0.934,0.997,0.693,0.313,0.522,0.903,0.725,0.717,0.331,0.056,0.757,0.4,0.865,0.392,0.961,0.303,0.376,0.47,0.952,0.279,0.816,0.337,0.495,0.033,0.775,0.881,0.514,0.456,0.81,0.557,0.893,0.505,0.113,0.787,0.548,0.9,0.796,0.452
1.0,0.899,0.575,0.746,0.407,0.704,0.287,0.942,0.025,0.072,0.855,0.647,0.683,0.778,0.51,0.597,0.934,0.727,0.559,0.83,0.564,0.971,0.538,0.669,0.714,0.726,0.642,0.876,0.829,0.293,0.505,0.224,0.479,0.532,0.146,0.715,0.328,0.304,0.571,0.81,0.544
1.0,0.56,0.33,0.937,0.172,0.309,0.112,0.38,0.636,0.953,0.239,0.872,0.82,0.291,0.529,0.698,0.958,0.996,0.7,0.172,0.395,0.751,0.59,0.833,0.776,0.631,0.232,0.219,0.612,0.023,0.239,0.714,0.689,0.343,0.243,0.902,0.563,0.462,0.998,0.279,0.206
0.0,0.405,0.575,0.989,0.464,0.783,0.869,0.467,0.192,0.55,0.562,0.994,0.46,0.792,0.219,0.506,0.855,0.667,0.592,0.539,0.017,0.332,0.031,0.999,0.858,0.084,0.571,0.707,0.591,0.823,0.618,0.484,0.306,0.611,0.181,0.324,0.106,0.718,0.065,0.985,0.556
0.0,0.662,0.848,0.997,0.096,0.286,0.724,0.46,0.737,0.927,0.445,0.408,0.819,0.849,0.957,0.094,0.924,0.915,0.591,0.094,0.177,0.15,0.054,0.319,0.323,0.975,0.592,0.348,0.297,0.507,0.669,0.818,0.041,0.439,0.954,0.075,0.152,0.475,0.726,0.101,0.72
1.0,0.485,0.739,0.838,0.948,0.482,0.839,0.213,0.801,0.085,0.629,0.303,0.657,0.665,0.652,0.079,0.362,0.297,0.897,0.769,0.113,0.884,0.853,0.179,0.558,0.348,0.061,0.281,0.777,0.081,0.41,0.956,0.43,0.451,0.946,0.876,0.824,0.232,0.531,0.746,0.162
0.0,0.381,0.508,0.015,0.151,0.756,0.309,0.966,0.594,0.293,0.297,0.245,0.376,0.298,0.111,0.263,0.959,0.918,0.04,0.094,0.693,0.733,0.441,0.831,0.583,0.884,0.689,0.759,0.786,0.503,0.483,0.57,0.497,0.76,0.92,0.752,0.389,0.346,0.339,0.736,0.387
1.0,0.825,0.328,0.53,0.317,0.543,0.566,0.555,0.99,0.629,0.056,0.112,0.689,0.495,0.297,0.058,0.926,0.411,0.938,0.548,0.512,0.497,0.656,0.054,0.235,0.398,0.317,0.744,0.688,0.971,0.726,0.929,0.195,0.531,0.806,0.334,0.203,0.175,0.479,0.85,0.284
0.0,0.104,0.103,0.046,0.8,0.444,0.68,0.064,0.997,0.641,0.094,0.801,0.934,0.934,0.294,0.354,0.651,0.828,0.185,0.853,0.393,0.568,0.54,0.006,0.837,0.27,0.655,0.044,0.125,0.092,0.881,0.772,0.546,0.747,0.553,0.798,0.408,0.727,0.099,0.785,0.591
0.0,0.082,0.045,0.854,0.39,0.61,0.01,0.346,0.395,0.84,0.127,0.081,0.721,0.584,0.57,0.033,0.204,0.911,0.085,0.164,0.1,0.507,0.237,0.955,0.287,0.235,0.532,0.335,0.698,0.349,0.606,0.309,0.255,0.947,0.021,0.074,0.319,0.734,0.055,0.874,0.864
1.0,0.761,0.0,0.146,0.977,0.205,0.369,0.991,0.894,0.698,0.937,0.101,0.149,0.882,0.935,0.556,0.204,0.072,0.358,0.396,0.536,0.73,0.519,0.059,0.89,0.992,0.619,0.786,0.48,0.937,0.183,0.57,0.378,0.75,0.901,0.08,0.496,0.883,0.44,0.774,0.622
1.0,0.279,0.588,0.285,0.044,0.78,0.643,0.157,0.546,0.543,0.187,0.486,0.143,0.162,0.286,0.141,0.304,0.582,0.878,0.26,0.269,0.116,0.865,0.49,0.514,0.93,0.237,0.641,0.643,0.92,0.917,0.658,0.881,0.817,0.268,0.516,0.239,0.854,0.505,0.33,0.007
1.0,0.28,0.223,0.995,0.073,0.965,0.11,0.916,0.895,0.433,0.284,0.222,0.155,0.179,0.691,0.473,0.469,0.539,0.313,0.932,0.217,0.954,0.689,0.586,0.113,0.236,0.415,0.179,0.891,0.005,0.114,0.466,0.835,0.471,0.608,0.632,0.304,0.304,0.897,0.322,0.079
1.0,0.354,0.335,0.568,0.717,0.59,0.759,0.754,0.212,0.667,0.444,0.911,0.492,0.119,0.237,0.212,0.805,0.418,0.032,0.723,0.763,0.197,0.401,0.734,0.228,0.187,0.538,0.139,0.216,0.209,0.231,0.846,0.229,0.266,0.433,0.333,0.152,0.984,0.4,0.055,0.668
1.0,0.471,0.763,0.964,0.165,0.011,0.135,0.238,0.926,0.665,0.918,0.264,0.14,0.327,0.382,0.374,0.615,0.768,0.146,0.909,0.911,0.001,0.766,0.304,0.412,0.942,0.203,0.328,0.726,0.05,0.001,0.401,0.41,0.833,0.257,0.955,0.877,0.335,0.733,0.547,0.132
1.0,0.775,0.79,0.601,0.877,0.688,0.369,0.859,0.719,0.151,0.625,0.569,0.415,0.811,0.474,0.788,0.72,0.042,0.888,0.056,0.015,0.169,0.382,0.361,0.459,0.86,0.725,0.359,0.76,0.61,0.905,0.849,0.683,0.288,0.421,0.333,0.383,0.198,0.364,0.903,0.462
1.0,0.248,0.302,0.064,0.282,0.721,0.121,0.893,0.633,0.517,0.232,0.73,0.175,0.296,0.815,0.779,0.921,0.032,0.9,0.188,0.693,0.232,0.233,0.022,0.301,0.351,0.85,0.281,0.005,0.358,0.634,0.173,0.999,0.383,0.209,0.002,0.757,0.409,0.506,0.197,0.097
1.0,0.62,0.787,0.108,0.764,0.415,0.482,0.139,0.809,0.143,0.13,0.06,0.729,0.49,0.009,0.285,0.726,0.134,0.304,0.768,0.29,0.37,0.976,0.42,0.786,0.114,0.039,0.973,0.075,0.011,1.0,0.312,0.453,0.469,0.675,0.718,0.836,0.017,0.537,0.037,0.744
1.0,0.054,0.077,0.768,0.417,0.136,0.008,0.895,0.236,0.322,0.563,0.395,0.063,0.165,0.616,0.405,0.027,0.84,0.253,0.897,0.704,0.217,0.416,0.055,0.352,0.971,0.833,0.14,0.655,0.958,0.419,0.231,0.22,0.286,0.596,0.779,0.063,0.855,0.651,0.736,0.796
0.0,0.361,0.332,0.974,0.208,0.191,0.728,0.253,0.777,0.889,0.573,0.859,0.392,0.292,0.263,0.652,0.702,0.032,0.145,0.282,0.218,0.411,0.415,0.283,0.6,0.413,0.298,0.301,0.555,0.978,0.506,0.511,0.97,0.608,0.96,0.523,0.996,0.034,0.216,0.705,0.699
0.0,0.81,0.672,0.401,0.987,0.168,0.773,0.019,0.846,0.796,0.987,0.702,0.991,0.36,0.101,0.11,0.994,0.506,0.925,0.186,0.694,0.402,0.361,0.006,0.887,0.287,0.63,0.37,0.389,0.962,0.091,0.5,0.549,0.377,0.508,0.88,0.936,0.383,0.023,0.472,0.702
0.0,0.021,0.292,0.078,0.811,0.881,0.951,0.77,0.715,0.154,0.862,0.451,0.718,0.436,0.934,0.406,0.372,0.911,0.258,0.255,0.287,0.088,0.42,0.373,0.564,0.209,0.639,0.385,0.246,0.026,0.782,0.638,0.349,0.555,0.49,0.791,0.302,0.224,0.664,0.661,0.577
1.0,0.196,0.08,0.382,0.171,0.618,0.368,0.112,0.64,0.262,0.325,0.219,0.476,0.358,0.163,0.943,0.425,0.32,0.685,0.288,0.466,0.838,0.485,0.072,0.33,0.194,0.122,0.4,0.385,0.288,0.187,0.93,0.884,0.893,0.267,0.232,0.117,0.233,0.048,0.345,0.584
0.0,0.066,0.462,0.06,0.578,0.777,0.52,0.308,0.348,0.025,0.21,0.701,0.865,0.535,0.888,0.673,0.772,0.832,0.46,0.466,0.216,0.841,0.813,0.077,0.088,0.92,0.259,0.976,0.326,0.982,0.522,0.654,0.063,0.618,0.568,0.575,0.334,0.114,0.722,1.0,0.347
1.0,0.943,0.356,0.828,0.769,0.491,0.515,0.019,0.606,0.19,0.599,0.718,0.221,0.957,0.311,0.214,0.203,0.57,0.824,0.452,0.508,0.238,0.874,0.098,0.638,0.839,0.564,0.765,0.708,0.399,0.298,0.106,0.979,0.186,0.991,0.978,0.826,0.934,0.443,0.655,0.463
1.0,0.22,0.902,0.124,0.786,0.779,0.362,0.323,0.279,0.36,0.591,0.227,0.113,0.862,0.575,0.297,0.062,0.255,0.695,0.201,0.166,0.367,0.26,0.246,0.129,0.115,0.684,0.653,0.708,0.463,0.355,0.558,0.895,0.862,0.283,0.917,0.733,0.95,0.202,0.018,0.784
1.0,0.729,0.389,0.061,0.814,0.292,0.536,0.065,0.866,0.477,0.076,0.959,0.51,0.144,0.869,0.367,0.051,0.057,0.118,0.406,0.901,0.518,0.94,0.185,0.332,0.514,0.479,0.65,0.601,0.755,0.203,0.246,0.493,0.111,0.937,0.977,0.862,0.761,0.819,0.517,0.372
1.0,0.025,0.792,0.201,0.213,0.749,0.807,0.159,0.891,0.379,0.915,0.609,0.103,0.453,0.188,0.109,0.849,0.559,0.349,0.83,0.936,0.846,0.132,0.013,0.897,0.012,0.067,0.107,0.296,0.427,0.224,0.493,0.124,0.575,0.447,0.825,0.312,0.019,0.609,0.325,0.056
0.0,0.878,0.456,0.458,0.468,0.898,0.772,0.505,0.657,0.142,0.649,0.613,0.99,0.735,0.529,0.013,0.087,0.487,0.361,0.286,0.032,0.805,0.252,0.643,0.532,0.391,0.068,0.637,0.643,0.503,0.91,0.154,0.774,0.012,0.78,0.707,0.986,0.528,0.929,0.952,0.948
0.0,0.974,0.483,0.325,0.592,0.94,0.189,0.241,0.499,0.453,0.792,0.916,0.695,0.302,0.582,0.518,0.857,0.711,0.747,0.11,0.271,0.866,0.548,0.755,0.678,0.437,0.802,0.276,0.866,0.879,0.165,0.646,0.546,0.787,0.587,0.961,0.328,0.916,0.655,0.481,0.595
1.0,0.076,0.283,0.273,0.413,0.823,0.546,0.636,0.964,0.843,0.887,0.822,0.858,0.47,0.535,0.431,0.05,0.004,0.097,0.814,0.785,0.591,0.057,0.178,0.577,0.352,0.242,0.232,0.411,0.13,0.227,0.213,0.22,0.441,0.047,0.644,0.924,0.139,0.012,0.138,0.161
0.0,0.063,0.916,0.016,0.071,0.329,0.217,0.577,0.948,0.248,0.85,0.044,0.308,0.111,0.188,0.482,0.027,0.064,0.927,0.96,0.57,0.372,0.234,0.937,0.713,0.048,0.344,0.406,0.41,0.611,0.069,0.973,0.286,0.428,0.599,0.646,0.768,0.767,0.592,0.811,0.848
0.0,0.691,0.511,0.889,0.318,0.459,0.109,0.306,0.247,0.071,0.495,0.99,0.821,0.299,0.887,0.238,0.086,0.203,0.337,0.709,0.788,0.474,0.699,0.912,0.847,0.0,0.351,0.872,0.503,0.488,0.458,0.678,0.672,0.634,0.522,0.444,0.727,0.667,0.954,0.597,0.788
1.0,0.83,0.582,0.478,0.041,0.797,0.702,0.311,0.767,0.609,0.034,0.903,0.156,0.96,0.926,0.443,0.799,0.58,0.205,0.104,0.458,0.828,0.529,0.645,0.413,0.876,0.715,0.508,0.939,0.64,0.649,0.5,0.411,0.779,0.374,0.907,0.133,0.382,0.78,0.133,0.419
1.0,0.833,0.865,0.388,0.828,0.766,0.686,0.011,0.407,0.141,0.703,0.248,0.742,0.266,0.041,0.69,0.723,0.828,0.409,0.803,0.121,0.258,0.072,0.164,0.984,0.506,0.654,0.9,0.475,0.155,0.663,0.041,0.025,0.958,0.677,0.149,0.535,0.777,0.209,0.047,0.887
1.0,0.717,0.3,0.917,0.71,0.474,0.489,0.145,0.437,0.719,0.766,0.054,0.45,0.104,0.473,0.691,0.298,0.577,0.468,0.66,0.684,0.615,0.946,0.226,0.909,0.074,0.199,0.778,0.178,0.074,0.142,0.785,0.514,0.341,0.739,0.227,0.301,0.898,0.024,0.744,0.364
0.0,0.726,0.719,0.017,0.75,0.297,0.354,0.232,0.944,0.418,0.523,0.354,0.712,0.245,0.242,0.174,0.114,0.576,0.137,0.952,0.343,0.731,0.836,0.866,0.751,0.116,0.461,0.508,0.414,0.844,0.483,0.379,0.73,0.887,0.806,0.678,0.956,0.596,0.005,0.778,0.201
0.0,0.533,0.471,0.438,0.808,0.927,0.071,0.746,0.224,0.543,0.216,0.657,0.507,0.148,0.68,0.035,0.274,0.121,0.134,0.963,0.924,0.896,0.121,0.727,0.017,0.444,0.865,0.377,0.721,0.372,0.708,0.984,0.224,0.485,0.115,0.234,0.067,0.557,0.834,0.813,0.574
1.0,0.309,0.545,0.481,0.371,0.149,0.001,0.364,0.46,0.593,0.8,0.327,0.244,0.61,0.028,0.434,0.401,0.573,0.724,0.099,0.817,0.27,0.547,0.878,0.22,0.167,0.361,0.087,0.295,0.853,0.045,0.929,0.889,0.271,0.741,0.702,0.238,0.149,0.713,0.128,0.929
1.0,0.568,0.296,0.768,0.071,0.806,0.661,0.205,0.981,0.948,0.56,0.171,0.067,0.841,0.984,0.168,0.958,0.392,0.2,0.024,0.784,0.785,0.746,0.178,0.653,0.065,0.185,0.259,0.26,0.419,0.379,0.019,0.353,0.817,0.773,0.588,0.011,0.493,0.929,0.796,0.877
1.0,0.101,0.075,0.342,0.646,0.225,0.218,0.634,0.688,0.636,0.197,0.38,0.553,0.067,0.359,0.826,0.077,0.198,0.792,0.581,0.142,0.698,0.676,0.408,0.388,0.297,0.875,0.745,0.149,0.952,0.055,0.618,0.195,0.853,0.614,0.598,0.287,0.236,0.988,0.971,0.407
0.0,0.218,0.72,0.125,0.679,0.562,0.985,0.818,0.34,0.497,0.645,0.121,0.122,0.657,0.736,0.393,0.494,0.93,0.019,0.843,0.959,0.962,0.506,0.369,0.652,0.075,0.374,0.586,0.639,0.69,0.394,0.449,0.515,0.594,0.86,0.129,0.305,0.319,0.532,0.883,0.334
0.0,0.746,0.794,0.475,0.765,0.482,0.525,0.372,0.484,0.744,0.664,0.643,0.986,0.37,0.424,0.127,0.615,0.469,0.618,0.453,0.789,0.942,0.495,0.874,0.801,0.143,0.242,0.281,0.003,0.134,0.409,0.557,0.567,0.548,0.615,0.392,0.735,0.512,0.542,0.061,0.044
0.0,0.191,0.361,0.439,0.856,0.601,0.168,0.801,0.339,0.37,0.128,0.199,0.489,0.384,0.649,0.037,0.488,0.904,0.803,0.931,0.595,0.906,0.824,0.931,0.068,0.568,0.625,0.643,0.983,0.576,0.012,0.474,0.434,0.54,0.729,0.757,0.943,0.634,0.723,0.652,0.716
0.0,0.818,0.224,0.532,0.274,0.001,0.758,0.778,0.908,0.94,0.157,0.389,0.773,0.655,0.447,0.126,0.629,0.477,0.041,0.417,0.149,0.287,0.23,0.283,0.069,0.53,0.337,0.014,0.385,0.278,0.491,0.53,0.656,0.629,0.607,0.768,0.325,0.109,0.741,0.819,0.112
0.0,0.62,0.623,0.65,0.112,0.1,0.002,0.589,0.784,0.062,0.342,0.005,0.871,0.867,0.16,0.948,0.749,0.489,0.398,0.794,0.507,0.777,0.29,0.159,0.494,0.365,0.89,0.339,0.35,0.407,0.683,0.704,0.333,0.135,0.566,0.87,0.804,0.553,0.726,0.641,0.433
0.0,0.523,0.146,0.51,0.189,0.709,0.501,0.879,0.827,0.213,0.348,0.04,0.942,0.719,0.732,0.445,0.714,0.535,0.747,0.59,0.102,0.331,0.776,0.011,0.008,0.661,0.685,0.629,0.874,0.237,0.083,0.781,0.972,0.538,0.839,0.191,0.101,0.822,0.326,0.088,0.177
0.0,0.324,0.243,0.491,0.754,0.665,0.613,0.386,0.259,0.109,0.018,0.009,0.378,0.489,0.641,0.448,0.039,0.212,0.962,0.622,0.178,0.126,0.933,0.963,0.936,0.061,0.87,0.71,0.686,0.457,0.626,0.386,0.853,0.637,0.078,0.022,0.945,0.985,0.714,0.142,0.501
1.0,0.347,0.537,0.058,0.946,0.44,0.443,0.292,0.372,0.269,0.4,0.423,0.362,0.779,0.999,0.007,0.611,0.685,0.852,0.497,0.268,0.708,0.726,0.518,0.237,0.08,0.296,0.696,0.301,0.914,0.715,0.288,0.595,0.426,0.874,0.813,0.482,0.309,0.123,0.873,0.493
0.0,0.131,0.052,0.597,0.164,0.603,0.52,0.998,0.999,0.933,0.247,0.669,0.905,0.729,0.453,0.49,0.799,0.319,0.026,0.109,0.3,0.303,0.458,0.745,0.587,0.029,0.133,0.762,0.558,0.786,0.119,0.925,0.69,0.675,0.796,0.274,0.091,0.358,0.599,0.382,0.725
1.0,0.997,0.352,0.906,0.881,0.49,0.875,0.532,0.967,0.362,0.268,0.549,0.197,0.983,0.88,0.283,0.498,0.056,0.49,0.246,0.389,0.549,0.942,0.716,0.188,0.873,0.623,0.664,0.663,0.86,0.225,0.058,0.103,0.445,0.687,0.175,0.455,0.278,0.241,0.172,0.643
1.0,0.345,0.194,0.974,0.024,0.366,0.798,0.64,0.0,0.983,0.474,0.016,0.223,0.207,0.657,0.88,0.286,0.278,0.096,0.312,0.456,0.998,0.827,0.247,0.321,0.098,0.373,0.734,0.076,0.62,0.281,0.639,0.278,0.413,0.759,0.917,0.944,0.441,0.177,0.814,0.409
0.0,0.606,0.581,0.073,0.235,0.07,0.269,0.968,0.653,0.712,0.048,0.479,0.861,0.632,0.029,0.971,0.304,0.216,0.237,0.937,0.5,0.591,0.215,0.858,0.596,0.338,0.639,0.258,0.293,0.066,0.832,0.317,0.095,0.786,0.626,0.415,0.838,0.332,0.47,0.924,0.863
0.0,0.994,0.039,0.134,0.824,0.96,0.844,0.949,0.053,0.293,0.033,0.172,0.089,0.091,0.644,0.531,0.423,0.462,0.201,0.243,0.947,0.354,0.324,0.961,0.878,0.058,0.327,0.57,0.328,0.806,0.559,0.848,0.164,0.916,0.12,0.959,0.615,0.63,0.461,0.527,0.373
1.0,0.942,0.092,0.194,0.727,0.401,0.369,0.535,0.664,0.386,0.499,0.37,0.428,0.022,0.891,0.423,0.829,0.563,0.692,0.065,0.984,0.15,0.279,0.43,0.935,0.18,0.492,0.956,0.085,0.956,0.924,0.086,0.041,0.341,0.11,0.387,0.324,0.535,0.946,0.583,0.627
0.0,0.251,0.955,0.203,0.1,0.302,0.17,0.349,0.767,0.265,0.223,0.092,0.667,0.075,0.981,0.892,0.868,0.931,0.831,0.807,0.735,0.712,0.408,0.955,0.831,0.034,0.189,0.454,0.603,0.568,0.11,0.586,0.824,0.197,0.141,0.756,0.42,0.932,0.124,0.462,0.897
0.0,0.378,0.689,0.966,0.862,0.861,0.601,0.457,0.635,0.579,0.911,0.199,0.057,0.509,0.681,0.752,0.836,0.873,0.981,0.186,0.69,0.747,0.16,0.45,0.138,0.797,0.305,0.37,0.194,0.811,0.317,0.501,0.967,0.991,0.617,0.025,0.462,0.671,0.555,0.725,0.239
1.0,0.553,0.119,0.326,0.836,0.233,0.693,0.482,0.852,0.034,0.695,0.815,0.573,0.526,0.133,0.818,0.413,0.502,0.855,0.794,0.506,0.24,0.942,0.609,0.842,0.986,0.176,0.683,0.547,0.483,0.972,0.152,0.43,0.223,0.638,0.052,0.209,0.8,0.888,0.366,0.399
0.0,0.544,0.374,0.865,0.107,0.254,0.608,0.71,0.984,0.608,0.075,0.166,0.763,0.466,0.435,0.501,0.297,0.998,0.497,0.848,0.677,0.394,0.687,0.952,0.61,0.31,0.982,0.107,0.736,0.168,0.371,0.06,0.84,0.639,0.032,0.591,0.327,0.12,0.83,0.829,0.091
1.0,0.185,0.493,0.564,0.157,0.577,0.629,0.305,0.085,0.972,0.198,0.344,0.564,0.655,0.013,0.248,0.536,0.999,0.485,0.95,0.706,0.487,0.601,0.329,0.972,0.477,0.406,0.263,0.158,0.68,0.754,0.293,0.692,0.403,0.876,0.706,0.223,0.566,0.766,0.977,0.916
0.0,0.118,0.84,0.15,0.976,0.562,0.971,0.428,0.159,0.22,0.753,0.276,0.784,0.445,0.518,0.905,0.322,0.291,0.446,0.584,0.626,0.785,0.194,0.984,0.443,0.591,0.494,0.747,0.065,0.992,0.159,0.996,0.291,0.936,0.61,0.748,0.953,0.766,0.815,0.946,0.269
0.0,0.659,0.178,0.223,0.972,0.947,0.29,0.748,0.607,0.397,0.623,0.076,0.742,0.137,0.217,0.792,0.334,0.288,0.669,0.207,0.248,0.019,0.872,0.658,0.13,0.931,0.261,0.185,0.832,0.27,0.208,0.271,0.346,0.616,0.759,0.719,0.719,0.434,0.351,0.667,0.165
1.0,0.871,0.857,0.706,0.582,0.398,0.958,0.052,0.931,0.229,0.098,0.315,0.532,0.372,0.109,0.538,0.405,0.402,0.558,0.378,0.749,0.456,0.398,0.12,0.854,0.694,0.033,0.516,0.078,0.565,0.924,0.155,0.9,0.154,0.677,0.846,0.295,0.765,0.167,0.944,0.158
0.0,0.523,0.84,0.056,0.276,0.421,0.452,0.918,0.814,0.677,0.78,0.445,0.826,0.012,0.634,0.937,0.061,0.454,0.358,0.865,0.871,0.648,0.492,0.63,0.05,0.031,0.378,0.359,0.36,0.253,0.827,0.617,0.603,0.407,0.168,0.089,0.383,0.427,0.367,0.559,0.824
1.0,0.373,0.214,0.378,0.501,0.023,0.178,0.204,0.135,0.387,0.823,0.326,0.751,0.758,0.065,0.089,0.854,0.362,0.78,0.174,0.04,0.268,0.372,0.088,0.637,0.299,0.873,0.362,0.819,0.35,0.022,0.301,0.945,0.424,0.101,0.698,0.742,0.23,0.845,0.458,0.375
1.0,0.993,0.497,0.664,0.347,0.498,0.529,0.717,0.498,0.958,0.07,0.863,0.444,0.846,0.552,0.166,0.456,0.951,0.699,0.569,0.796,0.439,0.693,0.047,0.003,0.251,0.986,0.943,0.647,0.974,0.156,0.032,0.291,0.971,0.058,0.19,0.583,0.061,0.308,0.255,0.37
1.0,0.481,0.839,0.695,0.71,0.679,0.906,0.203,0.363,0.966,0.047,0.492,0.146,0.353,0.259,0.429,0.408,0.099,0.896,0.026,0.091,0.601,0.532,0.451,0.048,0.1,0.752,0.205,0.278,0.057,0.149,0.482,0.649,0.748,0.588,0.985,0.477,0.715,0.602,0.042,0.252
1.0,0.007,0.872,0.981,0.831,0.165,0.582,0.692,0.023,0.363,0.727,0.896,0.043,0.546,0.193,0.635,0.903,0.772,0.162,0.805,0.059,0.683,0.156,0.692,0.327,0.169,0.557,0.318,0.288,0.481,0.998,0.92,0.803,0.973,0.983,0.016,0.178,0.986,0.714,0.223,0.994
1.0,0.545,0.547,0.422,0.913,0.672,0.419,0.548,0.393,0.302,0.008,0.39,0.61,0.826,0.222,0.42,0.221,0.615,0.226,0.707,0.484,0.214,0.307,0.424,0.608,0.165,0.126,0.137,0.501,0.573,0.795,0.328,0.684,0.073,0.443,0.546,0.383,0.024,0.877,0.57,0.37
1.0,0.47,0.869,0.452,0.511,0.033,0.261,0.845,0.397,0.762,0.11,0.669,0.466,0.364,0.927,0.687,0.88,0.232,0.604,0.263,0.869,0.098,0.455,0.246,0.219,0.304,0.297,0.076,0.119,0.682,0.183,0.56,0.954,0.359,0.505,0.559,0.938,1.0,0.861,0.458,0.882
1.0,0.824,0.577,0.358,0.857,0.719,0.504,0.824,0.812,0.557,0.849,0.155,0.659,0.012,0.048,0.283,0.184,0.331,0.97,0.553,0.135,0.286,0.531,0.237,0.809,0.71,0.218,0.632,0.665,0.161,0.753,0.957,0.518,0.854,0.417,0.523,0.956,0.173,0.324,0.794,0.055
1.0,0.521,0.409,0.218,0.839,0.553,0.748,0.197,0.769,0.555,0.327,0.697,0.288,0.282,0.032,0.52,0.225,0.928,0.163,0.503,0.751,0.811,0.067,0.538,0.889,0.809,0.25,0.118,0.989,0.576,0.093,0.286,0.174,0.326,0.093,0.769,0.925,0.763,0.873,0.519,0.555
1.0,0.461,0.472,0.225,0.713,0.037,0.415,0.802,0.487,0.757,0.29,0.504,0.44,0.868,0.473,0.949,0.088,0.07,0.565,0.169,0.342,0.053,0.825,0.188,0.509,0.47,0.159,0.324,0.112,0.994,0.758,0.407,0.706,0.485,0.825,0.238,0.255,0.5,0.998,0.461,0.665
0.0,0.483,0.116,0.76,0.711,0.196,0.515,0.809,0.949,0.386,0.348,0.784,0.977,0.996,0.98,0.082,0.102,0.883,0.814,0.278,0.37,0.821,0.286,0.08,0.154,0.75,0.464,0.309,0.416,0.107,0.66,0.13,0.728,0.914,0.081,0.553,0.626,0.861,0.794,0.369,0.225
0.0,0.22,0.618,0.675,0.004,0.892,0.026,0.441,0.555,0.802,0.797,0.759,0.622,0.157,0.822,0.721,0.041,0.264,0.677,0.55,0.703,0.151,0.789,0.125,0.246,0.575,0.42,0.094,0.618,0.588,0.179,0.843,0.938,0.779,0.762,0.207,0.952,0.019,0.613,0.462,0.884
1.0,0.364,0.799,0.233,0.806,0.502,0.686,0.137,0.415,0.002,0.754,0.447,0.378,0.478,0.356,0.405,0.601,0.392,0.172,0.376,0.121,0.207,0.739,0.508,0.273,0.006,0.851,0.141,0.265,0.71,0.578,0.468,0.615,0.165,0.47,0.965,0.19,0.121,0.056,0.196,0.636
0.0,0.856,0.295,0.97,0.222,0.239,0.771,0.305,0.352,0.052,0.25,0.127,0.307,0.812,0.516,0.467,0.126,0.052,0.367,0.876,0.42,0.954,0.607,0.97,0.423,0.159,0.14,0.227,0.954,0.508,0.206,0.833,0.815,0.713,0.851,0.342,0.011,0.515,0.457,0.073,0.403
1.0,0.373,0.592,0.288,0.077,0.045,0.471,0.209,0.345,0.004,0.825,0.475,0.602,0.185,0.305,0.029,0.154,0.899,0.982,0.996,0.309,0.007,0.629,0.108,0.655,0.725,0.578,0.149,0.758,0.22,0.161,0.842,0.417,0.111,0.668,0.586,0.968,0.624,0.546,0.728,0.406
0.0,0.779,0.274,0.004,0.311,0.076,0.514,0.194,0.157,0.878,0.299,0.887,0.884,0.726,0.797,0.378,0.954,0.427,0.063,0.571,0.056,0.911,0.512,0.606,0.295,0.952,0.007,0.362,0.494,0.119,0.074,0.203,0.769,0.385,0.436,0.764,0.594,0.296,0.196,0.463,0.506
1.0,0.473,0.468,0.003,0.247,0.996,0.764,0.573,0.104,0.652,0.152,0.468,0.647,0.851,0.882,0.515,0.277,0.48,0.51,0.366,0.486,0.822,0.351,0.493,0.6,0.392,0.295,0.554,0.895,0.573,0.909,0.145,0.422,0.323,0.823,0.024,0.609,0.542,0.392,0.228,0.081
1.0,0.526,0.053,0.259,0.842,0.65,0.087,0.356,0.691,0.047,0.217,0.582,0.216,0.659,0.684,0.86,0.031,0.97,0.134,0.884,0.811,0.946,0.719,0.532,0.009,0.636,0.688,0.344,0.197,0.495,0.71,0.502,0.688,0.006,0.414,0.639,0.598,0.899,0.741,0.772,0.466
0.0,0.642,0.189,0.471,0.865,0.313,0.474,0.161,0.666,0.171,0.187,0.855,0.859,0.557,0.199,0.236,0.891,0.05,0.311,0.27,0.775,0.368,0.333,0.815,0.005,0.452,0.394,0.549,0.806,0.927,0.617,0.478,0.111,0.902,0.783,0.008,0.154,0.973,0.014,0.959,0.078
0.0,0.561,0.494,0.434,0.442,0.999,0.006,0.727,0.806,0.282,0.021,0.884,0.087,0.228,0.445,0.433,0.778,0.635,0.072,0.862,0.761,0.983,0.348,0.569,0.848,0.439,0.257,0.734,0.814,0.877,0.952,0.592,0.518,0.944,0.391,0.421,0.935,0.551,0.529,0.633,0.686
0.0,0.171,0.71,0.975,0.102,0.86,0.619,0.126,0.668,0.874,0.528,0.198,0.757,0.958,0.417,0.303,0.86,0.155,0.26,0.975,0.494,0.501,0.982,0.686,0.085,0.229,0.795,0.751,0.806,0.528,0.564,0.44,0.898,0.202,0.198,0.202,0.17,0.111,0.333,0.629,0.166
1.0,0.38,0.928,0.474,0.169,0.452,0.249,0.756,0.674,0.372,0.927,0.867,0.402,0.841,0.56,0.142,0.351,0.036,0.438,0.6,0.704,0.009,0.02,0.233,0.713,0.979,0.127,0.301,0.531,0.66,0.143,0.614,0.084,0.368,0.578,0.529,0.401,0.314,0.413,0.308,0.897
1.0,0.772,0.967,0.268,0.071,0.184,0.41,0.612,0.307,0.731,0.864,0.661,0.4,0.467,0.145,0.919,0.588,0.517,0.242,0.949,0.97,0.765,0.818,0.341,0.255,0.637,0.775,0.966,0.117,0.278,0.016,0.239,0.366,0.781,0.033,0.286,0.251,0.015,0.196,0.078,0.245
1.0,0.683,0.379,0.755,0.038,0.156,0.862,0.291,0.316,0.62,0.512,0.504,0.731,0.147,0.69,0.425,0.561,0.11,0.884,0.778,0.546,0.783,0.67,0.514,0.095,0.29,0.74,0.98,0.515,0.801,0.166,0.23,0.956,0.629,0.331,0.708,0.014,0.561,0.876,0.413,0.562
1.0,0.518,0.398,0.395,0.045,0.655,0.583,0.085,0.237,0.538,0.293,0.11,0.549,0.537,0.199,0.369,0.414,0.06,0.63,0.889,0.606,0.095,0.231,0.164,0.549,0.388,0.115,0.781,0.432,0.882,0.61,0.22,0.805,0.507,0.43,0.39,0.477,0.932,0.121,0.304,0.631
0.0,0.513,0.706,0.891,0.926,0.854,0.481,0.535,0.877,0.376,0.655,0.905,0.683,0.978,0.852,0.887,0.139,0.122,0.565,0.727,0.515,0.76,0.922,0.326,0.885,0.303,0.152,0.115,0.505,0.539,0.58,0.643,0.766,0.976,0.372,0.17,0.248,0.28,0.42,0.428,0.692
1.0,0.808,0.327,0.85,0.611,0.743,0.182,0.527,0.788,0.718,0.928,0.889,0.045,0.479,0.44,0.289,0.384,0.25,0.105,0.599,0.003,0.756,0.375,0.511,0.502,0.601,0.896,0.44,0.64,0.882,0.866,0.571,0.437,0.802,0.926,0.248,0.601,0.335,0.631,0.049,0.458
1.0,0.019,0.518,0.257,0.183,0.672,0.883,0.699,0.983,0.102,0.532,0.783,0.666,0.265,0.384,0.591,0.618,0.733,0.246,0.906,0.692,0.669,0.302,0.671,0.422,0.773,0.003,0.522,0.562,0.84,0.697,0.572,0.683,0.473,0.726,0.622,0.403,0.638,0.161,0.193,0.825
0.0,0.687,0.359,0.145,0.37,0.898,0.221,0.344,0.122,0.894,0.133,0.468,0.872,0.283,0.237,0.147,0.927,0.835,0.587,0.254,0.035,0.441,0.539,0.18,0.451,0.299,0.833,0.416,0.064,0.557,0.832,0.483,0.032,0.792,0.835,0.713,0.517,0.204,0.3,0.533,0.397
0.0,0.802,0.794,0.969,0.578,0.009,0.807,0.874,0.669,0.218,0.036,0.843,0.786,0.37,0.913,0.723,0.478,0.658,0.013,0.63,0.398,0.272,0.53,0.107,0.104,0.656,0.62,0.026,0.026,0.906,0.163,0.118,0.185,0.748,0.62,0.88,0.518,0.077,0.891,0.841,0.237
1.0,0.129,0.921,0.573,0.666,0.745,0.722,0.154,0.141,0.01,0.434,0.164,0.013,0.089,0.441,0.796,0.568,0.122,0.931,0.754,0.739,0.604,0.504,0.384,0.449,0.141,0.384,0.36,0.757,0.083,0.404,0.01,0.997,0.799,0.89,0.019,0.999,0.479,0.785,0.307,0.497
1.0,0.308,0.431,0.273,0.192,0.591,0.397,0.638,0.98,0.161,0.193,0.789,0.077,0.289,0.165,0.899,0.06,0.336,0.274,0.19,0.901,0.986,0.398,0.277,0.511,0.147,0.798,0.632,0.568,0.016,0.632,0.796,0.788,0.281,0.524,0.1,0.903,0.449,0.059,0.152,0.671
0.0,0.394,0.395,0.302,0.11,0.711,0.171,0.08,0.806,0.144,0.24,0.603,0.493,0.201,0.342,0.949,0.707,0.258,0.842,0.449,0.587,0.811,0.131,0.973,0.153,0.515,0.269,0.515,0.439,0.147,0.185,0.736,0.22,0.166,0.572,0.518,0.468,0.571,0.098,0.686,0.75
1.0,0.479,0.514,0.993,0.82,0.069,0.577,0.554,0.598,0.262,0.734,0.582,0.311,0.05,0.986,0.641,0.096,0.551,0.571,0.189,0.943,0.224,0.677,0.056,0.561,0.267,0.169,0.791,0.852,0.626,0.525,0.629,0.82,0.395,0.07,0.933,0.674,0.976,0.569,0.614,0.943
0.0,0.463,0.991,0.699,0.464,0.618,0.5,0.313,0.775,0.871,0.112,0.07,0.89,0.355,0.907,0.836,0.781,0.069,0.675,0.601,0.211,0.638,0.873,0.56,0.014,0.867,0.946,0.098,0.093,0.55,0.222,0.553,0.019,0.324,0.568,0.148,0.55,0.639,0.055,0.218,0.537
0.0,0.133,0.06,0.132,0.632,0.549,0.989,0.461,0.112,0.233,0.627,0.303,0.515,0.844,0.507,0.887,0.26,0.777,0.954,0.317,0.885,0.75,0.354,0.782,0.542,0.833,0.347,0.136,0.702,0.883,0.961,0.257,0.435,0.388,0.542,0.51,0.662,0.561,0.547,0.898,0.15
0.0,0.786,0.827,0.788,0.331,0.415,0.613,0.162,0.736,0.079,0.758,0.872,0.988,0.464,0.727,0.463,0.186,0.496,0.579,0.607,0.456,0.178,0.092,0.33,0.251,0.166,0.898,0.617,0.754,0.658,0.406,0.833,0.989,0.461,0.976,0.873,0.737,0.91,0.831,0.35,0.481
1.0,0.221,0.652,0.764,0.505,0.539,0.915,0.898,0.271,0.721,0.757,0.562,0.217,0.064,0.485,0.5,0.606,0.712,0.582,0.503,0.485,0.724,0.49,0.171,0.605,0.712,0.514,0.56,0.85,0.685,0.073,0.275,0.499,0.688,0.062,0.117,0.896,0.094,0.624,0.06,0.9
0.0,0.883,0.479,0.834,0.741,0.855,0.788,0.869,0.63,0.909,0.519,0.798,0.967,0.555,0.403,0.727,0.434,0.688,0.1,0.665,0.314,0.842,0.433,0.238,0.688,0.885,0.215,0.446,0.901,0.095,0.25,0.768,0.846,0.995,0.149,0.757,0.187,0.949,0.173,0.269,0.676
0.0,0.143,0.839,0.849,0.68,0.683,0.223,0.451,0.841,0.791,0.851,0.492,0.625,0.983,0.728,0.77,0.981,0.569,0.834,0.812,0.145,0.633,0.03,0.106,0.521,0.296,0.05,0.031,0.15,0.166,0.254,0.308,0.201,0.664,0.179,0.005,0.595,0.013,0.588,0.006,0.133
0.0,0.427,0.145,0.182,0.873,0.055,0.696,0.327,0.016,0.599,0.339,0.729,0.314,0.442,0.516,0.948,0.858,0.11,0.454,0.655,0.926,0.418,0.643,0.844,0.261,0.976,0.69,0.709,0.934,0.238,0.257,0.505,0.436,0.847,0.633,0.061,0.227,0.831,0.247,0.392,0.201
0.0,0.99,0.431,0.239,0.709,0.856,0.919,0.022,0.374,0.395,0.05,0.057,0.342,0.463,0.702,0.091,0.036,0.437,0.986,0.711,0.643,0.637,0.794,0.078,0.607,0.669,0.319,0.407,0.224,0.43,0.15,0.053,0.439,0.397,0.652,0.023,0.009,0.473,0.154,0.239,0.087
0.0,0.887,0.102,0.72,0.176,0.892,0.962,0.347,0.887,0.548,0.096,0.313,0.334,0.732,0.351,0.028,0.057,0.28,0.15,0.347,0.059,0.978,0.171,0.873,0.429,0.035,0.302,0.06,0.505,0.547,0.62,0.817,0.943,0.587,0.454,0.762,0.452,0.31,0.2,0.75,0.055
0.0,0.323,0.828,0.716,0.388,0.476,0.559,0.736,0.954,0.663,0.57,0.526,0.526,0.475,0.83,0.78,0.646,0.999,0.328,0.512,0.439,0.169,0.605,0.911,0.674,0.413,0.802,0.956,0.742,0.806,0.143,0.653,0.967,0.109,0.136,0.624,0.96,0.258,0.118,0.89,0.156
0.0,0.661,0.357,0.834,0.492,0.95,0.895,0.021,0.625,0.555,0.033,0.671,0.168,0.308,0.876,0.702,0.089,0.509,0.041,0.308,0.411,0.365,0.05,0.059,0.732,0.129,0.22,0.368,0.234,0.232,0.616,0.67,0.639,0.319,0.097,0.605,0.946,0.973,0.193,0.099,0.892
0.0,0.117,0.561,0.663,0.815,0.854,0.62,0.576,0.939,0.234,0.13,0.627,0.431,0.394,0.136,0.7,0.177,0.395,0.394,0.441,0.785,0.016,0.191,0.694,0.024,0.113,0.392,0.966,0.12,0.824,0.552,0.278,0.643,0.269,0.052,0.266,0.658,0.71,0.034,0.314,0.756
0.0,0.469,0.674,0.258,0.989,0.145,0.086,0.684,0.02,0.114,0.624,0.65,0.866,0.948,0.75,0.848,0.071,0.825,0.25,0.91,0.457,0.546,0.869,0.339,0.653,0.304,0.46,0.332,0.354,0.608,0.055,0.185,0.824,0.625,0.624,0.959,0.35,0.816,0.016,0.121,0.86
1.0,0.814,0.44,0.496,0.659,0.528,0.114,0.195,0.609,0.713,0.768,0.44,0.22,0.987,0.316,0.042,0.92,0.52,0.538,0.581,0.263,0.645,0.367,0.305,0.048,0.051,0.568,0.326,0.137,0.134,0.825,0.623,0.965,0.423,0.775,0.867,0.191,0.901,0.936,0.136,0.095
0.0,0.746,0.323,0.459,0.166,0.179,0.24,0.63,0.741,0.216,0.445,0.765,0.796,0.194,0.147,0.983,0.26,0.34,0.76,0.705,0.921,0.554,0.162,0.393,0.806,0.659,0.92,0.994,0.569,0.662,0.08,0.676,0.742,0.525,0.767,0.933,0.49,0.623,0.098,0.84,0.795
1.0,0.941,0.637,0.974,0.608,0.125,0.844,0.167,0.414,0.899,0.914,0.974,0.416,0.728,0.047,0.076,0.711,0.481,0.185,0.852,0.333,0.636,0.979,0.363,0.159,0.401,0.532,0.454,0.746,0.138,0.257,0.929,0.855,0.08,0.435,0.797,0.643,0.063,0.099,0.314,0.625
1.0,0.184,0.975,0.158,0.805,0.385,0.081,0.842,0.312,0.81,0.714,0.458,0.054,0.191,0.517,0.395,0.736,0.333,0.898,0.764,0.299,0.136,0.297,0.652,0.593,0.923,0.417,0.05,0.582,0.081,0.856,0.515,0.357,0.101,0.375,0.859,0.26,0.535,0.549,0.45,0.446
0.0,0.732,0.469,0.04,0.973,0.064,0.026,0.341,0.328,0.633,0.582,0.272,0.804,0.21,0.58,0.468,0.283,0.064,0.562,0.771,0.702,0.167,0.754,0.567,0.521,0.201,0.25,0.842,0.034,0.714,0.254,0.557,0.757,0.927,0.562,0.98,0.669,0.838,0.271,0.846,0.205
1.0,0.947,0.601,0.741,0.867,0.815,0.431,0.03,0.789,0.507,0.366,0.93,0.402,0.66,0.041,0.186,0.555,0.328,0.332,0.416,0.114,0.687,0.814,0.461,0.095,0.158,0.872,0.875,0.931,0.981,0.384,0.844,0.914,0.987,0.601,0.308,0.807,0.507,0.015,0.325,0.94
0.0,0.045,0.842,0.217,0.598,0.854,0.041,0.076,0.781,0.253,0.605,0.556,0.157,0.701,0.667,0.548,0.973,0.825,0.793,0.343,0.979,0.485,0.171,0.67,0.185,0.589,0.508,0.705,0.03,0.991,0.124,0.104,0.511,0.288,0.79,0.582,0.644,0.682,0.569,0.965,0.724
1.0,0.72,0.868,0.372,0.658,0.58,0.83,0.173,0.851,0.914,0.416,0.386,0.701,0.868,0.28,0.283,0.709,0.78,0.119,0.022,0.716,0.807,0.109,0.644,0.549,0.279,0.561,0.989,0.703,0.844,0.316,0.265,0.322,0.961,0.101,0.073,0.136,0.337,0.519,0.675,0.321
0.0,0.45,0.372,0.14,0.734,0.959,0.591,0.344,0.306,0.641,0.122,0.413,0.97,0.18,0.499,0.5,0.8,0.002,0.186,0.48,0.181,0.993,0.643,0.655,0.6,0.969,0.572,0.332,0.509,0.87,0.875,0.806,0.194,0.854,0.882,0.065,0.887,0.614,0.874,0.063,0.621
1.0,0.961,0.569,0.539,0.436,0.062,0.183,0.004,0.391,0.916,0.074,0.44,0.167,0.749,0.371,0.65,0.038,0.432,0.917,0.01,0.703,0.986,0.767,0.255,0.024,0.548,0.504,0.522,0.833,0.708,0.106,0.037,0.526,0.975,0.164,0.637,0.105,0.754,0.872,0.409,0.439
1.0,0.748,0.407,0.174,0.094,0.934,0.328,0.997,0.863,0.658,0.794,0.86,0.92,0.155,0.692,0.634,0.263,0.996,0.322,0.859,0.123,0.935,0.175,0.843,0.081,0.532,0.066,0.353,0.752,0.834,0.169,0.699,0.341,0.812,0.52,0.642,0.515,0.656,0.025,0.227,0.997
1.0,0.775,0.828,0.77,0.671,0.347,0.385,0.583,0.758,0.53,0.774,0.544,0.154,0.207,0.861,0.486,0.588,0.215,0.209,0.181,0.442,0.028,0.287,0.747,0.034,0.701,0.366,0.446,0.943,0.83,0.173,0.13,0.909,0.26,0.162,0.822,0.086,0.382,0.462,0.636,0.929
1.0,0.149,0.432,0.193,0.792,0.042,0.62,0.134,0.191,0.155,0.987,0.821,0.285,0.081,0.223,0.867,0.553,0.844,0.262,0.538,0.693,0.73,0.078,0.411,0.817,0.991,0.279,0.743,0.082,0.19,0.159,0.285,0.071,0.87,0.847,0.919,0.584,0.573,0.268,0.035,0.773
1.0,0.859,0.437,0.435,0.228,0.19,0.76,0.965,0.312,0.033,0.595,0.808,0.667,0.75,0.209,0.824,0.158,0.422,0.665,0.217,0.413,0.246,0.411,0.132,0.24,0.161,0.067,0.524,0.862,0.257,0.039,0.65,0.701,0.377,0.616,0.548,0.504,0.827,0.829,0.253,0.647
1.0,0.248,0.047,0.965,0.71,0.568,0.839,0.135,0.858,0.358,0.857,0.449,0.717,0.461,0.103,0.575,0.208,0.598,0.141,0.299,0.727,0.723,0.189,0.901,0.584,0.163,0.743,0.227,0.593,0.116,0.167,0.059,0.259,0.927,0.913,0.907,0.371,0.079,0.559,0.372,0.075
1.0,0.49,0.015,0.207,0.488,0.518,0.762,0.118,0.992,0.15,0.546,0.117,0.679,0.293,0.498,0.251,0.762,0.089,0.277,0.811,0.068,0.915,0.111,0.748,0.341,0.392,0.973,0.989,0.029,0.831,0.405,0.064,0.257,0.388,0.349,0.428,0.937,0.139,0.994,0.725,0.137
1.0,0.641,0.802,0.54,0.333,0.702,0.488,0.167,0.912,0.9,0.792,0.695,0.64,0.319,0.114,0.16,0.993,0.89,0.689,0.493,0.113,0.15,0.795,0.171,0.014,0.035,0.445,0.065,0.098,0.558,0.426,0.643,0.15,0.954,0.369,0.454,0.04,0.345,0.538,0.334,0.326
0.0,0.954,0.968,0.518,0.406,0.482,0.117,0.871,0.828,0.749,0.155,0.058,0.963,0.179,0.035,0.808,0.167,0.271,0.771,0.668,0.077,0.647,0.712,0.066,0.368,0.547,0.419,0.532,0.475,0.672,0.573,0.176,0.207,0.961,0.109,0.618,0.12,0.62,0.322,0.901,0.594
0.0,0.372,0.391,0.786,0.643,0.521,0.225,0.678,0.767,0.103,0.722,0.177,0.439,0.208,0.623,0.111,0.407,0.871,0.325,0.902,0.471,0.315,0.874,0.956,0.429,0.181,0.149,0.473,0.227,0.362,0.326,0.541,0.828,0.338,0.25,0.852,0.77,0.605,0.762,0.089,0.011
0.0,0.859,0.833,0.568,0.064,0.733,0.402,0.866,0.046,0.242,0.435,0.105,0.951,0.522,0.65,0.404,0.329,0.444,0.424,0.94,0.409,0.447,0.968,0.721,0.427,0.915,0.745,0.831,0.02,0.576,0.476,0.973,0.368,0.32,0.422,0.791,0.417,0.32,0.214,0.411,0.965
0.0,0.553,0.781,0.342,0.864,0.991,0.38,0.174,0.611,0.657,0.162,0.42,0.305,0.012,0.145,0.643,0.801,0.844,0.434,0.464,0.31,0.547,0.625,0.693,0.49,0.748,0.762,0.546,0.073,0.818,0.107,0.663,0.568,0.61,0.095,0.625,0.698,0.299,0.73,0.844,0.206
0.0,0.292,0.637,0.535,0.247,0.21,0.967,0.901,0.022,0.651,0.274,0.828,0.299,0.734,0.837,0.045,0.001,0.345,0.454,0.904,0.19,0.313,0.03,0.971,0.813,0.008,0.037,0.111,0.896,0.959,0.747,0.072,0.355,0.815,0.352,0.969,0.189,0.168,0.454,0.793,0.102
1.0,0.221,0.385,0.18,0.718,0.651,0.425,0.065,0.491,0.666,0.141,0.936,0.419,0.634,0.3,0.697,0.151,0.688,0.178,0.233,0.23,0.786,0.335,0.545,0.294,0.399,0.333,0.532,0.432,0.463,0.389,0.779,0.45,0.928,0.659,0.999,0.172,0.777,0.245,0.676,0.996
1.0,0.926,0.059,0.446,0.502,0.725,0.51,0.38,0.212,0.966,0.121,0.796,0.752,0.11,0.882,0.827,0.557,0.045,0.994,0.031,0.108,0.853,0.754,0.368,0.716,0.373,0.843,0.721,0.037,0.067,0.014,0.399,0.489,0.197,0.261,0.312,0.144,0.543,0.399,0.002,0.109
1.0,0.751,0.333,0.457,0.083,0.453,0.828,0.397,0.846,0.358,0.456,0.149,0.194,0.0,0.125,0.325,0.549,0.061,0.469,0.337,0.538,0.586,0.82,0.216,0.527,0.855,0.329,0.495,0.436,0.547,0.525,0.651,0.837,0.277,0.329,0.581,0.851,0.06,0.033,0.639,0.612
1.0,0.256,0.91,0.774,0.06,0.517,0.281,0.983,0.179,0.245,0.279,0.882,0.45,0.794,0.968,0.068,0.065,0.668,0.804,0.944,0.315,0.661,0.642,0.048,0.644,0.288,0.283,0.336,0.641,0.657,0.019,0.972,0.239,0.879,0.972,0.019,0.917,0.473,0.125,0.297,0.039
0.0,0.869,0.459,0.184,0.989,0.806,0.179,0.797,0.537,0.218,0.154,0.778,0.994,0.125,0.853,0.486,0.479,0.511,0.521,0.415,0.407,0.801,0.739,0.996,0.105,0.948,0.352,0.528,0.758,0.103,0.659,0.21,0.263,0.656,0.263,0.85,0.399,0.4,0.907,0.451,0.602
0.0,0.171,0.615,0.024,0.883,0.561,0.426,0.275,0.108,0.532,0.741,0.057,0.097,0.333,0.326,0.063,0.0,0.959,0.665,0.327,0.23,0.458,0.583,0.634,0.994,0.854,0.383,0.298,0.125,0.433,0.956,0.402,0.323,0.699,0.93,0.294,0.252,0.83,0.872,0.247,0.868
1.0,0.354,0.717,0.572,0.567,0.022,0.815,0.305,0.413,0.222,0.009,0.002,0.19,0.35,0.172,0.721,0.528,0.631,0.959,0.632,0.985,0.98,0.775,0.06,0.788,0.236,0.069,0.451,0.704,0.603,0.624,0.624,0.307,0.415,0.203,0.187,0.647,0.552,0.974,0.182,0.965
0.0,0.584,0.712,0.059,0.844,0.847,0.852,0.038,0.055,0.65,0.243,0.247,0.264,0.599,0.367,0.71,0.602,0.611,0.234,0.991,0.147,0.294,0.01,0.057,0.922,0.968,0.717,0.829,0.965,0.498,0.526,0.896,0.843,0.413,0.647,0.612,0.523,0.545,0.209,0.135,0.895
0.0,0.021,0.524,0.732,0.099,0.904,0.292,0.673,0.708,0.672,0.795,0.408,0.318,0.059,0.111,0.585,0.655,0.187,0.711,0.188,0.869,0.413,0.49,0.95,0.242,0.061,0.304,0.102,0.085,0.747,0.789,0.49,0.77,0.685,0.749,0.856,0.318,0.88,0.089,0.374,0.918
0.0,0.135,0.695,0.123,0.191,0.925,0.998,0.924,0.835,0.585,0.768,0.132,0.071,0.615,0.53,0.875,0.921,0.511,0.131,0.833,0.262,0.299,0.801,0.831,0.323,0.88,0.419,0.581,0.436,0.214,0.947,0.099,0.393,0.591,0.895,0.129,0.945,0.108,0.433,0.351,0.37
1.0,0.504,0.763,0.615,0.695,0.312,0.709,0.395,0.487,0.671,0.765,0.24,0.571,0.241,0.883,0.14,0.732,0.692,0.882,0.593,0.413,0.811,0.368,0.742,0.134,0.38,0.549,0.346,0.742,0.253,0.28,0.963,0.794,0.951,0.02,0.534,0.771,0.181,0.059,0.101,0.303
1.0,0.869,0.022,0.852,0.863,0.512,0.616,0.772,0.761,0.307,0.686,0.613,0.479,0.24,0.431,0.381,0.213,0.974,0.818,0.793,0.354,0.09,0.175,0.133,0.612,0.141,0.593,0.085,0.712,0.094,0.457,0.158,0.41,0.188,0.901,0.564,0.51,0.438,0.74,0.548,0.168
0.0,0.697,0.6,0.97,0.583,0.897,0.925,0.142,0.15,0.091,0.994,0.301,0.669,0.24,0.788,0.352,0.457,0.568,0.959,0.079,0.346,0.859,0.729,0.089,0.378,0.16,0.663,0.132,0.35,0.168,0.371,0.166,0.644,0.802,0.425,0.897,0.23,0.408,0.314,0.098,0.613
0.0,0.711,0.368,0.073,0.692,0.134,0.595,0.648,0.019,0.597,0.043,0.635,0.942,0.395,0.132,0.686,0.023,0.171,0.465,0.029,0.823,0.076,0.568,0.447,0.969,0.315,0.261,0.866,0.352,0.051,0.6,0.53,0.662,0.733,0.883,0.548,0.73,0.124,0.553,0.205,0.103
0.0,0.901,0.831,0.13,0.825,0.58,0.204,0.94,0.061,0.604,0.811,0.713,0.732,0.389,0.928,0.98,0.502,0.367,0.387,0.991,0.131,0.557,0.191,0.799,0.773,0.366,0.531,0.584,0.979,0.027,0.762,0.578,0.024,0.205,0.856,0.498,0.285,0.64,0.763,0.138,0.607
0.0,0.973,0.729,0.491,0.808,0.619,0.155,0.022,0.082,0.679,0.748,0.436,0.266,0.499,0.069,0.008,0.058,0.146,0.612,0.216,0.584,0.424,0.721,0.854,0.87,0.764,0.13,0.894,0.451,0.016,0.708,0.518,0.018,0.504,0.778,0.082,0.329,0.806,0.561,0.845,0.529
1.0,0.914,0.783,0.359,0.856,0.159,0.119,0.027,0.54,0.51,0.28,0.756,0.524,0.645,0.973,0.764,0.478,0.627,0.507,0.476,0.952,0.97,0.729,0.286,0.27,0.78,0.131,0.277,0.356,0.566,0.068,0.859,0.928,0.726,0.809,0.502,0.54,0.576,0.678,0.737,0.379
1.0,0.309,0.441,0.73,0.633,0.046,0.986,0.437,0.902,0.839,0.211,0.607,0.655,0.103,0.374,0.261,0.951,0.608,0.932,0.097,0.303,0.765,0.671,0.551,0.384,0.854,0.516,0.873,0.989,0.389,0.274,0.902,0.201,0.537,0.583,0.747,0.993,0.733,0.524,0.795,0.433
1.0,0.532,0.739,0.863,0.032,0.757,0.821,0.676,0.977,0.523,0.72,0.716,0.115,0.457,0.841,0.994,0.885,0.421,0.278,0.81,0.933,0.747,0.312,0.563,0.362,0.647,0.803,0.55,0.521,0.612,0.797,0.109,0.415,0.322,0.237,0.409,0.24,0.36,0.722,0.479,0.603
0.0,0.588,0.656,0.482,0.804,0.655,0.788,0.426,0.293,0.546,0.652,0.442,0.783,0.789,0.69,0.458,0.342,0.79,0.502,0.288,0.298,0.326,0.394,0.964,0.945,0.817,0.345,0.062,0.761,0.236,0.737,0.815,0.621,0.033,0.555,0.799,0.566,0.516,0.691,0.606,0.173
1.0,0.95,0.457,0.193,0.769,0.782,0.097,0.405,0.478,0.076,0.606,0.812,0.433,0.017,0.527,0.697,0.902,0.422,0.597,0.15,0.225,0.909,0.945,0.649,0.54,0.982,0.647,0.754,0.499,0.752,0.576,0.747,0.243,0.603,0.464,0.95,0.946,0.492,0.641,0.122,0.316
0.0,0.444,0.868,0.119,0.616,0.881,0.366,0.391,0.573,0.355,0.559,0.38,0.844,0.172,0.963,0.673,0.176,0.767,0.557,0.484,0.128,0.11,0.077,0.604,0.6,0.596,0.967,0.025,0.629,0.362,0.836,0.946,0.738,0.716,0.183,0.058,0.77,0.123,0.623,0.03,0.198
0.0,0.749,0.764,0.834,0.075,0.195,0.626,0.227,0.367,0.529,0.417,0.568,0.475,0.605,0.734,0.552,0.655,0.115,0.373,0.278,0.909,0.728,0.734,0.919,0.627,0.901,0.825,0.579,0.583,0.508,0.279,0.162,0.026,0.747,0.837,0.749,0.172,0.808,0.271,0.153,0.796
0.0,0.592,0.462,0.714,0.725,0.495,0.814,0.332,0.983,0.032,0.05,0.016,0.35,0.191,0.233,0.6,0.355,0.778,0.283,0.396,0.116,0.349,0.934,0.831,0.433,0.738,0.911,0.378,0.957,0.912,0.87,0.304,0.581,0.941,0.401,0.034,0.594,0.699,0.102,0.47,0.701
0.0,0.698,0.304,0.645,0.124,0.583,0.429,0.545,0.551,0.033,0.033,0.903,0.199,0.284,0.371,0.684,0.576,0.188,0.726,0.737,0.211,0.165,0.06,0.907,0.675,0.174,0.556,0.244,0.011,0.068,0.432,0.986,0.363,0.733,0.37,0.621,0.11,0.009,0.375,0.363,0.994
1.0,0.87,0.106,0.393,0.214,0.049,0.042,0.057,0.606,0.964,0.158,0.43,0.437,0.414,0.125,0.33,0.955,0.524,0.836,0.536,0.846,0.467,0.323,0.727,0.677,0.216,0.697,0.148,0.498,0.529,0.928,0.065,0.652,0.268,0.487,0.601,0.821,0.973,0.855,0.358,0.962
1.0,0.191,0.552,0.742,0.694,0.618,0.27,0.87,0.351,0.6,0.643,0.263,0.591,0.58,0.632,0.48,0.297,0.648,0.187,0.185,0.974,0.372,0.219,0.141,0.79,0.604,0.082,0.105,0.552,0.449,0.72,0.305,0.172,0.037,0.351,0.8,0.824,0.442,0.781,0.266,0.356
1.0,0.551,0.127,0.85,0.456,0.277,0.055,0.507,0.803,0.949,0.806,0.487,0.543,0.655,0.681,0.968,0.354,0.551,0.115,0.312,0.269,0.873,0.155,0.169,0.849,0.012,0.774,0.489,0.119,0.371,0.59,0.779,0.658,0.568,0.952,0.027,0.746,0.557,0.822,0.551,0.222
1.0,0.158,0.457,0.702,0.831,0.626,0.006,0.207,0.165,0.392,0.299,0.626,0.355,0.68,0.012,0.197,0.053,0.471,0.084,0.116,0.674,0.267,0.344,0.028,0.523,0.167,0.581,0.764,0.777,0.999,0.581,0.493,0.11,0.391,0.172,0.042,0.321,0.864,0.866,0.876,0.629
0.0,0.084,0.337,0.098,0.612,0.007,0.61,0.06,0.501,0.652,0.237,0.764,0.887,0.139,0.45,0.624,0.605,0.391,0.027,0.439,0.794,0.977,0.49,0.744,0.369,0.974,0.233,0.834,0.972,0.741,0.012,0.49,0.362,0.418,0.456,0.129,0.69,0.652,0.177,0.281,0.257
1.0,0.81,0.888,0.139,0.573,0.329,0.47,0.574,0.777,0.179,0.055,0.641,0.593,0.628,0.052,0.781,0.302,0.82,0.63,0.38,0.162,0.714,0.889,0.712,0.254,0.81,0.817,0.073,0.119,0.984,0.406,0.406,0.225,0.299,0.725,0.867,0.718,0.544,0.602,0.15,0.75
1.0,0.689,0.463,0.877,0.83,0.604,0.076,0.359,0.097,0.346,0.724,0.57,0.176,0.55,0.925,0.326,0.236,0.853,0.008,0.303,0.654,0.314,0.261,0.162,0.264,0.032,0.812,0.533,0.217,0.739,0.569,0.686,0.994,0.885,0.908,0.491,0.237,0.681,0.755,0.644,0.638
1.0,0.649,0.063,0.935,0.638,0.581,0.199,0.427,0.18,0.369,0.547,0.493,0.497,0.746,0.37,0.893,0.0,0.083,0.035,0.203,0.01,0.755,0.963,0.777,0.173,0.789,0.193,0.454,0.278,0.338,0.63,0.496,0.697,0.419,0.562,0.605,0.328,0.077,0.375,0.623,0.573
0.0,0.908,0.784,0.875,0.505,0.59,0.426,0.039,0.168,0.516,0.829,0.751,0.482,0.418,0.863,0.194,0.432,0.303,0.328,0.244,0.713,0.023,0.539,0.966,0.226,0.56,0.399,0.073,0.049,0.515,0.127,0.09,0.331,0.082,0.8,0.333,0.385,0.423,0.071,0.169,0.247
1.0,0.557,0.476,0.351,0.156,0.738,0.707,0.334,0.792,0.926,0.759,0.506,0.289,0.105,0.385,0.035,0.236,0.767,0.449,0.385,0.825,0.263,0.775,0.725,0.095,0.503,0.711,0.623,0.469,0.511,0.878,0.136,0.867,0.427,0.616,0.222,0.458,0.791,0.213,0.883,0.205
0.0,0.142,0.597,0.577,0.475,0.908,0.548,0.522,0.128,0.192,0.744,0.64,0.79,0.119,0.084,0.053,0.715,0.44,0.166,0.985,0.375,0.318,0.108,0.992,0.004,0.409,0.67,0.501,0.23,0.154,0.085,0.898,0.893,1.0,0.373,0.796,0.495,0.982,0.771,0.024,0.715
1.0,0.06,0.113,0.025,0.755,0.109,0.46,0.369,0.278,0.207,0.24,0.051,0.188,0.866,0.737,0.479,0.461,0.249,0.594,0.729,0.478,0.402,0.491,0.627,0.989,0.942,0.096,0.195,0.901,0.167,0.197,0.275,0.124,0.701,0.495,0.894,0.501,0.605,0.079,0.579,0.399
0.0,0.443,0.348,0.662,0.988,0.755,0.026,0.618,0.309,0.183,0.571,0.903,0.244,0.788,0.888,0.942,0.819,0.603,0.08,0.267,0.539,0.175,0.364,0.229,0.509,0.428,0.133,0.776,0.01,0.592,0.285,0.366,0.1,0.255,0.914,0.619,0.346,0.882,0.325,0.922,0.479
0.0,0.16,0.579,0.857,0.852,0.853,0.46,0.766,0.824,0.055,0.387,0.897,0.864,0.817,0.351,0.417,0.309,0.603,0.469,0.339,0.892,0.406,0.034,0.051,0.609,0.146,0.891,0.16,0.792,0.779,0.507,0.894,0.814,0.881,0.297,0.037,0.908,0.789,0.517,0.313,0.976
1.0,0.409,0.882,0.314,0.722,0.581,0.361,0.99,0.195,0.99,0.48,0.017,0.515,0.7,0.386,0.565,0.141,0.548,0.796,0.932,0.351,0.666,0.001,0.708,0.861,0.609,0.503,0.653,0.946,0.176,0.707,0.127,0.622,0.182,0.349,0.287,0.157,0.444,0.022,0.62,0.214
1.0,0.75,0.863,0.913,0.781,0.224,0.202,0.852,0.197,0.736,0.793,0.579,0.645,0.919,0.924,0.81,0.392,0.17,0.112,0.408,0.658,0.096,0.552,0.649,0.588,0.994,0.804,0.49,0.163,0.915,0.406,0.015,0.655,0.147,0.459,0.367,0.92,0.287,0.037,0.861,0.699
0.0,0.833,0.862,0.992,0.864,0.263,0.569,0.001,0.521,0.289,0.179,0.08,0.67,0.219,0.636,0.826,0.516,0.978,0.68,0.083,0.897,0.001,0.054,0.874,0.629,0.457,0.272,0.162,0.733,0.617,0.847,0.942,0.677,0.815,0.757,0.199,0.113,0.102,0.472,0.869,0.772
1.0,0.759,0.547,0.885,0.834,0.348,0.716,0.098,0.24,0.282,0.358,0.874,0.069,0.277,0.714,0.912,0.844,0.205,0.528,0.633,0.92,0.07,0.801,0.733,0.15,0.167,0.722,0.428,0.19,0.609,0.387,0.834,0.76,0.761,0.45,0.563,0.988,0.746,0.638,0.285,0.336
0.0,0.297,0.436,0.71,0.878,0.241,0.589,0.343,0.9,0.653,0.344,0.363,0.538,0.192,0.655,0.482,0.592,0.299,0.27,0.652,0.729,0.779,0.01,0.907,0.433,0.007,0.79,0.831,0.92,0.624,0.544,0.022,0.429,0.288,0.314,0.788,0.684,0.65,0.474,0.133,0.49
0.0,0.562,0.333,0.464,0.753,0.992,0.36,0.658,0.942,0.136,0.897,0.494,0.203,0.843,0.024,0.452,0.553,0.067,0.523,0.84,0.817,0.66,0.272,0.633,0.644,0.703,0.364,0.207,0.501,0.181,0.403,0.193,0.775,0.908,0.632,0.814,0.651,0.966,0.766,0.886,0.855
0.0,0.42,0.263,0.042,0.407,0.191,0.947,0.88,0.603,0.795,0.91,0.259,0.789,0.504,0.604,0.85,0.732,0.27,0.266,0.314,0.561,0.764,0.436,0.919,0.062,0.176,0.168,0.794,0.331,0.116,0.081,0.054,0.465,0.331,0.553,0.935,0.992,0.445,0.931,0.008,0.755
0.0,0.412,0.81,0.835,0.834,0.231,0.88,0.193,0.107,0.361,0.742,0.236,0.03,0.126,0.094,0.353,0.072,0.517,0.337,0.943,0.923,0.584,0.632,0.059,0.374,0.082,0.639,0.616,0.309,0.352,0.891,0.625,0.738,0.884,0.083,0.576,0.459,0.948,0.816,0.432,0.883
0.0,0.765,0.53,0.082,0.977,0.91,0.689,0.281,0.503,0.119,0.246,0.619,0.248,0.076,0.047,0.577,0.335,0.846,0.861,0.445,0.157,0.72,0.547,0.333,0.325,0.883,0.027,0.575,0.344,0.249,0.908,0.573,0.516,0.242,0.665,0.847,0.595,0.192,0.974,0.6,0.87
0.0,0.015,0.513,0.159,0.626,0.936,0.169,0.83,0.002,0.829,0.926,0.589,0.535,0.736,0.607,0.918,0.917,0.88,0.379,0.505,0.453,0.575,0.917,0.393,0.997,0.71,0.508,0.955,0.697,0.393,0.747,0.47,0.176,0.332,0.658,0.728,0.533,0.808,0.555,0.2,0.28
0.0,0.525,0.23,0.268,0.511,0.889,0.898,0.429,0.334,0.713,0.804,0.659,0.13,0.014,0.622,0.2,0.339,0.918,0.484,0.173,0.555,0.989,0.456,0.728,0.048,0.34,0.322,0.954,0.35,0.982,0.18,0.011,0.368,0.374,0.849,0.468,0.557,0.658,0.239,0.758,0.216
0.0,0.562,0.743,0.656,0.437,0.315,0.194,0.995,0.207,0.499,0.589,0.657,0.991,0.679,0.901,0.655,0.502,0.96,0.955,0.289,0.571,0.615,0.984,0.452,0.095,0.366,0.148,0.924,0.541,0.629,0.997,0.985,0.269,0.122,0.889,0.265,0.887,0.831,0.576,0.825,0.471
1.0,0.311,0.294,0.68,0.325,0.113,0.435,0.651,0.105,0.356,0.924,0.424,0.385,0.444,0.97,0.738,0.121,0.339,0.841,0.479,0.628,0.898,0.558,0.554,0.024,0.843,0.342,0.001,0.439,0.317,0.625,0.246,0.467,0.644,0.801,0.166,0.738,0.137,0.178,0.871,0.671
0.0,0.136,0.095,0.09,0.556,0.019,0.279,0.17,0.228,0.181,0.634,0.973,0.185,0.9,0.786,0.945,0.17,0.604,0.765,0.71,0.412,0.348,0.458,0.904,0.244,0.582,0.031,0.194,0.152,0.141,0.079,0.056,0.425,0.81,0.301,0.307,0.096,0.961,0.362,0.303,0.756
1.0,0.969,0.021,0.939,0.668,0.682,0.801,0.733,0.168,0.934,0.052,0.643,0.117,0.75,0.292,0.955,0.282,0.999,0.674,0.178,0.835,0.09,0.561,0.109,0.232,0.913,0.301,0.824,0.281,0.816,0.319,0.806,0.93,0.749,0.115,0.103,0.533,0.034,0.127,0.565,0.462
0.0,0.147,0.516,0.61,0.103,0.964,0.422,0.248,0.697,0.921,0.463,0.618,0.307,0.912,0.259,0.796,0.358,0.199,0.661,0.58,0.706,0.12,0.806,0.763,0.766,0.276,0.383,0.334,0.979,0.94,0.022,0.365,0.692,0.579,0.434,0.476,0.123,0.495,0.51,0.726,0.96
0.0,0.406,0.221,0.49,0.306,0.245,0.082,0.998,0.878,0.182,0.597,0.268,0.354,0.228,0.164,0.732,0.031,0.264,0.572,0.189,0.162,0.088,0.673,0.093,0.732,0.694,0.25,0.425,0.512,0.091,0.619,0.611,0.626,0.901,0.295,0.037,0.609,0.7,0.597,0.79,0.294
1.0,0.883,0.587,0.816,0.806,0.588,0.85,0.806,0.923,0.339,0.615,0.176,0.189,0.508,0.475,0.496,0.208,0.418,0.447,0.492,0.588,0.459,0.699,0.893,0.523,0.21,0.353,0.058,0.663,0.045,0.277,0.137,0.93,0.598,0.247,0.78,0.064,0.935,0.952,0.256,0.887
0.0,0.698,0.721,0.357,0.957,0.973,0.186,0.368,0.916,0.594,0.651,0.149,0.672,0.144,0.814,0.742,0.001,0.144,0.574,0.422,0.504,0.646,0.786,0.686,0.743,0.641,0.836,0.535,0.157,0.204,0.345,0.693,0.592,0.02,0.573,0.67,0.936,0.57,0.115,0.412,0.921
1.0,0.955,0.613,0.813,0.001,0.792,0.868,0.204,0.048,0.593,0.436,0.903,0.671,0.05,0.821,0.141,0.103,0.773,0.152,0.548,0.845,0.715,0.192,0.582,0.219,0.974,0.929,0.804,0.789,0.604,0.182,0.831,0.152,0.181,0.44,0.802,0.224,0.491,0.366,0.284,0.729
0.0,0.115,0.301,0.628,0.382,0.269,0.13,0.362,0.22,0.582,0.384,0.353,0.802,0.079,0.206,0.888,0.3,0.217,0.569,0.661,0.187,0.269,0.75,0.096,0.525,0.592,0.432,0.727,0.283,0.173,0.731,0.847,0.746,0.853,0.264,0.932,0.69,0.497,0.78,0.252,0.075
1.0,0.708,0.295,0.768,0.456,0.405,0.196,0.152,0.135,0.871,0.042,0.478,0.207,0.551,0.559,0.59,0.137,0.047,0.342,0.23,0.195,0.488,0.011,0.276,0.74,0.958,0.633,0.312,0.528,0.752,0.325,0.06,0.707,0.407,0.342,0.078,0.791,0.958,0.368,0.998,0.433
1.0,0.591,0.242,0.162,0.818,0.48,0.846,0.123,0.644,0.828,0.632,0.356,0.354,0.308,0.238,0.942,0.252,0.443,0.048,0.25,0.887,0.521,0.42,0.168,0.654,0.783,0.66,0.698,0.662,0.497,0.313,0.426,0.763,0.393,0.658,0.611,0.294,0.758,0.862,0.53,0.635
0.0,0.816,0.94,0.553,0.484,0.901,0.454,0.936,0.865,0.709,0.525,0.875,0.755,0.872,0.26,0.207,0.496,0.286,0.807,0.784,0.002,0.871,0.155,0.905,0.48,0.908,0.135,0.835,0.928,0.946,0.674,0.326,0.985,0.606,0.991,0.991,0.121,0.653,0.797,0.164,0.333
0.0,0.76,0.701,0.342,0.732,0.981,0.823,0.784,0.662,0.876,0.574,0.227,0.962,0.533,0.307,0.44,0.904,0.987,0.395,0.23,0.942,0.944,0.503,0.015,0.485,0.633,0.728,0.733,0.25,0.966,0.305,0.438,0.23,0.56,0.276,0.016,0.875,0.029,0.132,0.097,0.418
1.0,0.232,0.401,0.521,0.26,0.231,0.359,0.584,0.204,0.34,0.565,0.742,0.029,0.334,0.809,0.085,0.574,0.343,0.029,0.478,0.247,0.474,0.615,0.241,0.409,0.219,0.378,0.853,0.479,0.52,0.811,0.098,0.568,0.235,0.598,0.976,0.14,0.782,0.07,0.743,0.066
1.0,0.319,0.525,0.075,0.836,0.484,0.061,0.381,0.176,0.83,0.07,0.335,0.491,0.378,0.827,0.426,0.402,0.163,0.139,0.66,0.841,0.825,0.458,0.269,0.877,0.544,0.244,0.673,0.123,0.167,0.943,0.948,0.852,0.879,0.522,0.366,0.277,0.009,0.92,0.948,0.635
1.0,0.106,0.692,0.941,0.933,0.191,0.962,0.771,0.053,0.492,0.473,0.828,0.565,0.162,0.775,0.693,0.432,0.222,0.062,0.235,0.267,0.79,0.563,0.426,0.123,0.678,0.45,0.756,0.461,0.773,0.133,0.757,0.804,0.922,0.853,0.991,0.455,0.8,0.182,0.854,0.101
1.0,0.582,0.459,0.339,0.205,0.07,0.363,0.05,0.221,0.098,0.761,0.099,0.549,0.986,0.876,0.182,0.154,0.59,0.906,0.599,0.658,0.345,0.575,0.026,0.636,0.443,0.314,0.834,0.672,0.775,0.656,0.032,0.998,0.247,0.564,0.435,0.262,0.7,0.023,0.358,0.523
0.0,0.607,0.206,0.654,0.739,0.911,0.9,0.74,0.644,0.344,0.525,0.355,0.35,0.451,0.265,0.628,0.353,0.944,0.706,0.665,0.598,0.698,0.695,0.854,0.021,0.82,0.203,0.209,0.657,0.558,0.765,0.679,0.16,0.892,0.995,0.405,0.301,0.148,0.439,0.331,0.439
0.0,0.576,0.842,0.488,0.293,0.571,0.267,0.489,0.094,0.414,0.423,0.52,0.843,0.239,0.183,0.154,0.8,0.357,0.612,0.02,0.533,0.806,0.441,0.946,0.363,0.106,0.812,0.226,0.9,0.509,0.48,0.678,0.2,0.81,0.941,0.728,0.596,0.157,0.747,0.722,0.546
0.0,0.317,0.259,0.45,0.647,0.156,0.963,0.446,0.807,0.01,0.683,0.12,0.952,0.887,0.597,0.386,0.245,0.539,0.325,0.911,0.284,0.126,0.555,0.136,0.851,0.614,0.598,0.622,0.884,0.849,0.866,0.109,0.954,0.994,0.715,0.787,0.846,0.817,0.101,0.154,0.879
1.0,0.69,0.931,0.494,0.37,0.511,0.875,0.493,0.554,0.84,0.28,0.244,0.163,0.887,0.064,0.254,0.094,0.313,0.586,0.905,0.206,0.475,0.761,0.756,0.963,0.667,0.68,0.912,0.116,0.699,0.525,0.536,0.683,0.224,0.875,0.011,0.71,0.905,0.626,0.963,0.021
0.0,0.72,0.883,0.646,0.445,0.484,0.803,0.818,0.349,0.327,0.58,0.156,0.71,0.587,0.845,0.917,0.197,0.461,0.962,0.408,0.854,0.68,0.57,0.827,0.219,0.943,0.187,0.949,0.231,0.599,0.363,0.521,0.878,0.017,0.607,0.961,0.033,0.248,0.6,0.781,0.147
0.0,0.266,0.97,0.242,0.805,0.556,0.283,0.827,0.327,0.061,0.332,0.535,0.79,0.806,0.591,0.717,0.778,0.261,0.374,0.106,0.838,0.758,0.063,0.19,0.008,0.931,0.189,0.452,0.972,0.978,0.196,0.422,0.305,0.718,0.776,0.555,0.853,0.737,0.496,0.438,0.708
1.0,0.759,0.408,0.008,0.645,0.657,0.277,0.753,0.084,0.193,0.711,0.148,0.435,0.189,0.855,0.252,0.706,0.71,0.886,0.984,0.914,0.145,0.19,0.455,0.459,0.306,0.16,0.398,0.642,0.348,0.063,0.057,0.722,0.958,0.603,0.86,0.26,0.494,0.374,0.184,0.158
1.0,0.811,0.51,0.861,0.958,0.809,0.222,0.051,0.52,0.195,0.191,0.588,0.435,0.7,0.252,0.015,0.956,0.946,0.77,0.136,0.581,0.398,0.186,0.445,0.284,0.025,0.306,0.227,0.635,0.961,0.271,0.565,0.98,0.885,0.197,0.435,0.029,0.505,0.511,0.969,0.727
0.0,0.937,0.542,0.491,0.333,0.9,0.625,0.31,0.435,0.034,0.771,0.744,0.497,0.281,0.531,0.297,0.674,0.452,0.068,0.011,0.343,0.512,0.139,0.065,0.173,0.901,0.295,0.036,0.977,0.94,0.644,0.386,0.494,0.014,0.904,0.453,0.88,0.576,0.646,0.419,0.189
0.0,0.386,0.487,0.28,0.785,0.878,0.351,0.372,0.307,0.655,0.577,0.101,0.284,0.616,0.228,0.506,0.854,0.451,0.006,0.172,0.723,0.83,0.078,0.802,0.45,0.473,0.721,0.356,0.022,0.122,0.49,0.344,0.446,0.851,0.859,0.24,0.957,0.922,0.278,0.337,0.922
1.0,0.395,0.343,0.455,0.068,0.75,0.965,0.447,0.424,0.347,0.884,0.709,0.341,0.119,0.652,0.358,0.097,0.82,0.937,0.891,0.857,0.857,0.702,0.381,0.241,0.731,0.006,0.691,0.195,0.896,0.426,0.244,0.899,0.163,0.903,0.62,0.093,0.037,0.621,0.63,0.34
1.0,0.996,0.864,0.759,0.452,0.717,0.882,0.266,0.094,0.367,0.904,0.886,0.452,0.482,0.487,0.791,0.313,0.512,0.952,0.979,0.664,0.014,0.188,0.629,0.782,0.118,0.542,0.993,0.828,0.144,0.373,0.214,0.994,0.36,0.635,0.569,0.579,0.298,0.112,0.631,0.445
1.0,0.694,0.191,0.644,0.767,0.203,0.668,0.241,0.483,0.863,0.261,0.077,0.455,0.652,0.09,0.201,0.813,0.998,0.006,0.709,0.598,0.973,0.345,0.483,0.3,0.483,0.895,0.701,0.995,0.75,0.746,0.576,0.156,0.637,0.982,0.152,0.587,0.311,0.502,0.772,0.614
1.0,0.538,0.184,0.279,0.447,0.277,0.565,0.06,0.741,0.294,0.094,0.264,0.59,0.704,0.289,0.695,0.93,0.149,0.018,0.497,0.359,0.12,0.397,0.271,0.059,0.258,0.689,0.819,0.6,0.424,0.069,0.507,0.337,0.164,0.244,0.565,0.206,0.594,0.607,0.776,0.531
0.0,0.398,0.651,0.545,0.65,0.462,0.458,0.789,0.902,0.878,0.879,0.045,0.327,0.39,0.813,0.066,0.782,0.573,0.314,0.671,0.886,0.558,1.0,0.133,0.429,0.952,0.58,0.415,0.825,0.489,0.144,0.214,0.793,0.421,0.35,0.735,0.572,0.733,0.031,0.502,0.297
0.0,0.248,0.345,0.568,0.669,0.679,0.077,0.173,0.635,0.076,0.55,0.498,0.977,0.187,0.498,0.693,0.394,0.002,0.338,0.088,0.85,0.57,0.132,0.856,0.387,0.801,0.251,0.287,0.761,0.116,0.023,0.151,0.936,0.63,0.633,0.53,0.791,0.294,0.458,0.825,0.185
0.0,0.104,0.226,0.886,0.313,0.732,0.172,0.477,0.606,0.575,0.918,0.786,0.899,0.482,0.214,0.397,0.295,0.116,0.633,0.549,0.21,0.501,0.411,0.366,0.336,0.896,0.075,0.973,0.629,0.037,0.4,0.588,0.952,0.996,0.622,0.879,0.933,0.68,0.101,0.521,0.513
0.0,0.098,0.866,0.641,0.589,0.216,0.168,0.148,0.349,0.465,0.234,0.109,0.387,0.769,0.929,0.675,0.677,0.754,0.137,0.303,0.134,0.259,0.013,0.892,0.56,0.271,0.631,0.486,0.159,0.77,0.544,0.716,0.337,0.879,0.526,0.401,0.4,0.423,0.287,0.759,0.818
0.0,0.155,0.47,0.946,0.848,0.961,0.927,0.507,0.002,0.408,0.658,0.077,0.853,0.578,0.491,0.633,0.77,0.403,0.844,0.369,0.172,0.054,0.525,0.553,0.202,0.504,0.63,0.795,0.377,0.411,0.312,0.689,0.989,0.414,0.59,0.988,0.343,0.744,0.659,0.716,0.42
1.0,0.578,0.451,0.357,0.39,0.296,0.274,0.689,0.18,0.306,0.505,0.872,0.511,0.793,0.016,0.915,0.277,0.066,0.049,0.95,0.702,0.758,0.916,0.042,0.89,0.016,0.174,0.231,0.1,0.162,0.832,0.971,0.509,0.99,0.215,0.503,0.813,0.72,0.892,0.851,0.59
0.0,0.682,0.702,0.07,0.411,0.54,0.116,0.259,0.715,0.966,0.969,0.623,0.489,0.359,0.055,0.727,0.462,0.313,0.954,0.382,0.191,0.765,0.747,0.854,0.665,0.993,0.468,0.956,0.992,0.248,0.861,0.595,0.231,0.603,0.065,0.329,0.312,0.065,0.671,0.854,0.721
1.0,0.725,0.816,0.523,0.459,0.616,0.105,0.922,0.885,0.899,0.439,0.903,0.647,0.201,0.927,0.551,0.368,0.765,0.839,0.878,0.431,0.843,0.535,0.276,0.156,0.714,0.95,0.25,0.39,0.599,0.95,0.376,0.626,0.8,0.356,0.089,0.51,0.111,0.165,0.201,0.347
0.0,0.912,0.979,0.318,0.515,0.752,0.069,0.498,0.091,0.239,0.668,0.671,0.792,0.937,0.345,0.589,0.193,0.905,0.572,0.028,0.559,0.992,0.094,0.521,0.54,0.146,0.895,0.482,0.409,0.912,0.986,0.641,0.874,0.16,0.278,0.404,0.674,0.313,0.571,0.237,0.163
0.0,0.48,0.148,0.9,0.158,0.903,0.477,0.245,0.364,0.192,0.453,0.57,0.299,0.379,0.109,0.427,0.57,0.301,0.899,0.417,0.7,0.817,0.291,0.395,0.56,0.645,0.119,0.875,0.795,0.778,0.699,0.317,0.317,0.685,0.648,0.35,0.386,0.139,0.197,0.113,0.106
0.0,0.886,0.154,0.432,0.025,0.877,0.743,0.077,0.774,0.303,0.321,0.817,0.949,0.424,0.403,0.991,0.92,0.004,0.916,0.032,0.615,0.602,0.957,0.242,0.91,0.22,0.24,0.507,0.363,0.771,0.377,0.787,0.766,0.439,0.198,0.317,0.291,0.39,0.339,0.947,0.499
1.0,0.825,0.471,0.408,0.557,0.04,0.913,0.815,0.919,0.994,0.417,0.025,0.458,0.886,0.264,0.216,0.538,0.683,0.69,0.011,0.343,0.305,0.084,0.153,0.919,0.042,0.118,0.668,0.607,0.209,0.297,0.231,0.424,0.954,0.455,0.367,0.057,0.533,0.343,0.521,0.552
0.0,0.005,0.266,0.392,0.027,0.975,0.166,0.482,0.937,0.014,0.631,0.027,0.039,0.232,0.562,0.783,0.631,0.961,0.123,0.498,0.78,0.674,0.235,0.541,0.166,0.881,0.138,0.737,0.81,0.726,0.164,0.369,0.469,0.919,0.973,0.336,0.231,0.707,0.737,0.39,0.366
1.0,0.228,0.075,0.471,0.982,0.548,0.599,0.314,0.891,0.298,0.047,0.243,0.353,0.21,0.685,0.385,0.663,0.349,0.665,0.664,0.759,0.514,0.069,0.04,0.02,0.376,0.516,0.542,0.792,0.515,0.878,0.494,0.603,0.876,0.009,0.617,0.338,0.656,0.594,0.668,0.273
1.0,0.727,0.982,0.198,0.627,0.047,0.186,0.615,0.674,0.567,0.322,0.035,0.024,0.453,0.558,0.642,0.693,0.607,0.526,0.061,0.428,0.583,0.038,0.612,0.684,0.208,0.577,0.537,0.163,0.31,0.578,0.997,0.356,0.904,0.999,0.91,0.734,0.914,0.284,0.27,0.643
0.0,0.74,0.661,0.79,0.099,1.0,0.877,0.448,0.061,0.03,0.571,0.097,0.383,0.374,0.588,0.6,0.109,0.854,0.446,0.823,0.892,0.254,0.238,0.599,0.159,0.779,0.11,0.572,0.967,0.357,0.016,0.792,0.371,0.083,0.961,0.806,0.228,0.355,0.846,0.656,0.422
0.0,0.276,0.924,0.855,0.287,0.962,0.452,0.236,0.6,0.998,0.986,0.29,0.97,0.939,0.339,0.09,0.223,0.551,0.97,0.838,0.881,0.573,0.791,0.72,0.407,0.873,0.413,0.164,0.524,0.687,0.659,0.216,0.723,0.329,0.052,0.927,0.715,0.783,0.725,0.001,0.801
1.0,0.043,0.108,0.213,0.843,0.213,0.828,0.187,0.869,0.73,0.547,0.345,0.039,0.972,0.563,0.456,0.146,0.2,0.081,0.231,0.019,0.497,0.701,0.175,0.682,0.664,0.517,0.312,0.28,0.578,0.353,0.011,0.85,0.048,0.592,0.001,0.19,0.808,0.947,0.714,0.506
1.0,0.303,0.609,0.434,0.184,0.326,0.411,0.187,0.742,0.862,0.268,0.205,0.001,0.651,0.774,0.909,0.272,0.946,0.9,0.821,0.1,0.668,0.945,0.343,0.599,0.343,0.197,0.094,0.671,0.602,0.724,0.307,0.221,0.159,0.086,0.971,0.116,0.76,0.241,0.393,0.037
1.0,0.883,0.779,0.763,0.422,0.478,0.998,0.655,0.254,0.798,0.08,0.512,0.424,0.723,0.37,0.249,0.502,0.455,0.121,0.539,0.818,0.601,0.239,0.701,0.957,0.813,0.123,0.573,0.066,0.944,0.892,0.482,0.856,0.917,0.732,0.078,0.403,0.901,0.879,0.323,0.414
1.0,0.321,0.776,0.557,0.063,0.975,0.272,0.884,0.254,0.264,0.456,0.366,0.001,0.904,0.162,0.84,0.381,0.458,0.932,0.7,0.898,0.695,0.597,0.021,0.862,0.265,0.64,0.666,0.858,0.767,0.119,0.272,0.671,0.75,0.683,0.106,0.667,0.447,0.33,0.458,0.052
0.0,0.974,0.031,0.565,0.689,0.906,0.416,0.494,0.402,0.496,0.12,0.924,0.737,0.537,0.607,0.039,0.09,0.705,0.244,0.791,0.132,0.563,0.978,0.588,0.371,0.684,0.955,0.89,0.217,0.041,0.776,0.411,0.725,0.95,0.549,0.792,0.489,0.095,0.723,0.411,0.592
1.0,0.13,0.709,0.622,0.454,0.58,0.809,0.201,0.282,0.251,0.782,0.901,0.546,0.61,0.186,0.499,0.144,0.161,0.311,0.063,0.354,0.444,0.814,0.293,0.918,0.735,0.417,0.708,0.863,0.486,0.444,0.703,0.156,0.324,0.967,0.622,0.18,0.138,0.539,0.028,0.42
0.0,0.278,0.159,0.847,0.308,0.014,0.964,0.01,0.187,0.25,0.096,0.782,0.608,0.875,0.301,0.276,0.649,0.61,0.266,0.981,0.427,0.036,0.041,0.948,0.499,0.56,0.07,0.691,0.875,0.291,0.685,0.228,0.207,0.212,0.541,0.683,0.459,0.443,0.978,0.067,0.394
1.0,0.203,0.983,0.621,0.21,0.419,0.438,0.496,0.88,0.917,0.333,0.486,0.241,0.274,0.575,0.067,0.739,0.926,0.69,0.139,0.211,0.486,0.817,0.141,0.376,0.801,0.526,0.799,0.729,0.698,0.231,0.23,0.426,0.369,0.013,0.163,0.419,0.169,0.119,0.528,0.229
0.0,0.814,0.345,0.781,0.097,0.489,0.824,0.104,0.491,0.143,0.136,0.548,0.95,0.914,0.437,0.008,0.984,0.449,0.681,0.484,0.326,0.197,0.235,0.269,0.118,0.579,0.181,0.514,0.369,0.966,0.674,0.766,0.896,0.349,0.579,0.506,0.487,0.113,0.744,0.778,0.751
1.0,0.995,0.429,0.61,0.292,0.124,0.183,0.09,0.863,0.446,0.719,0.454,0.409,0.951,0.743,0.163,0.607,0.867,0.364,0.359,0.582,0.603,0.539,0.33,0.603,0.109,0.622,0.181,0.748,0.991,0.192,0.331,0.717,0.634,0.247,0.763,0.168,0.463,0.09,0.919,0.357
0.0,0.403,0.027,0.46,0.258,0.942,0.106,0.24,0.029,0.352,0.325,0.624,0.131,0.902,0.085,0.493,0.529,0.975,0.955,0.065,0.712,0.787,0.921,0.449,0.456,0.85,0.699,0.384,0.474,0.912,0.1,0.539,0.814,0.896,0.157,0.69,0.953,0.524,0.717,0.819,0.599
1.0,0.358,0.629,0.628,0.265,0.546,0.817,0.901,0.186,0.161,0.824,0.973,0.247,0.516,0.967,0.31,0.799,0.93,0.629,0.441,0.989,0.044,0.088,0.24,0.607,0.629,0.39,0.917,0.901,0.898,0.863,0.859,0.625,0.926,0.837,0.73,0.71,0.728,0.36,0.175,0.346
0.0,0.519,0.117,0.049,0.98,0.362,0.318,0.127,0.741,0.138,0.923,0.813,0.99,0.989,0.026,0.631,0.499,0.587,0.528,0.933,0.963,0.16,0.396,0.54,0.649,0.902,0.7,0.099,0.532,0.792,0.496,0.939,0.233,0.736,0.973,0.039,0.043,0.38,0.542,0.921,0.039
1.0,0.27,0.18,0.813,0.684,0.216,0.031,0.485,0.896,0.615,0.568,0.692,0.414,0.416,0.673,0.864,0.225,0.578,0.548,0.933,0.953,0.753,0.707,0.259,0.703,0.949,0.462,0.238,0.439,0.14,0.686,0.511,0.465,0.596,0.18,0.538,0.725,0.004,0.464,0.375,0.224
0.0,0.042,0.915,0.983,0.992,0.316,0.586,0.814,0.465,0.806,0.814,0.723,0.926,0.265,0.442,0.183,0.319,0.197,0.219,0.922,0.996,0.135,0.829,0.701,0.491,0.213,0.06,0.436,0.813,0.719,0.453,0.103,0.609,0.183,0.691,0.394,0.918,0.194,0.822,0.296,0.922
0.0,0.429,0.669,0.008,0.89,0.118,0.676,0.301,0.067,0.021,0.002,0.927,0.779,0.466,0.232,0.038,0.798,0.392,0.872,0.195,0.282,0.256,0.154,0.745,0.644,0.546,0.935,0.175,0.936,0.07,0.598,0.441,0.261,0.804,0.251,0.561,0.568,0.011,0.226,0.896,0.371
0.0,0.746,0.649,0.237,0.882,0.35,0.344,0.83,0.186,0.263,0.67,0.366,0.384,0.857,0.49,0.282,0.535,0.04,0.237,0.832,0.841,0.144,0.922,0.908,0.798,0.999,0.844,0.611,0.461,0.461,0.288,0.154,0.725,0.178,0.366,0.648,0.645,0.399,0.304,0.434,0.429
0.0,0.883,0.253,0.701,0.614,0.54,0.36,0.461,0.943,0.367,0.181,0.518,0.949,0.268,0.58,0.918,0.385,0.216,0.817,0.572,0.075,0.562,0.155,0.647,0.381,0.42,0.804,0.217,0.248,0.663,0.278,0.722,0.646,0.843,0.19,0.893,0.518,0.369,0.537,0.533,0.981
1.0,0.792,0.668,0.623,0.006,0.589,0.316,0.494,0.983,0.263,0.142,0.525,0.101,0.073,0.598,0.914,0.648,0.497,0.182,0.605,0.984,0.989,0.822,0.603,0.993,0.142,0.248,0.598,0.377,0.91,0.225,0.471,0.359,0.215,0.479,0.01,0.331,0.44,0.551,0.146,0.654
1.0,0.773,0.158,0.022,0.778,0.135,0.55,0.848,0.286,0.557,0.118,0.112,0.57,0.126,0.182,0.616,0.372,0.233,0.489,0.811,0.782,0.071,0.507,0.16,0.187,0.998,0.939,0.065,0.532,0.003,0.694,0.529,0.454,0.849,0.325,0.574,0.315,0.321,0.757,0.778,0.831
1.0,0.395,0.944,0.307,0.444,0.568,0.766,0.946,0.417,0.735,0.704,0.815,0.26,0.304,0.728,0.155,0.235,0.989,0.966,0.395,0.33,0.476,0.98,0.646,0.971,0.73,0.016,0.643,0.135,0.438,0.86,0.591,0.19,0.344,0.184,0.569,0.187,0.975,0.988,0.01,0.231
0.0,0.8,0.633,0.75,0.879,0.585,0.047,0.757,0.817,0.056,0.404,0.858,0.852,0.057,0.91,0.931,0.819,0.567,0.351,0.111,0.368,0.035,0.924,0.432,0.716,0.017,0.972,0.374,0.291,0.941,0.892,0.601,0.427,0.591,0.117,0.152,0.722,0.535,0.768,0.158,0.267
0.0,0.018,0.514,0.759,0.453,0.63,0.514,0.929,0.929,0.935,0.292,0.792,0.95,0.403,0.545,0.963,0.84,0.507,0.39,0.009,0.395,0.522,0.383,0.645,0.164,0.145,0.711,0.438,0.571,0.857,0.427,0.243,0.525,0.526,0.815,0.415,0.338,0.228,0.522,0.568,0.814
0.0,0.586,0.938,0.546,0.571,0.994,0.138,0.793,0.575,0.325,0.324,0.209,0.126,0.22,0.045,0.16,0.161,0.242,0.773,0.461,0.88,0.26,0.326,0.277,0.611,0.406,0.41,0.81,0.08,0.394,0.942,0.56,0.581,0.597,0.944,0.497,0.401,0.166,0.202,0.939,0.496
0.0,0.096,0.323,0.705,0.403,0.886,0.263,0.731,0.509,0.05,0.185,0.201,0.145,0.869,0.387,0.809,0.452,0.385,0.167,0.466,0.536,0.721,0.155,0.7,0.265,0.816,0.549,0.134,0.395,0.497,0.309,0.905,0.543,0.821,0.92,0.272,0.404,0.111,0.272,0.075,0.618
1.0,0.967,0.033,0.236,0.065,0.742,0.374,0.129,0.841,0.074,0.357,0.278,0.436,0.677,0.645,0.711,0.304,0.078,0.508,0.626,0.797,0.148,0.054,0.158,0.108,0.242,0.333,0.092,0.101,0.697,0.367,0.618,0.634,0.437,0.97,0.828,0.195,0.979,0.578,0.078,0.109
0.0,0.382,0.904,0.715,0.2,0.499,0.727,0.407,0.878,0.58,0.398,0.425,0.528,0.181,0.016,0.561,0.607,0.84,0.569,0.689,0.12,0.492,0.589,0.83,0.572,0.156,0.71,0.651,0.447,0.621,0.882,0.757,0.892,0.643,0.115,0.477,0.883,0.206,0.896,0.535,0.43
0.0,0.593,0.931,0.329,0.043,0.186,0.91,0.604,0.583,0.327,0.124,0.206,0.815,0.759,0.889,0.451,0.74,0.974,0.558,0.016,0.926,0.035,0.515,0.191,0.936,0.826,0.505,0.687,0.439,0.646,0.334,0.476,0.944,0.711,0.09,0.23,0.246,0.996,0.723,0.312,0.541
1.0,0.998,0.165,0.404,0.451,0.266,0.342,0.329,0.012,0.697,0.094,0.503,0.232,0.216,0.384,0.857,0.913,0.036,0.278,0.692,0.517,0.968,0.712,0.708,0.563,0.522,0.031,0.979,0.445,0.357,0.033,0.099,0.609,0.218,0.125,0.745,0.943,0.243,0.202,0.089,0.175
0.0,0.268,0.424,0.774,0.428,0.973,0.638,0.679,0.082,0.504,0.873,0.302,0.024,0.32,0.922,0.506,0.432,0.745,0.843,0.87,0.839,0.557,0.769,0.301,0.09,0.125,0.104,0.07,0.643,0.203,0.005,0.756,0.703,0.184,0.87,0.136,0.384,0.185,0.959,0.506,0.909
1.0,0.611,0.721,0.364,0.574,0.351,0.769,0.242,0.639,0.053,0.792,0.864,0.755,0.061,0.673,0.966,0.334,0.282,0.98,0.829,0.421,0.994,0.306,0.025,0.223,0.112,0.244,0.75,0.354,0.103,0.765,0.271,0.596,0.555,0.642,0.858,0.413,0.808,0.695,0.799,0.34
1.0,0.43,0.062,0.087,0.853,0.811,0.936,0.062,0.918,0.752,0.486,0.945,0.328,0.892,0.739,0.016,0.1,0.928,0.092,0.103,0.138,0.458,0.158,0.213,0.406,0.468,0.049,0.458,0.774,0.029,0.123,0.406,0.427,0.56,0.864,0.067,0.192,0.219,0.13,0.088,0.996
0.0,0.994,0.984,0.493,0.652,0.624,0.713,0.275,0.579,0.734,0.758,0.617,0.941,0.683,0.728,0.932,0.437,0.606,0.307,0.162,0.977,0.137,0.597,0.546,0.544,0.411,0.92,0.775,0.919,0.603,0.251,0.072,0.146,0.29,0.092,0.169,0.844,0.779,0.53,0.834,0.89
1.0,0.425,0.924,0.08,0.25,0.591,0.299,0.428,0.006,0.436,0.154,0.736,0.753,0.244,0.289,0.079,0.65,0.625,0.634,0.471,0.842,0.519,0.369,0.724,0.831,0.097,0.323,0.437,0.161,0.027,0.441,0.339,0.429,0.064,0.116,0.037,0.359,0.365,0.362,0.723,0.714
0.0,0.24,0.961,0.569,0.272,0.772,0.812,0.608,0.374,0.847,0.68,0.797,0.966,0.851,0.796,0.538,0.386,0.361,0.561,0.282,0.336,0.035,0.149,0.755,0.479,0.523,0.155,0.997,0.627,0.053,0.643,0.264,0.403,0.588,0.057,0.964,0.034,0.443,0.48,0.218,0.299
0.0,0.172,0.969,0.743,0.013,0.1,0.677,0.157,0.274,0.079,0.935,0.284,0.948,0.085,0.326,0.425,0.615,0.323,0.572,0.879,0.648,0.433,0.693,0.697,0.577,0.688,0.301,0.444,0.683,0.422,0.309,0.045,0.494,0.199,0.822,0.774,0.331,0.538,0.644,0.84,0.772
1.0,0.981,0.716,0.6,0.56,0.506,0.645,0.797,0.855,0.863,0.835,0.648,0.511,0.734,0.725,0.038,0.823,0.089,0.841,0.41,0.566,0.811,0.653,0.645,0.952,0.365,0.261,0.713,0.102,0.206,0.093,0.482,0.961,0.936,0.052,0.311,0.177,0.86,0.328,0.569,0.497
0.0,0.672,0.592,0.397,0.147,0.911,0.329,0.06,0.241,0.376,0.79,0.304,0.674,0.811,0.951,0.547,0.838,0.808,0.838,0.616,0.488,0.68,0.638,0.615,0.37,0.609,0.7,0.706,0.59,0.314,0.415,0.244,0.174,0.869,0.663,0.617,0.437,0.59,0.046,0.248,0.293
1.0,0.788,0.415,0.096,0.227,0.257,0.963,0.291,0.599,0.107,0.899,0.791,0.134,0.245,0.813,0.446,0.756,0.975,0.41,0.758,0.505,0.807,0.872,0.656,0.04,0.107,0.383,0.749,0.992,0.891,0.905,0.587,0.03,0.293,0.123,0.527,0.451,0.271,0.525,0.815,0.852
1.0,0.149,0.153,0.484,0.52,0.665,0.82,0.304,0.872,0.58,0.613,0.19,0.572,0.512,0.865,0.752,0.555,0.828,0.04,0.317,0.62,0.706,0.872,0.599,0.629,0.037,0.568,0.934,0.25,0.104,0.429,0.207,0.328,0.29,0.32,0.179,0.233,0.139,0.987,0.286,0.762
0.0,0.61,0.686,0.75,0.606,0.239,0.066,0.734,0.841,0.124,0.778,0.975,0.353,0.569,0.731,0.691,0.751,0.725,0.807,0.439,0.307,0.69,0.256,0.311,0.61,0.922,0.665,0.055,0.893,0.491,0.986,0.469,0.338,0.8,0.469,0.142,0.625,0.89,0.582,0.209,0.195
0.0,0.02,0.782,0.762,0.001,0.05,0.184,0.934,0.141,0.441,0.29,0.489,0.923,0.285,0.794,0.75,0.172,0.847,0.649,0.519,0.575,0.072,0.488,0.442,0.479,0.621,0.54,0.431,0.845,0.097,0.989,0.67,0.712,0.634,0.472,0.219,0.529,0.714,0.386,0.894,0.327
0.0,0.34,0.646,0.214,0.266,0.426,0.522,0.369,0.036,0.299,0.979,0.841,0.782,0.408,0.224,0.996,0.561,0.365,0.473,0.021,0.563,0.315,0.804,0.933,0.826,0.726,0.704,0.901,0.33,0.739,0.512,0.553,0.888,0.626,0.985,0.747,0.455,0.478,0.219,0.484,0.303
0.0,0.016,0.415,0.119,0.398,0.148,0.554,0.553,0.3,0.757,0.262,0.604,0.919,0.146,0.497,0.529,0.577,0.847,0.087,0.658,0.114,0.296,0.989,0.849,0.687,0.788,0.884,0.513,0.531,0.989,0.813,0.448,0.91,0.634,0.325,0.516,0.452,0.62,0.017,0.745,0.834
1.0,0.822,0.039,0.429,0.126,0.431,0.487,0.482,0.758,0.444,0.063,0.387,0.948,0.211,0.677,0.652,0.575,0.088,0.746,0.183,0.27,0.729,0.097,0.323,0.247,0.081,0.707,0.89,0.744,0.98,0.165,0.885,0.385,0.711,0.473,0.278,0.546,0.442,0.929,0.057,0.178
1.0,0.112,0.95,0.471,0.899,0.739,0.913,0.439,0.318,0.965,0.828,0.673,0.124,0.054,0.258,0.825,0.911,0.954,0.512,0.634,0.269,0.276,0.311,0.46,0.884,0.836,0.47,0.326,0.558,0.01,0.323,0.352,0.224,0.332,0.967,0.304,0.944,0.565,0.775,0.822,0.004
1.0,0.814,0.432,0.532,0.051,0.741,0.302,0.062,0.598,0.236,0.962,0.108,0.614,0.861,0.42,0.428,0.057,0.106,0.142,0.131,0.92,0.01,0.434,0.717,0.619,0.429,0.239,0.624,0.785,0.839,0.188,0.403,0.737,0.15,0.426,0.884,0.017,0.893,0.749,0.924,0.013
1.0,0.306,0.905,0.961,0.855,0.512,0.187,0.668,0.738,0.574,0.783,0.343,0.031,0.808,0.377,0.945,0.626,0.477,0.465,0.686,0.504,0.341,0.897,0.22,0.0,0.921,0.019,0.378,0.928,0.876,0.597,0.692,0.887,0.815,0.789,0.262,0.13,0.542,0.733,0.182,0.781
0.0,0.922,0.275,0.927,0.617,0.142,0.249,0.205,0.314,0.892,0.973,0.561,0.989,0.04,0.32,0.119,0.866,0.902,0.546,0.996,0.316,0.334,0.005,0.06,0.942,0.863,0.43,0.662,0.546,0.67,0.895,0.118,0.692,0.629,0.826,0.521,0.8,0.268,0.008,0.409,0.19
0.0,0.715,0.532,0.552,0.897,0.263,0.71,0.836,0.58,0.35,0.654,0.68,0.883,0.338,0.103,0.131,0.832,0.785,0.643,0.079,0.544,0.684,0.806,0.748,0.583,0.465,0.049,0.846,0.731,0.365,0.357,0.115,0.791,0.895,0.526,0.315,0.347,0.361,0.878,0.325,0.182
0.0,0.943,0.634,0.443,0.844,0.108,0.385,0.887,0.609,0.261,0.219,0.565,0.327,0.285,0.633,0.316,0.96,0.52,0.678,0.658,0.134,0.364,0.431,0.992,0.777,0.981,0.159,0.597,0.295,0.846,0.61,0.646,0.08,0.755,0.065,0.039,0.955,0.765,0.339,0.062,0.654
1.0,1.0,0.863,0.369,0.616,0.11,0.778,0.992,0.179,0.741,0.896,0.09,0.526,0.394,0.657,0.904,0.94,0.278,0.558,0.182,0.616,0.022,0.855,0.898,0.65,0.936,0.648,0.406,0.923,0.459,0.527,0.103,0.671,0.858,0.661,0.889,0.485,0.188,0.706,0.018,0.427
1.0,0.763,0.681,0.166,0.853,0.603,0.754,0.924,0.698,0.581,0.621,0.388,0.57,0.282,0.847,0.251,0.219,0.804,0.599,0.144,0.43,0.017,0.316,0.074,0.755,0.655,0.773,0.902,0.059,0.932,0.376,0.523,0.93,0.108,0.595,0.65,0.085,0.459,0.512,0.449,0.881
0.0,0.14,0.752,0.909,0.392,0.875,0.378,0.814,0.619,0.27,0.8,0.472,0.581,0.92,0.605,0.094,0.463,0.98,0.379,0.865,0.652,0.078,0.711,0.331,0.666,0.248,0.637,0.477,0.794,0.359,0.506,0.562,0.208,0.529,0.677,0.328,0.384,1.0,0.137,0.349,0.456
1.0,0.969,0.468,0.384,0.831,0.339,0.818,0.851,0.678,0.881,0.643,0.466,0.395,0.04,0.315,0.689,0.921,0.525,0.27,0.247,0.489,0.972,0.48,0.113,0.12,0.298,0.15,0.762,0.712,0.237,0.887,0.213,0.848,0.146,0.769,0.434,0.76,0.333,0.931,0.354,0.778
0.0,0.069,0.307,0.165,0.908,0.851,0.385,0.636,0.464,0.796,0.554,0.979,0.342,0.319,0.544,0.476,0.273,0.432,0.607,0.603,0.053,0.327,0.652,0.553,0.998,0.535,0.605,0.463,0.588,0.744,0.393,0.568,0.084,0.441,0.347,0.286,0.927,0.291,0.545,0.564,0.441
1.0,0.708,0.388,0.136,0.685,0.552,0.094,0.27,0.052,0.493,0.926,0.51,0.506,0.602,0.309,0.122,0.692,0.253,0.417,0.829,0.813,0.202,0.03,0.346,0.723,0.692,0.412,0.774,0.935,0.194,0.42,0.326,0.372,0.083,0.007,0.502,0.773,0.164,0.426,0.511,0.475
1.0,0.783,0.028,0.228,0.222,0.21,0.746,0.921,0.396,0.822,0.587,0.51,0.526,0.354,0.631,0.348,0.603,0.606,0.494,0.508,0.377,0.034,0.236,0.735,0.456,0.892,0.829,0.567,0.186,0.164,0.447,0.317,0.598,0.864,0.767,0.258,0.587,0.079,0.671,0.57,0.269
1.0,0.953,0.366,0.969,0.255,0.522,0.952,0.548,0.08,0.904,0.155,0.414,0.534,0.42,0.907,0.608,0.231,0.598,0.62,0.05,0.895,0.482,0.295,0.053,0.998,0.53,0.178,0.917,0.788,0.379,0.533,0.51,0.535,0.524,0.798,0.622,0.861,0.301,0.167,0.18,0.699
0.0,0.4,0.689,0.839,0.05,0.929,0.948,0.567,0.191,0.105,0.492,0.13,0.163,0.573,0.585,0.611,0.481,0.751,0.162,0.6,0.101,0.35,0.981,0.513,0.315,0.418,0.968,0.02,0.867,0.792,0.31,0.167,0.788,0.414,0.915,0.225,0.3,0.763,0.694,0.247,0.054
0.0,0.575,0.363,0.051,0.729,0.687,0.94,0.235,0.681,0.575,0.655,0.103,0.944,0.773,0.656,0.525,0.277,0.378,0.889,0.505,0.271,0.774,0.545,0.052,0.907,0.533,0.93,0.463,0.56,0.657,0.845,0.574,0.317,0.599,0.028,0.626,0.19,0.034,0.501,0.701,0.792
0.0,0.87,0.212,0.799,0.811,0.891,0.053,0.829,0.569,0.574,0.596,0.53,0.226,0.197,0.445,0.776,0.414,0.996,0.478,0.706,0.6,0.248,0.968,0.941,0.106,0.647,0.513,0.503,0.182,0.341,0.478,0.677,0.74,0.88,0.606,0.754,0.281,0.785,0.452,0.111,0.749
0.0,0.887,0.184,0.198,0.674,0.982,0.163,0.979,0.625,0.025,0.381,0.318,0.014,0.119,0.332,0.842,0.546,0.925,0.727,0.63,0.231,0.936,0.439,0.27,0.104,0.979,0.484,0.579,0.946,0.238,0.568,0.322,0.705,0.912,0.261,0.675,0.098,0.6,0.882,0.002,0.887
1.0,0.714,0.452,0.766,0.947,0.404,0.087,0.38,0.58,0.646,0.222,0.475,0.031,0.568,0.779,0.009,0.243,0.828,0.656,0.427,0.899,0.328,0.495,0.486,0.293,0.287,0.205,0.208,0.371,0.729,0.352,0.973,0.391,0.812,0.295,0.243,0.915,0.842,0.435,0.618,0.834
0.0,0.549,0.336,0.318,0.823,0.243,0.106,0.31,0.095,0.316,0.182,0.177,0.633,0.585,0.724,0.03,0.331,0.766,0.204,0.184,0.607,0.415,0.907,0.848,0.406,0.54,0.054,0.838,0.087,0.839,0.375,0.398,0.587,0.147,0.567,0.784,0.699,0.926,0.803,0.297,0.795
1.0,0.256,0.596,0.596,0.053,0.043,0.169,0.225,0.326,0.672,0.618,0.107,0.015,0.691,0.013,0.003,0.427,0.043,0.697,0.715,0.929,0.744,0.879,0.664,0.398,0.06,0.244,0.282,0.501,0.423,0.511,0.767,0.619,0.693,0.425,0.505,0.906,0.418,0.225,0.382,0.162
1.0,0.387,0.169,0.455,0.667,0.29,0.801,0.649,0.897,0.139,0.609,0.399,0.18,0.886,0.718,0.152,0.736,0.319,0.788,0.498,0.118,0.108,0.2,0.611,0.506,0.533,0.946,0.017,0.398,0.549,0.483,0.92,0.854,0.826,0.189,0.418,0.548,0.75,0.715,0.719,0.02
1.0,0.694,0.531,0.923,0.269,0.429,0.687,0.321,0.766,0.133,0.553,0.15,0.749,0.921,0.338,0.867,0.459,0.003,0.184,0.208,0.402,0.688,0.304,0.236,0.959,0.428,0.563,0.907,0.711,0.113,0.215,0.396,0.635,0.555,0.767,0.29,0.974,0.922,0.753,0.326,0.144
1.0,0.466,0.856,0.343,0.972,0.358,0.111,0.334,0.016,0.43,0.62,0.768,0.232,0.4,0.494,0.793,0.499,0.857,0.24,0.337,0.22,0.822,0.877,0.174,0.955,0.446,0.367,0.975,0.615,0.738,0.631,0.379,0.358,0.141,0.81,0.351,0.581,0.521,0.887,0.157,0.142
0.0,0.865,0.533,0.461,0.869,0.825,0.221,0.585,0.93,0.211,0.129,0.141,0.977,0.82,0.143,0.042,0.885,0.309,0.756,0.518,0.035,0.519,0.807,0.172,0.744,0.48,0.059,0.77,0.092,0.708,0.141,0.351,0.17,0.343,0.427,0.263,0.184,0.108,0.937,0.638,0.422
0.0,0.562,0.718,0.655,0.366,0.849,0.129,0.363,0.837,0.875,0.774,0.302,0.885,0.152,0.858,0.421,0.147,0.26,0.294,0.684,0.065,0.247,0.389,0.605,0.973,0.661,0.986,0.393,0.389,0.893,0.579,0.436,0.713,0.66,0.919,0.947,0.619,0.379,0.008,0.364,0.762
1.0,0.422,0.65,0.023,0.933,0.684,0.664,0.071,0.537,0.793,0.027,0.802,0.09,0.488,0.963,0.406,0.714,0.171,0.103,0.59,0.674,0.405,0.481,0.855,0.27,0.838,0.791,0.246,0.66,0.81,0.905,0.016,0.415,0.904,0.192,0.145,0.455,0.614,0.776,0.828,0.774
0.0,0.765,0.975,0.464,0.531,0.457,0.046,0.307,0.681,0.751,0.553,0.583,0.44,0.728,0.342,0.739,0.031,0.209,0.162,0.189,0.52,0.444,0.985,0.688,0.587,0.639,0.053,0.181,0.104,0.362,0.75,0.968,0.229,0.046,0.22,0.164,0.833,0.856,0.895,0.643,0.672
0.0,0.963,0.92,0.508,0.891,0.918,0.859,0.62,0.577,0.903,0.298,0.807,0.024,0.685,0.517,0.683,0.477,0.161,0.473,0.966,0.941,0.793,0.813,0.046,0.579,0.557,0.135,0.819,0.212,0.088,0.925,0.448,0.719,0.318,0.241,0.547,0.732,0.31,0.838,0.996,0.388
1.0,0.769,0.812,0.766,0.609,0.792,0.572,0.322,0.152,0.625,0.982,0.339,0.681,0.161,0.689,0.159,0.476,0.272,0.554,0.344,0.075,0.473,0.068,0.037,0.983,0.509,0.182,0.245,0.373,0.189,0.265,0.536,0.941,0.23,0.545,0.933,0.207,0.637,0.742,0.22,0.566
0.0,0.715,0.795,0.668,0.765,0.846,0.463,0.749,0.345,0.284,0.536,0.259,0.447,0.838,0.985,0.811,0.691,0.786,0.907,0.941,0.247,0.579,0.228,0.448,0.363,0.375,0.12,0.075,0.945,0.165,0.919,0.483,0.911,0.744,0.999,0.26,0.993,0.811,0.939,0.835,0.023
0.0,0.436,0.027,0.261,0.455,0.432,0.166,0.432,0.466,0.782,0.312,0.59,0.881,0.813,0.346,0.903,0.264,0.727,0.394,0.364,0.569,0.495,0.889,0.901,0.904,0.129,0.62,0.581,0.377,0.274,0.774,0.366,0.762,0.412,0.917,0.721,0.76,0.739,0.644,0.057,0.557
0.0,0.469,0.81,0.265,0.337,0.327,0.938,0.325,0.836,0.82,0.269,0.308,0.848,0.192,0.031,0.566,0.293,0.235,0.562,0.209,0.742,0.92,0.158,0.449,0.174,0.082,0.112,0.786,0.574,0.391,0.259,0.324,0.296,0.028,0.63,0.63,0.34,0.146,0.2,0.622,0.12
0.0,0.355,0.045,0.771,0.293,0.293,0.468,0.198,0.866,0.435,0.178,0.074,0.852,0.983,0.197,0.785,0.307,0.65,0.093,0.372,0.759,0.908,0.291,0.688,0.626,0.568,0.964,0.503,0.942,0.05,0.393,0.682,0.744,0.642,0.85,0.916,0.458,0.622,0.563,0.522,0.635
1.0,0.305,0.835,0.048,0.632,0.008,0.794,0.994,0.397,0.257,0.127,0.123,0.2,0.596,0.517,0.074,0.725,0.069,0.175,0.772,0.364,0.002,0.791,0.706,0.983,0.053,0.103,0.06,0.848,0.221,0.871,0.033,0.745,0.7,0.713,0.592,0.973,0.784,0.533,0.851,0.238
0.0,0.884,0.949,0.061,0.704,0.864,0.309,0.378,0.346,0.794,0.56,0.147,0.543,0.674,0.143,0.611,0.492,0.947,0.017,0.513,0.498,0.78,0.942,0.574,0.682,0.398,0.85,0.411,0.498,0.968,0.582,0.121,0.185,0.245,0.602,0.756,0.378,0.642,0.631,0.541,0.107
0.0,0.409,0.105,0.516,0.176,0.381,0.675,0.456,0.886,0.894,0.885,0.309,0.049,0.036,0.056,0.824,0.645,0.373,0.095,0.318,0.388,0.313,0.684,0.818,0.347,0.071,0.626,0.632,0.815,0.72,0.476,0.427,0.088,0.368,0.649,0.747,0.453,0.258,0.54,0.516,0.486
1.0,0.881,0.854,0.336,0.391,0.336,0.811,0.841,0.837,0.224,0.088,0.828,0.013,0.986,0.62,0.837,0.835,0.256,0.236,0.857,0.307,0.48,0.739,0.246,0.44,0.353,0.929,0.69,0.433,0.844,0.08,0.564,0.164,0.58,0.005,0.808,0.202,0.87,0.454,0.764,0.686
0.0,0.847,0.148,0.579,0.98,1.0,0.249,0.504,0.617,0.179,0.34,0.459,0.885,0.313,0.38,0.022,0.981,0.426,0.801,0.422,0.379,0.188,0.146,0.826,0.837,0.066,0.446,0.143,0.247,0.598,0.057,0.662,0.379,0.811,0.996,0.283,0.451,0.253,0.665,0.937,0.472
0.0,0.715,0.338,0.853,0.51,0.234,0.649,0.898,0.138,0.98,0.602,0.652,0.981,0.219,0.443,0.04,0.177,0.861,0.345,0.671,0.922,0.003,0.712,0.372,0.732,0.726,0.669,0.138,0.164,0.85,0.555,0.667,0.484,0.536,0.704,0.327,0.513,0.486,0.065,0.409,0.562
1.0,0.366,0.426,0.002,0.187,0.572,0.268,0.443,0.444,0.732,0.771,0.838,0.123,0.58,0.367,0.823,0.807,0.183,0.36,0.458,0.198,0.01,0.09,0.624,0.87,0.328,0.583,0.132,0.268,0.826,0.791,0.027,0.961,0.435,0.585,0.395,0.357,0.597,0.703,0.733,0.694
0.0,0.009,0.93,0.941,0.359,0.869,0.281,0.338,0.021,0.403,0.308,0.452,0.206,0.944,0.916,0.525,0.379,0.612,0.761,0.208,0.206,0.583,0.766,0.219,0.099,0.769,0.026,0.32,0.752,0.624,0.749,0.535,0.921,0.528,0.563,0.041,0.357,0.793,0.194,0.715,0.455
1.0,0.898,0.601,0.521,0.805,0.382,0.177,0.205,0.504,0.479,0.863,0.223,0.255,0.418,0.07,0.628,0.176,0.006,0.494,0.772,0.887,0.383,0.961,0.172,0.741,0.209,0.195,0.841,0.816,0.771,0.87,0.114,0.787,0.8,0.365,0.943,0.641,0.439,0.706,0.981,0.502
1.0,0.346,0.862,0.196,0.122,0.507,0.168,0.557,0.884,0.613,0.096,0.68,0.251,0.282,0.432,0.749,0.443,0.061,0.665,0.969,0.849,0.457,0.199,0.14,0.785,0.935,0.542,0.401,0.818,0.354,0.354,0.094,0.579,0.55,0.102,0.182,0.023,0.258,0.4,0.54,0.832
1.0,0.975,0.016,0.696,0.24,0.247,0.057,0.674,0.757,0.625,0.249,0.399,0.495,0.761,0.034,0.866,0.162,0.26,0.509,0.789,0.517,0.435,0.23,0.072,0.573,0.714,0.533,0.807,0.489,0.95,0.456,0.648,0.876,0.128,0.672,0.992,0.231,0.125,0.627,0.275,0.394
1.0,0.797,0.55,0.582,0.024,0.781,0.089,0.981,0.509,0.907,0.202,0.902,0.74,0.535,0.357,0.424,0.12,0.215,0.158,0.31,0.66,0.95,0.22,0.248,0.209,0.038,0.91,0.712,0.497,0.045,0.198,0.573,0.489,0.15,0.221,0.969,0.489,0.553,0.494,0.691,0.236
1.0,0.978,0.88,0.404,0.723,0.337,0.373,0.891,0.079,0.21,0.299,0.441,0.247,0.542,0.377,0.32,0.827,0.678,0.757,0.738,0.5,0.266,0.982,0.378,0.832,0.991,0.889,0.095,0.879,0.91,0.223,0.906,0.623,0.232,0.337,0.863,0.8,0.134,0.858,0.776,0.732
1.0,0.244,0.496,0.871,0.746,0.645,0.614,0.496,0.38,0.713,0.396,0.798,0.628,0.434,0.016,0.182,0.371,0.899,0.273,0.516,0.167,0.788,0.89,0.043,0.157,0.024,0.298,0.968,0.327,0.461,0.575,0.701,0.746,0.05,0.286,0.12,0.555,0.305,0.736,0.125,0.543
0.0,0.409,0.728,0.102,0.228,0.853,0.398,0.647,0.605,0.439,0.422,0.686,0.476,0.3,0.28,0.028,0.209,0.329,0.931,0.825,0.453,0.132,0.315,0.327,0.91,0.798,0.735,0.782,0.904,0.199,0.362,0.11,0.317,0.624,0.367,0.886,0.075,0.352,0.653,0.872,0.256
0.0,0.926,0.561,0.04,0.204,0.86,0.953,0.532,0.129,0.82,0.223,0.615,0.225,0.63,0.479,0.82,0.812,0.195,0.296,0.591,0.691,0.678,0.763,0.837,0.5,0.4,0.897,0.912,0.148,0.878,0.741,0.78,0.303,0.781,0.439,0.079,0.39,0.632,0.937,0.046,0.024
0.0,0.769,0.223,0.265,0.043,0.935,0.113,0.097,0.841,0.31,0.047,0.423,0.948,0.133,0.73,0.746,0.691,0.58,0.374,0.58,0.596,0.133,0.91,0.621,0.742,0.509,0.433,0.289,0.892,0.732,0.492,0.356,0.119,0.511,0.002,0.752,0.351,0.333,0.723,0.154,0.816
1.0,0.778,0.302,0.046,0.822,0.02,0.923,0.608,0.424,0.595,0.951,0.74,0.676,0.635,0.816,0.807,0.801,0.844,0.558,0.082,0.998,0.073,0.585,0.363,0.139,0.625,0.909,0.455,0.502,0.115,0.613,0.597,0.835,0.296,0.406,0.241,0.636,0.296,0.506,0.578,0.939
1.0,0.174,0.009,0.395,0.922,0.279,0.949,0.284,0.936,0.036,0.087,0.039,0.371,0.575,0.817,0.531,0.466,0.557,0.024,0.024,0.456,0.538,0.25,0.38,0.383,0.678,0.156,0.42,0.051,0.155,0.916,0.689,0.969,0.604,0.623,0.555,0.93,0.799,0.883,0.435,0.037
1.0,0.79,0.705,0.121,0.987,0.188,0.707,0.869,0.42,0.762,0.233,0.131,0.762,0.414,0.636,0.576,0.338,0.636,0.801,0.354,0.289,0.143,0.671,0.287,0.21,0.234,0.827,0.897,0.081,0.995,0.987,0.751,0.199,0.86,0.694,0.715,0.238,0.035,0.199,0.625,0.96
0.0,0.787,0.012,0.26,0.358,0.545,0.77,0.312,0.101,0.816,0.874,0.577,0.603,0.92,0.52,0.049,0.045,0.277,0.399,0.977,0.518,0.533,0.258,0.844,0.969,0.52,0.885,0.114,0.077,0.136,0.687,0.641,0.386,0.681,0.496,0.97,0.521,0.027,0.31,0.172,0.354
1.0,0.329,0.06,0.462,0.022,0.395,0.793,0.002,0.816,0.56,0.349,0.777,0.209,0.491,0.333,0.686,0.286,0.771,0.868,0.862,0.788,0.078,0.694,0.731,0.276,0.419,0.157,0.045,0.248,0.732,0.851,0.497,0.348,0.388,0.833,0.383,0.239,0.129,0.209,0.496,0.709
0.0,0.246,0.449,0.232,0.755,0.777,0.126,0.982,0.642,0.613,0.569,0.629,0.883,0.124,0.731,0.493,0.096,0.242,0.6,0.42,0.582,0.6,0.132,0.077,0.467,0.811,0.077,0.178,0.29,0.508,0.18,0.845,0.773,0.873,0.108,0.298,0.609,0.698,0.249,0.744,0.139
0.0,0.017,0.331,0.884,0.191,0.925,0.84,0.236,0.967,0.047,0.767,0.685,0.061,0.76,0.956,0.886,0.852,0.787,0.534,0.45,0.264,0.047,0.037,0.638,0.668,0.073,0.449,0.306,0.796,0.306,0.848,0.291,0.393,0.571,0.925,0.15,0.928,0.479,0.282,0.28,0.316
1.0,0.201,0.91,0.159,0.389,0.206,0.06,0.615,0.386,0.809,0.278,0.245,0.219,0.247,0.045,0.496,0.408,0.14,0.429,0.69,0.032,0.992,0.392,0.072,0.995,0.503,0.526,0.465,0.986,0.538,0.793,0.828,0.998,0.46,0.455,0.916,0.236,0.676,0.816,0.936,0.128
0.0,0.634,0.132,0.971,0.435,0.912,0.228,0.462,0.655,0.401,0.121,0.646,0.685,0.79,0.23,0.265,0.73,0.365,0.321,0.86,0.533,0.981,0.332,0.487,0.337,0.5,0.885,0.196,0.431,0.927,0.413,0.665,0.778,0.258,0.669,0.147,0.482,0.543,0.247,0.998,0.993
1.0,0.239,0.651,0.386,0.084,0.712,0.513,0.357,0.313,0.019,0.111,0.38,0.594,0.297,0.556,0.18,0.619,0.402,0.905,0.027,0.308,0.304,0.228,0.794,0.916,0.168,0.03,0.723,0.585,0.189,0.529,0.256,0.183,0.032,0.004,0.437,0.034,0.38,0.13,0.343,0.453
0.0,0.453,0.815,0.716,0.921,0.699,0.455,0.961,0.308,0.454,0.54,0.497,0.279,0.443,0.827,0.596,0.425,0.716,0.754,0.007,0.207,0.02,0.692,0.786,0.621,0.479,0.752,0.346,0.876,0.9,0.747,0.74,0.859,0.938,0.726,0.595,0.002,0.294,0.618,0.608,0.372
0.0,0.588,0.806,0.356,0.28,0.845,0.597,0.273,0.164,0.799,0.868,0.684,0.803,0.002,0.862,0.168,0.313,0.726,0.33,0.657,0.7,0.282,0.323,0.459,0.083,0.197,0.206,0.692,0.82,0.032,0.996,0.915,0.101,0.168,0.212,0.51,0.312,0.23,0.542,0.53,0.208
0.0,0.493,0.892,0.091,0.476,0.895,0.283,0.795,0.42,0.765,0.477,0.75,0.717,0.211,0.834,0.188,0.147,0.954,0.326,0.35,0.128,0.281,0.35,0.016,0.165,0.602,0.615,0.594,0.048,0.359,0.319,0.081,0.042,0.488,0.058,0.13,0.397,0.679,0.962,0.526,0.329
1.0,0.127,0.215,0.939,0.132,0.816,0.111,0.954,0.378,0.09,0.133,0.779,0.627,0.494,0.457,0.969,0.943,0.046,0.857,0.388,0.642,0.36,0.656,0.497,0.069,0.046,0.294,0.015,0.529,0.658,0.606,0.718,0.108,0.454,0.452,0.949,0.69,0.342,0.227,0.571,0.502
1.0,0.422,0.43,0.853,0.828,0.013,0.623,0.726,0.458,0.06,0.529,0.336,0.184,0.314,0.541,0.307,0.062,0.351,0.601,0.642,0.47,0.545,0.561,0.451,0.646,0.394,0.7,0.845,0.535,0.833,0.169,0.023,0.53,0.591,0.466,0.377,0.58,0.131,0.394,0.588,0.299
0.0,0.834,0.854,0.137,0.927,0.585,0.677,0.155,0.563,0.257,0.19,0.476,0.819,0.081,0.3,0.656,0.808,0.254,0.47,0.54,0.992,0.519,0.023,0.355,0.67,0.768,0.791,0.129,0.359,0.299,0.103,0.705,0.894,0.1,0.042,0.017,0.191,0.72,0.522,0.179,0.365
1.0,0.305,0.273,0.971,0.06,0.111,0.362,0.747,0.468,0.949,0.828,0.727,0.273,0.397,0.653,0.98,0.697,0.985,0.155,0.657,0.621,0.926,0.051,0.712,0.679,0.79,0.052,0.871,0.141,0.844,0.045,0.665,0.497,0.574,0.16,0.627,0.4,0.584,0.598,0.499,0.326
0.0,0.022,0.606,0.335,0.128,0.685,0.022,0.392,0.39,0.854,0.821,0.425,0.596,0.87,0.619,0.542,0.43,0.446,0.78,0.085,0.29,0.596,0.779,0.737,0.437,0.702,0.162,0.715,0.563,0.457,0.181,0.974,0.495,0.347,0.325,0.818,0.151,0.633,0.033,0.658,0.537
0.0,0.725,0.627,0.078,0.572,0.732,0.76,0.419,0.701,0.072,0.08,0.912,0.677,0.922,0.708,0.902,0.061,0.585,0.8,0.981,0.528,0.4,0.104,0.818,0.219,0.541,0.208,0.04,0.614,0.417,0.97,0.437,0.041,0.219,0.123,0.705,0.972,0.171,0.905,0.871,0.093
0.0,0.798,0.849,0.793,0.953,0.32,0.294,0.856,0.676,0.383,0.343,0.834,0.88,0.904,0.472,0.53,0.548,0.299,0.693,0.584,0.694,0.212,0.368,0.714,0.359,0.782,0.717,0.704,0.048,0.093,0.357,0.891,0.792,0.921,0.939,0.522,0.124,0.899,0.246,0.258,0.241
0.0,0.619,0.434,0.952,0.786,0.862,0.035,0.821,0.587,0.722,0.253,0.191,0.401,0.054,0.613,0.736,0.862,0.623,0.341,0.695,0.005,0.728,0.528,0.535,0.878,0.502,0.428,0.781,0.829,0.188,0.829,0.53,0.719,0.159,0.535,0.813,0.378,0.904,0.921,0.612,0.754
0.0,0.613,0.56,0.637,0.923,0.995,0.164,0.469,0.545,0.635,0.149,0.358,0.994,0.181,0.417,0.891,0.874,0.03,0.241,0.584,0.11,0.099,0.96,0.814,0.522,0.718,0.293,0.392,0.52,0.879,0.664,0.297,0.614,0.567,0.889,0.722,0.882,0.891,0.165,0.392,0.339
0.0,0.008,0.077,0.604,0.688,0.481,0.326,0.365,0.904,0.085,0.481,0.038,0.414,0.692,0.179,0.679,0.244,0.498,0.285,0.067,0.429,0.504,0.559,0.818,0.522,0.336,0.693,0.084,0.648,0.426,0.783,0.373,0.41,0.173,0.405,0.923,0.946,0.36,0.123,0.858,0.408
1.0,0.872,0.05,0.165,0.688,0.699,0.663,0.478,0.191,0.672,0.584,0.362,0.166,0.424,0.299,0.281,0.358,0.046,0.97,0.504,0.351,0.623,0.745,0.256,0.008,0.089,0.688,0.116,0.017,0.869,0.043,0.692,0.647,0.892,0.952,0.131,0.875,0.782,0.839,0.215,0.148
1.0,0.434,0.44,0.633,0.565,0.256,0.188,0.891,0.74,0.283,0.635,0.703,0.608,0.845,0.94,0.516,0.246,0.42,0.545,0.152,0.042,0.161,0.556,0.347,0.211,0.304,0.462,0.052,0.008,0.537,0.31,0.387,0.548,0.263,0.435,0.217,0.768,0.084,0.026,0.167,0.425
1.0,0.643,0.066,0.783,0.953,0.01,0.076,0.905,0.698,0.179,0.721,0.155,0.611,0.031,0.88,0.532,0.099,0.987,0.478,0.938,0.488,0.487,0.63,0.471,0.523,0.379,0.548,0.765,0.515,0.228,0.918,0.715,0.478,0.104,0.441,0.982,0.49,0.861,0.17,0.638,0.019
1.0,0.861,0.748,0.199,0.745,0.358,0.101,0.917,0.194,0.56,0.148,0.594,0.355,0.681,0.922,0.284,0.855,0.281,0.52,0.513,0.397,0.497,0.177,0.697,0.723,0.259,0.516,0.866,0.777,0.317,0.221,0.245,0.722,0.244,0.612,0.448,0.371,0.215,0.333,0.111,0.722
1.0,0.115,0.925,0.204,0.34,0.722,0.854,0.877,0.994,0.175,0.633,0.135,0.369,0.608,0.761,0.544,0.671,0.274,0.488,0.174,0.39,0.955,0.009,0.045,0.799,0.574,0.851,0.742,0.446,0.05,0.608,0.813,0.732,0.871,0.771,0.616,0.244,0.734,0.494,0.331,0.59
0.0,0.893,0.021,0.194,0.717,0.154,0.244,0.944,0.155,0.381,0.246,0.709,0.09,0.423,0.916,0.493,0.369,0.641,0.208,0.682,0.756,0.114,0.627,0.857,0.674,0.975,0.471,0.518,0.359,0.488,0.776,0.517,0.993,0.751,0.513,0.06,0.305,0.146,0.895,0.412,0.251
1.0,0.645,0.678,0.124,0.925,0.666,0.868,0.706,0.799,0.591,0.272,0.797,0.12,0.193,0.149,0.829,0.539,0.324,0.773,0.466,0.555,0.244,0.567,0.724,0.869,0.892,0.945,0.267,0.89,0.441,0.958,0.447,0.599,0.007,0.601,0.049,0.221,0.885,0.38,0.814,0.001
0.0,0.708,0.28,0.42,0.294,0.347,0.724,0.607,0.423,0.963,0.576,0.876,0.838,0.006,0.04,0.684,0.765,0.749,0.027,0.73,0.22,0.279,0.413,0.788,0.485,0.793,0.348,0.924,0.543,0.268,0.828,0.147,0.992,0.456,0.535,0.091,0.599,0.555,0.114,0.284,0.918
1.0,0.377,0.414,0.894,0.213,0.092,0.179,0.875,0.374,0.396,0.595,0.593,0.604,0.09,0.672,0.424,0.207,0.925,0.21,0.354,0.314,0.138,0.086,0.179,0.915,0.606,0.637,0.539,0.075,0.142,0.938,0.369,0.321,0.638,0.71,0.332,0.389,0.515,0.942,0.496,0.219
0.0,0.81,0.798,0.318,0.699,0.949,0.604,0.098,0.258,0.658,0.924,0.028,0.972,0.905,0.757,0.17,0.384,0.4,0.407,0.727,0.062,0.958,0.671,0.058,0.39,0.521,0.734,0.598,0.586,0.873,0.135,0.137,0.765,0.295,0.366,0.946,0.308,0.851,0.019,0.749,0.298
0.0,0.739,0.966,0.259,0.241,0.193,0.108,0.622,0.667,0.414,0.33,0.882,0.893,0.114,0.72,0.268,0.175,0.412,0.783,0.747,0.805,0.459,0.187,0.469,0.742,0.184,0.073,0.921,0.241,0.697,0.335,0.509,0.456,0.601,0.659,0.977,0.217,0.682,0.692,0.438,0.749
0.0,0.858,0.601,0.908,0.951,0.846,0.929,0.151,0.763,0.423,0.204,0.332,0.179,0.646,0.074,0.092,0.141,0.358,0.91,0.378,0.073,0.031,0.598,0.761,0.802,0.321,0.547,0.801,0.614,0.81,0.493,0.032,0.958,0.927,0.857,0.96,0.503,0.784,0.944,0.039,0.759
1.0,0.991,0.558,0.023,0.737,0.478,0.333,0.149,0.668,0.482,0.515,0.351,0.758,0.123,0.818,0.749,0.609,0.646,0.269,0.88,0.143,0.841,0.513,0.328,0.602,0.589,0.119,0.398,0.675,0.899,0.065,0.877,0.796,0.439,0.39,0.843,0.46,0.708,0.314,0.16,0.766
0.0,0.447,0.887,0.998,0.681,0.25,0.217,0.108,0.925,0.691,0.246,0.887,0.857,0.951,0.695,0.391,0.543,0.121,0.717,0.661,0.421,0.575,0.674,0.266,0.522,0.873,0.331,0.358,0.124,0.137,0.581,0.262,0.456,0.931,0.984,0.116,0.013,0.924,0.447,0.387,0.578
1.0,0.54,0.709,0.341,0.618,0.979,0.049,0.038,0.65,0.386,0.894,0.458,0.476,0.692,0.924,0.715,0.905,0.905,0.995,0.314,0.876,0.794,0.304,0.401,0.316,0.609,0.07,0.624,0.162,0.188,0.921,0.97,0.805,0.159,0.532,0.641,0.887,0.058,0.668,0.536,0.659
0.0,0.304,0.732,0.863,0.253,0.258,0.706,0.718,0.284,0.83,0.768,0.38,0.764,0.12,0.541,0.101,0.537,0.645,0.098,0.026,0.562,0.618,0.989,0.88,0.142,0.955,0.806,0.376,0.865,0.314,0.49,0.351,0.963,0.978,0.243,0.033,0.484,0.176,0.737,0.61,0.843
0.0,0.921,0.252,0.259,0.814,0.878,0.744,0.001,0.398,0.488,0.726,0.907,0.938,0.579,0.577,0.046,0.688,0.225,0.932,0.956,0.153,0.322,0.544,0.89,0.485,0.879,0.523,0.966,0.645,0.419,0.57,0.937,0.893,0.966,0.577,0.218,0.326,0.731,0.027,0.76,0.439
1.0,0.648,0.858,0.53,0.651,0.572,0.257,0.345,0.628,0.718,0.508,0.493,0.149,0.122,0.91,0.223,0.673,0.065,0.501,0.826,0.246,0.704,0.499,0.405,0.417,0.616,0.704,0.605,0.366,0.82,0.489,0.26,0.432,0.919,0.41,0.133,0.322,0.797,0.534,0.758,0.904
1.0,0.926,0.45,0.801,0.956,0.564,0.302,0.133,0.247,0.144,0.844,0.331,0.233,0.041,0.004,0.699,0.442,0.215,0.982,0.536,0.252,0.57,0.469,0.657,0.105,0.872,0.722,0.399,0.91,0.403,0.239,0.212,0.948,0.736,0.001,0.849,0.451,0.526,0.619,0.544,0.132
0.0,0.835,0.618,0.159,0.184,0.996,0.608,0.102,0.408,0.699,0.175,0.155,0.404,0.94,0.112,0.739,0.924,0.559,0.954,0.044,0.912,0.755,0.823,0.728,0.353,0.522,0.688,0.441,0.874,0.048,0.088,0.223,0.271,0.493,0.405,0.693,0.453,0.211,0.175,0.653,0.577
0.0,0.668,0.667,0.549,0.408,0.913,0.372,0.788,0.614,0.016,0.135,0.848,0.178,0.009,0.266,0.997,0.52,0.77,0.488,0.321,0.5,0.36,0.118,0.134,0.819,0.491,0.703,0.34,0.544,0.759,0.993,0.43,0.871,0.123,0.809,0.257,0.822,0.773,0.56,0.608,0.129
0.0,0.451,0.093,0.82,0.393,0.566,0.997,0.294,0.013,0.835,0.511,0.647,0.825,0.369,0.768,0.365,0.6,0.885,0.054,0.514,0.882,0.183,0.303,0.65,0.646,0.21,0.069,0.422,0.608,0.726,0.605,0.473,0.849,0.755,0.21,0.426,0.272,0.803,0.484,0.461,0.854
1.0,0.123,0.177,0.956,0.499,0.431,0.268,0.356,0.675,0.869,0.129,0.854,0.475,0.286,0.842,0.487,0.757,0.602,0.57,0.618,0.048,0.445,0.596,0.514,0.505,0.968,0.882,0.851,0.389,0.455,0.437,0.583,0.86,0.992,0.856,0.841,0.275,0.002,0.435,0.34,0.644
1.0,0.02,0.55,0.792,0.532,0.747,0.234,0.882,0.245,0.048,0.486,0.22,0.09,0.516,0.414,0.465,0.079,0.607,0.072,0.57,0.708,0.721,0.318,0.489,0.081,0.576,0.879,0.472,0.29,0.825,0.746,0.864,0.642,0.804,0.038,0.121,0.838,0.9,0.136,0.821,0.767
0.0,0.155,0.244,0.097,0.232,0.78,0.921,0.515,0.304,0.989,0.263,0.563,0.855,0.455,0.459,0.26,0.737,0.001,0.198,0.459,0.531,0.697,0.364,0.827,0.04,0.388,0.772,0.872,0.195,0.955,0.57,0.701,0.546,0.808,0.917,0.231,0.453,0.208,0.434,0.204,0.577
0.0,0.925,0.078,0.982,0.177,0.186,0.507,0.254,0.58,0.516,0.391,0.048,0.849,0.988,0.998,0.139,0.623,0.36,0.825,0.488,0.188,0.706,0.025,0.881,0.071,0.49,0.619,0.4,0.915,0.585,0.793,0.389,0.868,0.859,0.987,0.222,0.01,0.797,0.361,0.753,0.175
1.0,0.428,0.847,0.478,0.632,0.668,0.978,0.226,0.552,0.849,0.405,0.753,0.562,0.484,0.981,0.448,0.55,0.18,0.817,0.594,0.589,0.041,0.346,0.073,0.575,0.743,0.36,0.318,0.604,0.07,0.93,0.774,0.939,0.81,0.244,0.662,0.453,0.355,0.766,0.93,0.589
1.0,0.897,0.893,0.196,0.123,0.502,0.786,0.172,0.515,0.582,0.645,0.087,0.711,0.415,0.646,0.688,0.634,0.502,0.466,0.301,0.557,0.544,0.347,0.558,0.087,0.89,0.184,0.396,0.089,0.301,0.791,0.73,0.059,0.073,0.58,0.662,0.341,0.095,0.071,0.338,0.168
1.0,0.196,0.448,0.188,0.969,0.012,0.414,0.55,0.667,0.151,0.54,0.496,0.316,0.646,0.151,0.1,0.62,0.872,0.208,0.615,0.604,0.031,0.83,0.16,0.871,0.457,0.516,0.238,0.925,0.438,0.883,0.524,0.151,0.688,0.132,0.526,0.704,0.026,0.347,0.68,0.648
1.0,0.339,0.347,0.578,0.208,0.651,0.125,0.84,0.04,0.43,0.339,0.933,0.348,0.56,0.071,0.104,0.467,0.146,0.992,0.308,0.624,0.121,0.608,0.083,0.568,0.428,0.438,0.137,0.536,0.196,0.338,0.891,0.461,0.015,0.389,0.69,0.863,0.415,0.659,0.71,0.082
0.0,0.911,0.658,0.158,0.505,0.057,0.325,0.183,0.991,0.376,0.293,0.73,0.258,0.288,0.156,0.675,0.607,0.093,0.869,0.448,0.251,0.158,0.949,0.842,0.59,0.585,0.225,0.393,0.701,0.369,0.317,0.273,0.335,0.827,0.099,0.648,0.164,0.687,0.247,0.938,0.822
1.0,0.56,0.106,0.977,0.899,0.567,0.027,0.916,0.133,0.209,0.097,0.131,0.533,0.394,0.78,0.606,0.277,0.092,0.867,0.791,0.411,0.595,0.338,0.61,0.266,0.24,0.709,0.643,0.823,0.152,0.204,0.358,0.797,0.838,0.901,0.242,0.137,0.453,0.804,0.965,0.816
0.0,0.631,0.101,0.842,0.547,0.87,0.522,0.043,0.546,0.663,0.52,0.75,0.902,0.267,0.18,0.499,0.054,0.328,0.949,0.338,0.509,0.215,0.995,0.94,0.009,0.921,0.027,0.759,0.329,0.25,0.256,0.688,0.513,0.248,0.478,0.324,0.589,0.09,0.254,0.821,0.19
1.0,0.287,0.312,0.798,0.352,0.191,0.934,0.374,0.831,0.194,0.707,0.46,0.327,0.322,0.405,0.55,0.086,0.481,0.821,0.195,0.052,0.398,0.696,0.408,0.957,0.501,0.078,0.533,0.171,0.765,0.428,0.209,0.988,0.937,0.464,0.894,0.524,0.027,0.4,0.718,0.319
0.0,0.095,0.158,0.572,0.528,0.698,0.428,0.179,0.833,0.803,0.51,0.34,0.036,0.26,0.369,0.368,0.346,0.094,0.682,0.178,0.218,0.178,0.582,0.873,0.734,0.105,0.278,0.281,0.489,0.018,0.882,0.359,0.491,0.664,0.404,0.457,0.798,0.341,0.279,0.963,0.577
1.0,0.367,0.742,0.564,0.058,0.386,0.598,0.456,0.993,0.904,0.437,0.288,0.453,0.257,0.395,0.782,0.449,0.509,0.263,0.538,0.357,0.615,0.442,0.404,0.749,0.635,0.208,0.845,0.102,0.568,0.322,0.102,0.044,0.65,0.292,0.719,0.306,0.004,0.428,0.271,0.672
1.0,0.575,0.428,0.256,0.324,0.282,0.532,0.025,0.926,0.913,0.792,0.352,0.569,0.056,0.292,0.563,0.156,0.959,0.084,0.22,0.174,0.154,0.629,0.062,0.902,0.411,0.731,0.397,0.168,0.335,0.939,0.794,0.925,0.145,0.449,0.09,0.319,0.76,0.542,0.769,0.815
0.0,0.451,0.567,0.288,0.853,0.454,0.07,0.827,0.163,0.268,0.146,0.223,0.302,0.808,0.578,0.48,0.39,0.01,0.159,0.044,0.605,0.47,0.603,0.926,0.597,0.01,0.838,0.747,0.558,0.435,0.48,0.784,0.788,0.998,0.96,0.323,0.701,0.396,0.22,0.927,0.587
0.0,0.099,0.047,0.298,0.127,0.185,0.89,0.198,0.418,0.986,0.465,0.799,0.942,0.015,0.646,0.275,0.399,0.56,0.904,0.109,0.769,0.534,0.185,0.807,0.956,0.972,0.168,0.228,0.707,0.136,0.967,0.697,0.523,0.23,0.377,0.713,0.221,0.901,0.29,0.486,0.302
1.0,0.295,0.925,0.969,0.119,0.67,0.932,0.463,0.99,0.997,0.894,0.639,0.335,0.849,0.64,0.258,0.223,0.799,0.901,0.056,0.853,0.065,0.117,0.065,0.816,0.48,0.395,0.454,0.65,0.999,0.934,0.021,0.688,0.96,0.419,0.913,0.566,0.019,0.2,0.058,0.094
0.0,0.652,0.303,0.037,0.552,0.36,0.921,0.492,0.104,0.295,0.158,0.864,0.993,0.966,0.73,0.086,0.789,0.359,0.335,0.896,0.211,0.528,0.853,0.424,0.681,0.866,0.658,0.041,0.356,0.261,0.086,0.617,0.334,0.308,0.616,0.483,0.451,0.541,0.189,0.023,0.269
0.0,0.599,0.804,0.351,0.369,0.171,0.241,0.498,0.703,0.615,0.902,0.113,0.901,0.114,0.946,0.81,0.648,0.218,0.769,0.298,0.804,0.992,0.012,0.835,0.429,0.603,0.306,0.123,0.043,0.401,0.267,0.662,0.511,0.776,0.438,0.536,0.836,0.435,0.161,0.936,0.952
0.0,0.758,0.046,0.727,0.644,0.76,0.64,0.068,0.103,0.156,0.494,0.702,0.925,0.981,0.617,0.024,0.994,0.179,0.339,0.039,0.664,0.321,0.27,0.457,0.976,0.959,0.196,0.02,0.242,0.663,0.035,0.864,0.701,0.994,0.357,0.808,0.507,0.927,0.203,0.19,0.518
0.0,0.565,0.616,0.501,0.792,0.547,0.469,0.743,0.845,0.796,0.268,0.571,0.969,0.434,0.718,0.827,0.283,0.812,0.819,0.663,0.183,0.036,0.221,0.052,0.01,0.044,0.291,0.636,0.229,0.975,0.224,0.609,0.499,0.587,0.335,0.755,0.036,0.893,0.215,0.917,0.641
1.0,0.637,0.912,0.436,0.32,0.75,0.179,0.496,0.162,0.984,0.854,0.961,0.271,0.523,0.42,0.85,0.356,0.572,0.894,0.488,0.429,0.13,0.45,0.631,0.176,0.101,0.614,0.669,0.002,0.956,0.255,0.818,0.456,0.508,0.066,0.69,0.298,0.586,0.778,0.693,0.685
0.0,0.666,0.12,0.423,0.759,0.858,0.185,0.305,0.398,0.996,0.374,0.823,0.945,0.52,0.485,0.601,0.1,0.541,0.925,0.914,0.983,0.189,0.767,0.489,0.778,0.155,0.577,0.607,0.589,0.675,0.833,0.017,0.286,0.224,0.268,0.899,0.272,0.111,0.655,0.107,0.006
1.0,0.264,0.786,0.63,0.607,0.168,0.341,0.165,0.564,0.305,0.754,0.175,0.209,0.095,0.332,0.654,0.138,0.024,0.364,0.346,0.729,0.47,0.268,0.191,0.041,0.913,0.694,0.572,0.194,0.836,0.361,0.661,0.899,0.063,0.65,0.545,0.928,0.683,0.01,0.335,0.897
0.0,0.047,0.668,0.295,0.69,0.866,0.732,0.727,0.133,0.432,0.793,0.797,0.941,0.724,0.943,0.52,0.088,0.361,0.626,0.927,0.631,0.994,0.434,0.191,0.648,0.223,0.256,0.342,0.946,0.661,0.015,0.755,0.062,0.608,0.311,0.503,0.788,0.988,0.781,0.575,0.305
1.0,0.814,0.93,0.066,0.791,0.501,0.625,0.494,0.173,0.702,0.893,0.461,0.477,0.239,0.281,0.643,0.531,0.129,0.545,0.314,0.218,0.932,0.39,0.186,0.167,0.046,0.638,0.769,0.719,0.271,0.9,0.06,0.054,0.749,0.678,0.938,0.354,0.073,0.3,0.701,0.165
0.0,0.408,0.124,0.271,0.651,0.267,0.347,0.025,0.105,0.084,0.489,0.977,0.892,0.18,0.193,0.248,0.248,0.693,0.708,0.366,0.549,0.923,0.359,0.526,0.784,0.693,0.768,0.671,0.849,0.725,0.239,0.646,0.379,0.1,0.167,0.248,0.454,0.609,0.905,0.014,0.826
1.0,0.155,0.761,0.059,0.753,0.212,0.679,0.876,0.503,0.335,0.97,0.648,0.158,0.632,0.167,0.393,0.337,0.27,0.06,0.033,0.658,0.743,0.139,0.105,0.72,0.257,0.082,0.602,0.805,0.918,0.442,0.711,0.069,0.621,0.918,0.576,0.382,0.168,0.783,0.34,0.14
0.0,0.86,0.897,0.654,0.916,0.13,0.01,0.992,0.503,0.592,0.782,0.948,0.936,0.904,0.475,0.032,0.581,0.263,0.123,0.889,0.837,0.066,0.309,0.909,0.28,0.087,0.457,0.835,0.15,0.42,0.114,0.678,0.4,0.753,0.282,0.633,0.113,0.337,0.949,0.878,0.095
1.0,0.231,0.601,0.255,0.737,0.474,0.792,0.96,0.091,0.499,0.878,0.298,0.059,0.111,0.153,0.541,0.46,0.007,0.199,0.719,0.343,0.182,0.749,0.148,0.683,0.751,0.079,0.762,0.266,0.262,0.067,0.878,0.81,0.795,0.028,0.356,0.58,0.013,0.606,0.209,0.884
1.0,0.75,0.327,0.142,0.33,0.082,0.825,0.725,0.552,0.438,0.92,0.406,0.355,0.955,0.939,0.684,0.816,0.471,0.119,0.965,0.043,0.14,0.118,0.099,0.988,0.369,0.089,0.174,0.083,0.673,0.983,0.532,0.649,0.549,0.666,0.758,0.809,0.047,0.525,0.678,0.08
0.0,0.147,0.816,0.347,0.524,0.918,0.16,0.904,0.552,0.877,0.408,0.203,0.718,0.609,0.394,0.792,0.334,0.906,0.44,0.187,0.103,0.46,0.162,0.51,0.948,0.653,0.477,0.243,0.667,0.071,0.218,0.674,0.586,0.381,0.891,0.827,0.631,0.21,0.553,0.948,0.088
0.0,0.678,0.032,0.091,0.457,0.845,0.371,0.452,0.987,0.666,0.368,0.269,0.999,0.769,0.121,0.586,0.56,0.292,0.541,0.804,0.847,0.914,0.982,0.31,0.849,0.959,0.612,0.38,0.168,0.553,0.925,0.284,0.98,0.726,0.942,0.061,0.607,0.889,0.814,0.115,0.844
1.0,0.581,0.388,0.427,0.747,0.636,0.643,0.565,0.197,0.361,0.863,0.702,0.139,0.608,0.721,0.305,0.922,0.83,0.199,0.609,0.148,0.492,0.818,0.535,0.296,0.033,0.092,0.207,0.403,0.555,0.882,0.826,0.355,0.4,0.263,0.579,0.665,0.095,0.613,0.98,0.602
0.0,0.534,0.992,0.308,0.879,0.235,0.132,0.806,0.939,0.349,0.452,0.299,0.682,0.165,0.634,0.539,0.177,0.172,0.509,0.549,0.912,0.497,0.926,0.922,0.584,0.443,0.766,0.361,0.196,0.297,0.255,0.462,0.245,0.063,0.499,0.352,0.102,0.94,0.651,0.113,0.337
0.0,0.695,0.944,0.059,0.562,0.694,0.381,0.175,0.427,0.853,0.225,0.979,0.982,0.686,0.554,0.401,0.857,0.935,0.781,0.169,0.72,0.64,0.835,0.641,0.96,0.092,0.301,0.839,0.93,0.792,0.511,0.447,0.614,0.549,0.458,0.682,0.1,0.048,0.675,0.24,0.805
1.0,0.521,0.766,0.739,0.602,0.831,0.549,0.772,0.897,0.407,0.244,0.647,0.08,0.38,0.854,0.896,0.85,0.542,0.195,0.127,0.623,0.895,0.169,0.553,0.758,0.093,0.373,0.649,0.192,0.317,0.112,0.941,0.22,0.553,0.264,0.966,0.047,0.751,0.429,0.047,0.296
0.0,0.058,0.029,0.318,0.407,0.136,0.007,0.347,0.746,0.716,0.269,0.906,0.583,0.483,0.895,0.322,0.796,0.24,0.195,0.439,0.157,0.108,0.512,0.991,0.472,0.184,0.179,0.872,0.128,0.355,0.188,0.671,0.432,0.519,0.816,0.941,0.052,0.651,0.216,0.643,0.744
0.0,0.145,0.029,0.605,0.673,0.033,0.4,0.431,0.983,0.9,0.042,0.291,0.971,0.294,0.72,0.104,0.623,0.352,0.653,0.63,0.907,0.741,0.012,0.804,0.393,0.516,0.4,0.958,0.499,0.663,0.655,0.192,0.032,0.04,0.137,0.803,0.939,0.797,0.052,0.293,0.555
1.0,0.537,0.737,0.498,0.445,0.798,0.095,0.995,0.414,0.741,0.853,0.886,0.447,0.108,0.373,0.926,0.646,0.493,0.687,0.612,0.074,0.666,0.533,0.379,0.22,0.464,0.933,0.86,0.784,0.724,0.921,0.292,0.892,0.508,0.951,0.485,0.573,0.563,0.576,0.999,0.093
1.0,0.239,0.287,0.68,0.911,0.504,0.404,0.679,0.132,0.109,0.11,0.935,0.254,0.899,0.657,0.006,0.862,0.711,0.592,0.509,0.245,0.752,0.024,0.178,0.823,0.634,0.833,0.025,0.638,0.013,0.084,0.918,0.477,0.314,0.331,0.477,0.188,0.631,0.666,0.883,0.976
0.0,0.981,0.714,0.619,0.706,0.522,0.969,0.18,0.776,0.762,0.454,0.441,0.314,0.091,0.31,0.112,0.673,0.156,0.655,0.451,0.432,0.736,0.068,0.495,0.781,0.816,0.378,0.514,0.959,0.435,0.654,0.639,0.987,0.718,0.345,0.023,0.817,0.648,0.49,0.052,0.403
0.0,0.412,0.588,0.505,0.319,0.129,0.876,0.217,0.907,0.664,0.426,0.341,0.633,0.459,0.121,0.834,0.469,0.325,0.01,0.611,0.563,0.627,0.333,0.328,0.356,0.797,0.827,0.717,0.2,0.816,0.737,0.326,0.765,0.965,0.936,0.414,0.348,0.904,0.339,0.764,0.831
1.0,0.076,0.187,0.356,0.781,0.004,0.908,0.743,0.623,0.794,0.541,0.293,0.271,0.273,0.39,0.246,0.886,0.825,0.981,0.043,0.609,0.754,0.648,0.176,0.446,0.546,0.413,0.733,0.063,0.079,0.083,0.816,0.956,0.405,0.59,0.847,0.219,0.095,0.616,0.884,0.938
0.0,0.348,0.874,0.443,0.891,0.321,0.024,0.635,0.07,0.808,0.377,0.295,0.993,0.416,0.988,0.471,0.637,0.751,0.522,0.595,0.736,0.591,0.125,0.381,0.639,0.953,0.406,0.287,0.327,0.236,0.743,0.007,0.775,0.311,0.714,0.562,0.39,0.336,0.83,0.974,0.886
0.0,0.741,0.658,0.158,0.683,0.329,0.481,0.824,0.402,0.961,0.351,0.201,0.581,0.03,0.143,0.576,0.527,0.23,0.595,0.71,0.949,0.729,0.209,0.942,0.661,0.076,0.015,0.859,0.59,0.93,0.148,0.408,0.038,0.717,0.304,0.401,0.287,0.483,0.007,0.279,0.702
0.0,0.955,0.105,0.09,0.532,0.911,0.635,0.703,0.036,0.801,0.62,0.769,0.158,0.041,0.865,0.898,0.483,0.349,0.113,0.33,0.568,0.092,0.343,0.589,0.272,0.879,0.157,0.286,0.642,0.925,0.959,0.392,0.503,0.831,0.092,0.217,0.979,0.324,0.105,0.919,0.69
1.0,0.785,0.444,0.953,0.858,0.83,0.376,0.065,0.348,0.581,0.289,0.606,0.19,0.793,0.591,0.547,0.352,0.661,0.669,0.615,0.833,0.966,0.017,0.451,0.729,0.804,0.606,0.173,0.2,0.292,0.504,0.075,0.472,0.885,0.122,0.824,0.137,0.663,0.203,0.06,0.675
1.0,0.964,0.027,0.04,0.386,0.214,0.066,0.177,0.185,0.807,0.099,0.728,0.157,0.75,0.761,0.935,0.037,0.801,0.799,0.812,0.955,0.167,0.72,0.321,0.355,0.202,0.28,0.08,0.035,0.63,0.912,0.577,0.819,0.547,0.035,0.512,0.796,0.173,0.657,0.308,0.45
1.0,0.425,0.134,0.281,0.015,0.193,0.977,0.85,0.264,0.758,0.161,0.164,0.25,0.259,0.26,0.391,0.282,0.54,0.926,0.888,0.751,0.485,0.338,0.493,0.022,0.711,0.737,0.151,0.043,0.219,0.329,0.369,0.831,0.493,0.653,0.087,0.04,0.309,0.849,0.586,0.076
0.0,0.395,0.238,0.44,0.338,0.267,0.599,0.381,0.283,0.551,0.883,0.11,0.98,0.529,0.24,0.211,0.307,0.047,0.318,0.547,0.403,0.629,0.567,0.5,0.159,0.471,0.482,0.29,0.891,0.015,0.796,0.278,0.128,0.136,0.139,0.79,0.958,0.628,0.615,0.972,0.246
1.0,0.843,0.606,0.897,0.85,0.892,0.251,0.081,0.783,0.101,0.995,0.012,0.16,0.165,0.37,0.825,0.195,0.763,0.348,0.906,0.717,0.679,0.091,0.564,0.69,0.905,0.017,0.688,0.133,0.766,0.202,0.375,0.287,0.503,0.051,0.957,0.48,0.736,0.773,0.396,0.429
0.0,0.553,0.047,0.442,0.775,0.39,0.656,0.476,0.309,0.337,0.571,0.105,0.857,0.383,0.023,0.829,0.943,0.97,0.835,0.137,0.029,0.753,0.346,0.815,0.494,0.985,0.911,0.054,0.943,0.214,0.001,0.571,0.623,0.174,0.946,0.709,0.609,0.004,0.372,0.529,0.493
0.0,0.874,0.737,0.653,0.15,0.874,0.431,0.856,0.979,0.52,0.062,0.814,0.75,0.318,0.118,0.93,0.498,0.109,0.102,0.345,0.448,0.258,0.673,0.121,0.926,0.416,0.288,0.639,0.755,0.479,0.777,0.684,0.933,0.766,0.677,0.581,0.377,0.893,0.504,0.621,0.918
1.0,0.525,0.447,0.819,0.292,0.51,0.192,0.437,0.605,0.53,0.025,0.887,0.467,0.573,0.355,0.179,0.206,0.818,0.825,0.014,0.487,0.977,0.156,0.406,0.517,0.69,0.509,0.906,0.647,0.111,0.371,0.676,0.626,0.641,0.677,0.284,0.813,0.575,0.981,0.417,0.74
1.0,0.408,0.266,0.596,0.385,0.65,0.415,0.583,0.422,0.518,0.276,0.8,0.553,0.255,0.755,0.445,0.218,0.152,0.149,0.482,0.64,0.624,0.34,0.613,0.2,0.565,0.375,0.771,0.811,0.415,0.978,0.079,0.728,0.477,0.6,0.351,0.072,0.374,0.048,0.291,0.702
1.0,0.624,0.263,0.316,0.927,0.934,0.289,0.881,0.013,0.937,0.252,0.586,0.194,0.581,0.306,0.255,0.301,0.633,0.63,0.047,0.599,0.597,0.412,0.935,0.652,0.912,0.333,0.403,0.889,0.216,0.716,0.413,0.238,0.948,0.586,0.289,0.298,0.668,0.719,0.064,0.538
1.0,0.169,0.595,0.925,0.411,0.131,0.592,0.927,0.301,0.263,0.432,0.682,0.476,0.045,0.851,0.242,0.2,0.53,0.387,0.572,0.587,0.967,0.44,0.434,0.975,0.965,0.72,0.455,0.71,0.172,0.542,0.063,0.094,0.186,0.126,0.093,0.608,0.191,0.1,0.032,0.918
1.0,0.858,0.593,0.18,0.239,0.261,0.107,0.228,0.36,0.963,0.824,0.103,0.19,0.895,0.967,0.834,0.987,0.392,0.913,0.703,0.168,0.391,0.378,0.398,0.808,0.137,0.719,0.37,0.023,0.903,0.447,0.08,0.206,0.787,0.078,0.858,0.265,0.004,0.346,0.381,0.781
1.0,0.744,0.544,0.36,0.498,0.819,0.669,0.698,0.554,0.445,0.782,0.098,0.169,0.54,0.693,0.729,0.638,0.802,0.304,0.003,0.246,0.001,0.947,0.541,0.683,0.379,0.95,0.803,0.963,0.697,0.086,0.394,0.388,0.333,0.382,0.218,0.561,0.296,0.645,0.414,0.269
0.0,0.514,0.519,0.52,0.183,0.014,0.855,0.082,0.185,0.014,0.255,0.805,0.623,0.032,0.993,0.929,0.931,0.038,0.351,0.772,0.624,0.57,0.191,0.177,0.511,0.258,0.953,0.01,0.85,0.598,0.815,0.302,0.875,0.816,0.664,0.637,0.968,0.597,0.282,0.945,0.655
1.0,0.373,0.622,0.605,0.771,0.185,0.539,0.286,0.732,0.052,0.444,0.36,0.122,0.598,0.217,0.397,0.157,0.634,0.906,0.979,0.962,0.402,0.788,0.71,0.334,0.605,0.157,0.445,0.927,0.373,0.806,0.315,0.791,0.912,0.572,0.588,0.289,0.711,0.795,0.121,0.85
1.0,0.732,0.834,0.633,0.411,0.143,0.649,0.771,0.877,0.792,0.404,0.301,0.411,0.564,0.531,0.884,0.525,0.761,0.581,0.594,0.325,0.001,0.841,0.058,0.147,0.277,0.865,0.34,0.686,0.095,0.485,0.703,0.006,0.865,0.295,0.769,0.597,0.339,0.596,0.309,0.218
1.0,0.153,0.95,0.801,0.246,0.096,0.4,0.512,0.742,0.387,0.643,0.877,0.27,0.73,0.079,0.218,0.532,0.501,0.424,0.268,0.135,0.755,0.869,0.155,0.132,0.719,0.656,0.112,0.357,0.757,0.864,0.707,0.152,0.496,0.551,0.927,0.195,0.648,0.471,0.285,0.211
0.0,0.855,0.979,0.56,0.934,0.578,0.768,0.33,0.542,0.142,0.225,0.853,0.915,0.403,0.03,0.388,0.186,0.755,0.588,0.759,0.908,0.138,0.719,0.648,0.533,0.079,0.576,0.594,0.44,0.657,0.199,0.741,0.71,0.736,0.794,0.493,0.796,0.949,0.786,0.214,0.467
1.0,0.172,0.582,0.254,0.207,0.536,0.834,0.442,0.231,0.861,0.829,0.319,0.325,0.085,0.104,0.462,0.002,0.865,0.195,0.92,0.751,0.363,0.35,0.296,0.842,0.239,0.693,0.601,0.925,0.924,0.052,0.905,0.405,0.477,0.221,0.339,0.685,0.518,0.903,0.138,0.56
1.0,0.785,0.015,0.441,0.684,0.491,0.987,0.165,0.806,0.95,0.578,0.513,0.733,0.958,0.383,0.156,0.232,0.55,0.809,0.937,0.876,0.224,0.358,0.645,0.882,0.048,0.631,0.804,0.294,0.467,0.053,0.959,0.185,0.137,0.267,0.819,0.79,0.725,0.345,0.234,0.159
0.0,0.837,0.173,0.22,0.615,0.563,0.403,0.78,0.114,0.794,0.19,0.936,0.601,0.418,0.172,0.233,0.693,0.891,0.777,0.099,0.909,0.536,0.913,0.87,0.629,0.658,0.888,0.913,0.819,0.646,0.832,0.506,0.007,0.074,0.677,0.475,0.683,0.322,0.662,0.51,0.533
0.0,0.609,0.602,0.42,0.085,0.148,0.885,0.766,0.93,0.562,0.641,0.134,0.197,0.874,0.91,0.179,0.214,0.899,0.787,0.462,0.296,0.432,0.734,0.52,0.586,0.659,0.585,0.404,0.236,0.244,0.347,0.788,0.86,0.98,0.436,0.351,0.103,0.864,0.486,0.015,0.964
1.0,0.62,0.758,0.67,0.213,0.433,0.312,0.6,0.765,0.37,0.49,0.006,0.3,0.485,0.716,0.518,0.738,0.112,0.312,0.942,0.266,0.605,0.296,0.653,0.97,0.492,0.213,0.95,0.691,0.864,0.236,0.722,0.498,0.395,0.274,0.925,0.075,0.03,0.201,0.981,0.389
0.0,0.144,0.321,0.655,0.126,0.306,0.235,0.646,0.93,0.983,0.566,0.787,0.209,0.004,0.554,0.665,0.414,0.543,0.172,0.287,0.129,0.398,0.308,0.899,0.737,0.504,0.371,0.99,0.786,0.7,0.058,0.414,0.748,0.131,0.938,0.142,0.514,0.032,0.846,0.586,0.576
0.0,0.51,0.349,0.793,0.203,0.003,0.016,0.924,0.508,0.712,0.65,0.905,0.553,0.193,0.27,0.786,0.74,0.645,0.241,0.793,0.326,0.172,0.353,0.151,0.329,0.343,0.708,0.099,0.759,0.972,0.493,0.504,0.807,0.063,0.502,0.711,0.373,0.118,0.155,0.763,0.683
0.0,0.762,0.715,0.779,0.539,0.856,0.823,0.741,0.825,0.301,0.571,0.766,0.677,0.178,0.407,0.694,0.535,0.982,0.888,0.716,0.703,0.263,0.373,0.435,0.266,0.722,0.041,0.697,0.64,0.356,0.059,0.845,0.03,0.346,0.128,0.463,0.684,0.046,0.475,0.576,0.599
0.0,0.595,0.405,0.243,0.119,0.863,0.662,0.111,0.009,0.67,0.606,0.457,0.924,0.268,0.513,0.19,0.941,0.885,0.122,0.132,0.512,0.109,0.227,0.234,0.944,0.059,0.81,0.966,0.776,0.92,0.148,0.469,0.721,0.353,0.247,0.319,0.824,0.761,0.279,0.795,0.677
1.0,0.512,0.393,0.576,0.823,0.191,0.911,0.978,0.261,0.243,0.273,0.871,0.328,0.166,0.851,0.497,0.694,0.886,0.497,0.675,0.246,0.284,0.442,0.285,0.381,0.093,0.818,0.861,0.651,0.959,0.25,0.263,0.379,0.283,0.858,0.229,0.419,0.309,0.667,0.164,0.093
0.0,0.756,0.241,0.469,0.353,0.412,0.202,0.163,0.709,0.438,0.477,0.669,0.817,0.336,0.341,0.134,0.233,0.343,0.702,0.517,0.859,0.974,0.593,0.742,0.568,0.223,0.385,0.212,0.256,0.759,0.387,0.815,0.492,0.179,0.023,0.601,0.115,0.435,0.925,0.563,0.867
0.0,0.222,0.282,0.253,0.461,0.338,0.592,0.647,0.425,0.428,0.06,0.648,0.43,0.849,0.546,0.371,0.795,0.59,0.762,0.93,0.605,0.223,0.609,0.635,0.344,0.95,0.591,0.145,0.541,0.974,0.839,0.772,0.664,0.913,0.963,0.343,0.201,0.787,0.96,0.684,0.01
0.0,0.283,0.198,0.509,0.383,0.121,0.225,0.573,0.287,0.732,0.684,0.693,0.659,0.23,0.556,0.401,0.393,0.064,0.012,0.641,0.286,0.676,0.17,0.82,0.608,0.745,0.105,0.46,0.263,0.989,0.481,0.068,0.203,0.417,0.963,0.935,0.027,0.823,0.504,0.678,0.399
0.0,0.217,0.659,0.08,0.599,0.079,0.195,0.191,0.101,0.928,0.141,0.666,0.865,0.441,0.671,0.268,0.772,0.556,0.95,0.983,0.232,0.704,0.203,0.265,0.731,0.711,0.638,0.106,0.786,0.356,0.181,0.652,0.34,0.917,0.209,0.853,0.678,0.137,0.554,0.34,0.894
0.0,0.022,0.16,0.925,0.685,0.325,0.121,0.605,0.522,0.633,0.866,0.024,0.463,0.62,0.992,0.386,0.524,0.756,0.388,0.592,0.82,0.995,0.125,0.92,0.18,0.924,0.538,0.621,0.053,0.118,0.103,0.223,0.275,0.888,0.529,0.979,0.684,0.021,0.82,0.157,0.147
1.0,0.564,0.098,0.679,0.899,0.278,0.115,0.167,0.393,0.671,0.071,0.696,0.225,0.904,0.314,0.095,0.274,0.452,0.7,0.878,0.459,0.538,0.61,0.308,0.349,0.335,0.495,0.704,0.157,0.598,0.026,0.417,0.161,0.93,0.718,0.984,0.302,0.836,0.719,0.02,0.13
0.0,0.504,0.781,0.838,0.007,0.57,0.67,0.898,0.338,0.661,0.827,0.312,0.113,0.47,0.171,0.681,0.456,0.639,0.757,0.664,0.808,0.155,0.274,0.958,0.005,0.765,0.313,0.873,0.439,0.899,0.543,0.588,0.007,0.076,0.375,0.784,0.969,0.535,0.506,0.207,0.061
0.0,0.225,0.931,0.227,0.495,0.353,0.833,0.491,0.916,0.169,0.361,0.09,0.829,0.892,0.847,0.034,0.807,0.291,0.738,0.526,0.795,0.27,0.244,0.855,0.759,0.392,0.058,0.486,0.884,0.36,0.667,0.461,0.215,0.627,0.198,0.661,0.862,0.993,0.388,0.983,0.001
0.0,0.21,0.233,0.995,0.926,0.498,0.035,0.934,0.309,0.886,0.224,0.354,0.259,0.246,0.14,0.299,0.893,0.537,0.415,0.995,0.362,0.834,0.321,0.812,0.454,0.403,0.642,0.671,0.209,0.046,0.881,0.903,0.105,0.848,0.45,0.101,0.896,0.148,0.289,0.21,0.932
0.0,0.021,0.416,0.046,0.235,0.891,0.623,0.254,0.568,0.245,0.716,0.575,0.047,0.483,0.799,0.811,0.401,0.544,0.747,0.909,0.685,0.04,0.495,0.699,0.846,0.121,0.683,0.045,0.851,0.758,0.948,0.075,0.402,0.886,0.138,0.575,0.922,0.56,0.916,0.588,0.324
1.0,0.221,0.983,0.058,0.688,0.276,0.693,0.087,0.33,0.683,0.575,0.754,0.196,0.422,0.295,0.227,0.394,0.205,0.027,0.704,0.046,0.228,0.771,0.307,0.086,0.247,0.214,0.853,0.123,0.004,0.438,0.651,0.733,0.075,0.269,0.031,0.813,0.933,0.06,0.464,0.747
1.0,0.218,0.303,0.368,0.084,0.068,0.005,0.427,0.699,0.297,0.743,0.753,0.23,0.878,0.993,0.655,0.643,0.113,0.15,0.237,0.407,0.637,0.534,0.695,0.276,0.522,0.959,0.714,0.677,0.567,0.438,0.193,0.3,0.335,0.242,0.546,0.977,0.074,0.747,0.749,0.014
0.0,0.861,0.508,0.57,0.12,0.207,0.339,0.881,0.073,0.169,0.166,0.759,0.133,0.506,0.95,0.456,0.804,0.497,0.682,0.975,0.244,0.234,0.54,0.962,0.614,0.26,0.552,0.0,0.283,0.755,0.522,0.94,0.714,0.191,0.136,0.96,0.942,0.256,0.559,0.594,0.443
1.0,0.643,0.47,0.48,0.06,0.573,0.908,0.598,0.076,0.724,0.03,0.497,0.836,0.672,0.371,0.265,0.429,0.267,0.766,0.216,0.709,0.654,0.243,0.774,0.825,0.994,0.346,0.981,0.114,0.743,0.588,0.508,0.652,0.369,0.381,0.895,0.263,0.288,0.917,0.314,0.137
1.0,0.451,0.033,0.367,0.894,0.066,0.897,0.178,0.686,0.024,0.374,0.144,0.482,0.926,0.884,0.371,0.185,0.652,0.278,0.912,0.742,0.495,0.033,0.419,0.223,0.128,0.048,0.731,0.811,0.722,0.858,0.936,0.42,0.762,0.067,0.512,0.195,0.292,0.69,0.705,0.728
0.0,0.325,0.32,0.449,0.353,0.406,0.049,0.716,0.898,0.796,0.852,0.047,0.8,0.362,0.513,0.26,0.576,0.398,0.634,0.108,0.422,0.44,0.403,0.959,0.5,0.648,0.212,0.306,0.327,0.188,0.993,0.204,0.97,0.261,0.01,0.513,0.573,0.201,0.595,0.977,0.505
0.0,0.342,0.451,0.243,0.308,0.293,0.32,0.278,0.74,0.765,0.897,0.443,0.603,0.033,0.167,0.346,0.208,0.553,0.27,0.283,0.56,0.941,0.017,0.123,0.597,0.544,0.538,0.204,0.902,0.579,0.328,0.012,0.319,0.028,0.749,0.39,0.829,0.848,0.973,0.497,0.968
1.0,0.904,0.725,0.537,0.017,0.626,0.988,0.45,0.675,0.319,0.593,0.568,0.058,0.569,0.367,0.227,0.366,0.997,0.057,0.061,0.167,0.998,0.704,0.133,0.106,0.054,0.777,0.201,0.797,0.738,0.576,0.078,0.847,0.994,0.422,0.672,0.709,0.966,0.126,0.512,0.092
0.0,0.708,0.015,0.482,0.196,0.144,0.387,0.156,0.698,0.516,0.424,0.85,0.228,0.521,0.407,0.657,0.996,0.819,0.217,0.684,0.805,0.933,0.15,0.813,0.331,0.099,0.65,0.847,0.918,0.436,0.526,0.877,0.191,0.529,0.969,0.72,0.294,0.124,0.384,0.808,0.424
1.0,0.241,0.573,0.885,0.746,0.243,0.513,0.066,0.773,0.388,0.212,0.541,0.515,0.578,0.316,0.726,0.393,0.948,0.675,0.794,0.947,0.613,0.414,0.236,0.325,0.504,0.183,0.468,0.303,0.982,0.049,0.561,0.96,0.425,0.157,0.512,0.565,0.739,0.566,0.439,0.179
1.0,0.749,0.798,0.743,0.867,0.323,0.883,0.338,0.549,0.426,0.839,0.576,0.227,0.212,0.119,0.205,0.451,0.009,0.752,0.645,0.575,0.872,0.764,0.606,0.595,0.969,0.731,0.504,0.357,0.823,0.173,0.157,0.575,0.684,0.043,0.477,0.55,0.25,0.602,0.843,0.207
0.0,0.674,0.693,0.645,0.719,0.831,0.927,0.065,0.485,0.349,0.102,0.254,0.061,0.896,0.675,0.726,0.829,0.254,0.297,0.993,0.919,0.736,0.622,0.041,0.012,0.429,0.838,0.445,0.458,0.236,0.896,0.399,0.633,0.407,0.715,0.595,0.864,0.646,0.101,0.31,0.48
1.0,0.567,0.38,0.5,0.285,0.04,0.55,0.86,0.86,0.754,0.795,0.631,0.606,0.747,0.246,0.772,0.205,0.382,0.087,0.821,0.296,0.959,0.849,0.57,0.927,0.123,0.522,0.437,0.772,0.877,0.952,0.452,0.921,0.14,0.587,0.393,0.454,0.399,0.049,0.518,0.997
1.0,0.938,0.624,0.845,0.493,0.417,0.515,0.789,0.705,0.5,0.03,0.282,0.03,0.481,0.307,0.001,0.043,0.906,0.301,0.614,0.976,0.179,0.063,0.283,0.293,0.131,0.122,0.145,0.989,0.017,0.538,0.893,0.36,0.337,0.327,0.025,0.426,0.569,0.336,0.356,0.219
1.0,0.51,0.022,0.663,0.266,0.124,0.06,0.58,0.927,0.813,0.65,0.824,0.001,0.878,0.644,0.201,0.38,0.973,0.504,0.013,0.118,0.275,0.225,0.396,0.31,0.569,0.519,0.19,0.611,0.106,0.597,0.673,0.651,0.084,0.878,0.46,0.024,0.795,0.684,0.397,0.204
0.0,0.94,0.585,0.676,0.488,0.907,0.819,0.993,0.414,0.66,0.248,0.899,0.187,0.08,0.199,0.019,0.517,0.077,0.235,0.589,0.701,0.214,0.967,0.203,0.696,0.662,0.309,0.779,0.715,0.132,0.668,0.361,0.12,0.822,0.058,0.412,0.911,0.465,0.614,0.04,0.926
1.0,0.391,0.993,0.685,0.398,0.353,0.941,0.179,0.973,0.848,0.113,0.28,0.119,0.308,0.819,0.084,0.559,0.586,0.432,0.725,0.782,0.825,0.111,0.155,0.409,0.787,0.1,0.539,0.242,0.974,0.035,0.296,0.615,0.318,0.839,0.959,0.464,0.817,0.678,0.577,0.143
1.0,0.654,0.704,0.879,0.595,0.446,0.257,0.352,0.742,0.007,0.548,0.329,0.582,0.951,0.696,0.408,0.685,0.372,0.224,0.532,0.173,0.758,0.273,0.507,0.574,0.068,0.847,0.233,0.935,0.818,0.216,0.899,0.042,0.026,0.828,0.697,0.704,0.159,0.436,0.822,0.156
1.0,0.952,0.436,0.678,0.143,0.009,0.662,0.077,0.928,0.191,0.441,0.479,0.765,0.903,0.532,0.199,0.447,0.112,0.361,0.331,0.952,0.934,0.629,0.433,0.106,0.821,0.904,0.249,0.185,0.754,0.68,0.581,0.887,0.763,0.202,0.257,0.08,0.263,0.56,0.45,0.406
0.0,0.288,0.946,0.682,0.741,0.127,0.035,0.968,0.882,0.335,0.894,0.873,0.617,0.856,0.579,0.956,0.627,0.843,0.749,0.864,0.139,0.48,0.21,0.846,0.841,0.598,0.845,0.253,0.464,0.02,0.618,0.274,0.413,0.723,0.41,0.492,0.693,0.848,0.306,0.9,0.279
1.0,0.798,0.769,0.412,0.499,0.477,0.82,0.992,0.865,0.744,0.958,0.963,0.064,0.804,0.044,0.616,0.362,0.094,0.002,0.933,0.225,0.756,0.353,0.072,0.583,0.088,0.911,0.02,0.544,0.781,0.066,0.499,0.905,0.389,0.797,0.751,0.301,0.555,0.107,0.991,0.956
1.0,0.249,0.075,0.234,0.992,0.356,0.698,0.857,0.163,0.681,0.609,0.01,0.356,0.265,0.862,0.629,0.587,0.76,0.827,0.964,0.051,0.65,0.69,0.735,0.349,0.193,0.034,0.198,0.756,0.567,0.837,0.809,0.556,0.837,0.104,0.217,0.326,0.44,0.671,0.61,0.963
0.0,0.35,0.785,0.239,0.313,0.742,0.412,0.875,0.508,0.63,0.884,0.42,0.969,0.206,0.209,0.083,0.807,0.909,0.763,0.409,0.33,0.775,0.844,0.956,0.541,0.375,0.169,0.664,0.592,0.9,0.512,0.603,0.711,0.174,0.098,0.313,0.298,0.464,0.862,0.518,0.688
0.0,0.983,0.736,0.347,0.041,0.925,0.781,0.136,0.937,0.177,0.094,0.044,0.4,0.179,0.149,0.82,0.737,0.787,0.2,0.266,0.607,0.062,0.115,0.339,0.249,0.465,0.881,0.043,0.903,0.619,0.291,0.151,0.303,0.118,0.36,0.444,0.352,0.513,0.839,0.593,0.133
0.0,0.764,0.705,0.535,0.695,0.934,0.543,0.123,0.742,0.426,0.087,0.797,0.587,0.255,0.267,0.352,0.702,0.522,0.45,0.431,0.244,0.0,0.496,0.333,0.545,0.856,0.067,0.086,0.306,0.262,0.062,0.601,0.53,0.81,0.692,0.531,0.289,0.644,0.244,0.106,0.047
1.0,0.501,0.814,0.409,0.923,0.57,0.028,0.622,0.545,0.252,0.072,0.213,0.691,0.492,0.613,0.261,0.951,0.563,0.489,0.395,0.395,0.201,0.549,0.27,0.578,0.169,0.803,0.307,0.237,0.009,0.275,0.766,0.542,0.312,0.148,0.768,0.514,0.9,0.589,0.987,0.416
1.0,0.449,0.381,0.891,0.799,0.437,0.563,0.592,0.478,0.315,0.624,0.379,0.162,0.564,0.601,0.544,0.369,0.946,0.206,0.266,0.213,0.286,0.286,0.384,0.299,0.909,0.199,0.898,0.185,0.607,0.923,0.175,0.926,0.818,0.62,0.259,0.752,0.034,0.48,0.475,0.278
0.0,0.206,0.417,0.768,0.295,0.874,0.098,0.882,0.023,0.975,0.718,0.367,0.653,0.543,0.094,0.084,0.398,0.911,0.761,0.923,0.402,0.116,0.342,0.405,0.301,0.251,0.163,0.929,0.853,0.031,0.631,0.291,0.783,0.718,0.427,0.05,0.192,0.959,0.233,0.148,0.399
1.0,0.026,0.248,0.862,0.437,0.161,0.778,0.709,0.96,0.823,0.82,0.059,0.06,0.845,0.55,0.487,0.558,0.212,0.856,0.572,0.298,0.003,0.053,0.46,0.282,0.225,0.377,0.477,0.795,0.668,0.103,0.229,0.684,0.194,0.916,0.408,0.751,0.172,0.904,0.437,0.766
1.0,0.574,0.36,0.028,0.38,0.657,0.794,0.097,0.328,0.273,0.605,0.271,0.447,0.118,0.282,0.677,0.459,0.028,0.816,0.722,0.106,0.792,0.422,0.488,0.183,0.419,0.469,0.336,0.491,0.276,0.209,0.898,0.985,0.398,0.523,0.736,0.36,0.541,0.742,0.857,0.314
1.0,0.884,0.183,0.911,0.423,0.596,0.585,0.77,0.154,0.699,0.48,0.859,0.686,0.324,0.272,0.896,0.014,0.398,0.929,0.174,0.164,0.037,0.777,0.687,0.343,0.494,0.445,0.471,0.507,0.014,0.592,0.311,0.013,0.808,0.446,0.277,0.601,0.894,0.795,0.247,0.585
1.0,0.087,0.622,0.027,0.209,0.169,0.684,0.644,0.145,0.434,0.637,0.691,0.257,0.906,0.757,0.417,0.699,0.212,0.285,0.482,0.414,0.06,0.369,0.076,0.361,0.285,0.185,0.314,0.784,0.383,0.87,0.393,0.527,0.045,0.745,0.527,0.052,0.52,0.743,0.357,0.235
0.0,0.326,0.254,0.33,0.659,0.116,0.885,0.504,0.908,0.956,0.625,0.92,0.812,0.243,0.973,0.72,0.856,0.017,0.026,0.116,0.299,0.565,0.644,0.749,0.098,0.479,0.178,0.986,0.418,0.085,0.57,0.057,0.906,0.957,0.895,0.165,0.791,0.236,0.986,0.304,0.41
0.0,0.098,0.803,0.506,0.465,0.215,0.432,0.992,0.211,0.226,0.539,0.607,0.908,0.045,0.953,0.421,0.632,0.045,0.287,0.473,0.073,0.578,0.491,0.691,0.319,0.398,0.85,0.328,0.796,0.488,0.94,0.061,0.708,0.138,0.722,0.256,0.54,0.665,0.139,0.088,0.659
1.0,0.003,0.303,0.588,0.156,0.538,0.893,0.982,0.674,0.87,0.701,0.627,0.0,0.093,0.372,0.407,0.2,0.051,0.768,0.963,0.308,0.427,0.934,0.483,0.446,0.298,0.949,0.961,0.606,0.713,0.033,0.641,0.587,0.977,0.991,0.254,0.831,0.398,0.948,0.684,0.012
0.0,0.207,0.202,0.888,0.83,0.267,0.162,0.599,0.885,0.084,0.996,0.202,0.866,0.467,0.871,0.535,0.991,0.846,0.105,0.346,0.401,0.896,0.517,0.332,0.55,0.074,0.356,0.588,0.27,0.574,0.596,0.092,0.213,0.942,0.938,0.07,0.819,0.036,0.831,0.599,0.458
1.0,0.807,0.406,0.244,0.368,0.396,0.877,0.713,0.871,0.109,0.399,0.04,0.169,0.553,0.457,0.291,0.291,0.516,0.714,0.532,0.474,0.566,0.513,0.563,0.5,0.241,0.312,0.305,0.502,0.839,0.861,0.703,0.7,0.274,0.393,0.87,0.35,0.92,0.771,0.5,0.391
1.0,0.393,0.021,0.958,0.664,0.508,0.357,0.275,0.08,0.272,1.0,0.649,0.444,0.425,0.143,0.034,0.078,0.43,0.444,0.759,0.118,0.411,0.954,0.289,0.965,0.788,0.287,0.952,0.089,0.914,0.53,0.444,0.256,0.841,0.65,0.474,0.357,0.227,0.16,0.15,0.584
0.0,0.022,0.34,0.319,0.387,0.081,0.221,0.713,0.855,0.647,0.978,0.234,0.458,0.677,0.726,0.33,0.512,0.933,0.909,0.959,0.959,0.012,0.493,0.788,0.317,0.31,0.406,0.515,0.118,0.294,0.815,0.588,0.877,0.503,0.918,0.017,0.865,0.566,0.816,0.362,0.607
1.0,0.841,0.322,0.619,0.993,0.256,0.593,0.265,0.358,0.599,0.779,0.93,0.407,0.671,0.272,0.633,0.256,0.6,0.288,0.977,0.313,0.089,0.064,0.248,0.346,0.17,0.011,0.6,0.663,0.225,0.064,0.909,0.624,0.827,0.995,0.876,0.506,0.322,0.129,0.32,0.671
0.0,0.071,0.904,0.591,0.959,0.581,0.644,0.444,0.29,0.559,0.321,0.182,0.772,0.402,0.692,0.296,0.549,0.912,0.943,0.672,0.996,0.454,0.293,0.201,0.806,0.016,0.909,0.054,0.861,0.99,0.285,0.74,0.888,0.336,0.381,0.658,0.121,0.121,0.015,0.582,0.178
1.0,0.392,0.067,0.929,0.779,0.322,0.569,0.308,0.354,0.549,0.672,0.985,0.605,0.39,0.136,0.386,0.177,0.306,0.449,0.958,0.641,0.636,0.6,0.569,0.644,0.721,0.643,0.945,0.442,0.318,0.542,0.335,0.099,0.423,0.126,0.347,0.957,0.207,0.489,0.403,0.526
0.0,0.774,0.88,0.726,0.221,0.984,0.321,0.366,0.948,0.154,0.884,0.2,0.063,0.436,0.638,0.097,0.498,0.167,0.911,0.245,0.354,0.5,0.004,0.138,0.481,0.072,0.637,0.7,0.678,0.806,0.637,0.842,0.126,0.254,0.626,0.147,0.162,0.462,0.235,0.012,0.637
0.0,0.037,0.498,0.049,0.793,0.009,0.655,0.304,0.394,0.061,0.661,0.059,0.576,0.933,0.927,0.754,0.677,0.222,0.142,0.336,0.685,0.74,0.254,0.79,0.112,0.192,0.737,0.379,0.62,0.474,0.005,0.195,0.264,0.763,0.269,0.589,0.207,0.128,0.839,0.827,0.81
1.0,0.324,0.515,0.254,0.565,0.83,0.155,0.524,0.095,0.563,0.82,0.908,0.724,0.328,0.941,0.939,0.746,0.566,0.162,0.671,0.408,0.127,0.292,0.367,0.139,0.275,0.036,0.606,0.265,0.03,0.042,0.335,0.358,0.65,0.618,0.022,0.473,0.802,0.859,0.146,0.502
1.0,0.131,0.208,0.834,0.422,0.162,0.359,0.225,0.933,0.864,0.457,0.922,0.535,0.515,0.979,0.187,0.913,0.582,0.852,0.39,0.522,0.526,0.533,0.003,0.308,0.821,0.015,0.826,0.761,0.439,0.913,0.157,0.997,0.775,0.763,0.943,0.647,0.56,0.303,0.445,0.09
0.0,0.594,0.429,0.508,0.002,0.159,0.094,0.18,0.8,0.851,0.687,0.318,0.937,0.673,0.689,0.117,0.336,0.259,0.566,0.402,0.517,0.041,0.733,0.286,0.174,0.627,0.616,0.063,0.542,0.656,0.06,0.559,0.203,0.869,0.767,0.615,0.815,0.472,0.558,0.779,0.589
0.0,0.399,0.538,0.718,0.508,0.933,0.71,0.443,0.376,0.717,0.073,0.878,0.732,0.917,0.285,0.281,0.142,0.929,0.909,0.874,0.833,0.53,0.426,0.891,0.513,0.607,0.7,0.949,0.403,0.305,0.984,0.022,0.987,0.874,0.379,0.476,0.007,0.59,0.181,0.743,0.241
0.0,0.935,0.94,0.34,0.993,0.717,0.849,0.105,0.478,0.415,0.414,0.95,0.91,0.792,0.513,0.817,0.075,0.692,0.693,0.531,0.875,0.72,0.175,0.975,0.007,0.602,0.989,0.917,0.331,0.971,0.002,0.782,0.336,0.911,0.422,0.386,0.297,0.404,0.019,0.197,0.521
0.0,0.728,0.609,0.149,0.72,0.368,0.222,0.609,0.971,0.925,0.71,0.91,0.353,0.644,0.356,0.073,0.919,0.682,0.171,0.591,0.768,0.159,0.134,0.05,0.747,0.251,0.993,0.187,0.456,0.909,0.996,0.044,0.043,0.949,0.399,0.93,0.413,0.239,0.404,0.235,0.855
0.0,0.175,0.915,0.007,0.643,0.711,0.36,0.031,0.717,0.155,0.857,0.919,0.832,0.839,0.032,0.276,0.82,0.619,0.523,0.605,0.87,0.193,0.543,0.738,0.447,0.057,0.483,0.156,0.759,0.998,0.962,0.7,0.224,0.875,0.568,0.646,0.634,0.648,0.604,0.406,0.983
0.0,0.477,0.834,0.249,0.592,0.259,0.499,0.142,0.327,0.158,0.176,0.939,0.943,0.797,0.509,0.036,0.949,0.878,0.746,0.609,0.026,0.834,0.317,0.191,0.23,0.693,0.836,0.752,0.302,0.914,0.857,0.035,0.039,0.886,0.103,0.015,0.372,0.104,0.212,0.047,0.776
1.0,0.719,0.615,0.243,0.031,0.931,0.942,0.955,0.454,0.459,0.279,0.787,0.885,0.605,0.904,0.697,0.995,0.522,0.269,0.147,0.628,0.242,0.593,0.592,0.306,0.55,0.536,0.508,0.149,0.081,0.905,0.378,0.704,0.008,0.152,0.172,0.168,0.9,0.991,0.442,0.792
1.0,0.087,0.711,0.627,0.298,0.641,0.452,0.233,0.18,0.091,0.169,0.63,0.263,0.272,0.383,0.695,0.056,0.462,0.838,0.741,0.364,0.958,0.987,0.115,0.539,0.198,0.059,0.781,0.164,0.845,0.698,0.715,0.054,0.616,0.19,0.68,0.325,0.874,0.92,0.008,0.075
0.0,0.356,0.774,0.513,0.084,0.635,0.349,0.096,0.618,0.395,0.497,0.362,0.82,0.859,0.492,0.748,0.552,0.371,0.573,0.182,0.124,0.078,0.502,0.329,0.288,0.141,0.683,0.669,0.316,0.965,0.779,0.501,0.405,0.245,0.118,0.14,0.24,0.159,0.913,0.498,0.666
1.0,0.468,0.822,0.145,0.247,0.126,0.826,0.481,0.184,0.424,0.049,0.096,0.08,0.052,0.065,0.426,0.625,0.582,0.332,0.958,0.595,0.307,0.486,0.078,0.648,0.093,0.546,0.561,0.588,0.555,0.99,0.047,0.136,0.657,0.862,0.442,0.032,0.043,0.288,0.865,0.331
0.0,0.69,0.594,0.382,0.971,0.144,0.395,0.937,0.4,0.002,0.485,0.452,0.829,0.825,0.017,0.543,0.352,0.06,0.423,0.124,0.895,0.995,0.67,0.355,0.227,0.113,0.815,0.057,0.995,0.489,0.219,0.592,0.431,0.42,0.544,0.629,0.743,0.191,0.727,0.705,0.878
1.0,0.111,0.517,0.786,0.074,0.673,0.589,0.522,0.999,0.03,0.056,0.102,0.305,0.363,0.744,0.185,0.071,0.259,0.838,0.803,0.208,0.758,0.462,0.074,0.606,0.788,0.379,0.363,0.201,0.485,0.737,0.406,0.021,0.945,0.597,0.836,0.037,0.634,0.019,0.119,0.534
1.0,0.269,0.159,0.327,0.06,0.702,0.363,0.814,0.985,0.585,0.251,0.563,0.315,0.414,0.971,0.262,0.528,0.866,0.096,0.718,0.394,0.924,0.266,0.221,0.074,0.277,0.707,0.732,0.582,0.881,0.605,0.055,0.442,0.776,0.218,0.514,0.038,0.783,0.427,0.062,0.434
1.0,0.892,0.824,0.56,0.844,0.209,0.181,0.198,0.343,0.857,0.528,0.866,0.479,0.371,0.614,0.323,0.806,0.774,0.543,0.108,0.452,0.784,0.369,0.734,0.01,0.078,0.131,0.253,0.796,0.118,0.98,0.905,0.093,0.228,0.907,0.189,0.002,0.026,0.845,0.734,0.624
1.0,0.165,0.08,0.794,0.735,0.544,0.961,0.782,0.845,0.605,0.593,0.5,0.594,0.149,0.528,0.262,0.228,0.001,0.531,0.629,0.811,0.419,0.217,0.28,0.082,0.984,0.708,0.37,0.602,0.592,0.424,0.524,0.587,0.448,0.943,0.387,0.214,0.217,0.552,0.799,0.062
1.0,0.735,0.763,0.871,0.429,0.277,0.747,0.048,0.211,0.117,0.415,0.402,0.754,0.388,0.752,0.235,0.855,0.684,0.008,0.931,0.733,0.233,0.926,0.538,0.015,0.609,0.014,0.769,0.961,0.192,0.612,0.806,0.918,0.446,0.976,0.198,0.228,0.398,0.764,0.122,0.147
0.0,0.066,0.578,0.176,0.731,0.943,0.625,0.982,0.964,0.424,0.434,0.304,0.101,0.182,0.117,0.745,0.71,0.945,0.105,0.993,0.528,0.809,0.915,0.142,0.607,0.038,0.373,0.879,0.663,0.084,0.093,0.207,0.254,0.721,0.329,0.77,0.932,0.67,0.301,0.81,0.918
1.0,0.762,0.685,0.364,0.939,0.169,0.085,0.349,0.313,0.353,0.885,0.572,0.109,0.99,0.807,0.945,0.211,0.505,0.51,0.826,0.647,0.649,0.508,0.343,0.302,0.428,0.067,0.791,0.42,0.251,0.736,0.669,0.048,0.941,0.6,0.858,0.862,0.792,0.76,0.954,0.022
0.0,0.167,0.555,0.045,0.939,0.304,0.071,0.129,0.202,0.198,0.002,0.066,0.808,0.852,0.983,0.112,0.64,0.921,0.423,0.086,0.554,0.429,0.69,0.724,0.785,0.769,0.187,0.619,0.415,0.449,0.358,0.52,0.722,0.654,0.113,0.047,0.899,0.968,0.264,0.165,0.234
1.0,0.78,0.412,0.101,0.829,0.345,0.911,0.823,0.802,0.886,0.485,0.944,0.145,0.699,0.819,0.152,0.33,0.831,0.387,0.391,0.724,0.142,0.146,0.992,0.118,0.116,0.762,0.785,0.883,0.612,0.431,0.269,0.748,0.075,0.115,0.907,0.992,0.984,0.083,0.751,0.284
1.0,0.211,0.823,0.582,0.322,0.208,0.148,0.644,0.98,0.158,0.524,0.469,0.534,0.302,0.041,0.863,0.25,0.458,0.336,0.739,0.543,0.107,0.762,0.025,0.697,0.822,0.121,0.457,0.413,0.658,0.812,0.144,0.828,0.053,0.799,0.601,0.181,0.534,0.658,0.715,0.954
1.0,0.724,0.066,0.638,0.212,0.403,0.328,0.499,0.506,0.379,0.26,0.698,0.093,0.374,0.79,0.402,0.639,0.318,0.405,0.901,0.832,0.735,0.831,0.449,0.117,0.897,0.215,0.28,0.082,0.189,0.971,0.55,0.466,0.704,0.307,0.354,0.806,0.981,0.614,0.326,0.653
0.0,0.269,0.991,0.099,0.909,0.104,0.478,0.51,0.027,0.762,0.391,0.415,0.811,0.8,0.782,0.183,0.448,0.908,0.639,0.645,0.602,0.349,0.791,0.491,0.948,0.151,0.956,0.695,0.572,0.554,0.899,0.407,0.689,0.848,0.435,0.661,0.935,0.28,0.016,0.776,0.48
1.0,0.642,0.426,0.376,0.011,0.716,0.379,0.905,0.058,0.196,0.562,0.315,0.059,0.997,0.171,0.152,0.919,0.534,0.845,0.148,0.953,0.662,0.328,0.785,0.358,0.567,0.678,0.667,0.794,0.004,0.941,0.581,0.821,0.424,0.433,0.686,0.564,0.721,0.667,0.588,0.164
0.0,0.678,0.283,0.471,0.83,0.59,0.669,0.501,0.21,0.117,0.752,0.227,0.865,0.449,0.523,0.076,0.446,0.696,0.606,0.631,0.706,0.766,0.055,0.054,0.624,0.046,0.546,0.552,0.935,0.135,0.066,0.316,0.933,0.19,0.697,0.567,0.131,0.541,0.504,0.574,0.96
1.0,0.737,0.293,0.232,0.622,0.724,0.437,0.636,0.469,0.798,0.692,0.57,0.048,0.194,0.846,0.638,0.405,0.275,0.012,0.411,0.492,0.244,0.943,0.334,0.852,0.725,0.73,0.723,0.655,0.661,0.275,0.699,0.825,0.529,0.914,0.214,0.595,0.405,0.844,0.089,0.986
1.0,0.509,0.152,0.452,0.58,0.286,0.607,0.939,0.327,0.984,0.294,0.009,0.503,0.556,0.122,0.395,0.526,0.197,0.558,0.254,0.13,0.906,0.393,0.306,0.132,0.727,0.439,0.605,0.077,0.415,0.406,0.139,0.908,0.272,0.175,0.008,0.375,0.11,0.5,0.747,0.839
0.0,0.443,0.717,0.112,0.404,0.859,0.655,0.532,0.727,0.095,0.625,0.801,0.865,0.575,0.878,0.675,0.615,0.759,0.568,0.781,0.879,0.482,0.697,0.264,0.15,0.904,0.65,0.674,0.47,0.227,0.182,0.81,0.353,0.721,0.686,0.725,0.288,0.628,0.605,0.541,0.112
0.0,0.57,0.891,0.126,0.028,0.997,0.76,0.163,0.489,0.157,0.879,0.647,0.871,0.079,0.949,0.288,0.55,0.496,0.444,0.519,0.269,0.356,0.03,0.468,0.11,0.271,0.981,0.758,0.805,0.789,0.936,0.879,0.389,0.22,0.526,0.53,0.277,0.174,0.214,0.157,0.127
0.0,0.515,0.744,0.887,0.319,0.356,0.937,0.745,0.428,0.499,0.455,0.331,0.775,0.652,0.774,0.165,0.591,0.158,0.629,0.932,0.305,0.906,0.13,0.19,0.729,0.928,0.749,0.021,0.645,0.467,0.592,0.929,0.178,0.522,0.686,0.064,0.683,0.316,0.29,0.779,0.027
1.0,0.947,0.713,0.344,0.21,0.023,0.787,0.48,0.094,0.169,0.185,0.556,0.635,0.484,0.208,0.891,0.742,0.82,0.344,0.509,0.453,0.109,0.56,0.139,0.647,0.275,0.171,0.674,0.096,0.194,0.415,0.437,0.95,0.16,0.668,0.005,0.39,0.07,0.631,0.585,0.802
0.0,0.301,0.928,0.494,0.387,0.433,0.387,0.095,0.013,0.473,0.591,0.639,0.358,0.024,0.879,0.7,0.174,0.782,0.303,0.79,0.523,0.643,0.915,0.02,0.869,0.857,0.36,0.522,0.161,0.77,0.322,0.107,0.756,0.465,0.544,0.789,0.876,0.315,0.044,0.526,0.129
0.0,0.351,0.842,0.753,0.518,0.951,0.649,0.456,0.086,0.674,0.289,0.814,0.645,0.328,0.796,0.182,0.841,0.525,0.621,0.235,0.265,0.123,0.815,0.61,0.815,0.85,0.974,0.989,0.479,0.941,0.422,0.721,0.645,0.945,0.995,0.919,0.346,0.639,0.701,0.629,0.787
0.0,0.57,0.58,0.332,0.744,0.079,0.2,0.526,0.693,0.458,0.952,0.813,0.9,0.632,0.283,0.7,0.575,0.699,0.142,0.649,0.008,0.602,0.578,0.531,0.1,0.701,0.067,0.417,0.031,0.531,0.074,0.184,0.274,0.616,0.262,0.792,0.967,0.156,0.155,0.279,0.172
1.0,0.43,0.114,0.932,0.324,0.281,0.505,0.238,0.589,0.991,0.132,0.444,0.498,0.016,0.424,0.019,0.821,0.274,0.62,0.675,0.744,0.787,0.248,0.404,0.298,0.542,0.948,0.122,0.405,0.982,0.043,0.18,0.023,0.26,0.101,0.638,0.001,0.577,0.314,0.044,0.764
0.0,0.825,0.802,0.663,0.309,0.869,0.093,0.404,0.656,0.458,0.122,0.462,0.906,0.026,0.69,0.571,0.938,0.767,0.558,0.911,0.432,0.124,0.966,0.884,0.073,0.856,0.006,0.511,0.572,0.006,0.14,0.817,0.871,0.152,0.314,0.735,0.827,0.314,0.884,0.064,0.416
1.0,0.739,0.208,0.391,0.337,0.604,0.671,0.674,0.301,0.487,0.17,0.811,0.23,0.62,0.493,0.618,0.293,0.232,0.715,0.406,0.594,0.968,0.195,0.153,0.904,0.952,0.928,0.302,0.96,0.27,0.518,0.154,0.935,0.981,0.246,0.481,0.941,0.192,0.76,0.27,0.78
1.0,0.829,0.452,0.583,0.886,0.721,0.462,0.55,0.344,0.198,0.248,0.469,0.52,0.188,0.633,0.859,0.937,0.642,0.776,0.585,0.34,0.417,0.024,0.291,0.411,0.916,0.199,0.595,0.366,0.646,0.446,0.097,0.108,0.555,0.361,0.194,0.063,0.517,0.733,0.32,0.96
0.0,0.555,0.935,0.688,0.038,0.701,0.312,0.6,0.821,0.179,0.289,0.018,0.516,0.657,0.376,0.798,0.244,0.641,0.84,0.545,0.361,0.993,0.373,0.975,0.679,0.055,0.748,0.082,0.399,0.589,0.538,0.712,0.915,0.52,0.966,0.788,0.49,0.455,0.289,0.14,0.398
1.0,0.325,0.448,0.295,0.909,0.7,0.137,0.708,0.973,0.485,0.134,0.096,0.417,0.657,0.023,0.491,0.034,0.993,0.07,0.86,0.422,0.392,0.288,0.36,0.323,0.098,0.827,0.212,0.474,0.176,0.563,0.567,0.436,0.551,0.109,0.102,0.169,0.279,0.352,0.208,0.979
0.0,0.879,0.672,0.801,0.568,0.735,0.141,0.583,0.603,0.876,0.267,0.516,0.111,0.133,0.237,0.632,0.332,0.349,0.049,0.062,0.442,0.146,0.299,0.958,0.509,0.159,0.189,0.28,0.907,0.768,0.474,0.091,0.241,0.785,0.218,0.27,0.087,0.188,0.849,0.015,0.188
0.0,0.411,0.447,0.352,0.812,0.792,0.267,0.425,0.791,0.376,0.4,0.711,0.818,0.609,0.256,0.407,0.381,0.391,0.849,0.09,0.06,0.154,0.106,0.932,0.112,0.14,0.687,0.667,0.244,0.247,0.487,0.914,0.404,0.386,0.958,0.379,0.742,0.071,0.751,0.456,0.187
0.0,0.186,0.799,0.925,0.787,0.842,0.984,0.599,0.299,0.724,0.23,0.699,0.166,0.481,0.803,0.224,0.428,0.018,0.676,0.73,0.129,0.561,0.508,0.43,0.081,0.771,0.874,0.049,0.391,0.579,0.528,0.53,0.49,0.842,0.455,0.714,0.839,0.723,0.791,0.875,0.477
0.0,0.652,0.155,0.926,0.047,0.939,0.431,0.506,0.555,0.713,0.219,0.24,0.837,0.047,0.01,0.081,0.92,0.904,0.029,0.825,0.961,0.76,0.662,0.715,0.126,0.298,0.236,0.112,0.508,0.71,0.291,0.767,0.192,0.862,0.455,0.069,0.723,0.822,0.806,0.393,0.336
1.0,0.696,0.003,0.644,0.92,0.064,0.725,0.156,0.936,0.708,0.739,0.915,0.064,0.64,0.491,0.178,0.694,0.327,0.062,0.376,0.327,0.164,0.709,0.333,0.458,0.773,0.483,0.699,0.763,0.636,0.346,0.941,0.169,0.613,0.149,0.683,0.071,0.117,0.547,0.921,0.953
0.0,0.12,0.933,0.277,0.536,0.932,0.011,0.329,0.926,0.845,0.422,0.005,0.864,0.717,0.991,0.648,0.061,0.528,0.492,0.406,0.796,0.837,0.472,0.207,0.918,0.573,0.678,0.727,0.275,0.712,0.99,0.797,0.972,0.688,0.438,0.889,0.009,0.158,0.359,0.585,0.591
1.0,0.953,0.42,0.723,0.512,0.429,0.693,0.0,0.438,0.631,0.511,0.533,0.979,0.001,0.66,0.371,0.139,0.223,0.627,0.122,0.281,0.99,0.258,0.28,0.464,0.31,0.006,0.772,0.256,0.413,0.769,0.867,0.253,0.385,0.09,0.194,0.063,0.889,0.524,0.577,0.055
1.0,0.055,0.632,0.022,0.827,0.646,0.831,0.987,0.082,0.794,0.304,0.348,0.335,0.236,0.161,0.141,0.084,0.747,0.944,0.969,0.846,0.617,0.722,0.386,0.463,0.589,0.51,0.344,0.41,0.286,0.772,0.677,0.613,0.627,0.632,0.087,0.49,0.263,0.575,0.497,0.666
1.0,0.779,0.221,0.795,0.256,0.391,0.403,0.019,0.041,0.816,0.844,0.244,0.643,0.23,0.563,0.443,0.774,0.68,0.548,0.623,0.147,0.207,0.284,0.166,0.474,0.478,0.96,0.961,0.238,0.279,0.432,0.097,0.561,0.948,0.537,0.839,0.658,0.507,0.364,0.02,0.051
0.0,0.666,0.529,0.447,0.269,0.849,0.716,0.91,0.229,0.122,0.915,0.948,0.046,0.572,0.614,0.119,0.272,0.865,0.856,0.729,0.553,0.842,0.715,0.525,0.295,0.625,0.426,0.812,0.106,0.164,0.051,0.871,0.843,0.372,0.873,0.105,0.663,0.192,0.652,0.431,0.899
0.0,0.596,0.319,0.024,0.075,0.845,0.684,0.838,0.188,0.666,0.53,0.493,0.834,0.95,0.763,0.712,0.621,0.994,0.421,0.005,0.406,0.545,0.538,0.272,0.234,0.113,0.66,0.058,0.956,0.133,0.66,0.284,0.572,0.722,0.567,0.567,0.124,0.243,0.406,0.528,0.577
0.0,0.35,0.573,0.774,0.871,0.537,0.401,0.28,0.816,0.027,0.069,0.901,0.674,0.569,0.747,0.75,0.809,0.025,0.93,0.894,0.875,0.626,0.682,0.516,0.556,0.041,0.146,0.417,0.535,0.003,0.255,0.316,0.956,0.331,0.408,0.402,0.037,0.141,0.784,0.457,0.901
1.0,0.505,0.937,0.856,0.295,0.562,0.02,0.887,0.808,0.265,0.245,0.242,0.743,0.573,0.774,0.483,0.51,0.643,0.533,0.165,0.928,0.61,0.775,0.056,0.651,0.891,0.79,0.683,0.867,0.285,0.55,0.459,0.287,0.303,0.727,0.841,0.811,0.179,0.853,0.016,0.346
0.0,0.649,0.673,0.445,0.579,0.372,0.977,0.807,0.742,0.743,0.817,0.532,0.89,0.14,0.457,0.31,0.874,0.619,0.594,0.227,0.415,0.467,0.552,0.42,0.756,0.911,0.478,0.176,0.192,0.88,0.489,0.795,0.482,0.03,0.457,0.589,0.965,0.724,0.734,0.076,0.59
1.0,0.72,0.043,0.007,0.06,0.314,0.128,0.399,0.404,0.842,0.427,0.665,0.082,0.599,0.28,0.079,0.221,0.772,0.078,0.285,0.97,0.355,0.741,0.502,0.77,0.45,0.55,0.116,0.233,0.864,0.543,0.406,0.477,0.064,0.683,0.839,0.904,0.348,0.174,0.067,0.712
1.0,0.216,0.608,0.125,0.803,0.679,0.021,0.482,0.513,0.095,0.388,0.124,0.721,0.504,0.515,0.465,0.496,0.065,0.882,0.929,0.066,0.023,0.568,0.463,0.995,0.708,0.397,0.1,0.178,0.663,0.064,0.847,0.421,0.868,0.307,0.983,0.724,0.647,0.846,0.067,0.023
0.0,0.976,0.949,0.96,0.322,0.72,0.732,0.278,0.299,0.147,0.907,0.615,0.341,0.361,0.456,0.022,0.609,0.721,0.694,0.466,0.466,0.775,0.261,0.703,0.173,0.302,0.632,0.444,0.995,0.781,0.142,0.192,0.091,0.788,0.82,0.227,0.584,0.005,0.87,0.132,0.317
1.0,0.808,0.396,0.227,0.368,0.725,0.512,0.846,0.365,0.076,0.341,0.774,0.176,0.954,0.159,0.564,0.33,0.257,0.681,0.545,0.063,0.04,0.543,0.668,0.105,0.618,0.37,0.705,0.535,0.531,0.201,0.331,0.615,0.166,0.631,0.37,0.252,0.161,0.944,0.681,0.134
0.0,0.474,0.237,0.257,0.913,0.973,0.092,0.945,0.215,0.858,0.545,0.338,0.12,0.11,0.366,0.105,0.126,0.448,0.257,0.634,0.326,0.886,0.582,0.848,0.553,0.082,0.932,0.956,0.203,0.8,0.56,0.749,0.687,0.697,0.886,0.17,0.391,0.834,0.432,0.439,0.225
1.0,0.251,0.771,0.607,0.853,0.393,0.906,0.223,0.036,0.872,0.613,0.123,0.145,0.39,0.378,0.198,0.877,0.758,0.241,0.179,0.498,0.554,0.24,0.212,0.385,0.284,0.957,0.501,0.801,0.481,0.209,0.234,0.909,0.047,0.425,0.065,0.909,0.078,0.442,0.215,0.869
1.0,0.061,0.417,0.166,0.731,0.839,0.901,0.914,0.194,0.036,0.019,0.584,0.37,0.716,0.848,0.428,0.35,0.332,0.356,0.58,0.245,0.142,0.647,0.519,0.773,0.925,0.44,0.098,0.643,0.952,0.665,0.009,0.642,0.133,0.53,0.419,0.917,0.242,0.043,0.022,0.335
1.0,0.439,0.016,0.758,0.01,0.616,0.751,0.823,0.38,0.617,0.151,0.145,0.223,0.673,0.791,0.873,0.71,0.005,0.667,0.723,0.643,0.319,0.105,0.148,0.895,0.249,0.53,0.641,0.307,0.669,0.351,0.65,0.864,0.479,0.075,0.452,0.283,0.709,0.527,0.089,0.536
1.0,0.39,0.989,0.589,0.361,0.353,0.776,0.58,0.806,0.399,0.842,0.243,0.355,0.221,0.418,0.415,0.502,0.692,0.882,0.833,0.784,0.385,0.114,0.386,0.19,0.485,0.876,0.356,0.603,0.739,0.646,0.641,0.479,0.197,0.086,0.582,0.746,0.107,0.437,0.406,0.176
1.0,0.422,0.186,0.764,0.482,0.305,0.391,0.838,0.262,0.432,0.686,0.27,0.585,0.819,0.078,0.152,0.412,0.604,0.208,0.147,0.825,0.946,0.853,0.612,0.998,0.289,0.527,0.108,0.334,0.4,0.912,0.791,0.784,0.704,0.882,0.3,0.629,0.708,0.33,0.596,0.215
0.0,0.558,0.716,0.052,0.627,0.336,0.494,0.001,0.854,0.276,0.255,0.178,0.499,0.928,0.483,0.71,0.813,0.464,0.724,0.5,0.391,0.345,0.991,0.972,0.476,0.087,0.619,0.394,0.539,0.088,0.623,0.819,0.629,0.343,0.602,0.86,0.288,0.681,0.181,0.482,0.124
1.0,0.25,0.16,0.539,0.846,0.446,0.811,0.775,0.093,0.363,0.178,0.716,0.122,0.426,0.688,0.813,0.888,0.006,0.526,0.794,0.543,0.913,0.015,0.333,0.233,0.127,0.81,0.256,0.642,0.601,0.476,0.446,0.096,0.99,0.594,0.468,0.544,0.594,0.935,0.873,0.805
0.0,0.424,0.988,0.279,0.745,0.761,0.256,0.964,0.904,0.61,0.022,0.62,0.854,0.412,0.382,0.789,0.076,0.222,0.252,0.842,0.335,0.786,0.721,0.2,0.02,0.105,0.149,0.443,0.494,0.537,0.197,0.791,0.652,0.051,0.867,0.577,0.957,0.999,0.788,0.531,0.061
1.0,0.502,0.315,0.758,0.163,0.488,0.794,0.805,0.409,0.004,0.774,0.633,0.017,0.649,0.098,0.055,0.26,0.698,0.005,0.253,0.223,0.668,0.617,0.324,0.705,0.305,0.2,0.64,0.903,0.848,0.303,0.923,0.173,0.314,0.965,0.376,0.829,0.758,0.648,0.559,0.762
0.0,0.133,0.438,0.376,0.48,0.01,0.769,0.668,0.486,0.435,0.97,0.891,0.867,0.812,0.967,0.878,0.607,0.396,0.124,0.772,0.467,0.956,0.336,0.986,0.493,0.532,0.658,0.316,0.959,0.606,0.248,0.181,0.331,0.443,0.428,0.712,0.447,0.243,0.213,0.322,0.861
1.0,0.763,0.4,0.99,0.895,0.515,0.91,0.802,0.881,0.503,0.743,0.113,0.762,0.659,0.619,0.984,0.084,0.754,0.919,0.402,0.609,0.197,0.948,0.63,0.054,0.656,0.422,0.061,0.004,0.974,0.593,0.009,0.848,0.573,0.443,0.747,0.548,0.239,0.488,0.525,0.395
1.0,0.486,0.07,0.338,0.164,0.761,0.937,0.899,0.154,0.367,0.693,0.971,0.245,0.074,0.175,0.879,0.041,0.026,0.52,0.419,0.266,0.619,0.062,0.575,0.039,0.297,0.495,0.783,0.856,0.892,0.336,0.447,0.821,0.546,0.55,0.908,0.479,0.218,0.309,0.514,0.001
1.0,0.17,0.094,0.414,0.503,0.874,0.369,0.619,0.771,0.616,0.047,0.535,0.092,0.211,0.169,0.124,0.221,0.546,0.278,0.188,0.301,0.652,0.438,0.486,0.938,0.176,0.443,0.87,0.923,0.867,0.968,0.206,0.023,0.078,0.683,0.607,0.995,0.027,0.535,0.855,0.885
1.0,0.097,0.477,0.686,0.552,0.141,0.847,0.309,0.644,0.85,0.435,0.839,0.649,0.572,0.22,0.174,0.485,0.633,0.148,0.528,0.12,0.672,0.204,0.097,0.877,0.849,0.768,0.134,0.977,0.477,0.532,0.336,0.066,0.439,0.766,0.928,0.269,0.433,0.415,0.912,0.895
1.0,0.883,0.705,0.904,0.891,0.84,0.505,0.729,0.681,0.205,0.91,0.704,0.009,0.847,0.023,0.936,0.692,0.89,0.991,0.981,0.222,0.859,0.048,0.435,0.68,0.401,0.156,0.804,0.502,0.112,0.433,0.448,0.307,0.755,0.984,0.868,0.8,0.879,0.633,0.652,0.055
1.0,0.856,0.261,0.136,0.124,0.806,0.296,0.566,0.74,0.254,0.647,0.333,0.254,0.394,0.169,0.203,0.717,0.695,0.327,0.61,0.71,0.749,0.3,0.66,0.073,0.822,0.682,0.035,0.426,0.198,0.557,0.724,0.293,0.871,0.794,0.28,0.007,0.373,0.271,0.155,0.012
0.0,0.907,0.766,0.239,0.159,0.025,0.819,0.304,0.088,0.55,0.832,0.703,0.281,0.117,0.022,0.813,0.494,0.774,0.489,0.321,0.05,0.793,0.478,0.8,0.287,0.759,0.947,0.111,0.146,0.623,0.437,0.945,0.205,0.055,0.141,0.905,0.39,0.756,0.124,0.965,0.31
0.0,0.598,0.468,0.516,0.919,0.914,0.268,0.17,0.969,0.141,0.621,0.475,0.293,0.513,0.001,0.559,0.394,0.112,0.736,0.003,0.061,0.889,0.778,0.427,0.03,0.873,0.324,0.899,0.254,0.25,0.988,0.163,0.286,0.195,0.533,0.449,0.307,0.146,0.23,0.931,0.352
0.0,0.224,0.41,0.131,0.801,0.584,0.177,0.428,0.749,0.584,0.914,0.908,0.883,0.457,0.325,0.098,0.319,0.992,0.845,0.721,0.914,0.641,0.991,0.606,0.408,0.142,0.529,0.266,0.428,0.75,0.479,0.61,0.434,0.226,0.325,0.024,0.542,0.746,0.66,0.005,0.03
0.0,0.174,0.285,0.124,0.971,0.78,0.363,0.841,0.284,0.847,0.646,0.641,0.712,0.809,0.348,0.996,0.375,0.465,0.993,0.528,0.654,0.011,0.177,0.873,0.362,0.08,0.431,0.82,0.832,0.305,0.614,0.49,0.318,0.746,0.892,0.226,0.963,0.599,0.132,0.167,0.148
0.0,0.214,0.892,0.22,0.297,0.289,0.476,0.838,0.06,0.008,0.3,0.691,0.525,0.404,0.721,0.12,0.262,0.678,0.183,0.604,0.107,0.913,0.062,0.486,0.521,0.814,0.994,0.559,0.768,0.181,0.079,0.286,0.144,0.013,0.754,0.313,0.063,0.25,0.109,0.319,0.724
1.0,0.322,0.603,0.889,0.285,0.658,0.899,0.97,0.893,0.845,0.054,0.581,0.544,0.546,0.311,0.977,0.678,0.495,0.174,0.088,0.611,0.265,0.557,0.281,0.936,0.236,0.812,0.381,0.956,0.372,0.463,0.853,0.147,0.603,0.43,0.736,0.982,0.102,0.33,0.527,0.773
0.0,0.393,0.513,0.076,0.743,0.073,0.087,0.488,0.115,0.975,0.514,0.577,0.156,0.145,0.595,0.829,0.121,0.804,0.127,0.709,0.755,0.213,0.045,0.846,0.666,0.683,0.818,0.044,0.107,0.219,0.314,0.702,0.807,0.555,0.575,0.846,0.724,0.186,0.998,0.152,0.257
1.0,0.83,0.719,0.942,0.954,0.787,0.634,0.766,0.122,0.113,0.847,0.632,0.249,0.944,0.34,0.032,0.92,0.046,0.464,0.862,0.242,0.981,0.395,0.604,0.05,0.48,0.402,0.259,0.96,0.521,0.944,0.945,0.113,0.099,0.422,0.852,0.004,0.877,0.69,0.023,0.268
1.0,0.046,0.733,0.974,0.787,0.962,0.399,0.126,0.656,0.21,0.408,0.719,0.751,0.576,0.682,0.782,0.118,0.976,0.839,0.324,0.321,0.669,0.814,0.034,0.419,0.619,0.178,0.076,0.364,0.297,0.404,0.314,0.339,0.996,0.737,0.468,0.705,0.319,0.452,0.069,0.809
1.0,0.868,0.959,0.579,0.488,0.808,0.411,0.491,0.686,0.981,0.243,0.122,0.037,0.094,0.353,0.9,0.708,0.31,0.74,0.416,0.528,0.769,0.616,0.451,0.752,0.63,0.598,0.717,0.292,0.987,0.913,0.391,0.264,0.514,0.814,0.172,0.106,0.568,0.768,0.308,0.815
1.0,0.302,0.946,0.795,0.829,0.11,0.687,0.447,0.934,0.716,0.545,0.133,0.252,0.397,0.717,0.714,0.053,0.739,0.614,0.494,0.814,0.543,0.177,0.624,0.446,0.077,0.118,0.491,0.72,0.816,0.91,0.279,0.822,0.298,0.123,0.455,0.004,0.482,0.789,0.703,0.307
1.0,0.661,0.76,0.289,0.705,0.197,0.198,0.921,0.632,0.609,0.975,0.648,0.619,0.841,0.277,0.542,0.404,0.231,0.309,0.74,0.164,0.672,0.151,0.142,0.917,0.339,0.205,0.651,0.568,0.94,0.142,0.331,0.029,0.833,0.213,0.237,0.836,0.344,0.539,0.189,0.902
1.0,0.314,0.255,0.436,0.03,0.323,0.829,0.303,0.794,0.765,0.074,0.14,0.692,0.701,0.771,0.005,0.327,0.222,0.027,0.906,0.586,0.596,0.921,0.306,0.554,0.202,0.923,0.125,0.019,0.606,0.802,0.302,0.761,0.226,0.508,0.944,0.286,0.877,0.886,0.189,0.244
0.0,0.25,0.904,0.491,0.911,0.483,0.823,0.799,0.435,0.726,0.216,0.849,0.455,0.008,0.83,0.281,0.859,0.445,0.134,0.248,0.676,0.991,0.851,0.799,0.181,0.649,0.775,0.273,0.909,0.984,0.718,0.069,0.874,0.075,0.114,0.072,0.908,0.786,0.531,0.864,0.51
0.0,0.908,0.592,0.486,0.262,0.839,0.24,0.444,0.258,0.354,0.231,0.8,0.257,0.801,0.874,0.592,0.565,0.017,0.987,0.561,0.443,0.934,0.074,0.95,0.418,0.2,0.206,0.584,0.153,0.752,0.102,0.234,0.066,0.945,0.166,0.529,0.76,0.118,0.832,0.439,0.547
0.0,0.013,0.432,0.624,0.573,0.288,0.898,0.419,0.08,0.903,0.733,0.095,0.418,0.615,0.906,0.548,0.684,0.965,0.944,0.567,0.006,0.688,0.969,0.973,0.91,0.781,0.731,0.681,0.395,0.006,0.854,0.235,0.762,0.677,0.303,0.604,0.714,0.469,0.471,0.744,0.001
0.0,0.659,0.18,0.523,0.925,0.737,0.002,0.356,0.303,0.162,0.361,0.115,0.022,0.994,0.14,0.83,0.359,0.809,0.558,0.196,0.687,0.211,0.955,0.875,0.329,0.895,0.008,0.408,0.884,0.832,0.764,0.505,0.008,0.607,0.994,0.768,0.64,0.265,0.039,0.737,0.321
0.0,0.578,0.312,0.265,0.589,0.112,0.279,0.131,0.194,0.488,0.159,0.178,0.913,0.565,0.328,0.513,0.801,0.428,0.024,0.175,0.477,0.658,0.9,0.538,0.093,0.618,0.899,0.063,0.261,0.819,0.062,0.658,0.005,0.017,0.416,0.189,0.64,0.817,0.723,0.807,0.234
1.0,0.732,0.557,0.534,0.238,0.763,0.992,0.586,0.041,0.403,0.418,0.8,0.576,0.366,0.615,0.634,0.204,0.575,0.245,0.01,0.225,0.667,0.701,0.549,0.247,0.054,0.75,0.365,0.873,0.076,0.923,0.905,0.114,0.66,0.916,0.152,0.857,0.491,0.161,0.318,0.379
1.0,0.277,0.926,0.787,0.409,0.509,0.605,0.485,0.953,0.976,0.429,0.212,0.344,0.276,0.26,0.981,0.145,0.199,0.451,0.742,0.512,0.841,0.132,0.524,0.772,0.588,0.895,0.194,0.7,0.863,0.157,0.447,0.684,0.315,0.944,0.527,0.156,0.39,0.235,0.153,0.626
0.0,0.378,0.78,0.195,0.449,0.099,0.622,0.876,0.324,0.627,0.737,0.869,0.011,0.027,0.134,0.854,0.289,0.18,0.336,0.764,0.088,0.471,0.123,0.003,0.498,0.029,0.917,0.513,0.095,0.634,0.83,0.661,0.831,0.806,0.615,0.993,0.264,0.212,0.331,0.259,0.671
1.0,0.642,0.649,0.795,0.579,0.233,0.184,0.075,0.031,0.293,0.568,0.282,0.471,0.322,0.734,0.959,0.937,0.96,0.702,0.622,0.206,0.745,0.859,0.549,0.852,0.174,0.619,0.471,0.583,0.138,0.005,0.174,0.53,0.133,0.164,0.166,0.671,0.122,0.347,0.552,0.877
1.0,0.711,0.068,0.106,0.165,0.887,0.039,0.866,0.747,0.51,0.946,0.936,0.141,0.375,0.517,0.694,0.517,0.478,0.336,0.901,0.976,0.476,0.183,0.535,0.317,0.92,0.206,0.827,0.765,0.033,0.825,0.402,0.692,0.098,0.401,0.376,0.198,0.552,0.611,0.87,0.433
0.0,0.027,0.457,0.206,0.222,0.593,0.337,0.02,0.019,0.368,0.268,0.935,0.878,0.39,0.644,0.088,0.338,0.053,0.476,0.019,0.548,0.442,0.09,0.907,0.957,0.276,0.373,0.165,0.425,0.298,0.543,0.893,0.433,0.808,0.08,0.008,0.012,0.362,0.207,0.955,0.119
0.0,0.678,0.605,0.196,0.56,0.355,0.96,0.986,0.864,0.023,0.389,0.663,0.827,0.435,0.121,0.401,0.456,0.951,0.41,0.861,0.493,0.183,0.873,0.466,0.05,0.003,0.97,0.917,0.464,0.388,0.307,0.708,0.092,0.743,0.349,0.131,0.87,0.333,0.99,0.735,0.551
1.0,0.714,0.377,0.543,0.692,0.201,0.886,0.0,0.742,0.994,0.305,0.274,0.512,0.626,0.018,0.835,0.198,0.654,0.316,0.222,0.449,0.236,0.666,0.146,0.067,0.547,0.831,0.937,0.299,0.151,0.131,0.141,0.628,0.784,0.757,0.867,0.368,0.774,0.371,0.11,0.048
1.0,0.719,0.275,0.25,0.001,0.524,0.2,0.374,0.149,0.788,0.447,0.602,0.268,0.218,0.453,0.879,0.815,0.183,0.375,0.968,0.73,0.543,0.015,0.449,0.491,0.104,0.481,0.893,0.691,0.729,0.699,0.304,0.13,0.208,0.167,0.074,0.531,0.833,0.379,0.068,0.126
0.0,0.451,0.141,0.026,0.094,0.353,0.762,0.696,0.236,0.102,0.749,0.059,0.989,0.305,0.93,0.861,0.095,0.452,0.63,0.989,0.497,0.906,0.487,0.781,0.211,0.51,0.518,0.979,0.448,0.392,0.578,0.022,0.691,0.485,0.619,0.926,0.588,0.811,0.534,0.302,0.679
0.0,0.219,0.14,0.29,0.97,0.703,0.673,0.974,0.509,0.44,0.634,0.573,0.81,0.276,0.991,0.721,0.225,0.523,0.407,0.748,0.026,0.716,0.493,0.653,0.766,0.765,0.26,0.382,0.055,0.824,0.168,0.028,0.07,0.11,0.604,0.709,0.759,0.015,0.049,0.141,0.232
0.0,0.685,0.129,0.406,0.029,0.139,0.061,0.55,0.871,0.305,0.285,0.767,0.64,0.279,0.857,0.902,0.123,0.823,0.365,0.819,0.605,0.19,0.824,0.635,0.774,0.194,0.804,0.403,0.447,0.067,0.59,0.573,0.661,0.366,0.746,0.477,0.761,0.366,0.871,0.986,0.2
0.0,0.794,0.321,0.809,0.701,0.289,0.962,0.012,0.194,0.166,0.454,0.941,0.685,0.471,0.196,0.041,0.469,0.697,0.813,0.034,0.42,0.586,0.434,0.527,0.694,0.021,0.289,0.657,0.177,0.373,0.02,0.646,0.037,0.836,0.232,0.559,0.393,0.905,0.746,0.274,0.299
0.0,0.715,0.689,0.654,0.147,0.173,0.136,0.548,0.592,0.332,0.034,0.894,0.818,0.534,0.424,0.803,0.796,0.823,0.714,0.411,0.482,0.247,0.88,0.477,0.124,0.027,0.111,0.389,0.832,0.249,0.832,0.677,0.354,0.801,0.034,0.729,0.516,0.815,0.419,0.831,0.454
1.0,0.19,0.692,0.005,0.724,0.58,0.788,0.889,0.913,0.972,0.491,0.167,0.111,0.278,0.958,0.076,0.495,0.686,0.372,0.339,0.946,0.227,0.116,0.26,0.144,0.764,0.428,0.326,0.802,0.959,0.485,0.796,0.465,0.07,0.626,0.529,0.328,0.572,0.885,0.754,0.25
0.0,0.467,0.655,0.903,0.444,0.964,0.679,0.648,0.359,0.465,0.666,0.801,0.694,0.813,0.722,0.704,0.756,0.728,0.054,0.903,0.791,0.439,0.215,0.129,0.785,0.266,0.001,0.443,0.192,0.572,0.087,0.407,0.791,0.216,0.693,0.088,0.555,0.916,0.273,0.018,0.5
0.0,0.24,0.007,0.479,0.755,0.691,0.102,0.759,0.315,0.956,0.395,0.849,0.544,0.004,0.191,0.185,0.522,0.758,0.532,0.941,0.77,0.45,0.542,0.841,0.728,0.486,0.268,0.248,0.94,0.059,0.721,0.359,0.214,0.32,0.209,0.366,0.334,0.308,0.135,0.313,0.087
0.0,0.951,0.17,0.692,0.98,0.207,0.737,0.314,0.127,0.2,0.321,0.045,0.509,0.841,0.678,0.273,0.963,0.282,0.241,0.392,0.127,0.29,0.35,0.903,0.807,0.319,0.5,0.365,0.028,0.943,0.369,0.459,0.182,0.501,0.139,0.61,0.417,0.729,0.727,0.489,0.765
0.0,0.532,0.465,0.886,0.42,0.045,0.017,0.586,0.97,0.442,0.358,0.568,0.895,0.993,0.233,0.53,0.325,0.541,0.565,0.272,0.765,0.771,0.594,0.264,0.789,0.83,0.109,0.745,0.513,0.169,0.915,0.039,0.551,0.203,0.808,0.823,0.891,0.489,0.331,0.917,0.486
0.0,0.831,0.6,0.202,0.449,0.649,0.594,0.582,0.962,0.809,0.012,0.949,0.35,0.245,0.49,0.788,0.326,0.17,0.215,0.36,0.84,0.732,0.583,0.927,0.005,0.894,0.776,0.266,0.611,0.279,0.483,0.754,0.911,0.234,0.684,0.338,0.045,0.058,0.503,0.44,0.373
0.0,0.322,0.73,0.92,0.823,0.113,0.684,0.209,0.18,0.004,0.101,0.589,0.945,0.606,0.576,0.041,0.681,0.516,0.494,0.882,0.331,0.126,0.603,0.674,0.376,0.725,0.232,0.901,0.234,0.458,0.85,0.675,0.107,0.629,0.242,0.307,0.497,0.267,0.594,0.888,0.595
0.0,0.967,0.414,0.451,0.734,0.772,0.449,0.19,0.14,0.484,0.929,0.955,0.817,0.115,0.685,0.788,0.652,0.74,0.192,0.293,0.385,0.689,0.407,0.813,0.259,0.054,0.298,0.793,0.944,0.825,0.265,0.141,0.972,0.854,0.096,0.754,0.553,0.407,0.184,0.008,0.594
0.0,0.2,0.275,0.136,0.121,0.988,0.16,0.353,0.697,0.821,0.451,0.691,0.528,0.386,0.831,0.425,0.419,0.203,0.915,0.858,0.135,0.128,0.431,0.288,0.877,0.799,0.18,0.302,0.444,0.498,0.789,0.52,0.28,0.582,0.26,0.37,0.744,0.088,0.518,0.164,0.064
0.0,0.133,0.65,0.288,0.954,0.81,0.999,0.161,0.158,0.273,0.138,0.63,0.044,0.652,0.611,0.308,0.683,0.79,0.806,0.846,0.237,0.277,0.544,0.916,0.688,0.348,0.518,0.836,0.249,0.997,0.528,0.139,0.777,0.64,0.829,0.988,0.986,0.509,0.601,0.925,0.421
0.0,0.992,0.116,0.706,0.934,0.683,0.307,0.469,0.259,0.738,0.272,0.392,0.994,0.609,0.274,0.855,0.04,0.715,0.232,0.442,0.828,0.399,0.443,0.196,0.368,0.906,0.157,0.805,0.74,0.843,0.68,0.383,0.625,0.5,0.468,0.983,0.584,0.232,0.741,0.186,0.427
0.0,0.484,0.839,0.54,0.253,0.034,0.657,0.622,0.661,0.662,0.492,0.522,0.267,0.93,0.644,0.119,0.528,0.534,0.501,0.725,0.052,0.386,0.796,0.989,0.866,0.186,0.905,0.736,0.121,0.059,0.285,0.377,0.767,0.114,0.888,0.122,0.675,0.032,0.201,0.882,0.84
0.0,0.226,0.049,0.218,0.159,0.478,0.301,0.198,0.577,0.225,0.597,0.919,0.247,0.132,0.434,0.796,0.728,0.011,0.956,0.447,0.644,0.8,0.143,0.878,0.095,0.092,0.537,0.638,0.432,0.567,0.933,0.031,0.153,0.756,0.184,0.883,0.909,0.513,0.746,0.467,0.709
1.0,0.34,0.906,0.85,0.511,0.25,0.125,0.002,0.983,0.79,0.731,0.813,0.648,0.153,0.816,0.548,0.731,0.177,0.838,0.37,0.778,0.706,0.545,0.019,0.986,0.327,0.492,0.09,0.708,0.542,0.815,0.599,0.194,0.58,0.712,0.097,0.339,0.243,0.965,0.491,0.204
0.0,0.796,0.588,0.303,0.518,0.604,0.919,0.969,0.514,0.001,0.386,0.047,0.105,0.403,0.223,0.228,0.099,0.824,0.596,0.451,0.732,0.049,0.484,0.845,0.263,0.295,0.886,0.59,0.116,0.433,0.895,0.05,0.789,0.824,0.294,0.591,0.23,0.825,0.115,0.665,0.327
0.0,0.962,0.432,0.683,0.016,0.877,0.565,0.572,0.045,0.627,0.785,0.656,0.078,0.248,0.483,0.922,0.076,0.529,0.851,0.367,0.979,0.26,0.562,0.473,0.6,0.009,0.861,0.472,0.881,0.553,0.222,0.566,0.031,0.476,0.275,0.174,0.841,0.864,0.622,0.43,0.05
1.0,0.147,0.255,0.671,0.969,0.356,0.847,0.89,0.355,0.918,0.286,0.506,0.492,0.858,0.895,0.15,0.686,0.091,0.657,0.642,0.554,0.74,0.097,0.241,0.559,0.007,0.473,0.799,0.472,0.273,0.246,0.408,0.766,0.04,0.879,0.45,0.935,0.909,0.639,0.824,0.438
1.0,0.721,0.776,0.14,0.288,0.498,0.098,0.29,0.206,0.829,0.137,0.093,0.328,0.306,0.439,0.838,0.494,0.717,0.15,0.857,0.645,0.082,0.571,0.569,0.293,0.034,0.447,0.034,0.647,0.781,0.615,0.192,0.12,0.604,0.284,0.635,0.32,0.248,0.238,0.051,0.613
1.0,0.708,0.413,0.578,0.974,0.745,0.033,0.319,0.875,0.707,0.01,0.57,0.573,0.464,0.199,0.82,0.602,0.975,0.714,0.577,0.554,0.757,0.03,0.347,0.085,0.715,0.793,0.111,0.642,0.251,0.106,0.847,0.466,0.648,0.706,0.897,0.967,0.424,0.897,0.259,0.592
1.0,0.163,0.364,0.988,0.697,0.067,0.433,0.926,0.438,0.853,0.543,0.05,0.391,0.089,0.032,0.496,0.621,0.817,0.224,0.948,0.14,0.989,0.189,0.296,0.687,0.368,0.307,0.207,0.069,0.048,0.371,0.607,0.236,0.584,0.006,0.528,0.108,0.306,0.496,0.005,0.587
1.0,0.954,0.129,0.614,0.248,0.059,0.962,0.028,0.183,0.941,0.071,0.857,0.274,0.247,0.029,0.817,0.05,0.533,0.186,0.098,0.327,0.402,0.256,0.195,0.797,0.312,0.352,0.77,0.035,0.957,0.633,0.611,0.45,0.364,0.511,0.169,0.438,0.604,0.451,0.969,0.37
0.0,0.169,0.373,0.727,0.635,0.938,0.461,0.507,0.425,0.309,0.944,0.666,0.98,0.526,0.555,0.646,0.881,0.884,0.371,0.225,0.501,0.058,0.852,0.667,0.014,0.647,0.919,0.023,0.184,0.231,0.193,0.955,0.011,0.062,0.145,0.862,0.983,0.348,0.431,0.685,0.705
1.0,0.65,0.873,0.402,0.45,0.197,0.517,0.579,0.782,0.763,0.057,0.206,0.688,0.434,0.656,0.683,0.092,0.701,0.509,0.046,0.244,0.689,0.954,0.144,0.678,0.955,0.38,0.048,0.992,0.898,0.484,0.695,0.101,0.104,0.955,0.71,0.268,0.034,0.06,0.064,0.682
0.0,0.681,0.521,0.882,0.99,0.499,0.32,0.685,0.315,0.883,0.761,0.129,0.793,0.113,0.39,0.53,0.323,0.214,0.677,0.476,0.644,0.922,0.463,0.078,0.654,0.02,0.118,0.802,0.236,0.635,0.894,0.851,0.106,0.332,0.628,0.422,0.714,0.943,0.826,0.987,0.531
0.0,0.793,0.971,0.194,0.771,0.477,0.025,0.458,0.331,0.371,0.541,0.721,0.944,0.941,0.104,0.693,0.871,0.873,0.553,0.187,0.405,0.072,0.794,0.871,0.629,0.814,0.319,0.619,0.323,0.781,0.009,0.316,0.289,0.965,0.741,0.529,0.228,0.713,0.971,0.09,0.911
1.0,0.235,0.681,0.274,0.455,0.762,0.071,0.518,0.278,0.69,0.502,0.805,0.22,0.59,0.722,0.363,0.623,0.707,0.198,0.56,0.039,0.176,0.543,0.315,0.941,0.278,0.525,0.853,0.768,0.115,0.478,0.085,0.254,0.475,0.161,0.424,0.929,0.021,0.841,0.195,0.957
1.0,0.699,0.804,0.877,0.158,0.618,0.664,0.825,0.194,0.03,0.823,0.363,0.219,0.943,0.693,0.869,0.307,0.811,0.266,0.707,0.353,0.606,0.711,0.458,0.089,0.856,0.723,0.683,0.489,0.954,0.14,0.906,0.501,0.171,0.597,0.094,0.045,0.607,0.904,0.071,0.999
1.0,0.509,0.301,0.172,0.472,0.553,0.472,0.319,0.056,0.766,0.562,0.204,0.598,0.457,0.019,0.773,0.03,0.072,0.828,0.685,0.576,0.944,0.683,0.141,0.194,0.809,0.477,0.297,0.988,0.339,0.053,0.827,0.975,0.289,0.623,0.62,0.565,0.311,0.608,0.456,0.358
1.0,0.919,0.038,0.21,0.528,0.215,0.784,0.599,1.0,0.058,0.972,0.631,0.564,0.384,0.037,0.824,0.08,0.311,0.042,0.255,0.695,0.652,0.151,0.217,0.355,0.466,0.58,0.458,0.309,0.188,0.883,0.935,0.943,0.42,0.506,0.201,0.386,0.136,0.209,0.447,0.674
1.0,0.62,0.437,0.473,0.566,0.197,0.543,0.21,0.708,0.089,0.586,0.643,0.306,0.743,0.529,0.568,0.967,0.996,0.314,0.051,0.418,0.732,0.418,0.511,0.808,0.408,0.927,0.789,0.389,0.369,0.486,0.855,0.1,0.631,0.765,0.529,0.836,0.146,0.704,0.465,0.385
1.0,0.432,0.199,0.271,0.724,0.105,0.306,0.962,0.919,0.132,0.215,0.82,0.065,0.629,0.374,0.054,0.761,0.505,0.457,0.947,0.146,0.447,0.561,0.05,0.045,0.796,0.16,0.102,0.774,0.923,0.8,0.35,0.998,0.086,0.453,0.144,0.004,0.123,0.937,0.51,0.931
1.0,0.861,0.809,0.167,0.39,0.227,0.304,0.208,0.837,0.461,0.909,0.195,0.211,0.522,0.16,0.338,0.989,0.039,0.902,0.796,0.861,0.21,0.763,0.295,0.679,0.649,0.181,0.186,0.009,0.711,0.777,0.514,0.412,0.929,0.191,0.008,0.744,0.901,0.144,0.338,0.354
0.0,0.12,0.864,0.807,0.683,0.054,0.837,0.947,0.03,0.481,0.827,0.588,0.875,0.365,0.239,0.72,0.863,0.59,0.248,0.633,0.438,0.706,0.916,0.378,0.349,0.943,0.213,0.639,0.799,0.898,0.233,0.835,0.806,0.005,0.261,0.173,0.023,0.404,0.022,0.81,0.192
0.0,0.849,0.997,0.154,0.511,0.459,0.877,0.823,0.107,0.671,0.999,0.779,0.988,0.081,0.342,0.63,0.484,0.901,0.573,0.709,0.823,0.087,0.961,0.248,0.696,0.955,0.05,0.668,0.332,0.671,0.464,0.806,0.817,0.922,0.754,0.941,0.687,0.324,0.168,0.82,0.161
1.0,0.407,0.934,0.678,0.067,0.695,0.725,0.431,0.173,0.838,0.188,0.696,0.304,0.206,0.905,0.348,0.386,0.747,0.043,0.315,0.618,0.578,0.401,0.395,0.316,0.64,0.1,0.485,0.909,0.424,0.392,0.69,0.72,0.505,0.672,0.177,0.088,0.123,0.839,0.802,0.857
1.0,0.153,0.786,0.048,0.115,0.556,0.4,0.733,0.358,0.026,0.129,0.537,0.188,0.694,0.709,0.202,0.024,0.208,0.775,0.857,0.812,0.58,0.84,0.587,0.71,0.123,0.471,0.661,0.405,0.013,0.056,0.234,0.328,0.689,0.212,0.177,0.713,0.134,0.905,0.372,0.547
0.0,0.918,0.001,0.995,0.961,0.871,0.089,0.655,0.411,0.067,0.959,0.665,0.008,0.585,0.943,0.511,0.815,0.368,0.281,0.987,0.427,0.396,0.874,0.801,0.285,0.283,0.853,0.21,0.75,0.14,0.056,0.563,0.91,0.103,0.496,0.033,0.481,0.513,0.55,0.775,0.413
1.0,0.53,0.528,0.144,0.767,0.457,0.372,0.194,0.565,0.714,0.667,0.943,0.755,0.894,0.983,0.357,0.861,0.769,0.928,0.757,0.952,0.926,0.326,0.56,0.807,0.943,0.533,0.611,0.597,0.898,0.196,0.922,0.606,0.703,0.81,0.017,0.31,0.419,0.36,0.301,0.069
0.0,0.064,0.234,0.848,0.775,0.153,0.662,0.588,0.688,0.678,0.243,0.479,0.939,0.629,0.211,0.065,0.209,0.608,0.883,0.381,0.857,0.072,0.782,0.757,0.973,0.781,0.779,0.337,0.321,0.55,0.487,0.321,0.283,0.48,0.84,0.132,0.373,0.127,0.644,0.968,0.137
1.0,0.561,0.062,0.631,0.113,0.111,0.843,0.294,0.875,0.92,0.933,0.596,0.254,0.738,0.148,0.414,0.565,0.405,0.984,0.961,0.157,0.816,0.852,0.333,0.62,0.304,0.158,0.133,0.625,0.316,0.0,0.227,0.352,0.791,0.389,0.015,0.614,0.535,0.803,0.794,0.264
0.0,0.272,0.313,0.151,0.375,0.543,0.521,0.03,0.244,0.571,0.333,0.315,0.754,0.617,0.965,0.117,0.469,0.956,0.156,0.528,0.566,0.278,0.979,0.976,0.636,0.16,0.86,0.876,0.452,0.132,0.214,0.12,0.277,0.051,0.108,0.321,0.496,0.649,0.015,0.743,0.829
0.0,0.293,0.58,0.905,0.975,0.642,0.797,0.591,0.941,0.307,0.869,0.627,0.197,0.251,0.115,0.486,0.5,0.016,0.603,0.616,0.998,0.535,0.54,0.817,0.692,0.865,0.798,0.263,0.611,0.449,0.71,0.87,0.028,0.619,0.423,0.97,0.192,0.609,0.121,0.318,0.704
0.0,0.43,0.519,0.697,0.5,0.288,0.785,0.754,0.516,0.062,0.252,0.976,0.966,0.483,0.565,0.576,0.294,0.793,0.824,0.939,0.375,0.698,0.372,0.414,0.717,0.686,0.15,0.511,0.227,0.573,0.363,0.08,0.301,0.998,0.263,0.066,0.667,0.932,0.675,0.275,0.729
0.0,0.439,0.981,0.462,0.229,0.87,0.655,0.243,0.377,0.43,0.705,0.023,0.334,0.454,0.569,0.014,0.735,0.535,0.239,0.421,0.232,0.057,0.091,0.551,0.506,0.72,0.086,0.707,0.905,0.775,0.815,0.14,0.998,0.732,0.071,0.744,0.696,0.322,0.013,0.21,0.642
1.0,0.183,0.092,0.729,0.181,0.693,0.361,0.277,0.432,0.693,0.845,0.201,0.357,0.136,0.614,0.788,0.908,0.008,0.958,0.213,0.504,0.398,0.703,0.538,0.565,0.055,0.591,0.838,0.764,0.63,0.562,0.958,0.538,0.725,0.296,0.415,0.431,0.697,0.285,0.776,0.3
0.0,0.162,0.207,0.822,0.584,0.876,0.614,0.604,0.416,0.981,0.472,0.061,0.876,0.327,0.456,0.204,0.666,0.33,0.321,0.139,0.963,0.839,0.938,0.401,0.835,0.342,0.729,0.843,0.183,0.815,0.382,0.361,0.979,0.664,0.958,0.261,0.071,0.905,0.507,0.596,0.004
0.0,0.866,0.951,0.271,0.803,0.894,0.695,0.849,0.745,0.633,0.739,0.692,0.721,0.334,0.189,0.575,0.407,0.358,0.121,0.484,0.861,0.278,0.075,0.49,0.797,0.071,0.297,0.057,0.186,0.377,0.146,0.203,0.622,0.283,0.242,0.271,0.527,0.542,0.639,0.256,0.39
0.0,0.803,0.003,0.172,0.48,0.395,0.349,0.987,0.069,0.788,0.527,0.944,0.83,0.01,0.232,0.506,0.736,0.912,0.264,0.285,0.326,0.415,0.229,0.559,0.1,0.974,0.721,0.766,0.477,0.153,0.818,0.117,0.755,0.485,0.092,0.696,0.092,0.133,0.867,0.372,0.976
1.0,0.142,0.501,0.138,0.467,0.778,0.232,0.34,0.962,0.126,0.414,0.891,0.31,0.895,0.547,0.574,0.576,0.167,0.147,0.374,0.533,0.856,0.747,0.409,0.943,0.895,0.086,0.906,0.354,0.136,0.518,0.812,0.882,0.233,0.187,0.983,0.344,0.54,0.821,0.235,0.296
1.0,0.648,0.419,0.744,0.013,0.273,0.532,0.116,0.571,0.848,0.406,0.64,0.695,0.164,0.519,0.317,0.548,0.415,0.628,0.582,0.597,0.793,0.387,0.667,0.425,0.969,0.209,0.425,0.007,0.613,0.563,0.069,0.904,0.139,0.83,0.444,0.912,0.245,0.255,0.02,0.789
1.0,0.197,0.626,0.304,0.216,0.526,0.798,0.388,0.43,0.143,0.283,0.173,0.149,0.999,0.977,0.894,0.24,0.461,0.774,0.37,0.79,0.921,0.202,0.354,0.526,0.792,0.1,0.461,0.58,0.927,0.524,0.347,0.463,0.576,0.432,0.532,0.508,0.724,0.481,0.119,0.736
1.0,0.912,0.753,0.717,0.165,0.643,0.856,0.796,0.525,0.94,0.73,0.807,0.759,0.415,0.293,0.141,0.55,0.958,0.744,0.725,0.68,0.968,0.755,0.365,0.109,0.309,0.168,0.025,0.469,0.831,0.447,0.833,0.314,0.609,0.457,0.935,0.411,0.615,0.386,0.726,0.209
0.0,0.121,0.688,0.494,0.656,0.87,0.822,0.114,0.531,0.55,0.221,0.057,0.96,0.8,0.768,0.964,0.683,0.218,0.441,0.454,0.672,0.265,0.133,0.335,0.379,0.886,0.595,0.693,0.984,0.644,0.067,0.841,0.458,0.622,0.434,0.059,0.659,0.754,0.239,0.117,0.739
1.0,0.053,0.314,0.992,0.836,0.147,0.862,0.524,0.72,0.61,0.185,0.902,0.537,0.24,0.22,0.071,0.885,0.542,0.516,0.99,0.528,0.768,0.57,0.215,0.701,0.206,0.447,0.169,0.995,0.704,0.489,0.809,0.243,0.36,0.183,0.084,0.401,0.861,0.89,0.288,0.448
1.0,0.982,0.565,0.298,0.576,0.777,0.296,0.295,0.647,0.165,0.991,0.17,0.241,0.781,0.26,0.578,0.565,0.753,0.178,0.559,0.72,0.986,0.875,0.633,0.393,0.303,0.348,0.737,0.541,0.327,0.201,0.298,0.037,0.028,0.63,0.9,0.481,0.324,0.332,0.912,0.772
0.0,0.201,0.704,0.632,0.43,0.273,0.757,0.676,0.549,0.211,0.246,0.351,0.9,0.198,0.324,0.103,0.297,0.479,0.752,0.708,0.316,0.573,0.027,0.21,0.24,0.534,0.924,0.064,0.308,0.118,0.742,0.973,0.611,0.003,0.233,0.991,0.897,0.855,0.707,0.092,0.588
0.0,0.362,0.962,0.996,0.874,0.748,0.98,0.375,0.522,0.217,0.856,0.982,0.735,0.444,0.782,0.803,0.676,0.116,0.139,0.977,0.977,0.845,0.161,0.887,0.916,0.619,0.055,0.142,0.635,0.383,0.702,0.759,0.329,0.931,0.519,0.137,0.743,0.313,0.101,0.572,0.404
1.0,0.435,0.654,0.257,0.847,0.679,0.141,0.929,0.446,0.382,0.718,0.104,0.947,0.462,0.137,0.907,0.6,0.761,0.994,0.03,0.17,0.137,0.106,0.715,0.802,0.595,0.328,0.173,0.014,0.168,0.51,0.325,0.588,0.588,0.007,0.041,0.048,0.152,0.833,0.452,0.89
0.0,0.506,0.462,0.134,0.262,0.514,0.519,0.313,0.663,0.644,0.998,0.635,0.728,0.681,0.295,0.262,0.602,0.536,0.254,0.516,0.948,0.184,0.315,0.965,0.57,0.566,0.266,0.179,0.189,0.648,0.694,0.438,0.641,0.982,0.678,0.695,0.721,0.138,0.988,0.428,0.063
0.0,0.946,0.598,0.631,0.33,0.402,0.139,0.993,0.403,0.704,0.514,0.298,0.725,0.386,0.7,0.487,0.483,0.605,0.622,0.892,0.317,0.009,0.741,0.391,0.49,0.536,0.118,0.524,0.121,0.797,0.547,0.326,0.005,0.287,0.622,0.525,0.791,0.926,0.092,0.42,0.744
1.0,0.806,0.208,0.705,0.186,0.252,0.318,0.129,0.276,0.757,0.343,0.265,0.626,0.242,0.804,0.103,0.122,0.736,0.634,0.547,0.515,0.07,0.983,0.406,0.634,0.028,0.034,0.121,0.367,0.154,0.756,0.863,0.678,0.02,0.879,0.552,0.163,0.916,0.565,0.666,0.354
1.0,0.373,0.809,0.27,0.76,0.244,0.711,0.993,0.607,0.212,0.65,0.194,0.192,0.053,0.936,0.108,0.06,0.619,0.458,0.737,0.276,0.767,0.158,0.309,0.719,0.574,0.276,0.62,0.866,0.562,0.73,0.431,0.893,0.786,0.856,0.312,0.363,0.245,0.986,0.305,0.759
0.0,0.27,0.05,0.699,0.947,0.883,0.409,0.659,0.14,0.81,0.391,0.687,0.461,0.126,0.421,0.946,0.325,0.987,0.051,0.313,0.07,0.172,0.249,0.008,0.117,0.034,0.081,0.494,0.951,0.118,0.637,0.14,0.556,0.327,0.265,0.31,0.201,0.866,0.298,0.203,0.449
1.0,0.269,0.931,0.342,0.92,0.924,0.148,0.983,0.145,0.979,0.102,0.107,0.559,0.198,0.544,0.043,0.674,0.065,0.135,0.773,0.104,0.061,0.552,0.698,0.67,0.237,0.141,0.865,0.22,0.911,0.174,0.985,0.403,0.127,0.735,0.49,0.016,0.518,0.579,0.751,0.079
0.0,0.299,0.951,0.423,0.287,0.247,0.01,0.974,0.782,0.37,0.501,0.935,0.745,0.613,0.878,0.994,0.036,0.508,0.192,0.817,0.205,0.499,0.849,0.888,0.574,0.078,0.02,0.368,0.241,0.957,0.981,0.355,0.726,0.402,0.693,0.598,0.976,0.024,0.462,0.778,0.486
1.0,0.142,0.931,0.068,0.116,0.688,0.605,0.35,0.919,0.394,0.156,0.483,0.185,0.093,0.904,0.173,0.878,0.038,0.666,0.598,0.532,0.286,0.739,0.531,0.363,0.525,0.067,0.444,0.12,0.872,0.663,0.239,0.527,0.747,0.034,0.132,0.517,0.362,0.114,0.632,0.832
1.0,0.594,0.666,0.836,0.399,0.053,0.72,0.295,0.587,0.305,0.663,0.196,0.309,0.977,0.754,0.557,0.849,0.79,0.487,0.883,0.735,0.79,0.248,0.454,0.005,0.924,0.846,0.981,0.08,0.664,0.888,0.002,0.102,0.826,0.404,0.474,0.051,0.076,0.699,0.274,0.465
1.0,0.964,0.596,0.394,0.951,0.017,0.165,0.024,0.242,0.293,0.229,0.142,0.149,0.094,0.904,0.653,0.338,0.677,0.452,0.237,0.152,0.04,0.225,0.188,0.171,0.151,0.134,0.661,0.297,0.381,0.056,0.607,0.964,0.622,0.648,0.397,0.041,0.552,0.705,0.73,0.275
0.0,0.324,0.392,0.911,0.236,0.316,0.832,0.05,0.869,0.372,0.827,0.968,0.949,0.998,0.11,0.938,0.858,0.919,0.432,0.741,0.833,0.091,0.599,0.769,0.61,0.518,0.622,0.064,0.076,0.336,0.123,0.363,0.07,0.201,0.022,0.758,0.843,0.27,0.89,0.014,0.393
1.0,0.652,0.993,0.4,0.879,0.171,0.241,0.117,0.734,0.222,0.618,0.67,0.504,0.153,0.378,0.817,0.177,0.483,0.925,0.747,0.12,0.148,0.204,0.639,0.102,0.58,0.21,0.908,0.326,0.422,0.578,0.978,0.188,0.016,0.724,0.616,0.529,0.131,0.673,0.101,0.79
0.0,0.319,0.628,0.318,0.653,0.352,0.742,0.523,0.197,0.718,0.391,0.268,0.812,0.548,0.614,0.182,0.731,0.927,0.528,0.622,0.257,0.677,0.912,0.367,0.448,0.721,0.076,0.899,0.586,0.638,0.488,0.397,0.845,0.159,0.566,0.952,0.752,0.158,0.816,0.912,0.884
0.0,0.315,0.298,0.537,0.946,0.423,0.453,0.704,0.644,0.15,0.082,0.088,0.484,0.617,0.521,0.257,0.08,0.697,0.317,0.553,0.904,0.794,0.728,0.989,0.351,0.909,0.568,0.144,0.787,0.996,0.672,0.307,0.127,0.894,0.717,0.22,0.472,0.072,0.638,0.662,0.628
0.0,0.667,0.35,0.545,0.118,0.522,0.431,0.928,0.18,0.846,0.638,0.704,0.873,0.305,0.18,0.085,0.294,0.847,0.232,0.769,0.889,0.756,0.395,0.128,0.464,0.612,0.752,0.454,0.121,0.444,0.668,0.334,0.999,0.619,0.55,0.145,0.434,0.831,0.281,0.013,0.909
0.0,0.478,0.314,0.229,0.938,0.451,0.292,0.031,0.947,0.34,0.712,0.885,0.977,0.395,0.204,0.947,0.848,0.538,0.55,0.786,0.186,0.374,0.126,0.855,0.633,0.47,0.833,0.471,0.367,0.799,0.068,0.777,0.154,0.626,0.23,0.066,0.278,0.111,0.465,0.658,0.734
0.0,0.866,0.179,0.06,0.534,0.693,0.052,0.407,0.296,0.856,0.716,0.974,0.949,0.295,0.171,0.025,0.704,0.913,0.449,0.148,0.908,0.366,0.846,0.836,0.422,0.12,0.513,0.36,0.22,0.547,0.092,0.484,0.515,0.823,0.541,0.793,0.757,0.834,0.908,0.247,0.176
1.0,0.652,0.532,0.727,0.048,0.391,0.682,0.85,0.789,0.608,0.47,0.845,0.14,0.671,0.275,0.324,0.849,0.366,1.0,0.196,0.846,0.583,0.918,0.443,0.681,0.737,0.425,0.681,0.541,0.019,0.797,0.705,0.502,0.708,0.919,0.742,0.645,0.522,0.873,0.457,0.163
0.0,0.024,0.109,0.58,0.485,0.664,0.79,0.461,0.312,0.327,0.607,0.391,0.241,0.217,0.02,0.027,0.109,0.859,0.615,0.228,0.17,0.522,0.029,0.882,0.41,0.506,0.608,0.954,0.194,0.362,0.412,0.874,0.258,0.315,0.695,0.066,0.37,0.499,0.908,0.034,0.764
1.0,0.636,0.877,0.152,0.63,0.316,0.321,0.873,0.989,0.212,0.754,0.253,0.417,0.967,0.879,0.036,0.617,0.974,0.789,0.15,0.514,0.557,0.51,0.312,0.351,0.353,0.905,0.382,0.516,0.044,0.013,0.742,0.226,0.591,0.303,0.744,0.2,0.041,0.313,0.963,0.3
1.0,0.503,0.616,0.546,0.719,0.807,0.754,0.755,0.99,0.705,0.104,0.771,0.313,0.007,0.438,0.395,0.903,0.274,0.529,0.523,0.433,0.61,0.716,0.679,0.248,0.77,0.506,0.484,0.496,0.222,0.983,0.288,0.844,0.704,0.066,0.538,0.491,0.198,0.634,0.044,0.355
1.0,0.871,0.841,0.242,0.73,0.112,0.068,0.067,0.323,0.124,0.913,0.9,0.874,0.373,0.908,0.129,0.701,0.747,0.876,0.992,0.834,0.246,0.646,0.065,0.355,0.64,0.128,0.334,0.333,0.634,0.457,0.839,0.163,0.401,0.341,0.306,0.164,0.467,0.439,0.443,0.392
1.0,0.064,0.296,0.278,0.68,0.482,0.795,0.377,0.847,0.587,0.198,0.196,0.104,0.705,0.366,0.595,0.825,0.277,0.4,0.303,0.933,0.858,0.014,0.684,0.972,0.65,0.331,0.245,0.91,0.092,0.784,0.839,0.903,0.815,0.251,0.839,0.132,0.769,0.538,0.693,0.73
1.0,0.449,0.913,0.332,0.649,0.799,0.598,0.502,0.339,0.831,0.869,0.598,0.77,0.843,0.937,0.674,0.679,0.356,0.978,0.461,0.917,0.881,0.044,0.353,0.417,0.592,0.881,0.336,0.345,0.038,0.959,0.813,0.443,0.952,0.051,0.821,0.592,0.562,0.395,0.907,0.275
0.0,0.219,0.324,0.769,0.668,0.711,0.343,0.608,0.846,0.877,0.561,0.556,0.823,0.514,0.189,0.333,0.811,0.655,0.991,0.922,0.736,0.614,0.206,0.905,0.54,0.343,0.118,0.725,0.391,0.72,0.063,0.222,0.885,0.927,0.177,0.971,0.522,0.551,0.189,0.289,0.295
1.0,0.173,0.638,0.184,0.894,0.213,0.159,0.403,0.654,0.342,0.678,0.49,0.618,0.482,0.636,0.689,0.566,0.482,0.032,0.583,0.372,0.713,0.719,0.188,0.887,0.163,0.048,0.334,0.269,0.987,0.528,0.99,0.119,0.06,0.064,0.891,0.103,0.638,0.851,0.691,0.919
0.0,0.28,0.303,0.163,0.059,0.752,0.333,0.037,0.015,0.567,0.339,0.955,0.78,0.92,0.106,0.94,0.075,0.823,0.741,0.404,0.305,0.246,0.252,0.153,0.228,0.036,0.705,0.137,0.981,0.528,0.874,0.046,0.831,0.57,0.323,0.64,0.719,0.556,0.731,0.82,0.803
0.0,0.708,0.065,0.54,0.701,0.629,0.681,0.9,0.898,0.643,0.371,0.178,0.986,0.831,0.519,0.525,0.138,0.275,0.293,0.383,0.192,0.064,0.448,0.172,0.236,0.534,0.139,0.08,1.0,0.814,0.881,0.935,0.95,0.655,0.782,0.613,0.796,0.334,0.566,0.142,0.248
1.0,0.081,0.852,0.282,0.868,0.694,0.77,0.998,0.753,0.701,0.018,0.824,0.716,0.59,0.193,0.472,0.478,0.318,0.397,0.407,0.357,0.077,0.395,0.522,0.089,0.17,0.387,0.388,0.294,0.198,0.358,0.275,0.354,0.802,0.304,0.956,0.242,0.541,0.987,0.043,0.298
1.0,0.776,0.356,0.089,0.619,0.164,0.371,0.186,0.523,0.828,0.181,0.494,0.873,0.766,0.013,0.624,0.823,0.348,0.697,0.278,0.701,0.673,0.085,0.454,0.315,0.653,0.751,0.759,0.659,0.19,0.839,0.476,0.472,0.871,0.793,0.263,0.862,0.366,0.083,0.247,0.118
1.0,0.574,0.699,0.58,0.62,0.398,0.679,0.453,0.344,0.164,0.02,0.707,0.153,0.561,0.271,0.686,0.985,0.673,0.49,0.613,0.058,0.777,0.952,0.556,0.78,0.83,0.415,0.945,0.253,0.837,0.491,0.835,0.768,0.815,0.707,0.384,0.48,0.547,0.344,0.515,0.763
1.0,0.181,0.94,0.59,0.342,0.474,0.34,0.436,0.13,0.887,0.965,0.895,0.041,0.295,0.212,0.887,0.773,0.3,0.133,0.526,0.323,0.662,0.352,0.635,0.759,0.251,0.677,0.076,0.779,0.563,0.015,0.529,0.797,0.074,0.285,0.976,0.286,0.201,0.607,0.666,0.535
1.0,0.337,0.463,0.349,0.3,0.566,0.206,0.87,0.234,0.752,0.762,0.359,0.22,0.856,0.36,0.223,0.924,0.523,0.32,0.602,0.11,0.574,0.588,0.239,0.283,0.734,0.812,0.982,0.132,0.425,0.907,0.108,0.93,0.45,0.218,0.716,0.365,0.754,0.346,0.84,0.177
0.0,0.81,0.636,0.752,0.494,0.655,0.385,0.407,0.434,0.051,0.265,0.103,0.831,0.772,0.717,0.474,0.51,0.566,0.564,0.398,0.3,0.519,0.068,0.35,0.346,0.879,0.672,0.191,0.36,0.252,0.659,0.965,0.277,0.627,0.401,0.736,0.922,0.431,0.651,0.061,0.362
0.0,0.196,0.253,0.27,0.734,0.013,0.235,0.304,0.917,0.948,0.432,0.999,0.829,0.509,0.8,0.281,0.234,0.377,0.184,0.137,0.736,0.324,0.748,0.77,0.084,0.367,0.004,0.67,0.097,0.64,0.165,0.498,0.432,0.02,0.365,0.374,0.783,0.211,0.279,0.094,0.695
1.0,0.66,0.188,0.1,0.941,0.1,0.02,0.949,0.933,0.735,0.646,0.125,0.367,0.109,0.679,0.914,0.146,0.278,0.764,0.568,0.702,0.575,0.967,0.191,0.826,0.531,0.523,0.194,0.069,0.568,0.335,0.87,0.227,0.445,0.499,0.896,0.284,0.826,0.403,0.219,0.766
0.0,0.047,0.575,0.343,0.792,0.058,0.624,0.812,0.693,0.547,0.045,0.147,0.648,0.758,0.95,0.308,0.935,0.017,0.713,0.133,0.923,0.361,0.45,0.821,0.343,0.647,0.059,0.649,0.958,0.96,0.738,0.586,0.101,0.322,0.443,0.43,0.74,0.975,0.003,0.669,0.617
0.0,0.297,0.36,0.523,0.015,0.277,0.207,0.28,0.942,0.959,0.987,0.701,0.064,0.106,0.934,0.575,0.852,0.415,0.748,0.298,0.087,0.223,0.268,0.093,0.038,0.656,0.373,0.474,0.257,0.832,0.157,0.018,0.122,0.141,0.84,0.308,0.911,0.635,0.167,0.183,0.696
0.0,0.074,0.379,0.969,0.484,0.79,0.366,0.513,0.566,0.988,0.945,0.176,0.065,0.16,0.002,0.125,0.531,0.559,0.982,0.12,0.379,0.116,0.742,0.824,0.254,0.418,0.891,0.743,0.733,0.656,0.354,0.971,0.006,0.987,0.531,0.546,0.839,0.762,0.012,0.864,0.516
0.0,0.794,0.594,0.322,0.109,0.579,0.931,0.144,0.552,0.528,0.718,0.728,0.369,0.257,0.399,0.61,0.043,0.111,0.796,0.287,0.096,0.185,0.074,0.942,0.111,0.56,0.252,0.523,0.733,0.649,0.198,0.107,0.386,0.923,0.487,0.897,0.552,0.434,0.86,0.828,0.182
1.0,0.948,0.354,0.504,0.928,0.756,0.677,0.86,0.775,0.626,0.472,0.65,0.743,0.743,0.541,0.791,0.515,0.665,0.491,0.544,0.891,0.145,0.324,0.237,0.357,0.099,0.365,0.479,0.206,0.822,0.173,0.353,0.581,0.517,0.123,0.543,0.389,0.464,0.528,0.986,0.135
1.0,0.524,0.251,0.583,0.888,0.77,0.647,0.305,0.484,0.66,0.851,0.56,0.716,0.294,0.199,0.555,0.789,0.567,0.567,0.425,0.027,0.805,0.353,0.49,0.756,0.355,0.346,0.848,0.39,0.215,0.177,0.254,0.467,0.377,0.788,0.009,0.554,0.008,0.406,0.334,0.043
0.0,0.732,0.047,0.154,0.613,0.598,0.664,0.054,0.305,0.599,0.531,0.681,0.73,0.495,0.505,0.138,0.87,0.153,0.515,0.319,0.87,0.585,0.289,0.896,0.995,0.507,0.794,0.978,0.93,0.765,0.706,0.404,0.342,0.759,0.454,0.646,0.357,0.526,0.465,0.116,0.41
1.0,0.428,0.296,0.684,0.402,0.185,0.08,0.13,0.671,0.62,0.977,0.23,0.285,0.642,0.686,0.38,0.803,0.098,0.644,0.876,0.414,0.961,0.692,0.15,0.666,0.836,0.785,0.365,0.272,0.458,0.984,0.24,0.435,0.382,0.506,0.556,0.926,0.041,0.958,0.997,0.355
0.0,0.105,0.478,0.177,0.943,0.804,0.373,0.951,0.765,0.975,0.509,0.034,0.43,0.815,0.19,0.052,0.01,0.3,0.625,0.512,0.706,0.512,0.593,0.996,0.834,0.373,0.646,0.439,0.52,0.942,0.364,0.622,0.61,0.043,0.94,0.034,0.671,0.332,0.885,0.641,0.206
0.0,0.541,0.389,0.288,0.833,0.783,0.315,0.601,0.506,0.288,0.928,0.938,0.998,0.136,0.066,0.45,0.875,0.632,0.131,0.768,0.566,0.161,0.77,0.101,0.787,0.78,0.244,0.327,0.049,0.02,0.858,0.72,0.57,0.889,0.597,0.665,0.491,0.798,0.717,0.553,0.858
0.0,0.787,0.344,0.165,0.92,0.913,0.247,0.144,0.268,0.373,0.917,0.813,0.759,0.087,0.735,0.126,0.724,0.204,0.159,0.159,0.613,0.021,0.812,0.892,0.422,0.194,0.265,0.957,0.442,0.978,0.371,0.718,0.212,0.03,0.468,0.687,0.644,0.124,0.098,0.8,0.527
0.0,0.825,0.986,0.873,0.289,0.877,0.084,0.899,0.729,0.282,0.007,0.992,0.494,0.598,0.357,0.564,0.71,0.921,0.248,0.887,0.708,0.289,0.686,0.197,0.782,0.185,0.256,0.387,0.638,0.054,0.015,0.247,0.622,0.259,0.092,0.043,0.294,0.852,0.125,0.457,0.227
0.0,0.257,0.406,0.203,0.313,0.711,0.871,0.337,0.354,0.961,0.305,0.431,0.966,0.761,0.23,0.057,0.003,0.326,0.001,0.42,0.646,0.807,0.936,0.242,0.444,0.177,0.481,0.891,0.425,0.639,0.187,0.648,0.497,0.85,0.942,0.607,0.313,0.881,0.711,0.537,0.828
0.0,0.56,0.345,0.094,0.059,0.716,0.69,0.057,0.006,0.504,0.729,0.271,0.828,0.702,0.108,0.371,0.857,0.993,0.263,0.119,0.698,0.69,0.161,0.524,0.127,0.96,0.898,0.387,0.075,0.654,0.683,0.437,0.382,0.14,0.146,0.823,0.019,0.394,0.483,0.387,0.094
0.0,0.517,0.221,0.92,0.16,0.889,0.436,0.294,0.143,0.835,0.374,0.61,0.514,0.098,0.405,0.714,0.302,0.006,0.604,0.036,0.105,0.563,0.126,0.812,0.863,0.991,0.25,0.903,0.23,0.939,0.736,0.025,0.094,0.928,0.241,0.021,0.026,0.436,0.85,0.993,0.548
0.0,0.969,0.292,0.524,0.42,0.498,0.71,0.688,0.305,0.163,0.481,0.245,0.302,0.788,0.525,0.733,0.346,0.685,0.345,0.639,0.507,0.462,0.883,0.861,0.224,0.569,0.445,0.383,0.302,0.898,0.288,0.207,0.494,0.693,0.066,0.613,0.405,0.108,0.901,0.777,0.801
0.0,0.682,0.687,0.912,0.011,0.789,0.376,0.59,0.731,0.569,0.153,0.595,0.932,0.064,0.401,0.599,0.954,0.234,0.109,0.093,0.234,0.117,0.388,0.387,0.773,0.312,0.112,0.268,0.772,0.856,0.832,0.232,0.777,0.41,0.294,0.01,0.049,0.375,0.659,0.318,0.638
0.0,0.084,0.715,0.133,0.789,0.224,0.121,0.861,0.939,0.169,0.84,0.441,0.543,0.188,0.674,0.166,0.785,0.66,0.116,0.362,0.285,0.449,0.427,0.037,0.372,0.138,0.888,0.884,0.367,0.232,0.54,0.155,0.654,0.044,0.001,0.576,0.976,0.799,0.757,0.631,0.898
1.0,0.461,0.654,0.687,0.585,0.288,0.896,0.431,0.74,0.756,0.446,0.463,0.452,0.147,0.909,0.726,0.017,0.207,0.619,0.187,0.286,0.368,0.813,0.446,0.512,0.748,0.898,0.926,0.877,0.447,0.881,0.469,0.526,0.571,0.346,0.279,0.746,0.397,0.081,0.818,0.423
1.0,0.101,0.891,0.029,0.111,0.403,0.401,0.274,0.417,0.588,0.17,0.73,0.455,0.826,0.271,0.834,0.507,0.89,0.732,0.963,0.336,0.024,0.84,0.71,0.878,0.211,0.051,0.975,0.315,0.842,0.755,0.276,0.333,0.624,0.56,0.92,0.763,0.723,0.892,0.571,0.713
1.0,0.52,0.069,0.271,0.668,0.403,0.585,0.501,0.552,0.272,0.802,0.596,0.234,0.129,0.214,0.125,0.379,0.717,0.091,0.081,0.813,0.237,0.01,0.216,0.902,0.011,0.989,0.689,0.603,0.197,0.934,0.53,0.901,0.754,0.462,0.714,0.155,0.492,0.913,0.068,0.73
0.0,0.334,0.237,0.211,0.996,0.06,0.661,0.936,0.753,0.48,0.405,0.733,0.005,0.373,0.432,0.84,0.518,0.271,0.986,0.931,0.201,0.922,0.292,0.904,0.294,0.989,0.189,0.262,0.284,0.608,0.176,0.122,0.947,0.571,0.387,0.348,0.653,0.379,0.622,0.578,0.13
0.0,0.78,0.846,0.036,0.241,0.814,0.134,0.918,0.745,0.339,0.216,0.522,0.717,0.129,0.727,0.969,0.398,0.584,0.77,0.593,0.154,0.828,0.987,0.811,0.273,0.396,0.422,0.564,0.626,0.949,0.99,0.59,0.603,0.809,0.463,0.04,0.715,0.736,0.797,0.898,0.285
0.0,0.454,0.137,0.464,0.991,0.633,0.769,0.726,0.417,0.986,0.923,0.223,0.852,0.429,0.25,0.561,0.713,0.563,0.603,0.941,0.581,0.672,0.086,0.861,0.385,0.769,0.11,0.8,0.583,0.578,0.901,0.863,0.109,0.174,0.566,0.437,0.116,0.506,0.24,0.088,0.227
0.0,0.699,0.052,0.975,0.686,0.781,0.834,0.943,0.795,0.841,0.37,0.318,0.877,0.41,0.217,0.642,0.311,0.074,0.883,0.369,0.595,0.128,0.538,0.013,0.24,0.048,0.646,0.473,0.463,0.777,0.286,0.795,0.497,0.454,0.468,0.626,0.609,0.631,0.63,0.607,0.112
1.0,0.447,0.934,0.696,0.188,0.119,0.579,0.023,0.829,0.115,0.216,0.532,0.731,0.182,0.35,0.68,0.383,0.338,0.692,0.054,0.677,0.96,0.737,0.169,0.609,0.051,0.149,0.207,0.043,0.179,0.527,0.198,0.751,0.214,0.15,0.038,0.333,0.415,0.004,0.739,0.097
1.0,0.555,0.541,0.91,0.416,0.752,0.726,0.559,0.041,0.636,0.226,0.246,0.159,0.643,0.819,0.417,0.564,0.033,0.53,0.76,0.686,0.616,0.385,0.014,0.41,0.329,0.672,0.378,0.594,0.09,0.91,0.447,0.305,0.194,0.555,0.35,0.026,0.168,0.236,0.789,0.153
1.0,0.564,0.095,0.529,0.918,0.092,0.715,0.893,0.684,0.218,0.932,0.196,0.488,0.055,0.368,0.48,0.032,0.847,0.892,0.264,0.528,0.293,0.509,0.09,0.679,0.853,0.287,0.805,0.313,0.212,0.99,0.412,0.868,0.215,0.927,0.859,0.444,0.286,0.343,0.688,0.977
1.0,0.15,0.199,0.165,0.828,0.887,0.016,0.117,0.903,0.217,0.456,0.6,0.351,0.558,0.782,0.299,0.834,0.582,0.321,0.356,0.596,0.259,0.499,0.883,0.913,0.161,0.22,0.716,0.869,0.671,0.409,0.682,0.691,0.157,0.035,0.625,0.694,0.18,0.268,0.566,0.163
1.0,0.126,0.204,0.782,0.528,0.418,0.858,0.547,0.94,0.265,0.025,0.025,0.216,0.706,0.041,0.997,0.811,0.384,0.723,0.65,0.948,0.503,0.469,0.753,0.196,0.928,0.81,0.481,0.002,0.284,0.149,0.873,0.08,0.863,0.192,0.797,0.31,0.264,0.342,0.359,0.234
1.0,0.29,0.729,0.817,0.527,0.841,0.232,0.362,0.727,0.231,0.855,0.427,0.598,0.697,0.41,0.865,0.043,0.513,0.725,0.082,0.379,0.65,0.386,0.88,0.49,0.663,0.891,0.702,0.378,0.896,0.953,0.222,0.232,0.953,0.996,0.793,0.575,0.321,0.32,0.748,0.112
1.0,0.099,0.373,0.707,0.721,0.035,0.936,0.69,0.425,0.414,0.232,0.509,0.295,0.728,0.812,0.304,0.346,0.609,0.628,0.543,0.485,0.334,0.86,0.447,0.926,0.922,0.24,0.148,0.377,0.469,0.984,0.886,0.883,0.748,0.524,0.75,0.032,0.875,0.73,0.515,0.078
1.0,0.33,0.652,0.098,0.825,0.637,0.85,0.122,0.4,0.594,0.367,0.068,0.684,0.157,0.293,0.04,0.989,0.504,0.468,0.222,0.796,0.865,0.808,0.533,0.972,0.75,0.242,0.289,0.607,0.178,0.017,0.267,0.606,0.437,0.374,0.509,0.597,0.544,0.305,0.951,0.758
1.0,0.525,0.276,0.895,0.308,0.016,0.342,0.191,0.318,0.966,0.21,0.082,0.558,0.816,0.401,0.092,0.397,0.857,0.722,0.834,0.798,0.048,0.045,0.744,0.113,0.395,0.544,0.506,0.021,0.068,0.188,0.126,0.922,0.631,0.897,0.279,0.488,0.375,0.891,0.715,0.241
1.0,0.394,0.966,0.968,0.443,0.244,0.973,0.979,0.149,0.49,0.22,0.917,0.643,0.642,0.014,0.501,0.443,0.863,0.433,0.611,0.378,0.746,0.706,0.402,0.19,0.237,0.79,0.647,0.18,0.654,0.88,0.025,0.539,0.656,0.794,0.455,0.051,0.104,0.06,0.716,0.795
1.0,0.929,0.411,0.905,0.82,0.701,0.57,0.415,0.398,0.746,0.658,0.656,0.401,0.622,0.436,0.801,0.767,0.955,0.25,0.375,0.643,0.883,0.809,0.057,0.964,0.465,0.954,0.992,0.159,0.441,0.998,0.785,0.898,0.821,0.724,0.247,0.58,0.78,0.34,0.314,0.072
0.0,0.964,0.135,0.605,0.27,0.877,0.212,0.734,0.509,0.73,0.706,0.239,0.158,0.659,0.177,0.93,0.191,0.801,0.964,0.774,0.424,0.362,0.422,0.036,0.477,0.87,0.164,0.721,0.633,0.885,0.358,0.319,0.807,0.934,0.23,0.628,0.728,0.967,0.492,0.415,0.465
1.0,0.781,0.889,0.41,0.475,0.204,0.919,0.332,0.781,0.343,0.447,0.154,0.27,0.752,0.786,0.454,0.262,0.701,0.309,0.023,0.673,0.462,0.767,0.632,0.29,0.477,0.596,0.498,0.268,0.592,0.263,0.749,0.49,0.901,0.61,0.375,0.522,0.881,0.257,0.806,0.172
1.0,0.181,0.116,0.337,0.731,0.84,0.708,0.892,0.641,0.671,0.761,0.198,0.165,0.488,0.434,0.813,0.236,0.378,0.272,0.519,0.441,0.144,0.518,0.769,0.639,0.924,0.642,0.36,0.174,0.804,0.403,0.301,0.138,0.073,0.258,0.241,0.226,0.272,0.953,0.232,0.476
0.0,0.351,0.215,0.118,0.961,0.127,0.762,0.779,0.916,0.201,0.441,0.021,0.948,0.416,0.686,0.046,0.001,0.358,0.091,0.111,0.97,0.15,0.789,0.032,0.004,0.784,0.443,0.205,0.663,0.562,0.003,0.631,0.97,0.261,0.387,0.129,0.462,0.93,0.797,0.885,0.266
0.0,0.243,0.946,0.549,0.334,0.985,0.11,0.458,0.655,0.495,0.971,0.802,0.172,0.779,0.186,0.671,0.076,0.144,0.293,0.455,0.434,0.432,0.026,0.299,0.382,0.608,0.11,0.287,0.572,0.703,0.577,0.61,0.057,0.87,0.872,0.923,0.68,0.387,0.691,0.11,0.055
1.0,0.899,0.042,0.227,0.602,0.064,0.138,0.033,0.142,0.723,0.052,0.049,0.325,0.117,0.921,0.855,0.163,0.931,0.582,0.925,0.509,0.265,1.0,0.609,0.168,0.381,0.423,0.799,0.883,0.581,0.955,0.04,0.449,0.521,0.616,0.182,0.443,0.363,0.71,0.929,0.307
1.0,0.37,0.303,0.992,0.571,0.432,0.776,0.6,0.39,0.304,0.607,0.205,0.099,0.392,0.833,0.123,0.603,0.893,0.41,0.108,0.748,0.426,0.924,0.209,0.912,0.431,0.432,0.161,0.807,0.525,0.991,0.207,0.788,0.949,0.913,0.479,0.247,0.698,0.649,0.197,0.301
0.0,0.708,0.543,0.882,0.678,0.659,0.167,0.725,0.596,0.687,0.399,0.584,0.847,0.699,0.778,0.011,0.937,0.239,0.073,0.953,0.867,0.532,0.66,0.792,0.528,0.453,0.171,0.798,0.378,0.566,0.664,0.991,0.104,0.633,0.341,0.717,0.846,0.425,0.845,0.931,0.104
0.0,0.608,0.492,0.882,0.298,0.111,0.539,0.738,0.775,0.966,0.026,0.886,0.211,0.78,0.241,0.195,0.287,0.213,0.778,0.041,0.566,0.252,0.04,0.904,0.448,0.856,0.0,0.401,0.571,0.493,0.661,0.693,0.859,0.496,0.064,0.108,0.716,0.895,0.688,0.912,0.242
0.0,0.699,0.567,0.748,0.985,0.975,0.106,0.408,0.991,0.494,0.395,0.394,0.227,0.47,0.546,0.131,0.761,0.737,0.12,0.341,0.076,0.755,0.923,0.958,0.615,0.493,0.776,0.545,0.26,0.923,0.634,0.397,0.151,0.407,0.058,0.636,0.618,0.875,0.577,0.976,0.544
0.0,0.305,0.849,0.317,0.155,0.839,0.918,0.954,0.214,0.118,0.744,0.006,0.396,0.535,0.081,0.011,0.929,0.815,0.906,0.009,0.874,0.383,0.457,0.983,0.878,0.613,0.658,0.618,0.697,0.171,0.006,0.286,0.952,0.12,0.098,0.738,0.134,0.98,0.384,0.24,0.935
1.0,0.342,0.066,0.917,0.403,0.832,0.35,0.835,0.177,0.74,0.205,0.605,0.264,0.738,0.512,0.265,0.355,0.211,0.558,0.233,0.96,0.674,0.522,0.598,0.212,0.592,0.833,0.243,0.054,0.314,0.001,0.638,0.458,0.953,0.285,0.047,0.968,0.902,0.415,0.412,0.41
1.0,0.864,0.717,0.168,0.47,0.124,0.002,0.582,0.529,0.563,0.703,0.356,0.206,0.785,0.231,0.953,0.017,0.078,0.222,0.647,0.03,0.998,0.395,0.729,0.151,0.647,0.287,0.325,0.457,0.472,0.697,0.984,0.76,0.625,0.663,0.414,0.977,0.813,0.524,0.175,0.546
1.0,0.72,0.44,0.069,0.537,0.644,0.858,0.521,0.86,0.008,0.665,0.591,0.7,0.996,0.171,0.76,0.311,0.045,0.605,0.78,0.472,0.275,0.958,0.183,0.745,0.028,0.668,0.16,0.603,0.57,0.523,0.037,0.13,0.546,0.436,0.802,0.678,0.441,0.405,0.607,0.847
0.0,0.54,0.883,0.249,0.514,0.084,0.144,0.841,0.664,0.869,0.436,0.633,0.958,0.895,0.51,0.553,0.546,0.929,0.681,0.903,0.269,0.417,0.684,0.809,0.196,0.776,0.616,0.34,0.5,0.849,0.369,0.627,0.698,0.043,0.166,0.849,0.48,0.177,0.13,0.948,0.969
1.0,0.72,0.999,0.647,0.453,0.603,0.503,0.804,0.395,0.649,0.006,0.677,0.673,0.936,0.966,0.377,0.595,0.972,0.603,0.787,0.64,0.518,0.068,0.171,0.949,0.989,0.012,0.947,0.198,0.026,0.944,0.997,0.899,0.839,0.837,0.302,0.512,0.487,0.038,0.962,0.43
0.0,0.417,0.737,0.099,0.078,0.49,0.258,0.245,0.556,0.292,0.616,0.076,0.837,0.119,0.719,0.021,0.356,0.784,0.367,0.589,0.731,0.165,0.541,0.309,0.483,0.816,0.869,0.858,0.653,0.127,0.404,0.209,0.106,0.372,0.099,0.757,0.124,0.75,0.77,0.498,0.245
1.0,0.747,0.736,0.465,0.044,0.6,0.421,0.865,0.874,0.004,0.499,0.621,0.492,0.467,0.375,0.638,0.346,0.31,0.468,0.3,0.241,0.361,0.331,0.623,0.815,0.761,0.133,0.448,0.941,0.722,0.698,0.894,0.679,0.869,0.788,0.814,0.751,0.061,0.471,0.505,0.942
1.0,0.379,0.68,0.522,0.096,0.176,0.864,0.807,0.345,0.674,0.403,0.918,0.145,0.823,0.14,0.205,0.907,0.541,0.415,0.648,0.98,0.821,0.481,0.048,0.272,0.666,0.726,0.036,0.422,0.023,0.254,0.864,0.496,0.068,0.226,0.552,0.828,0.488,0.164,0.445,0.819
0.0,0.293,0.002,0.732,0.856,0.843,0.28,0.965,0.063,0.819,0.421,0.4,0.06,0.99,0.621,0.682,0.06,0.809,0.514,0.913,0.332,0.877,0.104,0.739,0.239,0.529,0.944,0.607,0.414,0.113,0.9,0.003,0.505,0.315,0.951,0.359,0.477,0.686,0.395,0.748,0.539
1.0,0.241,0.189,0.338,0.843,0.069,0.708,0.748,0.006,0.17,0.878,0.639,0.182,0.323,0.729,0.931,0.881,0.867,0.737,0.127,0.524,0.493,0.841,0.683,0.235,0.614,0.618,0.504,0.844,0.003,0.136,0.407,0.734,0.333,0.154,0.353,0.502,0.422,0.736,0.821,0.373
0.0,0.49,0.575,0.802,0.373,0.684,0.869,0.228,0.776,0.095,0.67,0.233,0.914,0.034,0.992,0.412,0.012,0.367,0.1,0.786,0.225,0.484,0.514,0.556,0.089,0.971,0.869,0.801,0.369,0.522,0.995,0.656,0.611,0.03,0.456,0.957,0.596,0.231,0.99,0.577,0.08
1.0,0.109,0.95,0.194,0.696,0.066,0.978,0.008,0.762,0.173,0.694,0.166,0.579,0.553,0.617,0.27,0.806,0.968,0.23,0.408,0.035,0.866,0.942,0.256,0.455,0.122,0.224,0.786,0.66,0.66,0.16,0.124,0.485,0.527,0.728,0.158,0.398,0.691,0.346,0.822,0.656
1.0,0.789,0.167,0.37,0.067,0.563,0.226,0.687,0.067,0.218,0.696,0.345,0.05,0.164,0.564,0.948,0.269,0.269,0.069,0.168,0.033,0.775,0.961,0.512,0.035,0.903,0.812,0.619,0.969,0.543,0.487,0.237,0.81,0.625,0.059,0.008,0.098,0.026,0.726,0.302,0.638
1.0,0.106,0.725,0.748,0.943,0.574,0.185,0.61,0.054,0.021,0.835,0.56,0.162,0.829,0.354,0.812,0.403,0.045,0.207,0.472,0.28,0.715,0.983,0.439,0.237,0.996,0.872,0.983,0.902,0.1,0.336,0.404,0.213,0.405,0.712,0.945,0.7,0.369,0.229,0.084,0.885
1.0,0.734,0.65,0.35,0.045,0.264,0.718,0.224,0.465,0.808,0.76,0.046,0.434,0.908,0.938,0.463,0.56,0.432,0.358,0.292,0.645,0.58,0.058,0.352,0.706,0.938,0.227,0.112,0.374,0.364,0.501,0.571,0.001,0.708,0.178,0.106,0.76,0.015,0.751,0.486,0.889
0.0,0.178,0.626,0.368,0.032,0.991,0.617,0.934,0.324,0.794,0.696,0.46,0.988,0.599,0.498,0.007,0.313,0.648,0.71,0.548,0.651,0.618,0.23,0.841,0.752,0.952,0.19,0.198,0.852,0.505,0.962,0.856,0.869,0.405,0.684,0.904,0.376,0.708,0.077,0.721,0.005
0.0,0.678,0.035,0.221,0.69,0.192,0.614,0.949,0.062,0.873,0.351,0.692,0.825,0.778,0.983,0.757,0.949,0.691,0.076,0.786,0.943,0.219,0.153,0.423,0.79,0.467,0.403,0.347,0.633,0.456,0.596,0.332,0.948,1.0,0.92,0.624,0.472,0.835,0.039,0.09,0.984
0.0,0.176,0.027,0.257,0.39,0.658,0.69,0.28,0.129,0.415,0.439,0.626,0.715,0.288,0.219,0.55,0.152,0.553,0.465,0.768,0.139,0.841,0.496,0.901,0.604,0.54,0.092,0.579,0.763,0.729,0.369,0.102,0.129,0.071,0.386,0.805,0.552,0.029,0.471,0.116,0.522
1.0,0.169,0.181,0.181,0.143,0.645,0.658,0.937,0.029,0.424,0.243,0.367,0.12,0.422,0.733,0.638,0.603,0.745,0.785,0.402,0.986,0.852,0.917,0.269,0.805,0.675,0.616,0.152,0.862,0.924,0.915,0.297,0.028,0.178,0.359,0.943,0.696,0.993,0.436,0.334,0.713
0.0,0.265,0.489,0.343,0.417,0.911,0.341,0.644,0.879,0.686,0.952,0.776,0.129,0.891,0.642,0.401,0.366,0.179,0.418,0.057,0.371,0.693,0.722,0.554,0.324,0.677,0.259,0.661,0.878,0.404,0.499,0.003,0.462,0.331,0.347,0.019,0.767,0.476,0.173,0.473,0.697
1.0,0.712,0.237,0.782,0.569,0.541,0.49,0.98,0.204,0.118,0.717,0.298,0.393,0.818,0.722,0.49,0.717,0.504,0.248,0.564,0.975,0.357,0.418,0.207,0.934,0.618,0.839,0.381,0.582,0.098,0.761,0.522,0.108,0.733,0.42,0.945,0.016,0.871,0.562,0.747,0.921
0.0,0.903,0.574,0.926,0.688,0.661,0.871,0.216,0.213,0.621,0.592,0.886,0.877,0.174,0.103,0.54,0.103,0.26,0.482,0.674,0.176,0.543,0.192,0.78,0.684,0.578,0.11,0.404,0.142,0.919,0.884,0.806,0.379,0.964,0.225,0.681,0.043,0.403,0.425,0.083,0.602
1.0,0.322,0.146,0.42,0.071,0.086,0.195,0.906,0.403,0.113,0.964,0.257,0.128,0.098,0.765,0.247,0.69,0.359,0.379,0.445,0.282,0.168,0.759,0.725,0.981,0.306,0.875,0.844,0.029,0.53,0.682,0.058,0.171,0.231,0.178,0.167,0.136,0.665,0.38,0.161,0.695
1.0,0.979,0.798,0.347,0.505,0.434,0.748,0.022,0.617,0.581,0.842,0.194,0.668,0.456,0.349,0.267,0.574,0.496,0.232,0.994,0.608,0.315,0.931,0.17,0.216,0.28,0.92,0.794,0.276,0.942,0.74,0.52,0.162,0.584,0.168,0.723,0.151,0.443,0.537,0.071,0.083
0.0,0.087,0.663,0.796,0.941,0.196,0.258,0.939,0.653,0.598,0.28,0.845,0.821,0.128,0.08,0.618,0.743,0.694,0.342,0.687,0.012,0.238,0.095,0.338,0.238,0.199,0.566,0.338,0.34,0.877,0.555,0.315,0.694,0.073,0.267,0.554,0.216,0.241,0.141,0.491,0.176
1.0,0.605,0.451,0.713,0.459,0.806,0.609,0.654,0.471,0.018,0.349,0.865,0.13,0.14,0.838,0.896,0.451,0.24,0.628,0.514,0.003,0.525,0.149,0.419,0.252,0.467,0.089,0.478,0.508,0.899,0.826,0.69,0.178,0.254,0.472,0.387,0.255,0.204,0.06,0.23,0.412
0.0,0.838,0.094,0.474,0.826,0.198,0.723,0.667,0.12,0.335,0.208,0.621,0.303,0.544,0.873,0.524,0.851,0.797,0.941,0.675,0.176,0.404,0.629,0.815,0.537,0.252,0.527,0.672,0.708,0.132,0.015,0.772,0.99,0.515,0.651,0.674,0.417,0.703,0.534,0.556,0.757
1.0,0.728,0.448,0.581,0.106,0.15,0.287,0.657,0.705,0.669,0.844,0.112,0.033,0.869,0.298,0.732,0.183,0.473,0.129,0.465,0.389,0.915,0.04,0.523,0.707,0.195,0.109,0.102,0.546,0.72,0.145,0.456,0.15,0.076,0.349,0.486,0.232,0.356,0.417,0.678,0.368
1.0,0.445,0.077,0.423,0.609,0.887,0.108,0.875,0.476,0.464,0.166,0.239,0.814,0.121,0.633,0.256,0.831,0.107,0.364,0.754,0.94,0.261,0.877,0.461,0.89,0.978,0.122,0.888,0.53,0.054,0.431,0.998,0.563,0.667,0.965,0.858,0.115,0.021,0.257,0.755,0.859
0.0,0.794,0.162,0.857,0.298,0.839,0.836,0.33,0.683,0.117,0.75,0.111,0.946,0.171,0.669,0.733,0.863,0.989,0.295,0.84,0.223,0.01,0.816,0.324,0.068,0.987,0.327,0.51,0.883,0.637,0.548,0.369,0.724,0.08,0.44,0.959,0.388,0.197,0.377,0.75,0.651
0.0,0.697,0.008,0.455,0.213,0.997,0.205,0.077,0.811,0.571,0.998,0.979,0.684,0.494,0.471,0.479,0.551,0.079,0.56,0.983,0.455,0.901,0.542,0.323,0.56,0.114,0.116,0.923,0.54,0.077,0.968,0.217,0.517,0.304,0.052,0.106,0.797,0.193,0.455,0.4,0.338
1.0,0.974,0.583,0.982,0.438,0.334,0.092,0.58,0.58,0.786,0.37,0.535,0.173,0.191,0.081,0.089,0.66,0.749,0.919,0.758,0.106,0.376,0.041,0.456,0.914,0.025,0.294,0.225,0.743,0.835,0.196,0.69,0.835,0.829,0.953,0.389,0.001,0.094,0.67,0.389,0.659
1.0,0.883,0.404,0.98,0.983,0.008,0.777,0.853,0.975,0.372,0.758,0.59,0.212,0.451,0.277,0.245,0.531,0.956,0.691,0.59,0.004,0.237,0.348,0.549,0.021,0.436,0.015,0.428,0.522,0.461,0.034,0.925,0.075,0.801,0.992,0.582,0.14,0.669,0.338,0.769,0.568
1.0,0.674,0.92,0.178,0.542,0.091,0.978,0.705,0.116,0.242,0.253,0.153,0.004,0.42,0.246,0.125,0.714,0.236,0.532,0.317,0.966,0.756,0.945,0.612,0.582,0.753,0.416,0.292,0.087,0.834,0.218,0.63,0.316,0.404,0.275,0.401,0.025,0.864,0.333,0.907,0.076
0.0,0.589,0.785,0.472,0.572,0.869,0.965,0.003,0.182,0.562,0.561,0.594,0.524,0.198,0.963,0.019,0.734,0.228,0.956,1.0,0.434,0.471,0.585,0.483,0.974,0.764,0.594,0.144,0.757,0.844,0.429,0.214,0.644,0.644,0.419,0.957,0.965,0.055,0.796,0.581,0.51
1.0,0.351,0.819,0.073,0.763,0.577,0.327,0.21,0.456,0.837,0.421,0.269,0.305,0.154,0.524,0.125,0.162,0.815,0.127,0.255,0.235,0.343,0.185,0.332,0.856,0.125,0.316,0.785,0.13,0.584,0.544,0.226,0.421,0.166,0.043,0.613,0.852,0.762,0.223,0.661,0.736
0.0,0.737,0.307,0.624,0.174,0.852,0.715,0.083,0.085,0.227,0.31,0.221,0.105,0.471,0.952,0.748,0.807,0.223,0.31,0.698,0.512,0.331,0.018,0.917,0.997,0.446,0.031,0.33,0.022,0.613,0.797,0.148,0.123,0.269,0.662,0.588,0.385,0.653,0.297,0.484,0.605
0.0,0.757,0.383,0.974,0.074,0.597,0.199,0.63,0.214,0.4,0.57,0.89,0.566,0.348,0.581,0.149,0.133,0.295,0.96,0.577,0.802,0.91,0.566,0.188,0.643,0.397,0.655,0.303,0.349,0.772,0.632,0.98,0.094,0.427,0.544,0.428,0.416,0.359,0.169,0.29,0.522
1.0,0.641,0.784,0.722,0.765,0.399,0.122,0.86,0.834,0.03,0.113,0.81,0.425,0.619,0.316,0.05,0.525,0.96,0.623,0.132,0.072,0.443,0.279,0.406,0.099,0.831,0.44,0.473,0.901,0.786,0.759,0.185,0.665,0.174,0.957,0.224,0.053,0.201,0.54,0.199,0.079
1.0,0.65,0.72,0.369,0.184,0.646,0.903,0.977,0.001,0.427,0.153,0.084,0.416,0.458,0.59,0.158,0.014,0.214,0.068,0.992,0.709,0.311,0.477,0.187,0.056,0.287,0.858,0.475,0.025,0.19,0.98,0.62,0.5,0.152,0.335,0.797,0.224,0.232,0.607,0.885,0.924
1.0,0.17,0.874,0.015,0.177,0.732,0.507,0.746,0.34,0.75,0.295,0.101,0.765,0.289,0.917,0.801,0.335,0.047,0.084,0.046,0.471,0.768,0.038,0.02,0.612,0.276,0.653,0.767,0.703,0.728,0.69,0.802,0.803,0.641,0.302,0.723,0.334,0.664,0.133,0.382,0.203
0.0,0.86,0.867,0.026,0.219,0.238,0.708,0.512,0.876,0.629,0.395,0.894,0.774,0.882,0.077,0.591,0.207,0.556,0.039,0.625,0.525,0.795,0.388,0.995,0.695,0.749,0.959,0.986,0.662,0.564,0.998,0.974,0.336,0.373,0.567,0.699,0.699,0.511,0.624,0.568,0.15
1.0,0.47,0.207,0.725,0.386,0.015,0.215,0.85,0.728,0.299,0.921,0.124,0.22,0.432,0.435,0.662,0.662,0.46,0.909,0.274,0.165,0.524,0.648,0.467,0.497,0.191,0.681,0.254,0.923,0.289,0.254,0.451,0.547,0.311,0.04,0.479,0.136,0.338,0.577,0.659,0.52
0.0,0.118,0.898,0.885,0.251,0.219,0.479,0.197,0.994,0.637,0.715,0.569,0.828,0.413,0.823,0.393,0.445,0.556,0.624,0.552,0.783,0.415,0.773,0.908,0.875,0.431,0.186,0.595,0.464,0.12,0.898,0.902,0.538,0.816,0.297,0.739,0.092,0.713,0.354,0.31,0.47
1.0,0.685,0.692,0.273,0.248,0.49,0.663,0.22,0.394,0.428,0.535,0.223,0.313,0.565,0.914,0.99,0.124,0.895,0.225,0.066,0.424,0.85,0.654,0.565,0.864,0.324,0.721,0.519,0.343,0.48,0.082,0.813,0.544,0.215,0.904,0.7,0.13,0.576,0.416,0.089,0.502
1.0,0.172,0.848,0.636,0.452,0.443,0.931,0.753,0.081,0.152,0.703,0.961,0.538,0.077,0.038,0.065,0.281,0.723,0.461,0.163,0.963,0.92,0.754,0.443,0.376,0.372,0.047,0.046,0.069,0.129,0.161,0.807,0.586,0.996,0.456,0.652,0.297,0.421,0.183,0.9,0.495
0.0,0.723,0.833,0.903,0.596,0.468,0.252,0.195,0.749,0.229,0.577,0.245,0.985,0.927,0.771,0.691,0.213,0.814,0.585,0.594,0.233,0.473,0.005,0.535,0.147,0.976,0.628,0.695,0.76,0.94,0.659,0.358,0.02,0.138,0.445,0.224,0.314,0.81,0.021,0.701,0.18
1.0,0.597,0.188,0.027,0.724,0.01,0.081,0.319,0.189,0.735,0.688,0.231,0.455,0.87,0.785,0.806,0.729,0.842,0.483,0.079,0.366,0.396,0.463,0.721,0.445,0.938,0.78,0.681,0.596,0.178,0.292,0.974,0.801,0.326,0.9,0.344,0.932,0.406,0.691,0.249,0.945
0.0,0.925,0.511,0.357,0.287,0.953,0.409,0.015,0.811,0.157,0.41,0.729,0.774,0.389,0.657,0.363,0.873,0.209,0.047,0.526,0.794,0.162,0.397,0.906,0.36,0.32,0.689,0.339,0.26,0.898,0.297,0.691,0.337,0.376,0.744,0.695,0.741,0.8,0.522,0.815,0.04
0.0,0.89,0.608,0.138,0.218,0.139,0.85,0.895,0.611,0.394,0.604,0.989,0.099,0.493,0.881,0.895,0.815,0.133,0.074,0.353,0.264,0.749,0.701,0.818,0.489,0.117,0.723,0.948,0.037,0.725,0.114,0.528,0.391,0.999,0.406,0.984,0.713,0.6,0.819,0.652,0.57
0.0,0.662,0.746,0.528,0.283,0.002,0.527,0.304,0.487,0.642,0.996,0.968,0.821,0.932,0.935,0.399,0.004,0.873,0.473,0.564,0.595,0.231,0.733,0.588,0.998,0.086,0.072,0.585,0.433,0.642,0.698,0.012,0.037,0.755,0.721,0.587,0.742,0.78,0.797,0.765,0.343
0.0,0.545,0.276,0.284,0.724,0.29,0.995,0.607,0.523,0.685,0.434,0.675,0.958,0.387,0.607,0.692,0.222,0.563,0.127,0.652,0.332,0.867,0.746,0.825,0.501,0.091,0.574,0.859,0.873,0.508,0.053,0.425,0.4,0.171,0.696,0.145,0.155,0.12,0.851,0.912,0.944
1.0,0.669,0.731,0.239,0.164,0.11,0.527,0.426,0.768,0.683,0.587,0.254,0.665,0.196,0.713,0.027,0.471,0.869,0.6,0.744,0.176,0.437,0.284,0.63,0.315,0.778,0.843,0.066,0.444,0.095,0.505,1.0,0.927,0.339,0.308,0.96,0.838,0.44,0.871,0.974,0.915
0.0,0.521,0.474,0.397,0.12,0.375,0.078,0.596,0.323,0.685,0.371,0.276,0.781,0.926,0.453,0.423,0.535,0.621,0.877,0.417,0.183,0.358,0.297,0.75,0.571,0.932,0.158,0.076,0.896,0.916,0.817,0.72,0.313,0.02,0.751,0.567,0.599,0.365,0.96,0.777,0.87
0.0,0.619,0.739,0.648,0.759,0.31,0.204,0.932,0.86,0.428,0.81,0.51,0.513,0.148,0.045,0.062,0.481,0.248,0.173,0.643,0.813,0.505,0.15,0.876,0.924,0.501,0.373,0.158,0.439,0.223,0.079,0.684,0.37,0.134,0.193,0.024,0.44,0.947,0.19,0.156,0.348
1.0,0.49,0.163,0.028,0.076,0.524,0.408,0.3,0.189,0.996,0.937,0.349,0.316,0.53,0.802,0.322,0.578,0.73,0.922,0.679,0.092,0.855,0.248,0.241,0.281,0.659,0.566,0.819,0.05,0.954,0.31,0.712,0.351,0.533,0.38,0.169,0.887,0.816,0.434,0.237,0.143
1.0,0.411,0.475,0.76,0.895,0.39,0.1,0.229,0.702,0.05,0.398,0.964,0.496,0.086,0.87,0.009,0.85,0.443,0.443,0.875,0.594,0.296,0.903,0.629,0.367,0.209,0.425,0.01,0.717,0.702,0.11,0.801,0.272,0.794,0.511,0.005,0.287,0.909,0.829,0.034,0.837
0.0,0.439,0.759,0.792,0.403,0.552,0.679,0.397,0.4,0.097,0.148,0.355,0.961,0.432,0.066,0.063,0.682,0.378,0.639,0.272,0.236,0.652,0.029,0.194,0.632,0.273,0.931,0.792,0.497,0.412,0.602,0.242,0.903,0.53,0.281,0.666,0.278,0.312,0.414,0.462,0.294
0.0,0.341,0.966,0.356,0.207,0.909,0.771,0.655,0.138,0.993,0.224,0.598,0.259,0.026,0.592,0.902,0.032,0.061,0.171,0.854,0.533,0.856,0.056,0.239,0.621,0.612,0.861,0.619,0.821,0.717,0.888,0.063,0.947,0.055,0.828,0.627,0.298,0.818,0.749,0.911,0.316
0.0,0.327,0.432,0.982,0.153,0.926,0.528,0.313,0.367,0.725,0.382,0.859,0.682,0.328,0.366,0.111,0.347,0.306,0.132,0.573,0.73,0.542,0.907,0.593,0.665,0.5,0.742,0.486,0.867,0.336,0.805,0.8,0.702,0.136,0.73,0.988,0.752,0.447,0.003,0.007,0.635
1.0,0.933,0.085,0.713,0.715,0.258,0.815,0.167,0.583,0.297,0.149,0.0,0.544,0.263,0.958,0.639,0.5,0.4,0.014,0.545,0.715,0.62,0.243,0.086,0.893,0.724,0.504,0.004,0.541,0.154,0.196,0.49,0.586,0.807,0.735,0.124,0.145,0.875,0.451,0.125,0.03
0.0,0.457,0.549,0.022,0.796,0.883,0.02,0.943,0.708,0.634,0.551,0.58,0.892,0.575,0.726,0.77,0.832,0.508,0.14,0.698,0.358,0.419,0.972,0.899,0.393,0.934,0.2,0.094,0.089,0.024,0.124,0.565,0.11,0.035,0.293,0.979,0.164,0.179,0.118,0.399,0.687
0.0,0.688,0.444,0.901,0.877,0.647,0.707,0.009,0.745,0.335,0.361,0.007,0.93,0.485,0.169,0.108,0.934,0.523,0.338,0.199,0.567,0.799,0.452,0.198,0.776,0.029,0.427,0.679,0.95,0.775,0.232,0.206,0.004,0.271,0.676,0.766,0.086,0.511,0.371,0.895,0.944
1.0,0.895,0.433,0.934,0.945,0.086,0.646,0.178,0.451,0.823,0.67,0.075,0.504,0.198,0.183,0.67,0.788,0.362,0.039,0.613,0.384,0.785,0.114,0.458,0.464,0.616,0.321,0.793,0.916,0.765,0.831,0.504,0.695,0.626,0.676,0.419,0.686,0.43,0.062,0.582,0.509
0.0,0.537,0.615,0.647,0.707,0.257,0.766,0.389,0.998,0.206,0.225,0.675,0.993,0.59,0.748,0.712,0.512,0.398,0.866,0.059,0.798,0.446,0.181,0.953,0.481,0.731,0.406,0.036,0.055,0.576,0.75,0.415,0.423,0.609,0.877,0.199,0.57,0.68,0.921,0.471,0.315
0.0,0.749,0.927,0.908,0.79,0.905,0.514,0.829,0.608,0.438,0.477,0.114,0.857,0.715,0.57,0.088,0.127,0.445,0.95,0.108,0.005,0.852,0.563,0.392,0.021,0.756,0.513,0.378,0.327,0.946,0.332,0.221,0.371,0.826,0.701,0.161,0.742,0.763,0.431,0.414,0.951
0.0,0.927,0.171,0.102,0.998,0.679,0.347,0.633,0.983,0.686,0.143,0.213,0.717,0.644,0.61,0.996,0.313,0.227,0.56,0.9,0.723,0.655,0.157,0.903,0.025,0.902,0.355,0.166,0.129,0.294,0.8,0.743,0.634,0.876,0.49,0.577,0.59,0.332,0.489,0.003,0.015
1.0,0.421,0.136,0.365,0.372,0.228,0.026,0.3,0.123,0.06,0.874,0.977,0.728,0.531,0.797,0.496,0.926,0.25,0.746,0.051,0.668,0.997,0.214,0.722,0.387,0.21,0.121,0.646,0.581,0.937,0.653,0.182,0.256,0.821,0.501,0.066,0.784,0.359,0.589,0.905,0.349
0.0,0.417,0.072,0.46,0.825,0.887,0.463,0.702,0.671,0.618,0.267,0.5,0.776,0.847,0.908,0.504,0.794,0.086,0.098,0.529,0.253,0.919,0.329,0.308,0.378,0.643,0.835,0.562,0.756,0.719,0.949,0.973,0.536,0.894,0.043,0.325,0.35,0.619,0.782,0.289,0.219
0.0,0.316,0.636,0.091,0.064,0.932,0.205,0.469,0.095,0.966,0.005,0.822,0.546,0.8,0.439,0.242,0.149,0.826,0.493,0.074,0.864,0.365,0.305,0.734,0.241,0.307,0.332,0.416,0.939,0.429,0.959,0.443,0.871,0.169,0.939,0.725,0.164,0.596,0.565,0.02,0.196
0.0,0.482,0.81,0.284,0.717,0.282,0.969,0.708,0.784,0.714,0.911,0.159,0.828,0.645,0.865,0.075,0.662,0.705,0.377,0.852,0.054,0.6,0.832,0.017,0.7,0.391,0.09,0.24,0.237,0.365,0.74,0.776,0.613,0.828,0.525,0.124,0.647,0.382,0.781,0.656,0.04
0.0,0.522,0.206,0.298,0.058,0.445,0.106,0.797,0.095,0.489,0.71,0.404,0.859,0.07,0.051,0.282,0.033,0.933,0.446,0.83,0.229,0.44,0.165,0.366,0.369,0.546,0.893,0.197,0.773,0.613,0.559,0.608,0.438,0.095,0.912,0.157,0.07,0.227,0.095,0.397,0.858
0.0,0.366,0.798,0.099,0.295,0.193,0.184,0.4,0.072,0.833,0.281,0.965,0.867,0.105,0.438,0.351,0.882,0.374,0.837,0.325,0.424,0.77,0.337,0.227,0.363,0.272,0.452,0.321,0.084,0.613,0.812,0.413,0.059,0.04,0.85,0.235,0.425,0.807,0.363,0.093,0.366
1.0,0.039,0.94,0.005,0.402,0.15,0.271,0.019,0.47,0.279,0.173,0.255,0.165,0.138,0.036,0.561,0.675,0.285,0.266,0.786,0.524,0.592,0.856,0.32,0.791,0.366,0.888,0.56,0.181,0.36,0.214,0.928,0.518,0.152,0.536,0.102,0.794,0.271,0.269,0.953,0.115
0.0,0.054,0.769,0.956,0.201,0.898,0.802,0.742,0.056,0.517,0.938,0.493,0.443,0.989,0.945,0.255,0.808,0.034,0.52,0.81,0.445,0.14,0.308,0.448,0.92,0.899,0.759,0.829,0.868,0.25,0.7,0.544,0.165,0.935,0.902,0.539,0.569,0.085,0.47,0.93,0.383
0.0,0.077,0.689,0.44,0.039,0.263,0.717,0.54,0.313,0.058,0.414,0.885,0.598,0.706,0.281,0.174,0.491,0.12,0.505,0.829,0.968,0.143,0.304,0.908,0.316,0.241,0.949,0.373,0.174,0.119,0.837,0.383,0.552,0.884,0.511,0.537,0.918,0.528,0.506,0.109,0.993
1.0,0.885,0.773,0.733,0.016,0.642,0.959,0.639,0.932,0.343,0.728,0.605,0.53,0.642,0.244,0.308,0.529,0.35,0.058,0.685,0.832,0.392,0.85,0.194,0.425,0.716,0.031,0.715,0.845,0.743,0.672,0.248,0.988,0.455,0.132,0.104,0.807,0.114,0.934,0.983,0.241
0.0,0.729,0.738,0.796,0.352,0.862,0.394,0.767,0.463,0.825,0.514,0.544,0.038,0.171,0.509,0.571,0.379,0.495,0.098,0.335,0.626,0.123,0.062,0.047,0.728,0.814,0.996,0.817,0.39,0.147,0.845,0.58,0.704,0.789,0.344,0.262,0.127,0.978,0.117,0.255,0.99
0.0,0.641,0.873,0.168,0.841,0.998,0.373,0.219,0.681,0.114,0.338,0.334,0.159,0.191,0.511,0.457,0.195,0.653,0.716,0.288,0.829,0.321,0.373,0.016,0.697,0.487,0.213,0.695,0.088,0.732,0.228,0.451,0.311,0.247,0.797,0.754,0.899,0.805,0.388,0.312,0.778
1.0,0.014,0.541,0.901,0.064,0.534,0.37,0.699,0.858,0.286,0.912,0.898,0.362,0.598,0.425,0.661,0.465,0.136,0.371,0.214,0.053,0.902,0.905,0.134,0.875,0.797,0.348,0.262,0.457,0.106,0.137,0.45,0.419,0.953,0.971,0.963,0.857,0.884,0.234,0.858,0.611
1.0,0.558,0.937,0.06,0.118,0.059,0.952,0.131,0.47,0.005,0.901,0.174,0.147,0.042,0.733,0.879,0.665,0.885,0.739,0.836,0.638,0.041,0.184,0.59,0.181,0.139,0.692,0.45,0.675,0.212,0.583,0.681,0.864,0.044,0.056,0.961,0.384,0.598,0.689,0.807,0.486
0.0,0.228,0.508,0.882,0.49,0.847,0.62,0.38,0.727,0.259,0.486,0.057,0.089,0.408,0.637,0.845,0.515,0.993,0.369,0.613,0.948,0.52,0.726,0.557,0.259,0.467,0.074,0.373,0.291,0.36,0.938,0.15,0.67,0.778,0.358,0.736,0.065,0.188,0.464,0.137,0.765
1.0,0.162,0.555,0.498,0.733,0.044,0.28,0.062,0.323,0.155,0.877,0.423,0.214,0.807,0.482,0.408,0.712,0.761,0.175,0.419,0.451,0.542,0.41,0.598,0.751,0.885,0.033,0.916,0.9,0.917,0.764,0.973,0.379,0.856,0.153,0.605,0.941,0.054,0.617,0.883,0.203
1.0,0.026,0.634,0.004,0.38,0.833,0.871,0.434,0.362,0.84,0.348,0.249,0.259,0.395,0.197,0.559,0.287,0.82,0.811,0.888,0.118,0.463,0.361,0.776,0.069,0.1,0.797,0.012,0.834,0.618,0.804,0.608,0.24,0.195,0.081,0.537,0.636,0.436,0.836,0.436,0.227
0.0,0.1,0.775,0.318,0.413,0.13,0.148,0.187,0.003,0.426,0.235,0.194,0.992,0.789,0.198,0.057,0.948,0.589,0.222,0.814,0.236,0.286,0.448,0.364,0.276,0.527,0.828,0.225,0.894,0.73,0.08,0.962,0.755,0.56,0.241,0.876,0.583,0.333,0.119,0.976,0.536
0.0,0.133,0.633,0.695,0.172,0.776,0.163,0.564,0.809,0.825,0.176,0.615,0.779,0.27,0.113,0.757,0.108,0.807,0.225,0.919,0.987,0.127,0.056,0.354,0.402,0.477,0.721,0.843,0.303,0.269,0.149,0.005,0.305,0.871,0.384,0.239,0.759,0.23,0.64,0.943,0.112
1.0,0.846,0.709,0.366,0.481,0.182,0.541,0.263,0.34,0.07,0.04,0.527,0.39,0.898,0.681,0.887,0.344,0.659,0.461,0.479,0.875,0.58,0.799,0.139,0.737,0.863,0.814,0.584,0.974,0.204,0.893,0.777,0.994,0.749,0.777,0.121,0.73,0.164,0.464,0.354,0.794
1.0,0.943,0.48,0.245,0.844,0.84,0.532,0.26,0.199,0.965,0.615,0.727,0.722,0.822,0.724,0.277,0.452,0.047,0.265,0.385,0.776,0.442,0.792,0.403,0.094,0.104,0.49,0.746,0.99,0.47,0.809,0.529,0.983,0.953,0.6,0.646,0.399,0.945,0.304,0.109,0.682
0.0,0.33,0.517,0.194,0.323,0.62,0.189,0.973,0.831,0.835,0.156,0.098,0.593,0.254,0.237,0.257,0.849,0.011,0.994,0.278,0.436,0.296,0.795,0.789,0.068,0.641,0.493,0.933,0.735,0.927,0.422,0.048,0.882,0.601,0.187,0.242,0.177,0.454,0.584,0.651,0.78
0.0,0.655,0.608,0.187,0.425,0.2,0.625,0.881,0.33,0.993,0.672,0.384,0.891,0.797,0.824,0.663,0.366,0.832,0.761,0.395,0.689,0.023,0.095,0.039,0.843,0.226,0.423,0.948,0.689,0.366,0.781,0.639,0.123,0.125,0.204,0.61,0.091,0.787,0.476,0.083,0.047
1.0,0.099,0.677,0.818,0.769,0.354,0.366,0.34,0.709,0.553,0.63,0.968,0.58,0.973,0.336,0.56,0.501,0.835,0.647,0.232,0.955,0.258,0.55,0.224,0.884,0.277,0.597,0.04,0.6,0.523,0.443,0.327,0.465,0.67,0.597,0.493,0.964,0.269,0.767,0.43,0.456
0.0,0.033,0.024,0.215,0.641,0.102,0.651,0.461,0.564,0.497,0.317,0.294,0.927,0.62,0.964,0.319,0.315,0.845,0.848,0.011,0.377,0.378,0.519,0.836,0.038,0.623,0.422,0.197,0.228,0.917,0.179,0.184,0.274,0.646,0.143,0.723,0.795,0.153,0.542,0.227,0.995
1.0,0.88,0.688,0.435,0.019,0.258,0.868,0.514,0.257,0.622,0.585,0.609,0.258,0.804,0.376,0.944,0.876,0.667,0.506,0.442,0.695,0.256,0.303,0.623,0.121,0.688,0.213,0.545,0.727,0.962,0.435,0.874,0.229,0.059,0.916,0.949,0.531,0.192,0.665,0.719,0.581
1.0,0.562,0.404,0.201,0.308,0.445,0.918,0.343,0.272,0.009,0.735,0.552,0.42,0.876,0.946,0.975,0.468,0.157,0.056,0.139,0.658,0.49,0.412,0.726,0.514,0.899,0.031,0.589,0.763,0.622,0.823,0.846,0.447,0.463,0.196,0.505,0.939,0.594,0.144,0.037,0.847
0.0,0.626,0.412,0.862,0.064,0.438,0.962,0.863,0.474,0.746,0.545,0.28,0.83,0.012,0.325,0.235,0.402,0.077,0.18,0.33,0.064,0.066,0.844,0.517,0.444,0.291,0.707,0.263,0.984,0.532,0.987,0.886,0.575,0.562,0.378,0.16,0.117,0.632,0.333,0.19,0.677
0.0,0.393,0.925,0.915,0.257,0.843,0.708,0.57,0.804,0.38,0.521,0.545,0.043,0.408,0.269,0.883,0.706,0.705,0.538,0.111,0.606,0.496,0.718,0.792,0.825,0.228,0.93,0.896,0.146,0.373,0.888,0.006,0.972,0.222,0.695,0.826,0.001,0.207,0.066,0.699,0.76
0.0,0.841,0.374,0.012,0.776,0.695,0.92,0.522,0.952,0.503,0.427,0.834,0.848,0.972,0.364,0.998,0.417,0.183,0.624,0.219,0.223,0.702,0.593,0.924,0.643,0.047,0.369,0.784,0.772,0.339,0.281,0.939,0.732,0.655,0.192,0.885,0.397,0.52,0.081,0.76,0.542
1.0,0.195,0.483,0.425,0.235,0.462,0.024,0.8,0.326,0.122,0.432,0.423,0.417,0.569,0.576,0.66,0.509,0.255,0.066,0.715,0.319,0.196,0.006,0.629,0.543,0.373,0.375,0.05,0.823,0.14,0.363,0.649,0.37,0.854,0.617,0.497,0.937,0.488,0.724,0.294,0.686
0.0,0.512,0.148,0.366,0.567,0.703,0.666,0.104,0.945,0.739,0.667,0.286,0.406,0.502,0.583,0.901,0.119,0.518,0.778,0.017,0.358,0.979,0.809,0.87,0.409,0.019,0.428,0.538,0.106,0.66,0.463,0.374,0.288,0.502,0.919,0.745,0.96,0.333,0.332,0.863,0.069
1.0,0.676,0.616,0.126,0.717,0.051,0.176,0.497,0.454,0.323,0.11,0.767,0.013,0.775,0.018,0.892,0.205,0.667,0.015,0.171,0.053,0.86,0.764,0.708,0.727,0.112,0.486,0.329,0.128,0.998,0.956,0.466,0.745,0.596,0.398,0.582,0.041,0.255,0.082,0.411,0.522
1.0,0.084,0.911,0.231,0.037,0.701,0.498,0.93,0.582,0.45,0.312,0.362,0.929,0.456,0.521,0.353,0.343,0.137,0.318,0.368,0.105,0.841,0.387,0.802,0.292,0.79,0.725,0.926,0.151,0.277,0.093,0.985,0.707,0.825,0.38,0.73,0.145,0.945,0.628,0.101,0.727
0.0,0.73,0.685,0.327,0.982,0.549,0.266,0.518,0.602,0.302,0.502,0.341,0.846,0.848,0.837,0.978,0.367,0.694,0.152,0.962,0.919,0.027,0.752,0.686,0.096,0.573,0.629,0.174,0.758,0.629,0.011,0.008,0.842,0.459,0.81,0.177,0.076,0.538,0.659,0.478,0.677
0.0,0.444,0.422,0.329,0.209,0.299,0.253,0.273,0.905,0.109,0.227,0.086,0.871,0.663,0.235,0.735,0.91,0.736,0.96,0.217,0.517,0.901,0.081,0.371,0.1,0.937,0.788,0.14,0.165,0.758,0.267,0.235,0.834,0.052,0.455,0.501,0.613,0.227,0.204,0.912,0.337
1.0,0.242,0.527,0.804,0.546,0.472,0.11,0.152,0.037,0.586,0.311,0.694,0.331,0.248,0.663,0.912,0.263,0.333,0.419,0.76,0.224,0.134,0.886,0.117,0.329,0.221,0.707,0.085,0.555,0.749,0.22,0.161,0.503,0.033,0.838,0.859,0.483,0.632,0.585,0.968,0.426
0.0,0.569,0.234,0.95,0.939,0.117,0.899,0.198,0.302,0.04,0.995,0.746,0.789,0.64,0.125,0.597,0.791,0.314,0.321,0.185,0.399,0.302,0.594,0.157,0.013,0.302,0.694,0.403,0.107,0.49,0.596,0.109,0.779,0.981,0.972,0.223,0.793,0.711,0.59,0.171,0.556
1.0,0.421,0.197,0.218,0.645,0.372,0.745,0.98,0.747,0.195,0.017,0.748,0.254,0.237,0.162,0.49,0.691,0.294,0.0,0.361,0.882,0.423,0.15,0.498,0.506,0.459,0.48,0.466,0.953,0.156,0.224,0.062,0.711,0.918,0.524,0.452,0.407,0.384,0.954,0.813,0.409
0.0,0.464,0.179,0.98,0.61,0.298,0.228,0.343,0.776,0.738,0.329,0.566,0.165,0.36,0.787,0.485,0.527,0.318,0.624,0.861,0.783,0.452,0.748,0.999,0.34,0.997,0.433,0.222,0.019,0.64,0.915,0.477,0.229,0.897,0.633,0.945,0.127,0.126,0.095,0.043,0.72
0.0,0.014,0.157,0.708,0.692,0.681,0.15,0.049,0.898,0.852,0.91,0.475,0.052,0.524,0.978,0.926,0.002,0.581,0.408,0.086,0.196,0.815,0.518,0.972,0.672,0.666,0.39,0.474,0.1,0.089,0.389,0.126,0.404,0.735,0.46,0.34,0.385,0.191,0.698,0.462,0.714
1.0,0.823,0.865,0.356,0.138,0.261,0.119,0.124,0.707,0.224,0.129,0.95,0.171,0.155,0.003,0.763,0.087,0.67,0.49,0.402,0.73,0.836,0.978,0.074,0.525,0.913,0.271,0.714,0.515,0.44,0.904,0.754,0.69,0.736,0.392,0.112,0.327,0.698,0.956,0.495,0.535
0.0,0.077,0.153,0.512,0.779,0.376,0.666,0.62,0.084,0.484,0.522,0.914,0.972,0.186,0.138,0.311,0.823,0.579,0.46,0.086,0.931,0.851,0.709,0.167,0.115,0.497,0.854,0.324,0.992,0.418,0.792,0.516,0.721,0.793,0.225,0.827,0.743,0.279,0.401,0.754,0.511
0.0,0.71,0.682,0.148,0.42,0.29,0.845,0.797,0.503,0.073,0.579,0.29,0.335,0.022,0.606,0.54,0.9,0.15,0.546,0.809,0.707,0.097,0.846,0.827,0.69,0.36,0.871,0.925,0.255,0.604,0.199,0.622,0.296,0.253,0.753,0.485,0.909,0.984,0.474,0.718,0.564
0.0,0.074,0.598,0.401,0.575,0.162,0.74,0.109,0.435,0.918,0.827,0.855,0.034,0.964,0.701,0.004,0.893,0.718,0.046,0.595,0.834,0.34,0.478,0.813,0.209,0.549,0.462,0.823,0.9,0.272,0.968,0.964,0.31,0.565,0.615,0.929,0.391,0.138,0.283,0.492,0.037
0.0,0.355,0.874,0.633,0.986,0.064,0.709,0.644,0.859,0.223,0.025,0.369,0.637,0.503,0.121,0.178,0.353,0.754,0.895,0.51,0.172,0.559,0.075,0.873,0.483,0.501,0.137,0.734,0.537,0.445,0.434,0.501,0.887,0.834,0.533,0.979,0.388,0.72,0.583,0.533,0.266
1.0,0.122,0.242,0.908,0.65,0.691,0.209,0.998,0.746,0.657,0.561,0.374,0.635,0.893,0.757,0.114,0.381,0.794,0.321,0.48,0.58,0.96,0.75,0.679,0.872,0.266,0.122,0.988,0.228,0.145,0.865,0.885,0.791,0.662,0.023,0.455,0.391,0.071,0.699,0.055,0.107
1.0,0.134,0.632,0.33,0.7,0.223,0.402,0.485,0.99,0.811,0.506,0.697,0.813,0.401,0.097,0.958,0.014,0.116,0.712,0.391,0.799,0.225,0.15,0.519,0.08,0.96,0.876,0.087,0.118,0.056,0.702,0.121,0.897,0.694,0.458,0.175,0.217,0.655,0.634,0.725,0.842
1.0,0.899,0.172,0.291,0.167,0.246,0.225,0.613,0.062,0.6,0.585,0.471,0.774,0.393,0.711,0.687,0.162,0.647,0.238,0.331,0.239,0.534,0.834,0.976,0.746,0.9,0.167,0.665,0.384,0.254,0.908,0.211,0.562,0.291,0.367,0.377,0.419,0.251,0.164,0.716,1.0
0.0,0.448,0.166,0.47,0.969,0.337,0.687,0.512,0.174,0.656,0.023,0.565,0.99,0.425,0.442,0.88,0.307,0.846,0.578,0.355,0.195,0.884,0.981,0.565,0.044,0.48,0.098,0.204,0.755,0.461,0.131,0.894,0.875,0.847,0.037,0.777,0.403,0.928,0.926,0.602,0.958
1.0,0.107,0.785,0.791,0.61,0.18,0.372,0.943,0.471,0.158,0.507,0.249,0.618,0.372,0.012,0.946,0.409,0.237,0.605,0.828,0.834,0.469,0.35,0.613,0.868,0.204,0.156,0.747,0.422,0.707,0.87,0.978,0.834,0.579,0.407,0.767,0.75,0.015,0.702,0.24,0.264
0.0,0.147,0.661,0.76,0.604,0.6,0.258,0.028,0.181,0.206,0.398,0.348,0.551,0.107,0.801,0.143,0.05,0.602,0.113,0.967,0.063,0.336,0.118,0.39,0.954,0.731,0.497,0.027,0.779,0.891,0.013,0.318,0.927,0.38,0.134,0.573,0.508,0.026,0.482,0.473,0.651
1.0,0.625,0.916,0.7,0.916,0.588,0.618,0.808,0.458,0.496,0.994,0.871,0.139,0.598,0.847,0.11,0.786,0.878,0.605,0.567,0.39,0.265,0.319,0.248,0.827,0.234,0.119,0.338,0.318,0.853,0.437,0.468,0.355,0.02,0.27,0.285,0.808,0.608,0.599,0.26,0.36
0.0,0.98,0.007,0.708,0.196,0.892,0.446,0.227,0.563,0.62,0.128,0.993,0.985,0.319,0.513,0.119,0.67,0.11,0.673,0.267,0.676,0.688,0.327,0.484,0.513,0.31,0.188,0.34,0.586,0.387,0.761,0.503,0.614,0.145,0.988,0.4,0.225,0.28,0.235,0.22,0.421
0.0,0.349,0.379,0.053,0.723,0.364,0.278,0.267,0.468,0.208,0.83,0.174,0.827,0.444,0.547,0.733,0.079,0.047,0.472,0.188,0.797,0.985,0.286,0.487,0.721,0.453,0.181,0.375,0.174,0.246,0.234,0.515,0.83,0.818,0.099,0.521,0.488,0.797,0.651,0.685,0.907
0.0,0.539,0.251,0.422,0.416,0.547,0.81,0.863,0.96,0.162,0.249,0.348,0.736,0.658,0.456,0.614,0.584,0.305,0.218,0.228,0.009,0.046,0.415,0.916,0.907,0.369,0.418,0.036,0.37,0.627,0.377,0.636,0.056,0.787,0.062,0.307,0.478,0.59,0.897,0.403,0.593
1.0,0.955,0.787,0.477,0.465,0.22,0.909,0.135,0.147,0.709,0.852,0.856,0.725,0.314,0.074,0.555,0.933,0.077,0.983,0.635,0.115,0.974,0.426,0.231,0.596,0.006,0.541,0.826,0.294,0.019,0.902,0.544,0.738,0.028,0.35,0.402,0.146,0.6,0.294,0.112,0.645
1.0,0.75,0.34,0.162,0.627,0.576,0.082,0.085,0.784,0.496,0.173,0.547,0.63,0.8,0.149,0.101,0.166,0.543,0.117,0.261,0.032,0.782,0.132,0.582,0.919,0.269,0.594,0.307,0.322,0.024,0.244,0.976,0.292,0.367,0.269,0.286,0.753,0.665,0.641,0.095,0.756
1.0,0.312,0.031,0.881,0.536,0.839,0.392,0.44,0.246,0.665,0.494,0.32,0.25,0.905,0.215,0.023,0.664,0.916,0.903,0.002,0.723,0.308,0.704,0.042,0.779,0.088,0.278,0.882,0.407,0.543,0.874,0.938,0.982,0.734,0.928,0.197,0.537,0.332,0.499,0.309,0.607
1.0,0.731,0.356,0.922,0.708,0.767,0.135,0.137,0.062,0.041,0.226,0.583,0.546,0.93,0.857,0.567,0.337,0.325,0.824,0.596,0.608,0.198,0.61,0.449,0.926,0.268,0.777,0.097,0.523,0.772,0.603,0.572,0.73,0.526,0.167,0.556,0.027,0.914,0.297,0.536,0.596
0.0,0.557,0.361,0.368,0.513,0.282,0.904,0.91,0.314,0.047,0.838,0.39,0.791,0.155,0.957,0.812,0.447,0.528,0.191,0.224,0.288,0.335,0.845,0.751,0.217,0.969,0.323,0.814,0.451,0.984,0.114,0.443,0.527,0.292,0.203,0.281,0.599,0.065,0.407,0.662,0.194
0.0,0.523,0.871,0.444,0.132,0.572,0.462,0.914,0.089,0.599,0.27,0.118,0.571,0.546,0.83,0.553,0.277,0.355,0.12,0.678,0.433,0.218,0.645,0.903,0.481,0.622,0.684,0.154,0.592,0.934,0.29,0.786,0.943,0.551,0.095,0.495,0.563,0.544,0.129,0.431,0.788
0.0,0.698,0.157,0.815,0.868,0.946,0.591,0.721,0.601,0.828,0.586,0.05,0.106,0.486,0.937,0.529,0.133,0.702,0.925,0.791,0.639,0.092,0.657,0.698,0.175,0.056,0.341,0.395,0.077,0.849,0.658,0.726,0.284,0.32,0.366,0.306,0.401,0.016,0.219,0.451,0.658
0.0,0.522,0.747,0.442,0.806,0.751,0.695,0.295,0.078,0.282,0.939,0.387,0.06,0.131,0.795,0.757,0.314,0.542,0.406,0.022,0.227,0.108,0.789,0.812,0.671,0.074,0.54,0.38,0.352,0.606,0.721,0.773,0.256,0.168,0.448,0.675,0.095,0.486,0.567,0.168,0.174
0.0,0.117,0.558,0.769,0.611,0.27,0.257,0.301,0.401,0.129,0.331,0.875,0.96,0.514,0.358,0.132,0.141,0.918,0.95,0.251,0.851,0.86,0.663,0.512,0.82,0.456,0.105,0.671,0.318,0.002,0.895,0.212,0.739,0.813,0.874,0.089,0.803,0.811,0.228,0.83,0.538
1.0,0.999,0.4,0.804,0.193,0.379,0.835,0.307,0.598,0.365,0.486,0.442,0.611,0.913,0.861,0.336,0.918,0.796,0.15,0.998,0.767,0.261,0.72,0.225,0.892,0.626,0.107,0.114,0.236,0.267,0.519,0.601,0.087,0.912,0.44,0.174,0.001,0.179,0.073,0.291,0.398
1.0,0.231,0.322,0.614,0.1,0.208,0.896,0.17,0.915,0.285,0.102,0.841,0.274,0.16,0.591,0.785,0.981,0.391,0.383,0.287,0.74,0.16,0.977,0.269,0.485,0.14,0.794,0.073,0.63,0.693,0.333,0.928,0.898,0.287,0.646,0.051,0.325,0.36,0.906,0.78,0.534
1.0,0.089,0.214,0.267,0.106,0.6,0.866,0.448,0.889,0.622,0.253,0.59,0.091,0.817,0.759,0.259,0.115,0.116,0.293,0.882,0.045,0.306,0.924,0.376,0.896,0.443,0.785,0.894,0.856,0.392,0.778,0.762,0.753,0.757,0.678,0.511,0.524,0.669,0.432,0.57,0.548
1.0,0.488,0.72,0.224,0.118,0.244,0.441,0.878,0.807,0.805,0.095,0.375,0.502,0.912,0.607,0.866,0.508,0.173,0.341,0.083,0.339,0.536,0.769,0.011,0.703,0.335,0.453,0.185,0.734,0.939,0.657,0.976,0.209,0.279,0.727,0.8,0.57,0.831,0.219,0.136,0.923
1.0,0.155,0.033,0.34,0.231,0.799,0.766,0.365,0.021,0.117,0.464,0.774,0.1,0.285,0.601,0.968,0.958,0.304,0.493,0.586,0.965,0.821,0.76,0.276,0.567,0.981,0.52,0.374,0.983,0.901,0.663,0.036,0.228,0.808,0.381,0.025,0.911,0.392,0.265,0.681,0.752
1.0,0.771,0.552,0.647,0.169,0.56,0.968,0.845,0.369,0.874,0.323,0.576,0.718,0.026,0.772,0.957,0.63,0.834,0.544,0.05,0.679,0.777,0.473,0.562,0.96,0.725,0.975,0.975,0.635,0.417,0.404,0.234,0.63,0.924,0.58,0.218,0.193,0.288,0.912,0.42,0.428
1.0,0.39,0.681,0.861,0.673,0.701,0.155,0.193,0.675,0.544,0.099,0.592,0.765,0.153,0.463,0.599,0.072,0.281,0.802,0.479,0.346,0.493,0.366,0.805,0.632,0.573,0.334,0.675,0.762,0.003,0.692,0.359,0.771,0.828,0.937,0.448,0.496,0.158,0.374,0.823,0.479
1.0,0.25,0.134,0.009,0.81,0.455,0.115,0.159,0.635,0.105,0.64,0.929,0.689,0.093,0.299,0.025,0.472,0.156,0.221,0.874,0.071,0.266,0.53,0.061,0.402,0.488,0.302,0.87,0.775,0.486,0.049,0.196,0.081,0.153,0.923,0.626,0.695,0.643,0.761,0.848,0.605
1.0,0.622,0.332,0.465,0.394,0.267,0.936,0.586,0.593,0.761,0.904,0.61,0.495,0.932,0.713,0.967,0.541,0.18,0.538,0.113,0.589,0.614,0.169,0.742,0.017,0.794,0.611,0.507,0.182,0.31,0.99,0.598,0.974,0.019,0.21,0.757,0.387,0.392,0.466,0.07,0.486
0.0,0.735,0.346,0.364,0.151,0.564,0.484,0.55,0.56,0.703,0.026,0.505,0.989,0.052,0.673,0.528,0.893,0.768,0.011,0.189,0.534,0.448,0.138,0.929,0.051,0.499,0.438,0.609,0.988,0.341,0.972,0.969,0.231,0.023,0.831,0.777,0.818,0.614,0.364,0.25,0.492
1.0,0.16,0.465,0.387,0.007,0.7,0.196,0.339,0.632,0.35,0.921,0.885,0.259,0.462,0.827,0.907,0.695,0.666,0.227,0.841,0.596,0.029,0.834,0.98,0.683,0.484,0.512,0.662,0.036,0.506,0.765,0.997,0.167,0.951,0.986,0.808,0.034,0.124,0.808,0.85,0.027
0.0,0.368,0.611,0.515,0.787,0.005,0.596,0.311,0.582,0.331,0.477,0.274,0.805,0.733,0.957,0.708,0.873,0.533,0.581,0.593,0.372,0.809,0.226,0.72,0.985,0.485,0.036,0.537,0.334,0.449,0.944,0.386,0.269,0.099,0.367,0.582,0.027,0.224,0.569,0.89,0.681
0.0,0.833,0.212,0.327,0.712,0.51,0.344,0.315,0.156,0.718,0.584,0.993,0.81,0.17,0.387,0.192,0.014,0.206,0.734,0.391,0.838,0.094,0.913,0.494,0.08,0.244,0.789,0.943,0.725,0.502,0.987,0.72,0.312,0.452,0.779,0.466,0.201,0.987,0.484,0.579,0.662
1.0,0.022,0.804,0.73,0.863,0.432,0.861,0.636,0.656,0.351,0.001,0.044,0.746,0.918,0.023,0.996,0.575,0.684,0.564,0.541,0.519,0.185,0.947,0.623,0.441,0.859,0.581,0.822,0.95,0.389,0.439,0.326,0.824,0.647,0.943,0.912,0.795,0.495,0.64,0.755,0.147
0.0,0.367,0.145,0.296,0.211,0.125,0.516,0.128,0.417,0.235,0.323,0.31,0.865,0.825,0.029,0.184,0.112,0.56,0.915,0.749,0.212,0.985,0.418,0.106,0.451,0.511,0.328,0.977,0.119,0.494,0.81,0.44,0.81,0.018,0.375,0.053,0.506,0.452,0.646,0.707,0.669
0.0,0.7,0.707,0.022,0.397,0.09,0.377,0.325,0.31,0.645,0.04,0.261,0.887,0.898,0.014,0.817,0.728,0.124,0.541,0.721,0.447,0.691,0.887,0.152,0.911,0.441,0.314,0.682,0.544,0.086,0.27,0.49,0.598,0.117,0.101,0.958,0.961,0.815,0.635,0.974,0.052
1.0,0.081,0.823,0.774,0.51,0.164,0.097,0.963,0.053,0.971,0.659,0.61,0.566,0.168,0.031,0.593,0.985,0.369,0.728,0.694,0.451,0.122,0.598,0.069,0.746,0.502,0.41,0.07,0.831,0.809,0.285,0.272,0.813,0.161,0.015,0.527,0.489,0.25,0.838,0.422,0.739
1.0,0.751,0.108,0.832,0.26,0.531,0.893,0.245,0.907,0.384,0.22,0.183,0.162,0.048,0.693,0.882,0.013,0.316,0.249,0.256,0.317,0.909,0.41,0.731,0.376,0.678,0.105,0.774,0.317,0.623,0.132,0.544,0.311,0.62,0.587,0.32,0.224,0.08,0.065,0.443,0.287
1.0,0.025,0.648,0.777,0.271,0.087,0.995,0.438,0.856,0.087,0.251,0.242,0.627,0.985,0.55,0.677,0.784,0.438,0.899,0.9,0.08,0.611,0.254,0.224,0.162,0.5,0.394,0.666,0.598,0.533,0.409,0.511,0.487,0.443,0.525,0.17,0.947,0.865,0.463,0.322,0.392
0.0,0.338,0.107,0.068,0.689,0.02,0.986,0.531,0.075,0.445,0.702,0.418,0.016,0.504,0.976,0.426,0.614,0.803,0.629,0.829,0.702,0.211,0.784,0.931,0.976,0.209,0.925,0.951,0.117,0.394,0.123,0.586,0.735,0.26,0.324,0.481,0.323,0.197,0.928,0.626,0.463
1.0,0.731,0.846,0.499,0.582,0.292,0.628,0.238,0.205,0.747,0.748,0.551,0.469,0.47,0.872,0.943,0.535,0.004,0.783,0.699,0.115,0.263,0.48,0.152,0.331,0.516,0.274,0.445,0.587,0.78,0.286,0.521,0.428,0.963,0.115,0.883,0.813,0.788,0.961,0.864,0.028
1.0,0.539,0.874,0.387,0.25,0.412,0.462,0.432,0.464,0.822,0.289,0.884,0.185,0.457,0.539,0.621,0.812,0.189,0.624,0.623,0.856,0.055,0.47,0.408,0.328,0.748,0.752,0.414,0.303,0.665,0.223,0.294,0.099,0.03,0.613,0.116,0.237,0.575,0.782,0.525,0.16
0.0,0.251,0.552,0.34,0.683,0.282,0.628,0.723,0.965,0.427,0.073,0.416,0.435,0.434,0.092,0.264,0.888,0.045,0.29,0.538,0.783,0.158,0.326,0.929,0.707,0.734,0.313,0.905,0.969,0.269,0.937,0.191,0.962,0.62,0.356,0.694,0.069,0.687,0.191,0.664,0.345
1.0,0.335,0.978,0.506,0.337,0.097,0.429,0.417,0.683,0.23,0.585,0.461,0.528,0.757,0.589,0.824,0.396,0.06,0.116,0.605,0.423,0.164,0.629,0.751,0.948,0.416,0.033,0.535,0.351,0.719,0.8,0.583,0.695,0.596,0.388,0.578,0.303,0.287,0.766,0.034,0.153
1.0,0.55,0.775,0.197,0.417,0.497,0.574,0.128,0.653,0.88,0.224,0.229,0.399,0.046,0.582,0.928,0.372,0.288,0.005,0.528,0.953,0.762,0.512,0.272,0.558,0.637,0.068,0.896,0.745,0.14,0.763,0.505,0.755,0.06,0.063,0.231,0.791,0.255,0.383,0.722,0.149
0.0,0.968,0.122,0.086,0.678,0.205,0.403,0.288,0.179,0.312,0.049,0.51,0.783,0.943,0.481,0.98,0.836,0.189,0.763,0.099,0.474,0.716,0.214,0.99,0.487,0.468,0.825,0.821,0.405,0.011,0.516,0.049,0.046,0.672,0.228,0.045,0.311,0.992,0.685,0.831,0.766
1.0,0.883,0.982,0.827,0.313,0.092,0.176,0.127,0.412,0.129,0.786,0.806,0.756,0.98,0.972,0.175,0.919,0.832,0.985,0.428,0.85,0.32,0.592,0.24,0.052,0.124,0.559,0.625,0.674,0.604,0.397,0.698,0.759,0.251,0.779,0.763,0.489,0.948,0.335,0.87,0.126
0.0,0.269,0.961,0.778,0.634,0.23,0.215,0.908,0.533,0.126,0.562,0.91,0.803,0.755,0.008,0.381,0.693,0.401,0.832,0.604,0.396,0.567,0.242,0.507,0.678,0.036,0.797,0.095,0.853,0.491,0.931,0.591,0.97,0.651,0.628,0.913,0.923,0.181,0.909,0.268,0.988
0.0,0.816,0.556,0.256,0.109,0.815,0.142,0.273,0.503,0.405,0.857,0.843,0.89,0.288,0.846,0.612,0.619,0.08,0.945,0.938,0.844,0.934,0.623,0.023,0.346,0.169,0.945,0.053,0.243,0.762,0.652,0.359,0.362,0.813,0.789,0.057,0.965,0.929,0.186,0.559,0.955
1.0,0.654,0.463,0.693,0.939,0.784,0.909,0.578,0.972,0.974,0.706,0.332,0.552,0.111,0.769,0.509,0.529,0.524,0.245,0.239,0.144,0.883,0.36,0.379,0.766,0.005,0.952,0.506,0.429,0.822,0.482,0.535,0.673,0.556,0.021,0.98,0.159,0.538,0.693,0.955,0.13
0.0,0.5,0.247,0.128,0.22,0.589,0.058,0.054,0.45,0.854,0.783,0.053,0.622,0.993,0.161,0.139,0.608,0.19,0.201,0.495,0.443,0.108,0.416,0.972,0.129,0.156,0.815,0.637,0.296,0.351,0.453,0.532,0.617,0.201,0.265,0.613,0.374,0.119,0.578,0.262,0.788
0.0,0.772,0.902,0.977,0.816,0.861,0.664,0.585,0.475,0.146,0.867,0.852,0.87,0.786,0.017,0.145,0.594,0.688,0.532,0.411,0.655,0.361,0.419,0.808,0.94,0.719,0.028,0.692,0.931,0.654,0.573,0.727,0.853,0.521,0.412,0.365,0.208,0.174,0.875,0.127,0.425
1.0,0.922,0.472,0.432,0.528,0.106,0.728,0.038,0.616,0.597,0.859,0.965,0.359,0.285,0.581,0.739,0.059,0.137,0.695,0.978,0.284,0.432,0.555,0.682,0.14,0.687,0.985,0.135,0.079,0.416,0.485,0.722,0.867,0.774,0.129,0.58,0.126,0.691,0.318,0.584,0.347
0.0,0.548,0.075,0.531,0.437,0.098,0.251,0.514,0.718,0.935,0.001,0.587,0.663,0.439,0.749,0.102,0.987,0.004,0.824,0.361,0.858,0.737,0.469,0.816,0.705,0.099,0.492,0.044,0.185,0.626,0.698,0.19,0.647,0.138,0.71,0.151,0.8,0.431,0.774,0.676,0.938
1.0,0.652,0.543,0.598,0.827,0.596,0.966,0.77,0.794,0.608,0.171,0.556,0.526,0.572,0.79,0.218,0.903,0.282,0.194,0.819,0.583,0.548,0.738,0.717,0.015,0.081,0.929,0.751,0.094,0.038,0.615,0.856,0.573,0.229,0.081,0.936,0.592,0.491,0.42,0.736,0.451
0.0,0.757,0.275,0.413,0.73,0.455,0.711,0.689,0.641,0.593,0.199,0.534,0.973,0.575,0.642,0.066,0.745,0.15,0.887,0.754,0.485,0.073,0.692,0.971,0.999,0.691,0.213,0.081,0.296,0.527,0.957,0.302,0.971,0.188,0.272,0.808,0.033,0.782,0.3,0.328,0.916
1.0,0.519,0.325,0.283,0.272,0.273,0.837,0.394,0.308,0.13,0.541,0.94,0.32,0.298,0.844,0.104,0.313,0.723,0.222,0.566,0.491,0.892,0.413,0.468,0.271,0.327,0.877,0.565,0.004,0.537,0.296,0.869,0.179,0.211,0.481,0.549,0.361,0.25,0.089,0.949,0.053
1.0,0.645,0.458,0.411,0.686,0.278,0.695,0.654,0.701,0.779,0.461,0.404,0.342,0.467,0.994,0.509,0.327,0.071,0.066,0.896,0.686,0.625,0.793,0.732,0.64,0.901,0.329,0.517,0.528,0.394,0.259,0.842,0.279,0.683,0.741,0.492,0.942,0.825,0.062,0.41,0.002
0.0,0.53,0.324,0.601,0.769,0.193,0.901,0.093,0.687,0.407,0.638,0.389,0.66,0.858,0.451,0.926,0.96,0.12,0.715,0.261,0.477,0.549,0.079,0.962,0.92,0.208,0.351,0.94,0.923,0.071,0.83,0.483,0.769,0.255,0.226,0.971,0.989,0.701,0.137,0.364,0.899
0.0,0.171,0.986,0.801,0.772,0.597,0.09,0.496,0.652,0.744,0.296,0.013,0.901,0.53,0.885,0.094,0.554,0.983,0.183,0.373,0.996,0.956,0.74,0.83,0.078,0.453,0.42,0.138,0.353,0.219,0.443,0.509,0.636,0.889,0.214,0.756,0.087,0.745,0.868,0.339,0.339
1.0,0.777,0.092,0.1,0.094,0.118,0.359,0.315,0.339,0.646,0.608,0.502,0.211,0.507,0.615,0.976,0.213,0.02,0.95,0.79,0.074,0.506,0.074,0.104,0.828,0.542,0.251,0.725,0.911,0.957,0.001,0.566,0.4,0.483,0.343,0.744,0.187,0.599,0.613,0.787,0.472
1.0,0.114,0.251,0.772,0.764,0.8,0.22,0.969,0.565,0.696,0.269,0.612,0.694,0.335,0.423,0.874,0.135,0.832,0.759,0.912,0.266,0.85,0.619,0.21,0.232,0.369,0.919,0.95,0.614,0.739,0.358,0.322,0.435,0.012,0.86,0.185,0.176,0.522,0.676,0.702,0.962
1.0,0.318,0.314,0.616,0.94,0.633,0.102,0.211,0.017,0.837,0.492,0.88,0.497,0.535,0.447,0.921,0.037,0.06,0.004,0.394,0.998,0.192,0.339,0.223,0.409,0.351,0.211,0.585,0.646,0.5,0.157,0.062,0.647,0.573,0.956,0.836,0.261,0.965,0.055,0.58,0.412
0.0,0.435,0.929,0.322,0.323,0.227,0.716,0.733,0.056,0.359,0.798,0.695,0.977,0.307,0.201,0.431,0.357,0.782,0.456,0.738,0.75,0.976,0.997,0.066,0.838,0.116,0.53,0.911,0.072,0.059,0.358,0.557,0.714,0.387,0.753,0.885,0.993,0.76,0.002,0.498,0.501
0.0,0.704,0.556,0.377,0.401,0.323,0.547,0.191,0.844,0.725,0.091,0.538,0.814,0.835,0.52,0.614,0.762,0.139,0.214,0.474,0.161,0.393,0.438,0.062,0.505,0.214,0.539,0.752,0.155,0.477,0.679,0.055,0.917,0.658,0.435,0.959,0.61,0.024,0.214,0.772,0.354
1.0,0.835,0.944,0.832,0.015,0.763,0.021,0.089,0.067,0.093,0.405,0.095,0.218,0.1,0.792,0.109,0.372,0.442,0.564,0.0,0.17,0.934,0.655,0.905,0.317,0.253,0.55,0.225,0.246,0.732,0.949,0.727,0.825,0.777,0.407,0.426,0.163,0.512,0.656,0.12,0.617
0.0,0.304,0.65,0.539,0.322,0.535,0.645,0.482,0.552,0.92,0.708,0.118,0.248,0.756,0.541,0.82,0.814,0.712,0.677,0.951,0.935,0.11,0.312,0.945,0.349,0.786,1.0,0.375,0.601,0.533,0.286,0.98,0.187,0.456,0.789,0.337,0.996,0.231,0.881,0.753,0.216
0.0,0.383,0.985,0.255,0.998,0.945,0.887,0.362,0.907,0.081,0.251,0.916,0.934,0.043,0.503,0.543,0.316,0.191,0.444,0.015,0.519,0.242,0.052,0.651,0.668,0.972,0.74,0.501,0.801,0.665,0.082,0.711,0.6,0.033,0.914,0.636,0.87,0.637,0.521,0.268,0.032
1.0,0.602,0.323,0.141,0.208,0.683,0.665,0.672,0.904,0.374,0.189,0.948,0.284,0.319,0.094,0.851,0.916,0.124,0.765,0.855,0.754,0.654,0.947,0.581,0.285,0.745,0.815,0.087,0.089,0.896,0.079,0.575,0.588,0.422,0.122,0.995,0.357,0.828,0.554,0.081,0.03
0.0,0.878,0.049,0.485,0.842,0.046,0.773,0.905,0.69,0.528,0.476,0.995,0.225,0.82,0.608,0.725,0.094,0.935,0.236,0.345,0.132,0.429,0.399,0.904,0.567,0.201,0.676,0.979,0.493,0.573,0.729,0.273,0.114,0.582,0.562,0.858,0.202,0.537,0.027,0.42,0.753
0.0,0.81,0.54,0.686,0.943,0.309,0.037,0.107,0.132,0.943,0.376,0.437,0.772,0.559,0.833,0.692,0.809,0.519,0.675,0.432,0.862,0.268,0.722,0.041,0.699,0.144,0.949,0.929,0.147,0.87,0.497,0.102,0.659,0.822,0.105,0.686,0.484,0.637,0.577,0.312,0.531
0.0,0.349,0.858,0.455,0.216,0.183,0.989,0.179,0.188,0.735,0.804,0.44,0.236,0.418,0.725,0.465,0.194,0.715,0.604,0.465,0.05,0.67,0.573,0.85,0.032,0.006,0.847,0.806,0.707,0.583,0.129,0.442,0.65,0.309,0.228,0.827,0.522,0.747,0.236,0.877,0.763
0.0,0.078,0.742,0.912,0.122,0.132,0.87,0.093,0.808,0.482,0.869,0.11,0.576,0.078,0.626,0.716,0.135,0.316,0.472,0.879,0.337,0.965,0.425,0.905,0.485,0.27,0.629,0.855,0.994,0.459,0.976,0.777,0.748,0.578,0.775,0.748,0.582,0.224,0.457,0.429,0.969
1.0,0.03,0.696,0.28,0.559,0.095,0.745,0.904,0.225,0.581,0.104,0.541,0.577,0.186,0.01,0.865,0.684,0.15,0.289,0.127,0.959,0.124,0.123,0.11,0.889,0.42,0.075,0.938,0.797,0.489,0.968,0.743,0.877,0.067,0.836,0.713,0.143,0.642,0.123,0.02,0.553
1.0,0.139,0.025,0.771,0.804,0.454,0.424,0.818,0.928,0.124,0.703,0.738,0.171,0.901,0.862,0.872,0.507,0.731,0.141,0.04,0.988,0.3,0.609,0.093,0.941,0.789,0.999,0.849,0.681,0.742,0.788,0.349,0.161,0.451,0.878,0.716,0.824,0.6,0.5,0.756,0.292
1.0,0.795,0.647,0.396,0.317,0.358,0.745,0.925,0.912,0.57,0.569,0.898,0.294,0.344,0.684,0.201,0.533,0.951,0.127,0.102,0.228,0.697,0.0,0.453,0.216,0.618,0.177,0.608,0.855,0.392,0.086,0.63,0.894,0.155,0.648,0.326,0.934,0.312,0.533,0.619,0.157
0.0,0.07,0.947,0.305,0.615,0.532,0.631,0.166,0.391,0.991,0.59,0.825,0.815,0.048,0.069,0.485,0.741,0.196,0.39,0.195,0.859,0.745,0.281,0.519,0.593,0.479,0.18,0.109,0.79,0.619,0.685,0.916,0.779,0.401,0.982,0.579,0.943,0.606,0.744,0.24,0.949
0.0,0.111,0.833,0.642,0.772,0.386,0.767,0.875,0.502,0.585,0.335,0.831,0.822,0.629,0.092,0.572,0.979,0.142,0.806,0.516,0.03,0.219,0.277,0.22,0.304,0.866,0.015,0.121,0.526,0.867,0.812,0.951,0.064,0.908,0.813,0.997,0.086,0.413,0.946,0.666,0.855
0.0,0.576,0.054,0.09,0.687,0.057,0.621,0.967,0.227,0.331,0.649,0.463,0.476,0.193,0.071,0.948,0.355,0.906,0.077,0.082,0.675,0.332,0.828,0.564,0.631,0.392,0.091,0.163,0.396,0.186,0.113,0.765,0.238,0.742,0.013,0.852,0.771,0.65,0.07,0.44,0.079
0.0,0.474,0.132,0.795,0.024,0.038,0.141,0.807,0.498,0.139,0.584,0.895,0.913,0.757,0.574,0.263,0.95,0.492,0.499,0.175,0.797,0.923,0.55,0.178,0.827,0.035,0.988,0.984,0.617,0.309,0.971,0.094,0.822,0.595,0.718,0.877,0.621,0.208,0.625,0.102,0.905
1.0,0.589,0.452,0.869,0.053,0.036,0.199,0.173,0.734,0.726,0.349,0.922,0.634,0.53,0.658,0.124,0.886,0.218,0.993,0.514,0.974,0.428,0.672,0.058,0.58,0.1,0.586,0.454,0.098,0.924,0.775,0.476,0.264,0.334,0.708,0.553,0.78,0.641,0.565,0.575,0.061
0.0,0.905,0.028,0.052,0.573,0.859,0.094,0.581,0.96,0.939,0.336,0.218,0.296,0.361,0.082,0.566,0.23,0.008,0.794,0.759,0.311,0.845,0.892,0.388,0.928,0.006,0.176,0.823,0.246,0.792,0.834,0.58,0.002,0.227,0.45,0.521,0.961,0.441,0.303,0.82,0.98
1.0,0.934,0.085,0.952,0.812,0.042,0.921,0.341,0.24,0.786,0.37,0.957,0.04,0.679,0.959,0.0,0.689,0.08,0.261,0.887,0.348,0.439,0.097,0.847,0.76,0.57,0.399,0.16,0.175,0.215,0.357,0.035,0.524,0.982,0.777,0.11,0.853,0.625,0.544,0.612,0.17
1.0,0.167,0.765,0.443,0.851,0.841,0.908,0.004,0.282,0.442,0.271,0.2,0.211,0.043,0.875,0.126,0.293,0.5,0.604,0.237,1.0,0.76,0.031,0.714,0.286,0.081,0.433,0.434,0.235,0.826,0.577,0.014,0.74,0.577,0.845,0.19,0.034,0.369,0.604,0.082,0.536
1.0,0.655,0.228,0.333,0.312,0.418,0.975,0.045,0.596,0.15,0.372,0.801,0.547,0.713,0.375,0.661,0.424,0.826,0.963,0.981,0.008,0.923,0.4,0.542,0.768,0.434,0.065,0.302,0.837,0.843,0.289,0.764,0.937,0.941,0.183,0.311,0.342,0.472,0.042,0.938,0.961
1.0,0.591,0.242,0.851,0.066,0.436,0.212,0.131,0.019,0.964,0.97,0.236,0.208,0.785,0.246,0.188,0.314,0.15,0.526,0.275,0.395,0.847,0.252,0.18,0.999,0.847,0.696,0.905,0.343,0.16,0.61,0.424,0.559,0.045,0.44,0.554,0.955,0.914,0.677,0.939,0.294
0.0,0.69,0.96,0.766,0.093,0.573,0.65,0.375,0.213,0.927,0.36,0.859,0.436,0.419,0.313,0.713,0.601,0.882,0.375,0.912,0.386,0.717,0.057,0.752,0.165,0.272,0.877,0.586,0.97,0.681,0.482,0.768,0.342,0.963,0.2,0.263,0.045,0.315,0.412,0.232,0.3
0.0,0.751,0.98,0.108,0.836,0.699,0.682,0.468,0.321,0.19,0.313,0.391,0.941,0.902,0.126,0.693,0.993,0.246,0.757,0.68,0.252,0.654,0.434,0.72,0.846,0.936,0.693,0.532,0.895,0.214,0.821,0.815,0.99,0.167,0.535,0.861,0.57,0.359,0.846,0.799,0.124
0.0,0.586,0.788,0.331,0.873,0.126,0.429,0.331,0.379,0.048,0.692,0.672,0.984,0.021,0.65,0.277,0.284,0.925,0.026,0.771,0.893,0.549,0.46,0.266,0.213,0.073,0.024,0.976,0.983,0.559,0.471,0.107,0.17,0.402,0.734,0.292,0.715,0.506,0.872,0.174,0.171
1.0,0.179,0.012,0.456,0.629,0.034,0.661,0.344,0.892,0.961,0.248,0.319,0.299,0.687,0.335,0.319,0.697,0.499,0.454,0.192,0.651,0.35,0.708,0.857,0.008,0.127,0.392,0.616,0.145,0.263,0.609,0.312,0.42,0.74,0.526,0.411,0.863,0.995,0.049,0.245,0.549
1.0,0.29,0.7,0.085,0.962,0.485,0.631,0.876,0.357,0.754,0.96,0.318,0.304,0.518,0.562,0.136,0.397,0.423,0.136,0.552,0.603,0.001,0.699,0.281,0.504,0.934,0.754,0.641,0.456,0.789,0.363,0.605,0.061,0.791,0.492,0.947,0.938,0.316,0.668,0.864,0.341
1.0,0.14,0.671,0.172,0.868,0.221,0.845,0.713,0.665,0.603,0.712,0.059,0.731,0.042,0.948,0.133,0.143,0.121,0.726,0.314,0.107,0.933,0.604,0.649,0.53,0.508,0.008,0.302,0.217,0.435,0.872,0.006,0.154,0.046,0.916,0.676,0.417,0.225,0.05,0.641,0.701
1.0,0.933,0.417,0.873,0.926,0.29,0.059,0.33,0.85,0.333,0.523,0.571,0.286,0.489,0.029,0.939,0.511,0.939,0.447,0.943,0.414,0.64,0.468,0.549,0.36,0.307,0.893,0.371,0.775,0.501,0.217,0.713,0.437,0.569,0.54,0.313,0.735,0.919,0.025,0.35,0.845
1.0,0.007,0.984,0.534,0.301,0.493,0.144,0.339,0.31,0.45,0.704,0.811,0.484,0.947,0.948,0.3,0.709,0.755,0.344,0.44,0.351,0.457,0.501,0.461,0.771,0.234,0.977,0.232,0.819,0.623,0.497,0.248,0.796,0.723,0.863,0.354,0.416,0.881,0.154,0.689,0.935
0.0,0.428,0.955,0.511,0.436,0.668,0.662,0.946,0.425,0.238,0.661,0.875,0.523,0.736,0.535,0.732,0.815,0.791,0.974,0.188,0.204,0.864,0.976,0.449,0.708,0.84,0.368,0.993,0.336,0.161,0.7,0.103,0.537,0.779,0.25,0.594,0.4,0.595,0.644,0.593,0.617
1.0,0.034,0.632,0.422,0.988,0.75,0.0,0.588,0.038,0.979,0.318,0.283,0.227,0.043,0.429,0.372,0.651,0.8,0.392,0.218,0.574,0.868,0.046,0.568,0.766,0.455,0.611,0.817,0.293,0.914,0.73,0.186,0.312,0.918,0.374,0.02,0.872,0.945,0.373,0.582,0.85
1.0,0.366,0.472,0.839,0.783,0.607,0.996,0.935,0.183,0.106,0.204,0.685,0.138,0.822,0.846,0.344,0.766,0.776,0.844,0.4,0.909,0.7,0.353,0.03,0.419,0.131,0.182,0.347,0.061,0.164,0.768,0.279,0.148,0.284,0.338,0.998,0.167,0.301,0.47,0.871,0.829
0.0,0.003,0.103,0.438,0.568,0.543,0.725,0.941,0.428,0.154,0.265,0.04,0.861,0.805,0.636,0.163,0.731,0.469,0.182,0.635,0.847,0.815,0.449,0.328,0.954,0.883,0.436,0.138,0.632,0.614,0.534,0.405,0.555,0.325,0.948,0.702,0.715,0.291,0.287,0.896,0.596
1.0,0.929,0.682,0.055,0.78,0.753,0.203,0.141,0.14,0.737,0.251,0.889,0.76,0.075,0.299,0.565,0.98,0.426,0.516,0.969,0.464,0.635,0.371,0.153,0.839,0.153,0.983,0.53,0.481,0.281,0.045,0.206,0.998,0.852,0.172,0.513,0.76,0.344,0.751,0.463,0.311
0.0,0.715,0.819,0.219,0.52,0.803,0.851,0.806,0.186,0.862,0.291,0.324,0.592,0.076,0.48,0.622,0.96,0.708,0.917,0.494,0.681,0.699,0.436,0.845,0.557,0.935,0.073,0.649,0.725,0.965,0.413,0.467,0.014,0.335,0.922,0.766,0.55,0.515,0.759,0.872,0.754
0.0,0.345,0.615,0.593,0.487,0.742,0.048,0.331,0.802,0.383,0.133,0.429,0.182,0.547,0.107,0.616,0.298,0.68,0.138,0.987,0.899,0.09,0.16,0.838,0.464,0.448,0.717,0.317,0.884,0.464,0.102,0.59,0.562,0.747,0.69,0.835,0.105,0.134,0.263,0.677,0.93
1.0,0.905,0.479,0.531,0.013,0.683,0.972,0.274,0.843,0.663,0.005,0.493,0.299,0.105,0.114,0.155,0.67,0.086,0.448,0.079,0.789,0.636,0.118,0.055,0.897,0.972,0.567,0.745,0.526,0.46,0.21,0.489,0.898,0.406,0.141,0.251,0.653,0.674,0.299,0.821,0.78
0.0,0.761,0.179,0.345,0.006,0.433,0.091,0.925,0.906,0.566,0.899,0.851,0.487,0.553,0.54,0.523,0.532,0.405,0.693,0.573,0.563,0.083,0.775,0.943,0.187,0.298,0.686,0.594,0.415,0.434,0.899,0.891,0.903,0.378,0.94,0.773,0.254,0.53,0.236,0.034,0.619
0.0,0.618,0.002,0.102,0.736,0.699,0.619,0.363,0.56,0.72,0.438,0.398,0.646,0.339,0.966,0.815,0.615,0.882,0.584,0.489,0.067,0.027,0.358,0.974,0.624,0.394,0.811,0.651,0.984,0.28,0.662,0.852,0.986,0.848,0.491,0.294,0.814,0.341,0.264,0.422,0.787
0.0,0.209,0.543,0.407,0.313,0.863,0.271,0.923,0.097,0.545,0.306,0.989,0.26,0.272,0.614,0.495,0.766,0.84,0.744,0.394,0.685,0.882,0.654,0.544,0.629,0.507,0.421,0.847,0.519,0.75,0.586,0.935,0.654,0.816,0.604,0.668,0.754,0.579,0.872,0.251,0.97
1.0,0.682,0.52,0.696,0.933,0.474,0.504,0.734,0.269,0.507,0.802,0.748,0.242,0.911,0.081,0.956,0.259,0.114,0.992,0.142,0.43,0.5,0.543,0.168,0.839,0.114,0.738,0.826,0.736,0.466,0.548,0.209,0.444,0.426,0.361,0.939,0.27,0.966,0.71,0.289,0.1
0.0,0.702,0.562,0.872,0.68,0.735,0.353,0.449,0.473,0.726,0.69,0.546,0.634,0.771,0.656,0.277,0.205,0.687,0.635,0.109,0.057,0.758,0.652,0.265,0.963,0.325,0.196,0.544,0.08,0.145,0.884,0.637,0.497,0.871,0.468,0.16,0.425,0.587,0.997,0.292,0.934
0.0,0.145,0.037,0.137,0.936,0.292,0.223,0.476,0.164,0.473,0.564,0.135,0.691,0.701,0.358,0.572,0.401,0.567,0.619,0.551,0.64,0.298,0.676,0.866,0.161,0.569,0.673,0.693,0.039,0.361,0.864,0.251,0.119,0.652,0.034,0.48,0.821,0.247,0.387,0.695,0.62
0.0,0.255,0.13,0.252,0.678,0.899,0.244,0.668,0.372,0.444,0.156,0.537,0.997,0.531,0.191,0.644,0.032,0.895,0.373,0.178,0.955,0.484,0.045,0.105,0.443,0.857,0.748,0.977,0.03,0.623,0.743,0.419,0.79,0.419,0.042,0.654,0.53,0.465,0.729,0.365,0.286
1.0,0.816,0.891,0.833,0.435,0.44,0.411,0.426,0.986,0.092,0.947,0.838,0.159,0.654,0.486,0.439,0.647,0.638,0.17,0.086,0.14,0.984,0.125,0.537,0.888,0.731,0.223,0.112,0.175,0.47,0.604,0.781,0.577,0.942,0.262,0.365,0.411,0.916,0.223,0.199,0.636
1.0,0.319,0.013,0.188,0.302,0.67,0.83,0.769,0.667,0.94,0.104,0.511,0.223,0.756,0.376,0.206,0.465,0.785,0.169,0.949,0.389,0.029,0.384,0.655,0.963,0.22,0.327,0.303,0.708,0.294,0.58,0.93,0.358,0.998,0.108,0.823,0.985,0.573,0.056,0.888,0.109
1.0,0.109,0.337,0.179,0.184,0.669,0.912,0.233,0.717,0.845,0.67,0.405,0.314,0.393,0.418,0.339,0.192,0.051,0.158,0.309,0.967,0.572,0.836,0.019,0.889,0.635,0.596,0.201,0.726,0.755,0.598,0.992,0.142,0.428,0.787,0.319,0.988,0.009,0.472,0.192,0.268
0.0,0.77,0.451,0.841,0.403,0.049,0.648,0.251,0.998,0.393,0.785,0.977,0.81,0.102,0.007,0.247,0.893,0.711,0.0,0.469,0.38,0.109,0.348,0.653,0.185,0.443,0.969,0.577,0.387,0.214,0.269,0.957,0.489,0.412,0.454,0.91,0.226,0.996,0.326,0.44,0.8
1.0,0.146,0.66,0.919,0.103,0.595,0.762,0.011,0.682,0.392,0.894,0.133,0.411,0.952,0.279,0.344,0.824,0.761,0.485,0.998,0.776,0.137,0.898,0.381,0.798,0.996,0.519,0.233,0.106,0.839,0.828,0.039,0.185,0.016,0.298,0.659,0.548,0.63,0.549,0.736,0.846
0.0,0.486,0.436,0.986,0.397,0.154,0.731,0.767,0.208,0.11,0.954,0.439,0.845,0.608,0.921,0.779,0.863,0.198,0.724,0.747,0.219,0.596,0.35,0.919,0.709,0.249,0.485,0.101,0.228,0.725,0.876,0.447,0.8,0.174,0.179,0.972,0.002,0.493,0.145,0.98,0.755
0.0,0.324,0.605,0.187,0.674,0.854,0.483,0.724,0.681,0.794,0.607,0.0,0.089,0.198,0.137,0.994,0.591,0.074,0.229,0.137,0.083,0.838,0.117,0.204,0.31,0.255,0.73,0.077,0.813,0.92,0.988,0.926,0.992,0.629,0.536,0.373,0.993,0.797,0.494,0.784,0.494
1.0,0.629,0.754,0.611,0.052,0.465,0.687,0.653,0.081,0.739,0.115,0.97,0.061,0.332,0.247,0.329,0.777,0.363,0.208,0.049,0.001,0.019,0.193,0.779,0.736,0.885,0.8,0.879,0.727,0.203,0.507,0.214,0.936,0.21,0.353,0.259,0.214,0.23,0.878,0.447,0.156
1.0,0.515,0.468,0.301,0.32,0.824,0.773,0.654,0.223,0.457,0.263,0.07,0.447,0.932,0.886,0.246,0.732,0.031,0.915,0.532,0.068,0.257,0.378,0.439,0.72,0.554,0.406,0.416,0.37,0.704,0.492,0.962,0.553,0.402,0.911,0.386,0.478,0.275,0.033,0.614,0.553
1.0,0.977,0.915,0.548,0.012,0.405,0.093,0.133,0.491,0.209,0.734,0.342,0.882,0.947,0.46,0.472,0.611,0.607,0.646,0.948,0.809,0.228,0.666,0.985,0.129,0.752,0.117,0.856,0.721,0.114,0.436,0.667,0.679,0.916,0.68,0.726,0.72,0.477,0.606,0.289,0.241
1.0,0.338,0.308,0.735,0.137,0.025,0.318,0.605,0.948,0.969,0.535,0.411,0.161,0.541,0.284,0.765,0.062,0.299,0.424,0.125,0.215,0.118,0.515,0.272,0.013,0.093,0.759,0.745,0.796,0.458,0.292,0.816,0.724,0.524,0.48,0.505,0.694,0.087,0.984,0.207,0.103
0.0,0.801,0.939,0.851,0.181,0.886,0.289,0.224,0.333,0.522,0.733,0.329,0.617,0.184,0.808,0.933,0.016,0.526,0.905,0.688,0.215,0.916,0.425,0.187,0.76,0.034,0.384,0.925,0.69,0.887,0.303,0.087,0.739,0.827,0.747,0.659,0.648,0.387,0.506,0.28,0.979
1.0,0.294,0.489,0.355,0.221,0.257,0.813,0.627,0.141,0.187,0.752,0.146,0.081,0.652,0.959,0.977,0.652,0.403,0.802,0.255,0.857,0.587,0.617,0.714,0.214,0.235,0.57,0.492,0.538,0.796,0.707,0.498,0.175,0.093,0.093,0.963,0.723,0.772,0.603,0.646,0.31
0.0,0.537,0.864,0.962,0.855,0.933,0.854,0.708,0.15,0.356,0.143,0.19,0.792,0.502,0.562,0.679,0.064,0.795,0.492,0.107,0.938,0.593,0.065,0.838,0.133,0.383,0.691,0.582,0.858,0.442,0.921,0.087,0.98,0.707,0.629,0.876,0.726,0.476,0.704,0.891,0.146
0.0,0.54,0.542,0.086,0.048,0.207,0.528,0.023,0.452,0.911,0.704,0.042,0.976,0.118,0.981,0.787,0.774,0.318,0.51,0.703,0.839,0.223,0.371,0.375,0.186,0.804,0.721,0.287,0.811,0.404,0.466,0.456,0.168,0.38,0.285,0.279,0.435,0.289,0.68,0.595,0.038
1.0,0.925,0.869,0.609,0.792,0.006,0.249,0.879,0.883,0.485,0.691,0.497,0.661,0.709,0.461,0.007,0.919,0.834,0.166,0.282,0.988,0.308,0.421,0.264,0.771,0.438,0.146,0.689,0.292,0.058,0.229,0.065,0.612,0.208,0.272,0.523,0.847,0.037,0.109,0.515,0.717
1.0,0.547,0.211,0.546,0.106,0.562,0.755,0.378,0.45,0.385,0.299,0.372,0.554,0.062,0.616,0.305,0.988,0.497,0.007,0.802,0.699,0.854,0.618,0.754,0.664,0.891,0.874,0.431,0.702,0.083,0.185,0.01,0.393,0.459,0.516,0.522,0.094,0.312,0.772,0.615,0.176
0.0,0.599,0.742,0.945,0.601,0.389,0.071,0.902,0.925,0.072,0.996,0.347,0.909,0.256,0.758,0.087,0.037,0.374,0.375,0.619,0.306,0.48,0.014,0.07,0.426,0.369,0.238,0.567,0.624,0.062,0.961,0.256,0.936,0.679,0.113,0.392,0.904,0.14,0.137,0.407,0.677
1.0,0.503,0.676,0.057,0.92,0.031,0.337,0.087,0.324,0.676,0.11,0.95,0.244,0.757,0.913,0.794,0.534,0.737,0.187,0.771,0.462,0.762,0.304,0.439,0.343,0.769,0.846,0.568,0.999,0.006,0.595,0.918,0.592,0.434,0.026,0.732,0.543,0.446,0.676,0.132,0.79
0.0,0.845,0.11,0.781,0.022,0.121,0.197,0.459,0.014,0.909,0.909,0.846,0.607,0.368,0.199,0.241,0.731,0.69,0.747,0.717,0.614,0.958,0.633,0.925,0.248,0.841,0.305,0.195,0.516,0.53,0.458,0.25,0.222,0.673,0.496,0.515,0.256,0.919,0.896,0.739,0.47
1.0,0.489,0.261,0.804,0.409,0.76,0.759,0.393,0.477,0.657,0.146,0.468,0.713,0.648,0.628,0.075,0.519,0.903,0.836,0.716,0.926,0.032,0.034,0.044,0.397,0.392,0.526,0.02,0.459,0.846,0.445,0.688,0.273,0.222,0.044,0.672,0.319,0.408,0.972,0.734,0.825
1.0,0.341,0.836,0.796,0.866,0.322,0.641,0.804,0.656,0.533,0.549,0.839,0.645,0.48,0.64,0.596,0.738,0.204,0.188,0.842,0.647,0.069,0.875,0.618,0.604,0.288,0.42,0.476,0.735,0.685,0.989,0.259,0.537,0.414,0.037,0.177,0.548,0.96,0.066,0.597,0.342
0.0,0.198,0.292,0.596,0.717,0.94,0.625,0.325,0.761,0.967,0.285,0.109,0.792,0.56,0.848,0.914,0.716,0.905,0.123,0.271,0.428,0.745,0.526,0.734,0.238,0.792,0.724,0.917,0.565,0.678,0.67,0.661,0.059,0.792,0.872,0.88,0.096,0.096,0.76,0.238,0.087
0.0,0.157,0.407,0.412,0.047,0.732,0.859,0.585,0.365,0.271,0.032,0.09,0.598,0.512,0.465,0.553,0.22,0.168,0.063,0.122,0.714,0.404,0.51,0.421,0.039,0.818,0.821,0.259,0.644,0.254,0.915,0.457,0.402,0.887,0.296,0.514,0.037,0.374,0.106,0.462,0.74
1.0,0.708,0.162,0.167,0.062,0.14,0.219,0.515,0.915,0.968,0.118,0.14,0.397,0.634,0.151,0.539,0.108,0.754,0.885,0.725,0.962,0.541,0.539,0.289,0.051,0.515,0.059,0.633,0.823,0.718,0.024,0.077,0.978,0.868,0.339,0.454,0.665,0.718,0.184,0.524,0.368
0.0,0.462,0.133,0.167,0.293,0.995,0.792,0.77,0.415,0.405,0.286,0.094,0.294,0.406,0.653,0.849,0.01,0.799,0.227,0.989,0.229,0.761,0.736,0.963,0.642,0.496,0.999,0.317,0.859,0.41,0.599,0.236,0.642,0.815,0.706,0.504,0.461,0.569,0.994,0.259,0.588
1.0,0.032,0.459,0.995,0.817,0.399,0.499,0.492,0.589,0.515,0.541,0.47,0.345,0.647,0.136,0.452,0.664,0.739,0.052,0.489,0.12,0.168,0.663,0.387,0.847,0.645,0.989,0.791,0.305,0.859,0.601,0.243,0.441,0.208,0.036,0.919,0.318,0.942,0.576,0.143,0.733
0.0,0.731,0.432,0.275,0.044,0.634,0.47,0.375,0.6,0.271,0.059,0.051,0.909,0.404,0.359,0.179,0.222,0.67,0.375,0.543,0.288,0.157,0.785,0.694,0.619,0.467,0.336,0.362,0.818,0.023,0.598,0.633,0.518,0.424,0.578,0.18,0.504,0.236,0.501,0.761,0.366
1.0,0.27,0.087,0.65,0.37,0.737,0.702,0.096,0.386,0.726,0.609,0.543,0.168,0.063,0.476,0.114,0.132,0.378,0.529,0.548,0.867,0.991,0.292,0.763,0.781,0.164,0.131,0.909,0.137,0.017,0.166,0.63,0.199,0.911,0.7,0.104,0.628,0.837,0.202,0.364,0.079
1.0,0.132,0.523,0.989,0.508,0.092,0.295,0.905,0.265,0.088,0.155,0.902,0.373,0.004,0.542,0.831,0.336,0.602,0.062,0.232,0.516,0.279,0.749,0.135,0.406,0.339,0.147,0.491,0.995,0.083,0.393,0.129,0.198,0.017,0.484,0.234,0.204,0.976,0.931,0.272,0.216
1.0,0.224,0.988,0.036,0.765,0.147,0.064,0.083,0.881,0.782,0.681,0.236,0.245,0.716,0.304,0.615,0.691,0.915,0.429,0.1,0.742,0.585,0.79,0.731,0.921,0.139,0.708,0.178,0.463,0.6,0.826,0.477,0.646,0.708,0.851,0.718,0.223,0.147,0.885,0.637,0.263
1.0,0.963,0.776,0.992,0.296,0.06,0.372,0.635,0.363,0.616,0.783,0.73,0.226,0.611,0.363,0.594,0.728,0.973,0.353,0.986,0.031,0.47,0.634,0.449,0.104,0.268,0.36,0.526,0.707,0.951,0.893,0.842,0.957,0.701,0.672,0.671,0.259,0.402,0.9,0.946,0.293
1.0,0.041,0.445,0.453,0.045,0.294,0.371,0.273,0.613,0.162,0.863,0.052,0.623,0.003,0.504,0.248,0.783,0.419,0.4,0.538,0.82,0.969,0.43,0.619,0.144,0.221,0.612,0.224,0.618,0.545,0.598,0.364,0.643,0.861,0.304,0.917,0.697,0.432,0.788,0.418,0.661
0.0,0.139,0.484,0.314,0.719,0.195,0.165,0.526,0.68,0.038,0.219,0.929,0.36,0.991,0.127,0.322,0.859,0.557,0.817,0.929,0.34,0.639,0.393,0.86,0.56,0.833,0.671,0.08,0.8,0.599,0.356,0.831,0.379,0.36,0.208,0.046,0.974,0.304,0.554,0.096,0.461
1.0,0.601,0.786,0.238,0.465,0.041,0.44,0.659,0.949,0.784,0.667,0.968,0.242,0.796,0.206,0.528,0.914,0.01,0.239,0.857,0.973,0.434,0.041,0.183,0.035,0.606,0.082,0.276,0.644,0.925,0.763,0.635,0.778,0.658,0.03,0.599,0.615,0.615,0.1,0.117,0.826
0.0,0.479,0.04,0.977,0.713,0.586,0.714,0.803,0.203,0.225,0.713,0.115,0.8,0.054,0.199,0.592,0.312,0.193,0.43,0.531,0.255,0.518,0.195,0.909,0.156,0.94,0.806,0.399,0.831,0.004,0.57,0.488,0.555,0.589,0.553,0.527,0.717,0.532,0.274,0.238,0.913
1.0,0.299,0.297,0.122,0.664,0.442,0.421,0.023,0.922,0.915,0.626,0.276,0.348,0.367,0.617,0.207,0.217,0.99,0.198,0.747,0.819,0.418,0.307,0.184,0.575,0.614,0.803,1.0,0.953,0.38,0.596,0.968,0.415,0.74,0.723,0.193,0.918,0.287,0.617,0.382,0.337
0.0,0.005,0.931,0.627,0.04,0.936,0.345,0.044,0.862,0.886,0.344,0.229,0.755,0.413,0.165,0.633,0.654,0.6,0.582,0.619,0.203,0.7,0.681,0.322,0.076,0.361,0.544,0.668,0.934,0.195,0.979,0.206,0.662,0.958,0.995,0.536,0.256,0.563,0.864,0.158,0.733
0.0,0.033,0.442,0.837,0.351,0.059,0.831,0.648,0.737,0.183,0.614,0.818,0.122,0.66,0.268,0.61,0.504,0.925,0.407,0.731,0.577,0.494,0.508,0.82,0.534,0.196,0.529,0.859,0.458,0.396,0.083,0.967,0.964,0.634,0.761,0.015,0.029,0.384,0.645,0.058,0.778
0.0,0.221,0.031,0.891,0.591,0.974,0.513,0.089,0.887,0.714,0.742,0.077,0.006,0.844,0.376,0.858,0.198,0.782,0.498,0.665,0.427,0.778,0.253,0.625,0.95,0.551,0.704,0.734,0.008,0.808,0.148,0.98,0.227,0.946,0.945,0.178,0.38,0.906,0.73,0.761,0.591
1.0,0.85,0.657,0.676,0.533,0.812,0.937,0.881,0.015,0.506,0.573,0.132,0.305,0.537,0.923,0.892,0.707,0.124,0.71,0.027,0.601,0.736,0.619,0.433,0.163,0.74,0.641,0.966,0.636,0.456,0.274,0.372,0.019,0.904,0.044,0.246,0.038,0.137,0.213,0.247,0.005
1.0,0.917,0.149,0.194,0.354,0.237,0.229,0.065,0.226,0.872,0.76,0.848,0.205,0.25,0.539,0.83,0.623,0.664,0.515,0.859,0.883,0.634,0.872,0.572,0.307,0.642,0.091,0.933,0.843,0.929,0.765,0.527,0.224,0.166,0.517,0.664,0.94,0.385,0.458,0.564,0.007
0.0,0.798,0.818,0.757,0.243,0.946,0.149,0.287,0.714,0.749,0.802,0.596,0.099,0.784,0.257,0.112,0.663,0.39,0.147,0.11,0.544,0.599,0.889,0.708,0.812,0.118,0.393,0.272,0.465,0.778,0.84,0.747,0.181,0.17,0.54,0.494,0.69,0.682,0.403,0.042,0.428
0.0,0.691,0.386,0.73,0.362,0.33,0.466,0.246,0.877,0.71,0.15,0.236,0.912,0.176,0.436,0.572,0.763,0.676,0.312,0.75,0.651,0.508,0.857,0.959,0.678,0.52,0.215,0.083,0.943,0.063,0.873,0.351,0.262,0.749,0.964,0.732,0.915,0.392,0.634,0.214,0.64
0.0,0.314,0.96,0.01,0.787,0.906,0.511,0.867,0.974,0.895,0.338,0.277,0.329,0.552,0.072,0.548,0.429,0.404,0.975,0.048,0.194,0.132,0.823,0.576,0.626,0.512,0.256,0.203,0.016,0.624,0.444,0.566,0.195,0.02,0.185,0.161,0.324,0.886,0.005,0.94,0.25
0.0,0.366,0.494,0.59,0.861,0.459,0.257,0.014,0.148,0.046,0.948,0.053,0.379,0.741,0.244,0.301,0.49,0.502,0.517,0.516,0.112,0.169,0.296,0.897,0.159,0.023,0.211,0.972,0.44,0.574,0.566,0.247,0.583,0.544,0.086,0.488,0.265,0.851,0.579,0.225,0.029
0.0,0.653,0.627,0.032,0.685,0.167,0.213,0.948,0.008,0.5,0.595,0.698,0.802,0.509,0.775,0.986,0.576,0.653,0.311,0.04,0.299,0.364,0.017,0.549,0.983,0.578,0.06,0.674,0.591,0.452,0.189,0.57,0.581,0.74,0.847,0.163,0.836,0.533,0.611,0.722,0.783
0.0,0.36,0.421,0.181,0.478,0.85,0.581,0.629,0.713,0.677,0.59,0.389,0.975,0.227,0.191,0.473,0.327,0.698,0.633,0.284,0.528,0.16,0.292,0.442,0.47,0.128,0.845,0.696,0.996,0.335,0.862,0.542,0.843,0.399,0.791,0.984,0.668,0.501,0.763,0.037,0.456
1.0,0.273,0.825,0.265,0.407,0.399,0.132,0.111,0.775,0.93,0.382,0.411,0.747,0.294,0.379,0.315,0.065,0.891,0.616,0.191,0.973,0.512,0.017,0.199,0.107,0.065,0.921,0.6,0.187,0.892,0.489,0.942,0.897,0.291,0.426,0.721,0.371,0.342,0.076,0.41,0.748
1.0,0.383,0.716,0.372,0.768,0.613,0.003,0.555,0.077,0.896,0.306,0.351,0.502,0.864,0.512,0.808,0.046,0.228,0.614,0.47,0.793,0.238,0.9,0.686,0.375,0.779,0.484,0.589,0.423,0.651,0.914,0.261,0.988,0.916,0.576,0.722,0.252,0.626,0.803,0.303,0.61
1.0,0.356,0.352,0.832,0.945,0.664,0.029,0.587,0.94,0.469,0.666,0.091,0.671,0.461,0.037,0.565,0.288,0.364,0.062,0.679,0.349,0.939,0.754,0.665,0.815,0.29,0.669,0.517,0.882,0.081,0.087,0.544,0.335,0.832,0.339,0.509,0.023,0.85,0.932,0.219,0.937
1.0,0.815,0.288,0.035,0.368,0.021,0.665,0.495,0.635,0.653,0.003,0.285,0.664,0.913,0.519,0.382,0.153,0.224,0.343,0.215,0.273,0.519,0.097,0.742,0.323,0.259,0.449,0.45,0.338,0.593,0.113,0.617,0.136,0.142,0.037,0.17,0.074,0.108,0.054,0.704,0.849
1.0,0.665,0.199,0.797,0.588,0.697,0.957,0.707,0.743,0.45,0.591,0.79,0.68,0.124,0.653,0.582,0.443,0.477,0.399,0.254,0.662,0.637,0.07,0.673,0.85,0.364,0.71,0.918,0.818,0.008,0.496,0.328,0.452,0.024,0.873,0.45,0.889,0.028,0.119,0.21,0.228
1.0,0.949,0.489,0.126,0.034,0.165,0.486,0.987,0.905,0.607,0.695,0.259,0.52,0.429,0.114,0.445,0.102,0.905,0.752,0.453,0.942,0.165,0.526,0.382,0.746,0.599,0.851,0.664,0.185,0.688,0.976,0.264,0.22,0.873,0.749,0.524,0.687,0.084,0.996,0.64,0.467
0.0,0.905,0.075,0.316,0.009,0.585,0.425,0.68,0.182,0.321,0.291,0.362,0.871,0.629,0.036,0.669,0.18,0.573,0.18,0.188,0.657,0.389,0.683,0.213,0.461,0.971,0.067,0.322,0.938,0.149,0.523,0.704,0.332,0.637,0.002,0.395,0.352,0.705,0.375,0.432,0.546
1.0,0.286,0.126,0.734,0.496,0.822,0.36,0.887,0.259,0.204,0.222,0.768,0.098,0.377,0.289,0.815,0.868,0.628,0.932,0.283,0.732,0.964,0.278,0.067,0.895,0.276,0.079,0.451,0.676,0.083,0.342,0.995,0.018,0.859,0.396,0.727,0.177,0.925,0.676,0.59,0.732
0.0,0.991,0.198,0.828,0.581,0.701,0.075,0.786,0.415,0.162,0.875,0.592,0.954,0.515,0.231,0.9,0.21,0.644,0.631,0.492,0.059,0.914,0.427,0.965,0.706,0.689,0.556,0.091,0.313,0.249,0.12,0.122,0.747,0.545,0.507,0.033,0.438,0.456,0.66,0.281,0.268
1.0,0.869,0.774,0.494,0.277,0.053,0.27,0.015,0.438,0.635,0.88,0.149,0.755,0.584,0.081,0.185,0.75,0.907,0.306,0.859,0.604,0.614,0.831,0.005,0.251,0.451,0.804,0.38,0.344,0.778,0.642,0.461,0.389,0.667,0.869,0.092,0.292,0.583,0.897,0.224,0.763
0.0,0.273,0.723,0.803,0.44,0.19,0.079,0.162,0.383,0.955,0.966,0.102,0.859,0.728,0.849,0.976,0.533,0.724,0.713,0.373,0.319,0.657,0.232,0.438,0.601,0.119,0.598,0.518,0.813,0.358,0.792,0.478,0.701,0.36,0.074,0.954,0.632,0.43,0.539,0.48,0.912
1.0,0.463,0.263,0.789,0.333,0.266,0.361,0.948,0.709,0.274,0.466,0.442,0.378,0.099,0.429,0.359,0.306,0.511,0.192,0.407,0.951,0.212,0.217,0.313,0.943,0.401,0.484,0.656,0.448,0.554,0.136,0.687,0.471,0.296,0.629,0.366,0.368,0.631,0.069,0.394,0.445
0.0,0.412,0.796,0.246,0.864,0.872,0.999,0.621,0.413,0.497,0.005,0.797,0.318,0.716,0.239,0.856,0.359,0.487,0.127,0.065,0.78,0.743,0.755,0.885,0.769,0.306,0.763,0.41,0.905,0.845,0.231,0.647,0.1,0.269,0.923,0.458,0.324,0.727,0.628,0.635,0.603
1.0,0.664,0.536,0.627,0.278,0.995,0.921,0.626,0.266,0.45,0.318,0.278,0.042,0.777,0.03,0.676,0.474,0.802,0.667,0.026,0.998,0.824,0.055,0.004,0.738,0.754,0.836,0.035,0.785,0.098,0.617,0.262,0.029,0.923,0.697,0.829,0.749,0.194,0.817,0.899,0.304
1.0,0.83,0.747,0.631,0.588,0.745,0.453,0.132,0.293,0.313,0.483,0.508,0.142,0.155,0.566,0.069,0.057,0.302,0.43,0.13,0.717,0.144,0.212,0.736,0.619,0.529,0.344,0.07,0.28,0.769,0.615,0.267,0.422,0.245,0.601,0.711,0.973,0.497,0.036,0.101,0.656
0.0,0.557,0.879,0.842,0.738,0.503,0.343,0.78,0.259,0.948,0.316,0.073,0.126,0.606,0.297,0.415,0.163,0.086,0.558,0.84,0.596,0.762,0.73,0.8,0.459,0.376,0.817,0.154,0.663,0.643,0.484,0.557,0.346,0.305,0.001,0.513,0.011,0.172,0.802,0.956,0.251
1.0,0.973,0.752,0.2,0.332,0.262,0.364,0.998,0.571,0.124,0.113,0.705,0.014,0.616,0.07,0.054,0.23,0.404,0.081,0.908,0.833,0.754,0.327,0.16,0.73,0.95,0.958,0.804,0.036,0.004,0.039,0.53,0.285,0.975,0.71,0.228,0.257,0.792,0.784,0.37,0.325
0.0,0.256,0.877,0.436,0.797,0.255,0.75,0.088,0.818,0.509,0.831,0.812,0.479,0.109,0.135,0.821,0.618,0.423,0.305,0.925,0.427,0.234,0.269,0.92,0.942,0.247,0.51,0.699,0.849,0.299,0.532,0.759,0.441,0.694,0.809,0.799,0.21,0.346,0.615,0.371,0.025
0.0,0.381,0.451,0.363,0.818,0.237,0.817,0.155,0.621,0.874,0.647,0.529,0.62,0.55,0.848,0.546,0.825,0.011,0.479,0.787,0.965,0.967,0.244,0.7,0.365,0.101,0.81,0.829,0.742,0.372,0.794,0.38,0.786,0.104,0.923,0.617,0.056,0.914,0.036,0.709,0.39
1.0,0.965,0.415,0.183,0.973,0.381,0.417,0.417,0.822,0.06,0.932,0.074,0.057,0.574,0.866,0.886,0.934,0.789,0.286,0.638,0.668,0.425,0.328,0.609,0.763,0.968,0.299,0.196,0.619,0.42,0.947,0.031,0.145,0.196,0.857,0.116,0.505,0.083,0.524,0.001,0.107
1.0,0.998,0.633,0.052,0.335,0.63,0.939,0.404,0.453,0.505,0.493,0.534,0.439,0.431,0.349,0.684,0.031,0.756,0.089,0.277,0.712,0.71,0.151,0.474,0.479,0.171,0.83,0.903,0.974,0.909,0.767,0.416,0.352,0.452,0.564,0.671,0.594,0.608,0.88,0.29,0.563
1.0,0.142,0.087,0.765,0.736,0.103,0.975,0.317,0.871,0.433,0.095,0.504,0.381,0.621,0.132,0.315,0.708,0.283,0.613,0.432,0.949,0.804,0.439,0.414,0.926,0.147,0.529,0.031,0.493,0.523,0.98,0.255,0.714,0.323,0.156,0.149,0.177,0.25,0.357,0.179,0.755
0.0,0.06,0.077,0.924,0.955,0.297,0.921,0.988,0.657,0.336,0.333,0.39,0.24,0.186,0.233,0.764,0.341,0.896,0.783,0.009,0.357,0.355,0.152,0.924,0.753,0.161,0.077,0.757,0.768,0.971,0.866,0.405,0.272,0.275,0.761,0.843,0.48,0.686,0.666,0.6,0.689
0.0,0.231,0.854,0.271,0.024,0.1,0.232,0.448,0.449,0.819,0.409,0.857,0.052,0.037,0.025,0.48,0.177,0.969,0.849,0.58,0.639,0.332,0.638,0.943,0.544,0.698,0.631,0.347,0.943,0.678,0.85,0.487,0.076,0.611,0.804,0.663,0.183,0.528,0.122,0.25,0.585
1.0,0.523,0.279,0.079,0.272,0.677,0.705,0.746,0.992,0.232,0.541,0.295,0.64,0.525,0.023,0.857,0.465,0.492,0.126,0.988,0.949,0.552,0.703,0.023,0.583,0.569,0.905,0.779,0.648,0.98,0.493,0.782,0.151,0.796,0.766,0.733,0.085,0.196,0.308,0.602,0.723
0.0,0.273,0.52,0.764,0.378,0.825,0.457,0.709,0.572,0.471,0.06,0.473,0.857,0.576,0.757,0.179,0.171,0.948,0.849,0.078,0.592,0.342,0.579,0.444,0.261,0.585,0.069,0.417,0.06,0.133,0.656,0.631,0.71,0.618,0.61,0.756,0.629,0.525,0.505,0.832,0.349
1.0,0.309,0.102,0.775,0.544,0.217,0.563,0.824,0.514,0.607,0.817,0.815,0.595,0.088,0.478,0.534,0.61,0.909,0.08,0.468,0.343,0.108,0.221,0.364,0.263,0.131,0.664,0.083,0.06,0.325,0.516,0.861,0.134,0.525,0.186,0.1,0.537,0.326,0.03,0.59,0.879
0.0,0.916,0.431,0.075,0.139,0.89,0.287,0.811,0.339,0.21,0.116,0.954,0.318,0.831,0.897,0.648,0.257,0.767,0.329,0.665,0.456,0.844,0.813,0.201,0.259,0.854,0.1,0.771,0.162,0.18,0.439,0.009,0.865,0.538,0.291,0.799,0.362,0.925,0.969,0.329,0.478
1.0,0.284,0.522,0.924,0.075,0.353,0.222,0.893,0.872,0.424,0.8,0.788,0.158,0.712,0.546,0.223,0.69,0.228,0.297,0.333,0.381,0.955,0.232,0.292,0.085,0.95,0.233,0.798,0.733,0.928,0.38,0.085,0.725,0.648,0.446,0.041,0.038,0.428,0.457,0.451,0.543
1.0,0.691,0.908,0.911,0.052,0.2,0.585,0.367,0.058,0.137,0.015,0.377,0.646,0.092,0.765,0.279,0.667,0.579,0.812,0.619,0.342,0.294,0.194,0.449,0.43,0.134,0.852,0.996,0.957,0.089,0.713,0.05,0.977,0.045,0.2,0.826,0.516,0.985,0.668,0.126,0.704
1.0,0.688,0.522,0.273,0.574,0.045,0.617,0.938,0.255,0.054,0.713,0.732,0.055,0.003,0.652,0.291,0.829,0.491,0.464,0.767,0.039,0.553,0.33,0.099,0.249,0.11,0.316,0.344,0.211,0.38,0.855,0.679,0.98,0.646,0.079,0.727,0.013,0.168,0.247,0.469,0.967
0.0,0.43,0.269,0.666,0.562,0.893,0.396,0.353,0.208,0.44,0.71,0.899,0.618,0.616,0.184,0.693,0.965,0.555,0.544,0.813,0.93,0.144,0.963,0.462,0.211,0.691,0.627,0.224,0.064,0.625,0.965,0.722,0.338,0.363,0.564,0.173,0.792,0.417,0.706,0.228,0.695
1.0,0.703,0.455,0.21,0.331,0.193,0.368,0.084,0.516,0.602,0.467,0.526,0.115,0.161,0.872,0.607,0.086,0.863,0.687,0.988,0.079,0.545,0.526,0.462,0.262,0.736,0.042,0.875,0.964,0.409,0.652,0.025,0.669,0.43,0.547,0.079,0.223,0.329,0.971,0.363,0.23
0.0,0.812,0.562,0.763,0.801,1.0,0.592,0.542,0.27,0.975,0.23,0.987,0.424,0.695,0.93,0.76,0.45,0.706,0.705,0.062,0.625,0.124,0.592,0.735,0.556,0.747,0.96,0.482,0.116,0.159,0.976,0.624,0.663,0.929,0.967,0.769,0.944,0.843,0.423,0.317,0.218
1.0,0.984,0.839,0.299,0.807,0.671,0.46,0.38,0.444,0.306,0.869,0.62,0.467,0.355,0.185,0.822,0.422,0.932,0.09,0.337,0.457,0.906,0.263,0.544,0.558,0.532,0.579,0.229,0.379,0.587,0.442,0.928,0.501,0.919,0.262,0.982,0.962,0.857,0.325,0.816,0.549
1.0,0.362,0.771,0.241,0.214,0.494,0.877,0.194,0.885,0.341,0.552,0.999,0.106,0.222,0.76,0.93,0.19,0.928,0.666,0.531,0.28,0.924,0.421,0.637,0.794,0.978,0.188,0.008,0.549,0.747,0.091,0.425,0.339,0.121,0.994,0.024,0.003,0.622,0.195,0.297,0.845
1.0,0.364,0.22,0.181,0.517,0.72,0.152,0.305,0.497,0.365,0.169,0.186,0.299,0.895,0.66,0.882,0.2,0.433,0.967,0.985,0.261,0.85,0.428,0.059,0.436,0.811,0.382,0.446,0.072,0.911,0.858,0.707,0.625,0.875,0.142,0.943,0.545,0.981,0.797,0.863,0.154
1.0,0.834,0.151,0.247,0.001,0.451,0.695,0.409,0.722,0.365,0.431,0.371,0.534,0.733,0.237,0.634,0.964,0.117,0.252,0.304,0.574,0.4,0.587,0.594,0.429,0.22,0.277,0.361,0.835,0.539,0.582,0.763,0.12,0.663,0.744,0.778,0.526,0.048,0.078,0.298,0.429
1.0,0.986,0.547,0.692,0.099,0.41,0.907,0.969,0.096,0.012,0.767,0.85,0.244,0.862,0.076,0.555,0.878,0.07,0.52,0.788,0.284,0.058,0.817,0.233,0.389,0.204,0.785,0.656,0.293,0.92,0.288,0.802,0.55,0.709,0.887,0.083,0.018,0.817,0.542,0.271,0.991
0.0,0.684,0.454,0.778,0.321,0.152,0.521,0.439,0.616,0.825,0.043,0.834,0.859,0.97,0.949,0.909,0.405,0.019,0.984,0.913,0.76,0.986,0.52,0.437,0.555,0.919,0.446,0.308,0.014,0.339,0.082,0.28,0.801,0.354,0.258,0.75,0.517,0.507,0.366,0.16,0.12
0.0,0.739,0.756,0.244,0.198,0.51,0.851,0.178,0.276,0.938,0.689,0.084,0.899,0.465,0.251,0.2,0.238,0.235,0.859,0.752,0.819,0.308,0.324,0.483,0.567,0.265,0.82,0.806,0.309,0.426,0.766,0.389,0.67,0.684,0.418,0.456,0.44,0.93,0.346,0.652,0.19
0.0,0.38,0.676,0.014,0.797,0.922,0.505,0.11,0.963,0.063,0.352,0.051,0.788,0.943,0.802,0.238,0.969,0.872,0.429,0.15,0.048,0.438,0.211,0.094,0.362,0.005,0.144,0.412,0.45,0.07,0.894,0.841,0.809,0.393,0.943,0.729,0.867,0.949,0.291,0.965,0.393
0.0,0.803,0.947,0.805,0.547,0.898,0.345,0.167,0.21,0.093,0.147,0.037,0.53,0.4,0.029,0.51,0.249,0.926,0.603,0.792,0.93,0.041,0.003,0.977,0.773,0.01,0.001,0.988,0.406,0.977,0.211,0.977,0.891,0.728,0.758,0.287,0.352,0.08,0.249,0.326,0.91
1.0,0.899,0.195,0.925,0.103,0.033,0.106,0.732,0.197,0.078,0.497,0.625,0.446,0.525,0.54,0.309,0.683,0.933,0.332,0.305,0.252,0.314,0.643,0.408,0.59,0.333,0.273,0.253,0.665,0.092,0.561,0.311,0.12,0.436,0.505,0.799,0.609,0.483,0.644,0.547,0.966
1.0,0.066,0.86,0.808,0.412,0.665,0.619,0.571,0.839,0.11,0.549,0.828,0.427,0.15,0.022,0.005,0.401,0.082,0.826,0.318,0.107,0.328,0.359,0.994,0.688,0.145,0.025,0.817,0.3,0.76,0.364,0.408,0.69,0.574,0.822,0.816,0.35,0.092,0.06,0.78,0.758
1.0,0.513,0.191,0.2,0.851,0.288,0.789,0.946,0.973,0.231,0.699,0.604,0.244,0.582,0.681,0.353,0.038,0.266,0.041,0.581,0.705,0.103,0.331,0.45,0.179,0.804,0.179,0.126,0.29,0.107,0.288,0.945,0.499,0.615,0.958,0.057,0.026,0.407,0.218,0.914,0.874
1.0,0.052,0.583,0.753,0.088,0.377,0.037,0.316,0.271,0.145,0.28,0.894,0.19,0.132,0.272,0.985,0.2,0.77,0.436,0.288,0.084,0.195,0.223,0.736,0.263,0.142,0.491,0.308,0.4,0.668,0.053,0.214,0.725,0.172,0.011,0.076,0.221,0.035,0.807,0.039,0.439
0.0,0.2,0.757,0.627,0.993,0.24,0.144,0.944,0.275,0.134,0.762,0.199,0.831,0.581,0.12,0.156,0.058,0.449,0.078,0.927,0.937,0.882,0.06,0.003,0.929,0.893,0.104,0.094,0.946,0.529,0.325,0.406,0.13,0.43,0.896,0.619,0.373,0.913,0.245,0.931,0.814
0.0,0.224,0.425,0.861,0.879,0.956,0.344,0.609,0.215,0.589,0.791,0.904,0.297,0.444,0.126,0.38,0.087,0.158,0.267,0.506,0.212,0.324,0.554,0.85,0.41,0.041,0.761,0.843,0.735,0.715,0.36,0.85,0.315,0.328,0.513,0.971,0.82,0.335,0.969,0.342,0.383
0.0,0.22,0.209,0.688,0.612,0.753,0.396,0.774,0.023,0.425,0.679,0.15,0.261,0.43,0.301,0.946,0.457,0.582,0.64,0.729,0.36,0.149,0.741,0.984,0.104,0.498,0.919,0.124,0.999,0.035,0.643,0.873,0.16,0.31,0.658,0.873,0.656,0.153,0.941,0.645,0.779
1.0,0.66,0.818,0.5,0.542,0.892,0.88,0.245,0.228,0.806,0.656,0.337,0.35,0.275,0.286,0.326,0.889,0.878,0.901,0.374,0.307,0.686,0.359,0.231,0.499,0.435,0.455,0.375,0.492,0.217,0.165,0.734,0.05,0.069,0.49,0.839,0.009,0.773,0.582,0.788,0.603
0.0,0.846,0.221,0.349,0.504,0.799,0.253,0.119,0.722,0.239,0.061,0.991,0.326,0.943,0.905,0.744,0.462,0.563,0.939,0.549,0.245,0.526,0.579,0.827,0.208,0.362,0.66,0.38,0.757,0.538,0.913,0.864,0.423,0.818,0.497,0.967,0.094,0.99,0.988,0.076,0.205
1.0,0.195,0.717,0.473,0.454,0.027,0.736,0.081,0.764,0.069,0.876,0.92,0.266,0.824,0.474,0.637,0.836,0.668,0.301,0.372,0.849,0.731,0.848,0.231,0.269,0.156,0.71,0.862,0.163,0.835,0.224,0.132,0.358,0.08,0.069,0.599,0.957,0.392,0.18,0.519,0.9
1.0,0.708,0.55,0.938,0.31,0.128,0.025,0.342,0.221,0.138,0.58,0.013,0.49,0.852,0.411,0.53,0.591,0.559,0.127,0.035,0.22,0.978,0.962,0.491,0.633,0.161,0.038,0.64,0.518,0.021,0.874,0.918,0.565,0.344,0.762,0.847,0.97,0.884,0.69,0.379,0.669
0.0,0.362,0.054,0.96,0.32,0.223,0.638,0.699,0.407,0.098,0.016,0.982,0.575,0.542,0.061,0.603,0.681,0.11,0.278,0.989,0.83,0.804,0.633,0.081,0.539,0.237,0.476,0.81,0.094,0.691,0.091,0.918,0.408,0.54,0.757,0.067,0.561,0.695,0.68,0.575,0.015
0.0,0.233,0.302,0.078,0.733,0.233,0.228,0.267,0.341,0.582,0.37,0.203,0.682,0.793,0.719,0.141,0.604,0.146,0.871,0.884,0.933,0.582,0.902,0.831,0.968,0.657,0.063,0.016,0.428,0.591,0.418,0.522,0.989,0.801,0.337,0.423,0.369,0.026,0.671,0.956,0.233
0.0,0.181,0.071,0.254,0.512,0.59,0.019,0.859,0.723,0.96,0.087,0.797,0.78,0.509,0.212,0.592,0.76,0.388,0.897,0.539,0.114,0.554,0.158,0.258,0.712,0.768,0.858,0.357,0.566,0.859,0.169,0.132,0.384,0.822,0.449,0.13,0.205,0.669,0.918,0.795,0.374
0.0,0.748,0.204,0.99,0.69,0.518,0.734,0.354,0.861,0.686,0.3,0.906,0.936,0.714,0.082,0.959,0.201,0.436,0.883,0.191,0.278,0.444,0.502,0.511,0.36,0.038,0.758,0.421,0.662,0.969,0.849,0.865,0.766,0.801,0.612,0.891,0.82,0.285,0.924,0.144,0.049
1.0,0.637,0.546,0.784,0.602,0.163,0.646,0.431,0.021,0.589,0.337,0.252,0.533,0.707,0.387,0.883,0.738,0.867,0.019,0.495,0.139,0.494,0.697,0.238,0.039,0.91,0.743,0.452,0.752,0.898,0.297,0.57,0.948,0.291,0.755,0.695,0.978,0.68,0.307,0.005,0.632
0.0,0.821,0.35,0.045,0.479,0.278,0.49,0.297,0.24,0.09,0.394,0.846,0.963,0.621,0.402,0.647,0.46,0.89,0.265,0.771,0.31,0.237,0.36,0.046,0.189,0.454,0.829,0.307,0.071,0.005,0.763,0.618,0.252,0.358,0.284,0.921,0.373,0.156,0.903,0.272,0.263
0.0,0.442,0.211,0.742,0.34,0.966,0.808,0.858,0.973,0.518,0.652,0.446,0.645,0.173,0.714,0.313,0.475,0.517,0.611,0.831,0.663,0.218,0.014,0.792,0.074,0.017,0.283,0.916,0.77,0.837,0.182,0.064,0.314,0.829,0.854,0.369,0.502,0.986,0.097,0.698,0.372
0.0,0.271,0.602,0.851,0.629,0.044,0.728,0.126,0.327,0.747,0.074,0.246,0.683,0.392,0.841,0.541,0.839,0.569,0.398,0.178,0.456,0.677,0.463,0.29,0.694,0.229,0.198,0.751,0.86,0.017,0.085,0.33,0.877,0.61,0.647,0.48,0.865,0.384,0.719,0.264,0.635
1.0,0.627,0.531,0.407,0.39,0.023,0.635,0.571,0.615,0.774,0.738,0.303,0.547,0.566,0.107,0.536,0.985,0.989,0.897,0.344,0.554,0.859,0.524,0.324,0.057,0.463,0.421,0.934,0.989,0.455,0.698,0.963,0.402,0.885,0.474,0.579,0.323,0.67,0.497,0.665,0.192
1.0,0.589,0.788,0.964,0.284,0.361,0.785,0.162,0.437,0.726,0.258,0.164,0.558,0.279,0.953,0.412,0.95,0.455,0.064,0.134,0.679,0.638,0.222,0.509,0.901,0.068,0.705,0.789,0.383,0.793,0.461,0.869,0.97,0.684,0.327,0.849,0.51,0.265,0.32,0.364,0.615
1.0,0.695,0.003,0.943,0.702,0.599,0.375,0.237,0.794,0.511,0.834,0.411,0.053,0.27,0.4,0.029,0.68,0.495,0.227,0.763,0.494,0.037,0.812,0.3,0.299,0.526,0.626,0.575,0.183,0.146,0.108,0.982,0.838,0.835,0.432,0.656,0.703,0.436,0.621,0.507,0.138
0.0,0.174,0.515,0.605,0.977,0.605,0.891,0.052,0.827,0.407,0.315,0.496,0.823,0.143,0.395,0.929,0.929,0.121,0.877,0.484,0.888,0.007,0.992,0.987,0.366,0.919,0.791,0.294,0.939,0.787,0.876,0.582,0.562,0.035,0.184,0.954,0.006,0.644,0.193,0.54,0.241
0.0,0.578,0.827,0.23,0.406,0.961,0.292,0.503,0.43,0.27,0.988,0.543,0.961,0.492,0.245,0.46,0.35,0.394,0.401,0.152,0.525,0.061,0.361,0.604,0.087,0.785,0.479,0.957,0.282,0.622,0.59,0.128,0.956,0.206,0.423,0.564,0.942,0.614,0.871,0.6,0.859
0.0,0.638,0.351,0.523,0.462,0.94,0.374,0.005,0.337,0.241,0.02,0.008,0.55,0.004,0.934,0.721,0.162,0.898,0.595,0.634,0.241,0.539,0.888,0.52,0.657,0.276,0.821,0.218,0.456,0.34,0.899,0.54,0.171,0.861,0.903,0.819,0.263,0.129,0.249,0.722,0.402
0.0,0.492,0.264,0.387,0.654,0.136,0.259,0.203,0.213,0.833,0.071,0.138,0.975,0.088,0.898,0.528,0.993,0.281,0.656,0.669,0.264,0.145,0.987,0.672,0.019,0.01,0.267,0.942,0.901,0.842,0.892,0.952,0.894,0.057,0.976,0.14,0.261,0.013,0.187,0.52,0.982
1.0,0.859,0.223,0.839,0.037,0.207,0.697,0.944,0.061,0.191,0.735,0.401,0.669,0.721,0.958,0.304,0.614,0.955,0.731,0.37,0.392,0.787,0.142,0.497,0.782,0.48,0.615,0.41,0.861,0.45,0.173,0.241,0.538,0.325,0.686,0.228,0.854,0.369,0.899,0.344,0.735
1.0,0.003,0.596,0.435,0.811,0.253,0.821,0.707,0.703,0.667,0.384,0.189,0.55,0.498,0.061,0.876,0.941,0.617,0.934,0.703,0.568,0.955,0.863,0.426,0.885,0.382,0.207,0.279,0.236,0.033,0.091,0.854,0.195,0.217,0.946,0.775,0.174,0.565,0.731,0.61,0.627
1.0,0.186,0.88,0.408,0.437,0.762,0.368,0.644,0.381,0.34,0.43,0.774,0.575,0.909,0.902,0.155,0.147,0.511,0.181,0.932,0.42,0.318,0.334,0.525,0.777,0.59,0.821,0.2,0.435,0.942,0.536,0.498,0.441,0.448,0.254,0.136,0.323,0.746,0.874,0.494,0.323
1.0,0.376,0.286,0.777,0.581,0.701,0.103,0.175,0.365,0.549,0.462,0.412,0.477,0.097,0.222,0.487,0.112,0.192,0.537,0.132,0.307,0.365,0.705,0.042,0.675,0.694,0.026,0.095,0.334,0.815,0.416,0.774,0.185,0.514,0.215,0.229,0.284,0.243,0.894,0.152,0.46
0.0,0.568,0.696,0.314,0.965,0.944,0.543,0.102,0.698,0.878,0.948,0.563,0.663,0.885,0.134,0.395,0.515,0.633,0.103,0.306,0.694,0.312,0.936,0.9,0.751,0.938,0.616,0.399,0.33,0.944,0.995,0.018,0.86,0.574,0.361,0.282,0.998,0.874,0.893,0.921,0.563
1.0,0.96,0.738,0.778,0.392,0.36,0.222,0.802,0.032,0.448,0.798,0.011,0.05,0.203,0.115,0.368,0.739,0.876,0.688,0.72,0.628,0.813,0.191,0.34,0.74,0.199,0.825,0.838,0.902,0.42,0.778,0.1,0.92,0.752,0.071,0.859,0.469,0.314,0.939,0.101,0.304
0.0,0.802,0.743,0.354,0.39,0.844,0.805,0.091,0.642,0.002,0.963,0.306,0.294,0.393,0.251,0.98,0.231,0.081,0.673,0.808,0.052,0.904,0.231,0.119,0.227,0.126,0.804,0.443,0.417,0.839,0.37,0.123,0.732,0.666,0.432,0.323,0.156,0.812,0.446,0.145,0.88
0.0,0.375,0.718,0.269,0.27,0.155,0.665,0.13,0.377,0.781,0.187,0.255,0.911,0.7,0.498,0.135,0.78,0.716,0.717,0.251,0.815,0.927,0.036,0.227,0.055,0.179,0.697,0.019,0.416,0.213,0.052,0.968,0.871,0.782,0.452,0.828,0.065,0.5,0.208,0.168,0.274
1.0,0.288,0.089,0.876,0.921,0.201,0.206,0.571,0.6,0.531,0.029,0.257,0.669,0.07,0.615,0.357,0.177,0.598,0.494,0.65,0.257,0.469,0.072,0.515,0.746,0.598,0.082,0.611,0.615,0.82,0.647,0.573,0.182,0.783,0.749,0.926,0.526,0.342,0.792,0.426,0.014
1.0,0.748,0.566,0.23,0.379,0.492,0.503,0.673,0.441,0.004,0.126,0.726,0.656,0.559,0.378,0.253,0.585,0.654,0.014,0.585,0.913,0.724,0.621,0.626,0.572,0.425,0.581,0.555,0.168,0.499,0.366,0.179,0.184,0.623,0.874,0.789,0.954,0.707,0.651,0.623,0.494
0.0,0.721,0.452,0.407,0.43,0.408,0.435,0.767,0.744,0.282,0.035,0.277,0.445,0.502,0.313,0.386,0.182,0.556,0.959,0.365,0.422,0.063,0.868,0.997,0.4,0.078,0.113,0.978,0.688,0.999,0.936,0.771,0.035,0.554,0.399,0.09,0.801,0.782,0.957,0.196,0.315
0.0,0.083,0.846,0.942,0.477,0.153,0.881,0.329,0.478,0.367,0.804,0.344,0.857,0.798,0.211,0.477,0.778,0.216,0.59,0.114,0.175,0.98,0.917,0.976,0.253,0.719,0.831,0.115,0.171,0.17,0.6,0.125,0.358,0.053,0.058,0.976,0.687,0.777,0.337,0.955,0.055
0.0,0.668,0.57,0.039,0.445,0.359,0.391,0.461,0.65,0.578,0.481,0.488,0.794,0.046,0.788,0.206,0.855,0.68,0.401,0.373,0.828,0.733,0.141,0.788,0.199,0.266,0.916,0.621,0.072,0.772,0.055,0.967,0.298,0.163,0.624,0.082,0.927,0.966,0.091,0.983,0.303
1.0,0.41,0.468,0.176,0.985,0.284,0.7,0.404,0.889,0.719,0.054,0.464,0.283,0.341,0.527,0.098,0.494,0.239,0.595,0.628,0.074,0.411,0.815,0.314,0.012,0.963,0.853,0.148,0.605,0.022,0.754,0.898,0.633,0.101,0.511,0.195,0.037,0.788,0.891,0.252,0.267
0.0,0.857,0.191,0.851,0.862,0.438,0.456,0.198,0.154,0.617,0.975,0.659,0.821,0.041,0.631,0.273,0.286,0.331,0.271,0.057,0.047,0.918,0.89,0.374,0.746,0.962,0.618,0.589,0.804,0.62,0.469,0.004,0.09,0.63,0.701,0.349,0.059,0.162,0.279,0.39,0.608
0.0,0.338,0.264,0.213,0.599,0.974,0.614,0.526,0.972,0.731,0.047,0.529,0.912,0.353,0.908,0.403,0.506,0.821,0.657,0.783,0.736,0.813,0.188,0.912,0.02,0.005,0.614,0.025,0.089,0.312,0.228,0.488,0.684,0.422,0.362,0.335,0.379,0.252,0.95,0.58,0.109
0.0,0.535,0.467,0.318,0.426,0.536,0.442,0.368,0.833,0.956,0.45,0.738,0.889,0.871,0.476,0.905,0.023,0.562,0.305,0.385,0.373,0.731,0.893,0.709,0.085,0.729,0.477,0.513,0.445,0.668,0.875,0.993,0.385,0.317,0.5,0.216,0.294,0.452,0.259,0.966,0.87
1.0,0.883,0.275,0.307,0.978,0.776,0.615,0.068,0.817,0.855,0.075,0.121,0.697,0.128,0.479,0.062,0.275,0.528,0.489,0.567,0.676,0.327,0.313,0.716,0.939,0.631,0.739,0.162,0.967,0.468,0.723,0.014,0.424,0.247,0.717,0.985,0.881,0.395,0.553,0.27,0.594
0.0,0.789,0.586,0.702,0.073,0.852,0.039,0.516,0.452,0.913,0.011,0.023,0.943,0.615,0.197,0.258,0.375,0.006,0.371,0.168,0.704,0.566,0.815,0.799,0.813,0.904,1.0,0.46,0.36,0.398,0.061,0.604,0.495,0.369,0.079,0.676,0.632,0.914,0.491,0.064,0.333
1.0,0.459,0.154,0.157,0.923,0.48,0.695,0.844,0.932,0.575,0.455,0.516,0.304,0.737,0.485,0.8,0.165,0.649,0.613,0.597,0.983,0.095,0.579,0.309,0.786,0.752,0.387,0.486,0.189,0.423,0.819,0.903,0.92,0.847,0.666,0.987,0.629,0.484,0.541,0.96,0.499
1.0,0.029,0.71,0.023,0.979,0.342,0.341,0.205,0.889,0.363,0.19,0.378,0.013,0.766,0.797,0.953,0.95,0.408,0.387,0.874,0.619,0.046,0.465,0.049,0.191,0.31,0.424,0.225,0.124,0.73,0.431,0.93,0.433,0.673,0.074,0.502,0.027,0.308,0.668,0.049,0.126
0.0,0.547,0.515,0.733,0.516,0.129,0.592,0.946,0.494,0.048,0.04,0.542,0.039,0.289,0.175,0.814,0.559,0.876,0.346,0.375,0.517,0.535,0.373,0.869,0.062,0.577,0.853,0.114,0.215,0.065,0.582,0.589,0.425,0.021,0.125,0.485,0.747,0.589,0.598,0.065,0.157
1.0,0.471,0.503,0.582,0.453,0.244,0.485,0.157,0.646,0.357,0.709,0.316,0.673,0.889,0.443,0.524,0.811,0.141,0.912,0.79,0.618,0.669,0.375,0.781,0.475,0.03,0.553,0.198,0.515,0.474,0.461,0.812,0.154,0.624,0.459,0.03,0.067,0.032,0.758,0.825,0.949
0.0,0.277,0.817,0.33,0.617,0.715,0.066,0.289,0.129,0.859,0.47,0.649,0.792,0.453,0.971,0.345,0.109,0.844,0.486,0.419,0.355,0.899,0.071,0.363,0.864,0.773,0.241,0.341,0.581,0.644,0.561,0.523,0.916,0.953,0.638,0.913,0.152,0.434,0.537,0.708,0.189
1.0,0.542,0.483,0.604,0.334,0.469,0.112,0.314,0.98,0.245,0.812,0.772,0.129,0.413,0.043,0.632,0.893,0.976,0.352,0.87,0.705,0.924,0.487,0.779,0.399,0.217,0.703,0.003,0.138,0.858,0.628,0.196,0.605,0.989,0.363,0.301,0.727,0.104,0.92,0.214,0.551
0.0,0.32,0.499,0.556,0.388,0.31,0.755,0.32,0.109,0.552,0.007,0.968,0.374,0.412,0.659,0.211,0.253,0.024,0.789,0.982,0.134,0.261,0.386,0.523,0.368,0.594,0.904,0.171,0.917,0.104,0.342,0.736,0.473,0.323,0.876,0.628,0.87,0.502,0.058,0.813,0.994
0.0,0.854,0.709,0.805,0.483,0.866,0.271,0.36,0.564,0.621,0.742,0.734,0.476,0.947,0.301,0.597,0.119,0.348,0.517,0.682,0.986,0.917,0.509,0.581,0.017,0.328,0.128,0.531,0.707,0.02,0.166,0.936,0.782,0.053,0.282,0.562,0.059,0.328,0.366,0.611,0.225
0.0,0.678,0.915,0.11,0.192,0.935,0.724,0.196,0.664,0.581,0.547,0.202,0.644,0.014,0.471,0.532,0.535,0.73,0.511,0.061,0.655,0.334,0.179,0.095,0.494,0.02,0.054,0.961,0.159,0.17,0.085,0.737,0.158,0.018,0.56,0.109,0.257,0.861,0.97,0.629,0.248
1.0,0.141,0.226,0.396,0.567,0.665,0.117,0.57,0.996,0.057,0.215,0.859,0.358,0.854,0.611,0.347,0.334,0.075,0.122,0.172,0.993,0.233,0.399,0.178,0.68,0.119,0.784,0.911,0.979,0.391,0.349,0.264,0.432,0.968,0.3,0.193,0.952,0.852,0.148,0.897,0.656
0.0,0.762,0.927,0.29,0.479,0.116,0.577,0.862,0.849,0.538,0.977,0.505,0.143,0.444,0.969,0.158,0.275,0.599,0.157,0.886,0.339,0.213,0.241,0.604,0.728,0.305,0.165,0.308,0.702,0.378,0.959,0.485,0.995,0.029,0.081,0.262,0.916,0.484,0.886,0.751,0.899
1.0,0.378,0.054,0.299,0.793,0.252,0.808,0.374,0.268,0.172,0.692,0.189,0.73,0.692,0.941,0.363,0.278,0.225,0.422,0.731,0.774,0.097,0.403,0.408,0.878,0.219,0.008,0.488,0.292,0.428,0.017,0.685,0.366,0.251,0.125,0.996,0.04,0.809,0.028,0.562,0.753
0.0,0.64,0.083,0.045,0.519,0.588,0.74,0.626,0.998,0.831,0.863,0.305,0.927,0.441,0.691,0.936,0.021,0.456,0.796,0.319,0.557,0.523,0.246,0.265,0.483,0.146,0.061,0.88,0.435,0.769,0.297,0.295,0.032,0.208,0.645,0.173,0.51,0.3,0.498,0.816,0.38
1.0,0.864,0.287,0.95,0.273,0.189,0.745,0.217,0.844,0.118,0.544,0.201,0.699,0.925,0.335,0.992,0.581,0.885,0.339,0.457,0.064,0.013,0.448,0.115,0.495,0.216,0.88,0.772,0.686,0.26,0.622,0.857,0.384,0.438,0.822,0.407,0.76,0.292,0.852,0.149,0.215
0.0,0.68,0.752,0.941,0.595,0.68,0.066,0.572,0.145,0.388,0.742,0.798,0.511,0.711,0.971,0.563,0.488,0.791,0.545,0.432,0.153,0.565,0.098,0.886,0.478,0.35,0.751,0.126,0.423,0.661,0.876,0.081,0.046,0.5,0.394,0.871,0.227,0.533,0.29,0.801,0.484
0.0,0.732,0.467,0.907,0.882,0.566,0.215,0.291,0.266,0.202,0.33,0.138,0.048,0.947,0.411,0.003,0.085,0.568,0.523,0.182,0.942,0.496,0.837,0.311,0.751,0.665,0.283,0.94,0.171,0.682,0.343,0.899,0.294,0.792,0.689,0.27,0.67,0.995,0.6,0.333,0.076
1.0,0.659,0.995,0.276,0.52,0.002,0.614,0.525,0.289,0.113,0.861,0.449,0.013,0.558,0.794,0.027,0.539,0.098,0.114,0.679,0.462,0.015,0.386,0.198,0.847,0.396,0.57,0.89,0.713,0.545,0.197,0.215,0.014,0.794,0.918,0.773,0.526,0.454,0.466,0.491,0.679
0.0,0.575,0.869,0.596,0.472,0.164,0.518,0.205,0.673,0.784,0.301,0.695,0.853,0.326,0.811,0.755,0.64,0.22,0.799,0.214,0.693,0.508,0.491,0.632,0.859,0.997,0.922,0.201,0.42,0.384,0.616,0.971,0.267,0.115,0.806,0.435,0.168,0.924,0.196,0.034,0.269
0.0,0.651,0.587,0.253,0.921,0.755,0.338,0.298,0.651,0.134,0.808,0.921,0.134,0.689,0.395,0.352,0.901,0.447,0.397,0.174,0.425,0.866,0.363,0.678,0.31,0.124,0.333,0.605,0.031,0.094,0.425,0.178,0.115,0.788,0.184,0.315,0.67,0.048,0.344,0.01,0.57
0.0,0.8,0.096,0.292,0.58,0.355,0.733,0.769,0.708,0.255,0.576,0.917,0.796,0.416,0.711,0.955,0.839,0.427,0.594,0.234,0.42,0.043,0.635,0.39,0.731,0.282,0.482,0.653,0.929,0.086,0.424,0.354,0.208,0.219,0.882,0.348,0.548,0.655,0.935,0.653,0.244
1.0,0.708,0.433,0.27,0.054,0.773,0.552,0.78,0.37,0.109,0.011,0.357,0.499,0.238,0.81,0.943,0.903,0.762,0.814,0.772,0.345,0.817,0.748,0.326,0.279,0.053,0.375,0.216,0.948,0.344,0.124,0.756,0.88,0.43,0.682,0.711,0.049,0.65,0.293,0.76,0.726
1.0,0.458,0.727,0.531,0.364,0.025,0.932,0.542,0.945,0.812,0.55,0.21,0.418,0.212,0.919,0.779,0.081,0.155,0.361,0.551,0.679,0.421,0.322,0.991,0.777,0.944,0.768,0.374,0.449,0.977,0.651,0.418,0.73,0.409,0.967,0.328,0.532,0.493,0.843,0.296,0.974
1.0,0.431,0.082,0.679,0.733,0.078,0.126,0.07,0.714,0.21,0.853,0.55,0.052,0.682,0.727,0.053,0.031,0.868,0.057,0.829,0.858,0.95,0.809,0.314,0.26,0.746,0.624,0.682,0.563,0.563,0.486,0.735,0.843,0.895,0.421,0.633,0.286,0.52,0.556,0.724,0.819
0.0,0.854,0.581,0.23,0.605,0.86,0.36,0.226,0.054,0.11,0.214,0.339,0.633,0.339,0.871,0.827,0.778,0.305,0.982,0.448,0.261,0.433,0.697,0.329,0.603,0.731,0.593,0.01,0.353,0.15,0.83,0.94,0.895,0.671,0.805,0.177,0.706,0.475,0.987,0.475,0.727
1.0,0.684,0.185,0.837,0.486,0.513,0.459,0.678,0.589,0.05,0.749,0.281,0.653,0.168,0.828,0.099,0.855,0.538,0.208,0.945,0.015,0.579,0.904,0.645,0.454,0.264,0.356,0.574,0.904,0.486,0.078,0.604,0.925,0.39,0.029,0.876,0.377,0.576,0.628,0.378,0.017
1.0,0.829,0.016,0.217,0.051,0.679,0.208,0.889,0.408,0.271,0.632,0.478,0.77,0.756,0.618,0.992,0.036,0.551,0.767,0.071,0.367,0.591,0.262,0.211,0.332,0.038,0.448,0.461,0.184,0.57,0.093,0.79,0.817,0.099,0.886,0.445,0.14,0.131,0.885,0.441,0.224
1.0,0.337,0.426,0.947,0.183,0.287,0.214,0.247,0.475,0.926,0.832,0.965,0.268,0.059,0.735,0.546,0.849,0.446,0.16,0.542,0.59,0.16,0.904,0.618,0.905,0.062,0.336,0.037,0.924,0.478,0.913,0.051,0.826,0.019,0.517,0.852,0.087,0.345,0.159,0.625,0.307
1.0,0.428,0.753,0.897,0.279,0.549,0.434,0.373,0.129,0.599,0.174,0.529,0.722,0.657,0.955,0.781,0.98,0.128,0.245,0.952,0.97,0.275,0.017,0.336,0.672,0.917,0.956,0.545,0.938,0.02,0.222,0.548,0.448,0.252,0.986,0.604,0.249,0.6,0.323,0.174,0.213
0.0,0.877,0.749,0.234,0.338,0.981,0.389,0.076,0.72,0.41,0.862,0.506,0.787,0.116,0.882,0.002,0.821,0.504,0.324,0.494,0.392,0.685,0.299,0.047,0.014,0.352,0.493,0.356,0.261,0.136,0.278,0.255,0.309,0.98,0.018,0.472,0.907,0.72,0.259,0.366,0.883
1.0,0.763,0.995,0.521,0.462,0.599,0.65,0.42,0.538,0.689,0.521,0.637,0.113,0.904,0.499,0.243,0.778,0.331,0.124,0.573,0.42,0.189,0.465,0.484,0.367,0.999,0.985,0.984,0.905,0.185,0.936,0.035,0.052,0.404,0.703,0.423,0.86,0.159,0.621,0.91,0.024
0.0,0.022,0.455,0.029,0.021,0.03,0.987,0.798,0.817,0.161,0.56,0.277,0.605,0.607,0.339,0.694,0.732,0.225,0.895,0.682,0.337,0.313,0.619,0.916,0.533,0.243,0.885,0.288,0.118,0.685,0.304,0.89,0.694,0.958,0.958,0.771,0.88,0.742,0.557,0.77,0.86
1.0,0.026,0.349,0.425,0.975,0.672,0.011,0.018,0.768,0.621,0.015,0.154,0.036,0.671,0.991,0.437,0.893,0.261,0.721,0.232,0.825,0.127,0.781,0.75,0.411,0.103,0.052,0.088,0.797,0.144,0.731,0.706,0.162,0.406,0.37,0.397,0.966,0.018,0.765,0.798,0.596
0.0,0.897,0.592,0.294,0.676,0.953,0.961,0.156,0.363,0.367,0.176,0.478,0.443,0.048,0.305,0.036,0.136,0.992,0.084,0.137,0.822,0.358,0.215,0.695,0.165,0.698,0.281,0.794,0.646,0.685,0.535,0.949,0.729,0.062,0.213,0.708,0.512,0.58,0.987,0.667,0.606
0.0,0.748,0.594,0.303,0.147,0.374,0.322,0.429,0.044,0.153,0.394,0.507,0.832,0.94,0.742,0.138,0.124,0.691,0.221,0.961,0.373,0.373,0.672,0.508,0.225,0.921,0.244,0.985,0.312,0.929,0.988,0.347,0.17,0.584,0.456,0.77,0.6,0.611,0.354,0.779,0.65
1.0,0.93,0.765,0.161,0.76,0.469,0.635,0.786,0.148,0.949,0.347,0.584,0.289,0.445,0.61,0.913,0.458,0.862,0.559,0.237,0.694,0.052,0.629,0.915,0.806,0.169,0.344,0.223,0.185,0.722,0.452,0.46,0.544,0.785,0.268,0.317,0.25,0.801,0.439,0.096,0.38
1.0,0.604,0.592,0.442,0.991,0.338,0.097,0.764,0.179,0.923,0.553,0.053,0.49,0.356,0.238,0.735,0.037,0.828,0.251,0.411,0.757,0.155,0.944,0.14,0.456,0.567,0.397,0.65,0.349,0.703,0.658,0.371,0.329,0.031,0.546,0.998,0.877,0.523,0.863,0.484,0.189
1.0,0.683,0.628,0.203,0.007,0.636,0.722,0.318,0.779,0.182,0.211,0.273,0.724,0.218,0.392,0.931,0.601,0.211,0.435,0.908,0.087,0.985,0.629,0.277,0.487,0.064,0.939,0.292,0.135,0.458,0.187,0.864,0.946,0.816,0.507,0.578,0.253,0.557,0.152,0.653,0.733
1.0,0.349,0.825,0.293,0.515,0.096,0.994,0.812,0.58,0.721,0.498,0.085,0.616,0.834,0.311,0.9,0.58,0.861,0.161,0.696,0.257,0.841,0.132,0.299,0.272,0.983,0.458,0.126,0.813,0.259,0.278,0.012,0.213,0.259,0.694,0.462,0.616,0.475,0.805,0.885,0.896
0.0,0.677,0.131,0.267,0.339,0.806,0.954,0.225,0.453,0.037,0.317,0.445,0.788,0.491,0.924,0.044,0.253,0.686,0.402,0.417,0.336,0.994,0.058,0.194,0.486,0.442,0.169,0.364,0.608,0.51,0.4,0.383,0.216,0.937,0.43,0.811,0.819,0.457,0.487,0.929,0.192
0.0,0.888,0.274,0.546,0.412,0.92,0.59,0.842,0.795,0.841,0.787,0.361,0.752,0.066,0.739,0.837,0.19,0.102,0.011,0.379,0.52,0.969,0.192,0.674,0.431,0.127,0.073,0.457,0.941,0.926,0.497,0.678,0.891,0.328,0.897,0.4,0.419,0.562,0.586,0.219,0.573
1.0,0.136,0.937,0.893,0.131,0.68,0.869,0.245,0.847,0.482,0.247,0.404,0.473,0.236,0.85,0.365,0.393,0.927,0.742,0.46,0.838,0.776,0.375,0.537,0.749,0.748,0.51,0.094,0.213,0.801,0.936,0.456,0.54,0.617,0.272,0.277,0.182,0.717,0.73,0.2,0.414
1.0,0.321,0.119,0.883,0.795,0.153,0.872,0.391,0.073,0.084,0.656,0.251,0.495,0.89,0.043,0.574,0.849,0.082,0.207,0.623,0.527,0.442,0.716,0.708,0.838,0.769,0.941,0.743,0.085,0.091,0.104,0.782,0.33,0.356,0.592,0.514,0.117,0.201,0.077,0.657,0.873
0.0,0.089,0.937,0.409,0.986,0.183,0.51,0.74,0.481,0.696,0.407,0.735,0.391,0.004,0.838,0.93,0.926,0.72,0.854,0.409,0.596,0.708,0.236,0.38,0.899,0.523,0.728,0.28,0.939,0.799,0.118,0.142,0.218,0.303,0.322,0.447,0.213,0.489,0.144,0.267,0.567
0.0,0.806,0.987,0.5,0.989,0.997,0.556,0.136,0.529,0.733,0.088,0.198,0.759,0.258,0.312,0.858,0.324,0.42,0.369,0.717,0.79,0.996,0.257,0.696,0.38,0.578,0.842,0.64,0.033,0.564,0.032,0.952,0.099,0.592,0.952,0.884,0.764,0.95,0.859,0.933,0.574
1.0,0.623,0.256,0.742,0.075,0.115,0.372,0.5,0.7,0.763,0.83,0.139,0.243,0.481,0.554,0.434,0.54,0.753,0.086,0.213,0.492,0.396,0.234,0.279,0.82,0.483,0.75,0.767,0.123,0.416,0.178,0.646,0.294,0.88,0.448,0.86,0.243,0.512,0.227,0.676,0.892
1.0,0.773,0.64,0.757,0.055,0.39,0.596,0.972,0.58,0.47,0.444,0.25,0.728,0.726,0.111,0.155,0.945,0.902,0.654,0.391,0.018,0.855,0.375,0.245,0.975,0.158,0.386,0.83,0.939,0.424,0.565,0.353,0.914,0.561,0.066,0.721,0.733,0.96,0.458,0.956,0.446
1.0,0.742,0.624,0.938,0.767,0.269,0.765,0.352,0.464,0.657,0.462,0.27,0.039,0.371,0.036,0.711,0.434,0.023,0.532,0.609,0.8,0.094,0.552,0.413,0.605,0.648,0.553,0.872,0.814,0.512,0.902,0.56,0.004,0.249,0.382,0.738,0.208,0.608,0.594,0.298,0.566
0.0,0.67,0.238,0.561,0.77,0.173,0.666,0.29,0.225,0.258,0.995,0.549,0.708,0.328,0.44,0.171,0.7,0.947,0.119,0.307,0.069,0.388,0.81,0.806,0.132,0.14,0.251,0.041,0.195,0.89,0.512,0.714,0.345,0.369,0.053,0.173,0.006,0.165,0.091,0.801,0.229
0.0,0.034,0.859,0.043,0.537,0.096,0.113,0.502,0.329,0.376,0.984,0.738,0.139,0.964,0.994,0.607,0.247,0.666,0.126,0.117,0.524,0.08,0.647,0.87,0.86,0.333,0.234,0.019,0.969,0.883,0.451,0.495,0.084,0.625,0.165,0.896,0.309,0.366,0.585,0.675,0.392
1.0,0.177,0.908,0.295,0.914,0.081,0.028,0.509,0.368,0.425,0.207,0.654,0.458,0.423,0.216,0.148,0.641,0.053,0.903,0.798,0.28,0.272,0.37,0.404,0.616,0.343,0.179,0.149,0.835,0.623,0.655,0.972,0.604,0.699,0.36,0.105,0.354,0.146,0.407,0.09,0.551
1.0,0.22,0.224,0.112,0.446,0.303,0.567,0.545,0.26,0.065,0.036,0.188,0.378,0.276,0.396,0.616,0.066,0.353,0.837,0.023,0.115,0.615,0.459,0.116,0.707,0.054,0.862,0.133,0.48,0.543,0.045,0.407,0.952,0.021,0.881,0.554,0.845,0.161,0.295,0.774,0.398
1.0,0.064,0.952,0.208,0.811,0.326,0.182,0.129,0.69,0.397,0.769,0.28,0.309,0.417,0.997,0.037,0.449,0.154,0.154,0.57,0.118,0.201,0.297,0.617,0.138,0.807,0.59,0.358,0.597,0.008,0.273,0.303,0.764,0.242,0.905,0.508,0.737,0.25,0.013,0.029,0.407
1.0,0.668,0.11,0.654,0.751,0.429,0.655,0.663,0.62,0.901,0.931,0.436,0.03,0.782,0.612,0.074,0.965,0.824,0.046,0.865,0.985,0.474,0.24,0.352,0.799,0.172,0.624,0.324,0.772,0.098,0.202,0.057,0.434,0.749,0.293,0.339,0.053,0.4,0.776,0.792,0.536
1.0,0.009,0.646,0.932,0.634,0.299,0.427,0.937,0.774,0.241,0.053,0.228,0.068,0.965,0.666,0.807,0.467,0.813,0.462,0.381,0.866,0.361,0.123,0.405,0.565,0.092,0.598,0.463,0.72,0.264,0.386,0.054,0.779,0.203,0.815,0.598,0.717,0.493,0.845,0.509,0.948
0.0,0.22,0.357,0.728,0.861,0.796,0.664,0.58,0.285,0.954,0.497,0.571,0.927,0.642,0.126,0.395,0.627,0.094,0.067,0.618,0.89,0.823,0.174,0.963,0.472,0.615,0.359,0.322,0.365,0.757,0.389,0.219,0.246,0.217,0.795,0.629,0.744,0.981,0.36,0.067,0.091
1.0,0.683,0.242,0.173,0.368,0.293,0.984,0.115,0.061,0.924,0.979,0.299,0.701,0.041,0.625,0.785,0.114,0.42,0.971,0.446,0.112,0.499,0.244,0.22,0.692,0.226,0.802,0.868,0.106,0.866,0.261,0.127,0.127,0.262,0.768,0.37,0.734,0.746,0.21,0.745,0.534
0.0,0.1,0.904,0.269,0.331,0.739,0.162,0.334,0.306,0.312,0.224,0.734,0.77,0.187,0.524,0.396,0.205,0.856,0.353,0.404,0.806,0.823,0.052,0.876,0.112,0.364,0.894,0.347,0.744,0.775,0.675,0.078,0.734,0.882,0.473,0.995,0.772,0.077,0.975,0.254,0.388
0.0,0.95,0.327,0.418,0.468,0.944,0.421,0.72,0.15,0.499,0.4,0.088,0.195,0.883,0.263,0.365,0.423,0.74,0.818,0.753,0.288,0.996,0.028,0.615,0.401,0.347,0.13,0.194,0.597,0.879,0.046,0.746,0.956,0.931,0.944,0.529,0.197,0.304,0.965,0.525,0.178
0.0,0.741,0.543,0.581,0.42,0.464,0.641,0.535,0.834,0.725,0.475,0.766,0.801,0.829,0.018,0.67,0.125,0.167,0.283,0.088,0.116,0.292,0.818,0.44,0.656,0.032,0.06,0.541,0.518,0.553,0.744,0.697,0.364,0.852,0.248,0.907,0.218,0.628,0.566,0.25,0.255
1.0,0.383,0.083,0.038,0.743,0.28,0.957,0.645,0.934,0.658,0.268,0.605,0.066,0.141,0.629,0.687,0.002,0.726,0.084,0.746,0.405,0.801,0.768,0.452,0.071,0.648,0.808,0.423,0.788,0.812,0.863,0.208,0.935,0.418,0.559,0.798,0.653,0.97,0.901,0.432,0.104
0.0,0.193,0.116,0.07,0.31,0.965,0.879,0.43,0.718,0.045,0.92,1.0,0.36,0.341,0.145,0.061,0.429,0.363,0.882,0.418,0.641,0.186,0.557,0.537,0.392,0.494,0.23,0.045,0.382,0.943,0.742,0.291,0.973,0.786,0.3,0.111,0.888,0.809,0.274,0.818,0.659
1.0,0.89,0.951,0.162,0.649,0.402,0.96,0.242,0.783,0.075,0.735,0.166,0.79,0.407,0.542,0.041,0.806,0.023,0.034,0.048,0.808,0.101,0.558,0.311,0.111,0.414,0.607,0.369,0.828,0.29,0.98,0.07,0.198,0.29,0.52,0.789,0.76,0.384,0.439,0.653,0.838
1.0,0.502,0.077,0.398,0.872,0.486,0.58,0.822,0.755,0.585,0.808,0.09,0.684,0.237,0.11,0.396,0.446,0.81,0.744,0.917,0.166,0.014,0.014,0.396,0.257,0.258,0.917,0.109,0.174,0.881,0.2,0.266,0.747,0.311,0.197,0.995,0.649,0.248,0.377,0.917,0.785
1.0,0.214,0.709,0.989,0.374,0.7,0.561,0.498,0.238,0.175,0.772,0.863,0.768,0.583,0.649,0.447,0.918,0.903,0.392,0.987,0.717,0.637,0.283,0.05,0.716,0.786,0.865,0.106,0.838,0.866,0.502,0.135,0.416,0.356,0.017,0.17,0.723,0.503,0.657,0.515,0.197
1.0,0.198,0.719,0.583,0.152,0.013,0.303,0.858,0.199,0.797,0.933,0.658,0.052,0.607,0.153,0.79,0.071,0.962,0.721,0.671,0.188,0.353,0.158,0.15,0.117,0.88,0.289,0.682,0.249,0.924,0.212,0.153,0.253,0.543,0.439,0.026,0.789,0.685,0.461,0.198,0.197
1.0,0.672,0.767,0.637,0.298,0.043,0.147,0.935,0.476,0.174,0.714,0.837,0.25,0.105,0.269,0.149,0.84,0.184,0.026,0.747,0.267,0.709,0.764,0.034,0.121,0.431,0.701,0.262,0.661,0.249,0.602,0.975,0.521,0.931,0.981,0.618,0.518,0.488,0.077,0.577,0.927
1.0,0.95,0.55,0.18,0.685,0.733,0.046,0.995,0.805,0.822,0.334,0.501,0.584,0.639,0.408,0.415,0.812,0.085,0.062,0.666,0.316,0.996,0.9,0.264,0.588,0.527,0.183,0.042,0.784,0.38,0.875,0.442,0.847,0.795,0.154,0.113,0.232,0.441,0.699,0.564,0.963
1.0,0.93,0.063,0.11,0.75,0.331,0.0,0.043,0.412,0.714,0.814,0.477,0.074,0.688,0.091,0.94,0.718,0.799,0.335,0.34,0.319,0.684,0.144,0.225,0.101,0.079,0.291,0.062,0.563,0.942,0.178,0.187,0.316,0.442,0.252,0.444,0.937,0.576,0.825,0.588,0.311
0.0,0.348,0.139,0.57,0.286,0.282,0.733,0.737,0.272,0.824,0.384,0.164,0.604,0.318,0.837,0.7,0.111,0.43,0.569,0.89,0.86,0.297,0.265,0.799,0.259,0.001,0.806,0.79,0.899,0.067,0.205,0.179,0.235,0.256,0.997,0.332,0.527,0.237,0.847,0.059,0.827
0.0,0.036,0.821,0.627,0.511,0.935,0.764,0.594,0.053,0.347,0.937,0.012,0.702,0.602,0.336,0.732,0.912,0.757,0.527,0.067,0.506,0.823,0.445,0.266,0.172,0.937,0.858,0.484,0.631,0.52,0.165,0.159,0.931,0.218,0.493,0.64,0.88,0.687,0.654,0.103,0.994
0.0,0.754,0.897,0.67,0.681,0.357,0.032,0.937,0.588,0.955,0.019,0.605,0.962,0.111,0.872,0.06,0.637,0.546,0.73,0.697,0.199,0.222,0.792,0.725,0.836,0.516,0.204,0.893,0.334,0.045,0.298,0.386,0.34,0.323,0.284,0.2,0.405,0.623,0.795,0.09,0.259
0.0,0.955,0.153,0.061,0.279,0.877,0.59,0.272,0.132,0.189,0.915,0.49,0.474,0.197,0.589,0.175,0.552,0.613,0.781,0.827,0.882,0.92,0.132,0.403,0.062,0.044,0.156,0.388,0.147,0.053,0.622,0.393,0.131,0.777,0.655,0.325,0.445,0.766,0.929,0.668,0.028
0.0,0.847,0.858,0.569,0.868,0.944,0.805,0.764,0.984,0.81,0.616,0.309,0.622,0.612,0.429,0.871,0.756,0.742,0.532,0.049,0.745,0.918,0.364,0.74,0.36,0.182,0.091,0.392,0.252,0.514,0.836,0.971,0.336,0.253,0.106,0.425,0.115,0.27,0.825,0.728,0.273
0.0,0.866,0.688,0.676,0.482,0.868,0.785,0.855,0.357,0.824,0.373,0.858,0.652,0.971,0.696,0.544,0.601,0.74,0.895,0.745,0.392,0.892,0.046,0.501,0.118,0.326,0.891,0.343,0.655,0.021,0.834,0.846,0.721,0.835,0.855,0.797,0.746,0.213,0.539,0.281,0.627
1.0,0.165,0.582,0.446,0.332,0.47,0.851,0.809,0.801,0.896,0.817,0.802,0.158,0.321,0.551,0.889,0.414,0.163,0.393,0.316,0.633,0.721,0.54,0.747,0.245,0.029,0.626,0.222,0.099,0.421,0.727,0.182,0.006,0.862,0.622,0.869,0.794,0.673,0.113,0.227,0.597
0.0,0.472,0.942,0.789,0.065,0.505,0.993,0.439,0.126,0.084,0.72,0.363,0.776,0.402,0.488,0.399,0.667,0.324,0.821,0.732,0.711,0.964,0.013,0.723,0.409,0.49,0.629,0.599,0.469,0.222,0.247,0.801,0.609,0.969,0.55,0.24,0.545,0.513,0.336,0.593,0.275
1.0,0.162,0.631,0.708,0.238,0.249,0.047,0.845,0.914,0.688,0.339,0.369,0.096,0.003,0.054,0.154,0.677,0.681,0.881,0.48,0.084,0.279,0.179,0.582,0.158,0.305,0.77,0.683,0.704,0.878,0.379,0.429,0.042,0.808,0.386,0.52,0.595,0.568,0.677,0.762,0.424
1.0,0.35,0.269,0.307,0.556,0.413,0.559,0.375,0.177,0.836,0.502,0.328,0.176,0.379,0.93,0.818,0.078,0.361,0.092,0.274,0.225,0.095,0.112,0.515,0.576,0.226,0.503,0.088,0.968,0.235,0.259,0.615,0.885,0.495,0.108,0.954,0.101,0.856,0.923,0.019,0.486
0.0,0.481,0.565,0.011,0.477,0.243,0.324,0.058,0.418,0.924,0.439,0.302,0.192,0.02,0.389,0.132,0.606,0.133,0.594,0.308,0.897,0.151,0.784,0.806,0.546,0.412,0.604,0.781,0.199,0.234,0.314,0.161,0.086,0.885,0.659,0.893,0.01,0.142,0.297,0.005,0.425
1.0,0.624,0.867,0.825,0.357,0.19,0.15,0.453,0.98,0.09,0.696,0.19,0.234,0.957,0.305,0.008,0.792,0.408,0.006,0.438,0.597,0.258,0.058,0.229,0.618,0.349,0.584,0.94,0.826,0.503,0.734,0.392,0.701,0.654,0.137,0.871,0.278,0.105,0.305,0.153,0.421
1.0,0.376,0.252,0.523,0.812,0.093,0.588,0.105,0.967,0.204,0.803,0.173,0.181,0.17,0.72,0.7,0.498,0.98,0.339,0.661,0.178,0.623,0.583,0.244,0.532,0.162,0.724,0.009,0.462,0.34,0.909,0.859,0.245,0.655,0.978,0.411,0.936,0.184,0.676,0.639,0.391
0.0,0.767,0.197,0.609,0.5,0.178,0.998,0.053,0.257,0.897,0.477,0.972,0.618,0.477,0.43,0.18,0.586,0.496,0.804,0.487,0.247,0.306,0.921,0.867,0.858,0.609,0.993,0.065,0.037,0.026,0.62,0.841,0.101,0.165,0.186,0.779,0.527,0.347,0.804,0.027,0.151
1.0,0.249,0.834,0.098,0.388,0.588,0.096,0.479,0.464,0.722,0.939,0.569,0.334,0.032,0.801,0.484,0.204,0.565,0.272,0.947,0.827,0.931,0.293,0.421,0.045,0.947,0.27,0.756,0.71,0.306,0.653,0.221,0.107,0.795,0.953,0.748,0.58,0.605,0.237,0.235,0.207
1.0,0.177,0.906,0.391,0.349,0.694,0.028,0.266,0.978,0.447,0.22,0.715,0.125,0.334,0.878,0.391,0.002,0.953,0.589,0.282,0.516,0.614,0.85,0.547,0.495,0.104,0.459,0.731,0.436,0.955,0.175,0.074,0.292,0.812,0.552,0.471,0.703,0.25,0.657,0.794,0.413
1.0,0.778,0.725,0.455,0.064,0.406,0.454,0.131,0.617,0.031,0.878,0.355,0.371,0.755,0.837,0.376,0.396,0.437,0.224,0.111,0.458,0.316,0.226,0.626,0.152,0.571,0.767,0.279,0.639,0.609,0.311,0.859,0.864,0.799,0.593,0.888,0.326,0.963,0.324,0.379,0.719
1.0,0.651,0.192,0.927,0.813,0.318,0.718,0.092,0.607,0.412,0.796,0.856,0.468,0.902,0.638,0.431,0.399,0.863,0.613,0.934,0.371,0.469,0.485,0.262,0.354,0.973,0.143,0.401,0.733,0.44,0.458,0.738,0.761,0.125,0.25,0.877,0.348,0.307,0.43,0.52,0.318
0.0,0.993,0.382,0.748,0.237,0.891,0.255,0.052,0.354,0.461,0.923,0.358,0.9,0.419,0.812,0.625,0.873,0.181,0.184,0.576,0.533,0.885,0.048,0.623,0.731,0.648,0.843,0.669,0.836,0.736,0.773,0.554,0.73,0.409,0.272,0.956,0.836,0.91,0.888,0.066,0.449
1.0,0.218,0.501,0.448,0.294,0.487,0.766,0.393,0.004,0.577,0.134,0.734,0.101,0.576,0.661,0.592,0.128,0.494,0.926,0.074,0.035,0.026,0.554,0.005,0.705,0.142,0.916,0.416,0.093,0.713,0.321,0.849,0.925,0.633,0.952,0.791,0.081,0.965,0.517,0.62,0.307
0.0,0.95,0.48,0.163,0.931,0.926,0.336,0.209,0.829,0.626,0.228,0.976,0.241,0.458,0.023,0.432,0.309,0.121,0.445,0.872,0.952,0.821,0.552,0.137,0.946,0.181,0.929,0.556,0.637,0.059,0.486,0.613,0.906,0.51,0.615,0.74,0.819,0.018,0.884,0.601,0.524
1.0,0.689,0.36,0.466,0.832,0.344,0.864,0.977,0.898,0.618,0.71,0.196,0.659,0.275,0.646,0.702,0.191,0.336,0.355,0.828,0.532,0.978,0.783,0.438,0.67,0.774,0.052,0.261,0.811,0.081,0.723,0.344,0.539,0.819,0.641,0.545,0.337,0.507,0.915,0.547,0.406
1.0,0.01,0.207,0.624,0.153,0.579,0.286,0.63,0.913,0.578,0.336,0.374,0.735,0.015,0.464,0.885,0.155,0.88,0.079,0.186,0.832,0.064,0.706,0.706,0.705,0.181,0.886,0.526,0.897,0.023,0.411,0.987,0.585,0.567,0.88,0.793,0.072,0.58,0.138,0.331,0.379
0.0,0.073,0.138,0.915,0.891,0.871,0.301,0.317,0.907,0.4,0.361,0.503,0.565,0.954,0.167,0.773,0.991,0.207,0.795,0.369,0.117,0.045,0.059,0.024,0.814,0.816,0.38,0.249,0.184,0.586,0.592,0.281,0.968,0.112,0.368,0.179,0.585,0.117,0.21,0.006,0.478
1.0,0.638,0.048,0.154,0.778,0.742,0.111,0.953,0.045,0.33,0.088,0.8,0.415,0.347,0.596,0.686,0.732,0.193,0.962,0.6,0.409,0.802,0.042,0.875,0.803,0.383,0.603,0.9,0.383,0.851,0.038,0.472,0.174,0.201,0.267,0.071,0.601,0.343,0.817,0.997,0.657
1.0,0.175,0.739,0.037,0.246,0.61,0.064,0.501,0.708,0.32,0.234,0.603,0.005,0.602,0.873,0.041,0.094,0.624,0.812,0.788,0.809,0.756,0.01,0.185,0.116,0.157,0.625,0.323,0.182,0.364,0.29,0.943,0.809,0.564,0.241,0.374,0.516,0.305,0.116,0.441,0.574
0.0,0.731,0.394,0.625,0.205,0.978,0.526,0.478,0.997,0.283,0.697,0.062,0.659,0.694,0.305,0.155,0.554,0.363,0.679,0.931,0.657,0.781,0.011,0.237,0.849,0.072,0.817,0.976,0.772,0.575,0.387,0.167,0.087,0.147,0.863,0.512,0.124,0.508,0.764,0.396,0.68
0.0,0.608,0.956,0.747,0.971,0.837,0.835,0.524,0.223,0.72,0.664,0.708,0.973,0.687,0.413,0.458,0.33,0.366,0.662,0.68,0.99,0.314,0.202,0.456,0.582,0.117,0.942,0.468,0.031,0.714,0.027,0.364,0.547,0.451,0.397,0.831,0.964,0.553,0.465,0.579,0.202
1.0,0.083,0.908,0.006,0.595,0.26,0.494,0.512,0.316,0.953,0.047,0.041,0.286,0.999,0.315,0.546,0.289,0.672,0.972,0.8,0.107,0.124,0.977,0.103,0.593,0.558,0.95,0.369,0.092,0.863,0.416,0.718,0.843,0.939,0.149,0.988,0.67,0.37,0.354,0.005,0.866
1.0,0.851,0.113,0.022,0.461,0.659,0.379,0.442,0.953,0.439,0.983,0.324,0.437,0.148,0.079,0.897,0.521,0.661,0.782,0.565,0.554,0.147,0.479,0.646,0.539,0.257,0.496,0.203,0.876,0.886,0.23,0.215,0.732,0.838,0.611,0.323,0.14,0.139,0.718,0.4,0.94
1.0,0.941,0.283,0.488,0.629,0.113,0.805,0.619,0.236,0.593,0.772,0.348,0.0,0.334,0.953,0.651,0.877,0.606,0.455,0.259,0.171,0.024,0.99,0.277,0.106,0.813,0.146,0.444,0.557,0.751,0.613,0.137,0.218,0.591,0.885,0.946,0.01,0.071,0.364,0.214,0.23
1.0,0.742,0.404,0.293,0.055,0.756,0.958,0.299,0.629,0.149,0.412,0.268,0.693,0.707,0.386,0.739,0.761,0.777,0.856,0.956,0.322,0.036,0.849,0.523,0.274,0.866,0.316,0.576,0.667,0.467,0.537,0.366,0.162,0.434,0.341,0.228,0.069,0.738,0.563,0.438,0.912
0.0,0.295,0.981,0.042,0.475,0.729,0.134,0.459,0.468,0.383,0.679,0.684,0.507,0.324,0.621,0.66,0.119,0.303,0.554,0.685,0.327,0.499,0.456,0.782,0.715,0.093,0.292,0.891,0.61,0.423,0.784,0.708,0.004,0.858,0.551,0.057,0.831,0.904,0.492,0.083,0.958
1.0,0.972,0.119,0.191,0.66,0.289,0.063,0.679,0.235,0.247,0.03,0.866,0.712,0.432,0.65,0.654,0.615,0.805,0.04,0.472,0.658,0.823,0.978,0.758,0.075,0.606,0.839,0.409,0.083,0.896,0.751,0.106,0.647,0.317,0.953,0.077,0.877,0.809,0.138,0.638,0.073
0.0,0.5,0.208,0.539,0.226,0.165,0.12,0.056,0.018,0.728,0.235,0.135,0.856,0.145,0.236,0.814,0.581,0.186,0.535,0.31,0.379,0.374,0.787,0.201,0.349,0.529,0.727,0.593,0.354,0.014,0.867,0.947,0.49,0.856,0.84,0.48,0.744,0.628,0.53,0.731,0.138
0.0,0.245,0.902,0.847,0.937,0.625,0.92,0.773,0.353,0.731,0.192,0.091,0.191,0.441,0.252,0.748,0.942,0.264,0.435,0.452,0.757,0.892,0.178,0.898,0.905,0.931,0.969,0.991,0.827,0.707,0.78,0.403,0.39,0.14,0.496,0.023,0.663,0.782,0.626,0.023,0.646
1.0,0.703,0.469,0.938,0.271,0.119,0.805,0.193,0.048,0.533,0.846,0.606,0.251,0.145,0.635,0.487,0.603,0.438,0.412,0.991,0.273,0.348,0.637,0.62,0.93,0.827,0.591,0.229,0.18,0.119,0.995,0.713,0.135,0.078,0.185,0.901,0.753,0.494,0.142,0.226,0.715
0.0,0.571,0.688,0.706,0.682,0.644,0.063,0.929,0.532,0.684,0.046,0.391,0.733,0.037,0.72,0.462,0.571,0.7,0.262,0.922,0.982,0.115,0.704,0.954,0.947,0.326,0.441,0.8,0.529,0.821,0.358,0.884,0.945,0.671,0.443,0.484,0.959,0.945,0.874,0.051,0.521
1.0,0.904,0.71,0.891,0.422,0.799,0.862,0.089,0.657,0.786,0.804,0.325,0.617,0.201,0.76,0.326,0.758,0.848,0.549,0.221,0.104,0.932,0.795,0.74,0.821,0.492,0.416,0.79,0.746,0.331,0.211,0.625,0.588,0.077,0.941,0.944,0.355,0.221,0.636,0.965,0.902
1.0,0.578,0.476,0.581,0.847,0.03,0.11,0.363,0.255,0.82,0.295,0.876,0.36,0.552,0.957,0.866,0.095,0.257,0.729,0.774,0.15,0.257,0.348,0.708,0.598,0.624,0.499,0.534,0.14,0.989,0.07,0.267,0.692,0.661,0.883,0.112,0.237,0.919,0.787,0.378,0.649
0.0,0.63,0.105,0.425,0.85,0.632,0.559,0.397,0.457,0.706,0.737,0.853,0.545,0.216,0.335,0.189,0.817,0.624,0.308,0.806,0.045,0.824,0.614,0.84,0.83,0.405,0.206,0.164,0.727,0.518,0.925,0.673,0.637,0.94,0.886,0.171,0.425,0.122,0.389,0.903,0.445
1.0,0.081,0.407,0.093,0.058,0.052,0.701,0.822,0.454,0.141,0.645,0.179,0.178,0.692,0.898,0.057,0.68,0.058,0.08,0.628,0.158,0.3,0.919,0.013,0.574,0.403,0.42,0.22,0.144,0.419,0.053,0.634,0.551,0.579,0.11,0.769,0.952,0.371,0.176,0.553,0.326
0.0,0.081,0.769,0.974,0.67,0.486,0.231,0.803,0.609,0.506,0.369,0.84,0.927,0.267,0.094,0.66,0.796,0.353,0.791,0.616,0.587,0.105,0.386,0.626,0.725,0.324,0.531,0.872,0.437,0.903,0.935,0.603,0.242,0.465,0.857,0.48,0.751,0.178,0.252,0.626,0.157
0.0,0.423,0.744,0.275,0.678,0.399,0.855,0.618,0.574,0.286,0.399,0.668,0.97,0.608,0.409,0.938,0.213,0.863,0.605,0.74,0.588,0.633,0.071,0.293,0.67,0.554,0.932,0.85,0.557,0.517,0.111,0.968,0.278,0.503,0.941,0.691,0.915,0.141,0.707,0.554,0.58
0.0,0.471,0.784,0.41,0.357,0.984,0.378,0.747,0.97,0.184,0.37,0.829,0.147,0.424,0.172,0.6,0.433,0.268,0.715,0.51,0.646,0.375,0.746,0.301,0.033,0.868,0.219,0.345,0.366,0.159,0.375,0.342,0.662,0.657,0.272,0.222,0.478,0.656,0.451,0.729,0.758
1.0,0.113,0.733,0.99,0.088,0.984,0.797,0.808,0.592,0.311,0.113,0.579,0.033,0.362,0.324,0.226,0.519,0.68,0.99,0.424,0.799,0.434,0.093,0.382,0.458,0.24,0.483,0.933,0.44,0.829,0.125,0.294,0.18,0.131,0.585,0.039,0.809,0.512,0.157,0.016,0.07
1.0,0.291,0.681,0.951,0.555,0.43,0.195,0.18,0.458,0.933,0.925,0.349,0.585,0.425,0.695,0.048,0.624,0.405,0.072,0.883,0.19,0.234,0.487,0.645,0.719,0.471,0.891,0.665,0.774,0.124,0.93,0.669,0.452,0.056,0.375,0.629,0.298,0.336,0.593,0.757,0.153
1.0,0.49,0.761,0.015,0.516,0.099,0.139,0.362,0.94,0.937,0.98,0.918,0.461,0.867,0.214,0.524,0.98,0.188,0.639,0.168,0.784,0.882,0.6,0.001,0.253,0.243,0.38,0.571,0.019,0.51,0.76,0.886,0.346,0.267,0.433,0.394,0.654,0.995,0.418,0.316,0.223
0.0,0.546,0.002,0.98,0.201,0.654,0.776,0.798,0.038,0.767,0.344,0.894,0.413,0.744,0.782,0.016,0.455,0.648,0.323,0.017,0.883,0.133,0.197,0.673,0.429,0.978,0.403,0.019,0.623,0.915,0.936,0.585,0.894,0.253,0.721,0.278,0.652,0.077,0.169,0.0,0.421
0.0,0.305,0.975,0.929,0.789,0.964,0.11,0.763,0.091,0.148,0.332,0.969,0.238,0.03,0.639,0.803,0.4,0.015,0.161,0.866,0.324,0.948,0.561,0.58,0.231,0.947,0.903,0.722,0.955,0.583,0.724,0.771,0.968,0.768,0.028,0.768,0.536,0.447,0.206,0.692,0.045
1.0,0.266,0.619,0.635,0.621,0.809,0.98,0.241,0.312,0.439,0.787,0.988,0.208,0.615,0.543,0.966,0.247,0.349,0.694,0.427,0.008,0.864,0.145,0.181,0.86,0.944,0.307,0.532,0.986,0.029,0.195,0.913,0.506,0.711,0.64,0.422,0.008,0.094,0.882,0.521,0.237
1.0,0.618,0.017,0.28,0.3,0.744,0.897,0.796,0.662,0.719,0.659,0.689,0.04,0.596,0.283,0.106,0.892,0.526,0.795,0.208,0.89,0.315,0.004,0.612,0.714,0.225,0.068,0.448,0.431,0.382,0.317,0.319,0.752,0.633,0.429,0.013,0.951,0.763,0.011,0.078,0.21
1.0,0.959,0.27,0.805,0.618,0.384,0.925,0.513,0.709,0.062,0.219,0.038,0.37,0.512,0.941,0.076,0.479,0.71,0.033,0.653,0.437,0.936,0.788,0.385,0.469,0.732,0.105,0.453,0.369,0.158,0.386,0.079,0.105,0.457,0.331,0.655,0.992,0.569,0.548,0.121,0.831
0.0,0.106,0.77,0.126,0.57,0.647,0.422,0.079,0.808,0.39,0.575,0.133,0.929,0.841,0.73,0.327,0.699,0.276,0.368,0.468,0.984,0.76,0.921,0.816,0.145,0.686,0.006,0.413,0.757,0.81,0.461,0.033,0.138,0.706,0.441,0.279,0.635,0.188,0.813,0.972,0.232
1.0,0.469,0.05,0.752,0.525,0.115,0.716,0.774,0.811,0.602,0.922,0.538,0.747,0.5,0.812,0.531,0.677,0.295,0.97,0.373,0.061,0.985,0.937,0.035,0.731,0.252,0.201,0.604,0.856,0.11,0.06,0.876,0.679,0.699,0.814,0.95,0.321,0.697,0.609,0.217,0.855
1.0,0.64,0.201,0.094,0.616,0.812,0.48,0.993,0.473,0.149,0.856,0.079,0.321,0.368,0.513,0.831,0.841,0.183,0.112,0.764,0.053,0.6,0.236,0.752,0.913,0.434,0.567,0.147,0.708,0.841,0.864,0.057,0.325,0.063,0.765,0.726,0.822,0.9,0.6,0.585,0.927
1.0,0.312,0.176,0.684,0.068,0.562,0.762,0.719,0.834,0.191,0.053,0.185,0.938,0.797,0.958,0.243,0.321,0.253,0.693,0.966,0.059,0.17,0.575,0.641,0.491,0.255,0.414,0.638,0.431,0.992,0.665,0.219,0.969,0.145,0.734,0.089,0.285,0.478,0.355,0.175,0.307
0.0,0.193,0.855,0.684,0.727,0.712,0.13,0.69,0.755,0.524,0.545,0.014,0.619,0.537,0.843,0.759,0.477,0.172,0.648,0.052,0.341,0.455,0.421,0.886,0.942,0.592,0.886,0.962,0.688,0.166,0.784,0.619,0.463,0.435,0.008,0.599,0.511,0.213,0.695,0.227,0.996
0.0,0.766,0.903,0.021,0.945,0.778,0.412,0.223,0.099,0.633,0.249,0.228,0.773,0.554,0.517,0.551,0.736,0.071,0.185,0.322,0.473,0.603,0.328,0.182,0.568,0.971,0.27,0.611,0.494,0.275,0.94,0.258,0.131,0.227,0.385,0.509,0.304,0.827,0.609,0.142,0.879
1.0,0.796,0.273,0.635,0.832,0.122,0.149,0.906,0.577,0.913,0.713,0.13,0.373,0.266,0.301,0.559,0.79,0.45,0.018,0.539,0.611,0.401,0.484,0.261,0.906,0.69,0.176,0.982,0.912,0.385,0.386,0.249,0.956,0.029,0.793,0.033,0.648,0.882,0.785,0.646,0.764
0.0,0.986,0.905,0.842,0.047,0.29,0.072,0.863,0.67,0.962,0.135,0.615,0.845,0.538,0.864,0.95,0.604,0.265,0.22,0.989,0.175,0.141,0.812,0.336,0.207,0.812,0.57,0.272,0.585,0.725,0.903,0.258,0.828,0.37,0.387,0.423,0.731,0.565,0.327,0.745,0.714
1.0,0.922,0.619,0.052,0.065,0.005,0.956,0.777,0.762,0.064,0.576,0.355,0.244,0.48,0.667,0.035,0.289,0.131,0.956,0.491,0.531,0.498,0.969,0.05,0.661,0.769,0.918,0.287,0.174,0.618,0.074,0.894,0.215,0.911,0.703,0.163,0.808,0.885,0.94,0.265,0.866
1.0,0.825,0.402,0.176,0.53,0.628,0.967,0.006,0.375,0.472,0.551,0.252,0.677,0.434,0.324,0.15,0.073,0.829,0.646,0.33,0.831,0.91,0.203,0.511,0.675,0.37,0.887,0.42,0.929,0.2,0.786,0.84,0.37,0.211,0.383,0.784,0.326,0.041,0.138,0.558,0.576
1.0,0.183,0.879,0.74,0.442,0.308,0.777,0.228,0.237,0.729,0.299,0.175,0.356,0.926,0.186,0.796,0.202,0.941,0.53,0.82,0.966,0.521,0.8,0.205,0.695,0.2,0.798,0.958,0.734,0.165,0.857,0.281,0.317,0.793,0.168,0.889,0.185,0.897,0.338,0.012,0.277
1.0,0.117,0.805,0.556,0.222,0.508,0.139,0.699,0.59,0.044,0.102,0.712,0.311,0.772,0.793,0.048,0.891,0.691,0.709,0.563,0.885,0.894,0.33,0.721,0.343,0.423,0.526,0.922,0.226,0.941,0.553,0.506,0.26,0.726,0.422,0.181,0.488,0.911,0.935,0.289,0.894
0.0,0.787,0.548,0.69,0.938,0.486,0.861,0.966,0.571,0.596,0.35,0.2,0.973,0.903,0.276,0.245,0.465,0.765,0.25,0.873,0.642,0.479,0.633,0.339,0.807,0.866,0.454,0.958,0.635,0.436,0.303,0.579,0.309,0.285,0.388,0.342,0.672,0.46,0.876,0.395,0.286
1.0,0.471,0.553,0.397,0.907,0.556,0.595,0.656,0.495,0.711,0.083,0.961,0.002,0.64,0.752,0.952,0.222,0.843,0.752,0.333,0.331,0.06,0.45,0.114,0.611,0.884,0.18,0.469,0.9,0.016,0.132,0.879,0.179,0.063,0.473,0.895,0.996,0.878,0.987,0.226,0.063
1.0,0.016,0.109,0.621,0.142,0.506,0.256,0.842,0.588,0.707,0.416,0.684,0.29,0.194,0.915,0.862,0.901,0.386,0.794,0.634,0.289,0.731,0.247,0.664,0.764,0.483,0.974,0.865,0.287,0.472,0.872,0.066,0.086,0.272,0.814,0.192,0.409,0.914,0.482,0.738,0.433
1.0,0.787,0.097,0.06,0.824,0.714,0.473,0.644,0.745,0.105,0.197,0.184,0.14,0.66,0.418,0.365,0.153,0.372,0.502,0.735,0.85,0.945,0.269,0.763,0.621,0.688,0.289,1.0,0.11,0.809,0.281,0.346,0.749,0.469,0.369,0.714,0.684,0.067,0.372,0.242,0.837
1.0,0.907,0.052,0.539,0.211,0.437,0.021,0.274,0.495,0.751,0.651,0.183,0.687,0.792,0.847,0.55,0.011,0.833,0.732,0.325,0.399,0.924,0.408,0.574,0.108,0.158,0.13,0.581,0.437,0.847,0.131,0.812,0.145,0.752,0.912,0.023,0.038,0.798,0.974,0.773,0.212
1.0,0.23,0.748,0.592,0.367,0.572,0.251,0.345,0.968,0.941,0.436,0.754,0.605,0.189,0.721,0.052,0.408,0.451,0.396,0.172,0.707,0.894,0.507,0.721,0.171,0.758,0.834,0.699,0.187,0.094,0.183,0.981,0.411,0.349,0.623,0.182,0.485,0.843,0.94,0.321,0.151
1.0,0.041,0.926,0.069,0.99,0.277,0.14,0.187,0.588,0.763,0.134,0.935,0.33,0.599,0.04,0.343,0.947,0.523,0.558,0.711,0.848,0.899,0.647,0.762,0.367,0.06,0.144,0.252,0.121,0.103,0.47,0.255,0.836,0.976,0.747,0.437,0.004,0.893,0.642,0.157,0.519
1.0,0.73,0.54,0.233,0.438,0.173,0.92,0.47,0.52,0.236,0.153,0.513,0.578,0.832,0.177,0.828,0.788,0.249,0.357,0.84,0.904,0.807,0.116,0.295,0.655,0.713,0.763,0.031,0.484,0.232,0.806,0.269,0.041,0.628,0.154,0.957,0.01,0.505,0.713,0.616,0.919
1.0,0.658,0.853,0.487,0.535,0.146,0.894,0.558,0.294,0.337,0.176,0.784,0.298,0.185,0.998,0.128,0.745,0.306,0.737,0.381,0.69,0.374,0.665,0.574,0.801,0.841,0.851,0.603,0.543,0.24,0.203,0.663,0.655,0.439,0.015,0.622,0.99,0.266,0.593,0.25,0.786
1.0,0.832,0.981,0.911,0.171,0.274,0.145,0.039,0.41,0.987,0.629,0.449,0.249,0.92,0.054,0.339,0.313,0.46,0.957,0.381,0.36,0.574,0.712,0.382,0.866,0.41,0.399,0.379,0.48,0.862,0.913,0.793,0.283,0.242,0.627,0.616,0.446,0.323,0.278,0.293,0.955
0.0,0.491,0.716,0.936,0.476,0.867,0.821,0.81,0.469,0.164,0.283,0.607,0.503,0.695,0.486,0.942,0.419,0.995,0.336,0.95,0.242,0.621,0.264,0.79,0.449,0.161,0.791,0.872,0.414,0.198,0.777,0.835,0.752,0.12,0.163,0.152,0.575,0.253,0.839,0.266,0.707
1.0,0.364,0.638,0.177,0.902,0.31,0.711,0.136,0.056,0.22,0.365,0.779,0.394,0.52,0.214,0.918,0.562,0.995,0.955,0.548,0.97,0.132,0.809,0.206,0.538,0.794,0.566,0.385,0.102,0.154,0.69,0.048,0.489,0.681,0.263,0.713,0.189,0.747,0.652,0.231,0.082
0.0,0.931,0.521,0.353,0.379,0.98,0.283,0.218,0.363,0.798,0.122,0.391,0.764,0.379,0.48,0.61,0.282,0.398,0.088,0.708,0.826,0.725,0.014,0.859,0.19,0.427,0.474,0.5,0.183,0.758,0.508,0.01,0.195,0.989,0.441,0.088,0.688,0.144,0.802,0.534,0.969
1.0,0.47,0.862,0.856,0.546,0.18,0.352,0.046,0.951,0.863,0.46,0.418,0.105,0.526,0.794,0.175,0.881,0.412,0.801,0.147,0.949,0.765,0.807,0.299,0.934,0.58,0.64,0.329,0.816,0.479,0.289,0.738,0.071,0.815,0.285,0.782,0.087,0.487,0.014,0.09,0.469
1.0,0.576,0.081,0.903,0.867,0.761,0.74,0.742,0.914,0.271,0.035,0.312,0.31,0.668,0.413,0.787,0.074,0.474,0.661,0.11,0.459,0.574,0.393,0.219,0.856,0.077,0.81,0.923,0.209,0.122,0.304,0.782,0.432,0.644,0.832,0.989,0.511,0.932,0.076,0.275,0.204
1.0,0.634,0.179,0.725,0.235,0.173,0.051,0.65,0.523,0.936,0.082,0.513,0.648,0.281,0.695,0.883,0.758,0.81,0.924,0.341,0.952,0.218,0.276,0.127,0.332,0.771,0.656,0.76,0.212,0.647,0.59,0.698,0.711,0.427,0.252,0.733,0.172,0.634,0.198,0.887,0.53
1.0,0.677,0.804,0.108,0.474,0.244,0.642,0.066,0.421,0.289,0.052,0.123,0.385,0.345,0.609,0.355,0.925,0.484,0.355,0.538,0.792,0.59,0.408,0.751,0.169,0.553,0.78,0.205,0.41,0.244,0.124,0.869,0.057,0.428,0.819,0.583,0.787,0.692,0.422,0.67,0.652
0.0,0.972,0.102,0.628,0.254,0.994,0.749,0.803,0.523,0.981,0.77,0.993,0.622,0.67,0.747,0.699,0.762,0.364,0.555,0.986,0.841,0.337,0.246,0.077,0.144,0.778,0.133,0.007,0.52,0.144,0.061,0.053,0.526,0.247,0.649,0.836,0.181,0.011,0.333,0.579,0.658
1.0,0.719,0.653,0.779,0.54,0.328,0.193,0.795,0.383,0.835,0.951,0.185,0.172,0.163,0.744,0.05,0.477,0.671,0.4,0.186,0.147,0.249,0.258,0.33,0.662,0.45,0.593,0.031,0.473,0.438,0.397,0.977,0.466,0.234,0.607,0.036,0.461,0.926,0.057,0.633,0.036
0.0,0.765,0.987,0.62,0.458,0.944,0.466,0.19,0.421,0.029,0.206,0.99,0.92,0.857,0.587,0.596,0.282,0.779,0.287,0.863,0.161,0.707,0.647,0.711,0.388,0.125,0.359,0.423,0.893,0.408,0.411,0.259,0.365,0.493,0.529,0.58,0.763,0.427,0.105,0.856,0.909
1.0,0.113,0.04,0.495,0.165,0.068,0.104,0.345,0.481,0.836,0.473,0.221,0.338,0.16,0.566,0.535,0.65,0.317,0.591,0.321,0.793,0.155,0.867,0.309,0.475,0.601,0.824,0.76,0.981,0.372,0.203,0.295,0.049,0.745,0.361,0.149,0.092,0.646,0.65,0.462,0.09
0.0,0.495,0.556,0.553,0.984,0.439,0.339,0.545,0.317,0.946,0.912,0.513,0.239,0.206,0.083,0.764,0.058,0.925,0.682,0.872,0.435,0.515,0.316,0.938,0.01,0.833,0.813,0.812,0.436,0.001,0.508,0.42,0.283,0.846,0.023,0.828,0.668,0.336,0.997,0.82,0.67
0.0,0.978,0.545,0.742,0.945,0.905,0.797,0.582,0.964,0.264,0.356,0.151,0.987,0.249,0.864,0.897,0.47,0.962,0.348,0.029,0.213,0.234,0.676,0.722,0.431,0.194,0.659,0.983,0.764,0.576,0.559,0.607,0.986,0.967,0.312,0.965,0.373,0.098,0.272,0.684,0.683
1.0,0.15,0.374,0.839,0.799,0.413,0.27,0.341,0.392,0.949,0.792,0.9,0.451,0.361,0.664,0.631,0.918,0.448,0.838,0.346,0.234,0.948,0.362,0.169,0.144,0.231,0.797,0.316,0.932,0.76,0.97,0.735,0.535,0.93,0.627,0.644,0.125,0.219,0.301,0.875,0.478
1.0,0.497,0.046,0.02,0.25,0.289,0.444,0.838,0.391,0.984,0.632,0.173,0.144,0.191,0.069,0.035,0.263,0.666,0.343,0.234,0.135,0.525,0.944,0.131,0.43,0.25,0.92,0.654,0.724,0.546,0.952,0.364,0.955,0.427,0.782,0.171,0.444,0.674,0.008,0.976,0.535
1.0,0.602,0.902,0.811,0.374,0.212,0.269,0.037,0.319,0.52,0.214,0.471,0.592,0.273,0.629,0.913,0.266,0.612,0.397,0.676,0.082,0.392,0.037,0.292,0.156,0.075,0.868,0.878,0.78,0.022,0.092,0.81,0.885,0.729,0.207,0.881,0.777,0.945,0.118,0.656,0.336
1.0,0.332,0.671,0.238,0.277,0.589,0.476,0.552,0.184,0.225,0.719,0.945,0.717,0.346,0.216,0.49,0.666,0.461,0.248,0.434,0.353,0.357,0.182,0.533,0.419,0.591,0.224,0.79,0.568,0.965,0.034,0.563,0.63,0.253,0.357,0.85,0.589,0.04,0.819,0.143,0.03
0.0,0.297,0.594,0.73,0.711,0.943,0.269,0.602,0.984,0.602,0.184,0.452,0.261,0.732,0.783,0.184,0.436,0.841,0.306,0.66,0.668,0.298,0.933,0.585,0.604,0.025,0.831,0.077,0.312,0.372,0.076,0.741,0.653,0.697,0.875,0.689,0.807,0.64,0.493,0.301,0.815
0.0,0.447,0.609,0.327,0.606,0.01,0.837,0.378,0.593,0.005,0.446,0.692,0.409,0.991,0.139,0.386,0.329,0.596,0.772,0.394,0.597,0.656,0.359,0.998,0.647,0.157,0.814,0.479,0.992,0.612,0.348,0.259,0.015,0.643,0.189,0.732,0.598,0.619,0.821,0.409,0.733
1.0,0.1,0.67,0.912,0.154,0.204,0.608,0.126,0.509,0.408,0.733,0.919,0.058,0.595,0.412,0.883,0.882,0.96,0.788,0.5,0.681,0.134,0.554,0.315,0.026,0.165,0.017,0.783,0.768,0.148,0.927,0.615,0.778,0.028,0.844,0.097,0.822,0.107,0.104,0.882,0.232
0.0,0.69,0.891,0.527,0.292,0.706,0.788,0.719,0.778,0.543,0.535,0.336,0.105,0.712,0.843,0.525,0.338,0.881,0.738,0.11,0.968,0.39,0.765,0.932,0.679,0.387,0.013,0.819,0.288,0.242,0.971,0.551,0.479,0.044,0.899,0.665,0.387,0.628,0.922,0.232,0.612
1.0,0.353,0.38,0.258,0.909,0.51,0.719,0.687,0.415,0.983,0.707,0.906,0.615,0.752,0.045,0.596,0.79,0.123,0.595,0.355,0.327,0.946,0.272,0.472,0.726,0.298,0.691,0.456,0.967,0.023,0.311,0.074,0.888,0.889,0.567,0.329,0.313,0.358,0.588,0.221,0.996
0.0,0.887,0.256,0.31,0.043,0.059,0.836,0.628,0.943,0.377,0.339,0.165,0.721,0.658,0.293,0.86,0.85,0.536,0.966,0.909,0.021,0.215,0.597,0.265,0.206,0.714,0.073,0.354,0.919,0.807,0.908,0.971,0.912,0.877,0.251,0.888,0.698,0.933,0.26,0.094,0.58
1.0,0.599,0.305,0.654,0.587,0.002,0.613,0.246,0.079,0.774,0.825,0.149,0.149,0.979,0.883,0.158,0.664,0.711,0.414,0.205,0.41,0.248,0.159,0.482,0.61,0.871,0.454,0.053,0.874,0.527,0.521,0.711,0.893,0.998,0.253,0.85,0.474,0.514,0.43,0.946,0.806
1.0,0.829,0.274,0.586,0.129,0.347,0.01,0.007,0.13,0.173,0.535,0.623,0.262,0.584,0.715,0.781,0.932,0.92,0.818,0.137,0.234,0.777,0.14,0.366,0.27,0.628,0.969,0.865,0.398,0.338,0.516,0.8,0.366,0.721,0.544,0.199,0.554,0.803,0.662,0.81,0.464
1.0,0.622,0.902,0.943,0.259,0.358,0.367,0.82,0.576,0.789,0.58,0.851,0.446,0.194,0.05,0.418,0.112,0.885,0.382,0.544,0.573,0.057,0.229,0.617,0.534,0.453,0.085,0.336,0.721,0.935,0.599,0.815,0.441,0.989,0.1,0.151,0.897,0.656,0.114,0.521,0.199
1.0,0.184,0.206,0.178,0.935,0.261,0.994,0.644,0.917,0.69,0.63,0.525,0.185,0.515,0.553,0.615,0.892,0.26,0.86,0.131,0.093,0.781,0.241,0.064,0.594,0.275,0.296,0.758,0.081,0.82,0.28,0.75,0.246,0.391,0.893,0.833,0.828,0.053,0.704,0.657,0.29
0.0,0.687,0.667,0.163,0.237,0.089,0.291,0.1,0.09,0.942,0.665,0.967,0.596,0.84,0.532,0.751,0.785,0.858,0.356,0.135,0.712,0.643,0.718,0.975,0.523,0.331,0.988,0.895,0.795,0.292,0.898,0.37,0.301,0.8,0.06,0.433,0.229,0.309,0.538,0.329,0.03
0.0,0.424,0.741,0.54,0.57,0.297,0.015,0.506,0.744,0.018,0.341,0.737,0.548,0.029,0.814,0.615,0.626,0.892,0.482,0.074,0.608,0.193,0.517,0.989,0.627,0.572,0.038,0.591,0.044,0.726,0.954,0.61,0.064,0.412,1.0,0.95,0.103,0.79,0.379,0.239,0.311
1.0,0.08,0.948,0.866,0.145,0.796,0.897,0.872,0.148,0.664,0.759,0.746,0.095,0.847,0.222,0.271,0.651,0.354,0.662,0.341,0.712,0.576,0.723,0.365,0.599,0.457,0.759,0.895,0.213,0.168,0.404,0.47,0.07,0.051,0.054,0.14,0.9,0.363,0.703,0.135,0.017
1.0,0.707,0.9,0.643,0.4,0.69,0.226,0.629,0.206,0.061,0.884,0.97,0.677,0.662,0.289,0.899,0.249,0.509,0.306,0.592,0.088,0.482,0.586,0.358,0.258,0.991,0.7,0.945,0.168,0.735,0.716,0.071,0.478,0.969,0.769,0.93,0.608,0.939,0.408,0.095,0.997
1.0,0.404,0.966,0.377,0.596,0.175,0.075,0.063,0.852,0.435,0.953,0.4,0.555,0.299,0.608,0.359,0.098,0.516,0.981,0.168,0.853,0.212,0.654,0.611,0.245,0.961,0.889,0.169,0.953,0.143,0.091,0.249,0.083,0.475,0.198,0.617,0.196,0.464,0.155,0.432,0.781
0.0,0.462,0.188,0.779,0.306,0.918,0.665,0.119,0.932,0.708,0.116,0.542,0.018,0.079,0.977,0.082,0.376,0.429,0.307,0.325,0.126,0.457,0.442,0.09,0.692,0.194,0.019,0.131,0.789,0.762,0.308,0.085,0.449,0.821,0.493,0.024,0.655,0.615,0.521,0.88,0.261
1.0,0.468,0.596,0.807,0.184,0.116,0.297,0.522,0.791,0.207,0.29,0.788,0.639,0.507,0.666,0.949,0.458,0.106,0.073,0.936,0.922,0.13,0.175,0.536,0.998,0.936,0.52,0.327,0.856,0.245,0.582,0.46,0.375,0.054,0.697,0.152,0.01,0.437,0.453,0.487,0.43
0.0,0.049,0.991,0.943,0.99,0.138,0.323,0.563,0.314,0.163,0.224,0.18,0.458,0.217,0.133,0.401,0.531,0.281,0.244,0.198,0.444,0.144,0.977,0.986,0.949,0.732,0.311,0.935,0.426,0.159,0.387,0.473,0.126,0.796,0.219,0.004,0.57,0.727,0.984,0.019,0.225
0.0,0.452,0.614,0.721,0.538,0.031,0.756,0.378,0.789,0.62,0.779,0.812,0.866,0.721,0.45,0.972,0.614,0.101,0.197,0.695,0.298,0.913,0.659,0.135,0.719,0.75,0.857,0.725,0.488,0.702,0.495,0.494,0.591,0.89,0.302,0.437,0.416,0.557,0.733,0.568,0.744
1.0,0.513,0.073,0.614,0.11,0.118,0.35,0.87,0.323,0.439,0.681,0.325,0.528,0.863,0.012,0.595,0.554,0.756,0.029,0.718,0.628,0.867,0.701,0.36,0.987,0.894,0.255,0.941,0.64,0.262,0.188,0.583,0.811,0.089,0.1,0.861,0.288,0.317,0.161,0.632,0.523
1.0,0.268,0.172,0.952,0.581,0.021,0.371,0.392,0.994,0.8,0.086,0.113,0.493,0.401,0.446,0.291,0.475,0.926,0.374,0.693,0.696,0.701,0.96,0.159,0.649,0.057,0.453,0.25,0.977,0.012,0.748,0.189,0.656,0.805,0.6,0.574,0.239,0.742,0.233,0.487,0.546
0.0,0.456,0.362,0.798,0.991,0.78,0.861,0.262,0.606,0.058,0.748,0.378,0.173,0.594,0.275,0.052,0.905,0.359,0.09,0.251,0.413,0.128,0.372,0.826,0.374,0.198,0.583,0.108,0.931,0.353,0.191,0.949,0.867,0.351,0.938,0.351,0.396,0.052,0.679,0.648,0.211
0.0,0.863,0.618,0.674,0.648,0.143,0.089,0.033,0.908,0.929,0.859,0.796,0.651,0.085,0.567,0.375,0.568,0.561,0.497,0.889,0.137,0.163,0.325,0.449,0.659,0.59,0.742,0.003,0.942,0.818,0.091,0.277,0.005,0.145,0.204,0.699,0.449,0.146,0.839,0.676,0.5
1.0,0.914,0.552,0.011,0.598,0.291,0.189,0.324,0.91,0.682,0.079,0.634,0.526,0.218,0.685,0.283,0.658,0.784,0.214,0.231,0.375,0.16,0.26,0.134,0.664,0.302,0.003,0.38,0.328,0.475,0.547,0.332,0.229,0.829,0.802,0.341,0.37,0.09,0.682,0.07,0.606
1.0,0.799,0.685,0.301,0.558,0.822,0.411,0.249,0.822,0.875,0.346,0.051,0.528,0.666,0.994,0.106,0.337,0.179,0.286,0.602,0.305,0.529,0.373,0.35,0.579,0.227,0.409,0.347,0.257,0.902,0.28,0.416,0.834,0.713,0.445,0.766,0.067,0.559,0.442,0.969,0.791
0.0,0.996,0.624,0.986,0.997,0.966,0.581,0.895,0.474,0.887,0.97,0.856,0.106,0.72,0.531,0.103,0.865,0.097,0.407,0.818,0.858,0.284,0.745,0.847,0.199,0.1,0.816,0.609,0.822,0.792,0.783,0.745,0.84,0.769,0.969,0.006,0.607,0.047,0.603,0.697,0.426
0.0,0.877,0.028,0.023,0.794,0.599,0.839,0.652,0.813,0.111,0.165,0.683,0.487,0.284,0.42,0.001,0.797,0.231,0.685,0.843,0.898,0.719,0.728,0.783,0.423,0.94,0.225,0.441,0.001,0.359,0.852,0.073,0.14,0.074,0.292,0.627,0.963,0.289,0.778,0.117,0.962
1.0,0.184,0.887,0.227,0.863,0.008,0.174,0.611,0.702,0.59,0.061,0.459,0.757,0.105,0.991,0.119,0.302,0.719,0.462,0.119,0.184,0.47,0.934,0.067,0.314,0.569,0.225,0.97,0.945,0.252,0.217,0.12,0.516,0.851,0.886,0.379,0.488,0.679,0.93,0.675,0.335
1.0,0.482,0.114,0.721,0.094,0.641,0.257,0.326,0.38,0.845,0.52,0.066,0.904,0.168,0.704,0.307,0.428,0.388,0.704,0.315,0.98,0.921,0.825,0.364,0.088,0.469,0.11,0.628,0.118,0.291,0.875,0.582,0.073,0.114,0.806,0.053,0.546,0.571,0.798,0.204,0.238
0.0,0.374,0.075,0.675,0.725,0.977,0.917,0.113,0.178,0.986,0.465,0.251,0.866,0.905,0.942,0.462,0.612,0.166,0.721,0.173,0.073,0.125,0.143,0.818,0.845,0.169,0.722,0.063,0.286,0.957,0.281,0.882,0.789,0.075,0.156,0.991,0.507,0.362,0.203,0.366,0.327
1.0,0.64,0.65,0.112,0.08,0.257,0.108,0.294,0.62,0.871,0.692,0.38,0.327,0.672,0.268,0.068,0.614,0.409,0.487,0.404,0.582,0.086,0.856,0.049,0.463,0.996,0.634,0.841,0.489,0.844,0.454,0.378,0.369,0.146,0.424,0.088,0.862,0.955,0.23,0.193,0.979
1.0,0.233,0.554,0.563,0.04,0.117,0.199,0.565,0.041,0.289,0.068,0.646,0.123,0.694,0.406,0.437,0.844,0.593,0.857,0.598,0.163,0.242,0.496,0.05,0.588,0.938,0.886,0.493,0.637,0.075,0.973,0.109,0.802,0.401,0.064,0.379,0.452,0.3,0.034,0.83,0.831
1.0,0.17,0.784,0.064,0.866,0.737,0.254,0.255,0.241,0.034,0.31,0.516,0.589,0.73,0.999,0.263,0.602,0.399,0.802,0.129,0.038,0.168,0.25,0.869,0.613,0.546,0.936,0.312,0.094,0.261,0.195,0.44,0.243,0.844,0.69,0.135,0.846,0.536,0.082,0.411,0.742
1.0,0.457,0.481,0.017,0.181,0.116,0.925,0.876,0.714,0.091,0.11,0.104,0.37,0.697,0.766,0.495,0.159,0.742,0.749,0.054,0.011,0.2,0.441,0.359,0.538,0.015,0.416,0.075,0.483,0.02,0.768,0.259,0.249,0.824,0.402,0.911,0.471,0.684,0.529,0.227,0.342
0.0,0.054,0.393,0.946,0.382,0.521,0.967,0.826,0.518,0.24,0.677,0.296,0.797,0.669,0.494,0.261,0.834,0.212,0.907,0.433,0.412,0.629,0.57,0.206,0.497,0.227,0.839,0.843,0.049,0.811,0.603,0.1,0.427,0.997,0.53,0.809,0.475,0.784,0.788,0.973,0.035
0.0,0.078,0.317,0.798,0.976,0.866,0.045,0.762,0.262,0.528,0.166,0.869,0.903,0.43,0.984,0.954,0.839,0.956,0.582,0.054,0.223,0.028,0.722,0.855,0.766,0.78,0.366,0.983,0.306,0.359,0.149,0.751,0.933,0.553,0.175,0.883,0.887,0.692,0.426,0.341,0.111
1.0,0.362,0.716,0.673,0.872,0.533,0.832,0.861,0.847,0.101,0.128,0.565,0.367,0.011,0.385,0.063,0.723,0.223,0.657,0.208,0.581,0.547,0.221,0.392,0.813,0.575,0.007,0.193,0.086,0.076,0.582,0.591,0.75,0.29,0.482,0.584,0.85,0.101,0.342,0.157,0.923
0.0,0.112,0.153,0.978,0.34,0.259,0.365,0.488,0.136,0.231,0.644,0.224,0.017,0.663,0.988,0.565,0.279,0.193,0.766,0.658,0.076,0.56,0.479,0.845,0.738,0.861,0.895,0.764,0.524,0.706,0.727,0.406,0.675,0.145,0.754,0.001,0.01,0.91,0.1,0.737,0.657
0.0,0.027,0.204,0.428,0.719,0.694,0.628,0.886,0.69,0.962,0.008,0.878,0.808,0.699,0.817,0.729,0.372,0.185,0.989,0.248,0.268,0.817,0.21,0.972,0.192,0.461,0.616,0.599,0.694,0.438,0.407,0.766,0.611,0.378,0.332,0.207,0.023,0.834,0.374,0.218,0.548
0.0,0.974,0.145,0.203,0.991,0.772,0.081,0.332,0.433,0.948,0.91,0.746,0.19,0.968,0.732,0.438,0.316,0.143,0.654,0.097,0.747,0.768,0.707,0.802,0.037,0.147,0.197,0.918,0.77,0.393,0.079,0.476,0.124,0.813,0.367,0.45,0.18,0.203,0.577,0.418,0.179
1.0,0.314,0.336,0.672,0.347,0.397,0.835,0.351,0.018,0.798,0.568,0.143,0.764,0.524,0.593,0.19,0.632,0.654,0.188,0.298,0.528,0.06,0.509,0.307,0.076,0.289,0.65,0.09,0.866,0.448,0.885,0.576,0.618,0.915,0.37,0.588,0.168,0.002,0.044,0.858,0.246
0.0,0.424,0.694,0.532,0.807,0.977,0.372,0.893,0.658,0.47,0.376,0.695,0.374,0.122,0.41,0.862,0.988,0.963,0.612,0.641,0.553,0.683,0.2,0.592,0.142,0.236,0.41,0.896,0.233,0.079,0.348,0.848,0.037,0.63,0.647,0.536,0.208,0.317,0.78,0.633,0.112
0.0,0.026,0.657,0.748,0.755,0.333,0.681,0.533,0.07,0.804,0.781,0.327,0.624,0.386,0.173,0.982,0.877,0.72,0.39,0.682,0.62,0.701,0.012,0.987,0.918,0.472,0.748,0.417,0.107,0.367,0.99,0.852,0.717,0.551,0.815,0.446,0.049,0.003,0.816,0.941,0.79
1.0,0.171,0.451,0.62,0.025,0.728,0.879,0.767,0.207,0.665,0.1,0.388,0.648,0.348,0.972,0.155,0.6,0.966,0.671,0.974,0.106,0.608,0.771,0.699,0.556,0.095,0.047,0.163,0.814,0.277,0.722,0.305,0.462,0.613,0.052,0.28,0.486,0.924,0.277,0.601,0.008
0.0,0.422,0.665,0.142,0.308,0.614,0.115,0.671,0.918,0.771,0.152,0.452,0.703,0.519,0.043,0.452,0.146,0.622,0.751,0.59,0.517,0.701,0.066,0.939,0.464,0.128,0.583,0.544,0.809,0.238,0.596,0.112,0.228,0.775,0.766,0.867,0.325,0.445,0.391,0.998,0.363
1.0,0.83,0.972,0.464,0.282,0.757,0.705,0.061,0.899,0.541,0.85,0.465,0.993,0.733,0.383,0.796,0.877,0.642,0.98,0.749,0.669,0.998,0.454,0.879,0.255,0.063,0.161,0.761,0.116,0.315,0.616,0.468,0.468,0.743,0.11,0.6,0.465,0.364,0.675,0.739,0.314
0.0,0.381,0.04,0.768,0.109,0.315,0.456,0.444,0.561,0.94,0.927,0.888,0.013,0.13,0.725,0.779,0.744,0.074,0.328,0.828,0.828,0.742,0.703,0.852,0.991,0.059,0.444,0.519,0.775,0.693,0.065,0.113,0.604,0.744,0.142,0.228,0.441,0.079,0.873,0.323,0.974
1.0,0.944,0.11,0.747,0.596,0.066,0.253,0.164,0.7,0.817,0.608,0.472,0.052,0.65,0.539,0.308,0.518,0.074,0.701,0.939,0.059,0.614,0.125,0.203,0.637,0.871,0.928,0.291,0.02,0.877,0.327,0.985,0.047,0.7,0.04,0.538,0.027,0.463,0.476,0.717,0.489
0.0,0.706,0.666,0.966,0.117,0.732,0.673,0.691,0.773,0.602,0.691,0.869,0.069,0.281,0.43,0.569,0.461,0.124,0.528,0.738,0.334,0.462,0.65,0.391,0.599,0.173,0.345,0.017,0.931,0.761,0.798,0.908,0.106,0.844,0.944,0.802,0.919,0.138,0.591,0.003,0.831
1.0,0.129,0.276,0.137,0.567,0.111,0.666,0.503,0.592,0.957,0.228,0.441,0.104,0.252,0.749,0.705,0.785,0.112,0.113,0.162,0.046,0.405,0.717,0.564,0.949,0.272,0.046,0.834,0.214,0.765,0.474,0.272,0.038,0.397,0.647,0.051,0.614,0.01,0.661,0.641,0.49
1.0,0.523,0.139,0.462,0.571,0.094,0.164,0.634,0.677,0.423,0.681,0.424,0.383,0.971,0.623,0.495,0.673,0.342,0.742,0.419,0.131,0.976,0.002,0.15,0.023,0.854,0.483,0.968,0.979,0.399,0.286,0.457,0.845,0.956,0.364,0.559,0.725,0.942,0.418,0.213,0.922
0.0,0.694,0.532,0.693,0.992,0.795,0.352,0.349,0.253,0.881,0.769,0.321,0.772,0.516,0.581,0.308,0.372,0.016,0.83,0.189,0.283,0.332,0.805,0.154,0.404,0.021,0.316,0.05,0.806,0.841,0.419,0.94,0.167,0.914,0.177,0.483,0.206,0.65,0.274,0.555,0.178
0.0,0.435,0.957,0.573,0.986,0.895,0.647,0.691,0.395,0.669,0.728,0.285,0.796,0.07,0.191,0.916,0.996,0.315,0.796,0.628,0.775,0.975,0.438,0.409,0.099,0.142,0.254,0.1,0.333,0.585,0.258,0.486,0.652,0.34,0.952,0.636,0.75,0.72,0.426,0.915,0.386
0.0,0.783,0.601,0.858,0.185,0.763,0.836,0.261,0.919,0.075,0.074,0.97,0.212,0.368,0.233,0.379,0.412,0.063,0.471,0.614,0.677,0.361,0.494,0.871,0.607,0.761,0.757,0.777,0.515,0.928,0.715,0.028,0.078,0.174,0.718,0.263,0.484,0.539,0.867,0.752,0.571
1.0,0.582,0.502,0.519,0.452,0.5,0.065,0.427,0.882,0.514,0.523,0.273,0.686,0.542,0.137,0.284,0.882,0.183,0.624,0.723,0.914,0.022,0.823,0.567,0.014,0.107,0.186,0.737,0.248,0.891,0.292,0.458,0.556,0.762,0.954,0.898,0.22,0.164,0.563,0.455,0.896
0.0,0.154,0.011,0.307,0.568,0.716,0.609,0.986,0.842,0.495,0.527,0.189,0.889,0.518,0.086,0.747,0.235,0.301,0.522,0.126,0.503,0.902,0.791,0.414,0.409,0.47,0.48,0.456,0.003,0.674,0.302,0.327,0.176,0.4,0.643,0.242,0.83,0.938,0.079,0.008,0.834
0.0,0.894,0.249,0.141,0.207,0.06,0.986,0.226,0.59,0.128,0.378,0.579,0.821,0.091,0.593,0.56,0.253,0.003,0.835,0.167,0.404,0.27,0.366,0.395,0.321,0.138,0.402,0.951,0.808,0.786,0.388,0.941,0.774,0.879,0.585,0.819,0.609,0.317,0.201,0.595,0.638
0.0,0.877,0.671,0.389,0.514,0.931,0.953,0.901,0.509,0.292,0.393,0.801,0.104,0.333,0.085,0.256,0.356,0.663,0.987,0.922,0.415,0.463,0.795,0.29,0.988,0.369,0.406,0.428,0.55,0.885,0.631,0.179,0.09,0.728,0.992,0.743,0.394,0.517,0.674,0.885,0.373
1.0,0.342,0.407,0.437,0.389,0.503,0.941,0.602,0.231,0.211,0.076,0.595,0.045,0.93,0.379,0.551,0.969,0.439,0.063,0.43,0.756,0.832,0.824,0.503,0.463,0.629,0.861,0.738,0.725,0.058,0.107,0.774,0.106,0.608,0.055,0.941,0.228,0.798,0.562,0.899,0.551
1.0,0.487,0.562,0.755,0.315,0.339,0.634,0.33,0.728,0.501,0.184,0.925,0.34,0.325,0.358,0.782,0.163,0.958,0.586,0.967,0.849,0.697,0.411,0.68,0.473,0.189,0.33,0.002,0.812,0.597,0.663,0.028,0.374,0.372,0.634,0.39,0.573,0.17,0.55,0.606,0.764
1.0,0.37,0.877,1.0,0.41,0.248,0.793,0.278,0.768,0.699,0.797,0.395,0.489,0.431,0.646,0.007,0.465,0.411,0.598,0.523,0.413,0.075,0.055,0.452,0.58,0.675,0.044,0.942,0.82,0.266,0.737,0.869,0.12,0.94,0.854,0.583,0.1,0.246,0.854,0.514,0.442
0.0,0.496,0.524,0.255,0.007,0.383,0.532,0.912,0.955,0.542,0.534,0.813,0.073,0.775,0.226,0.916,0.473,0.154,0.456,0.414,0.364,0.05,0.211,0.783,0.159,0.004,0.885,0.362,0.613,0.652,0.933,0.291,0.085,0.073,0.047,0.669,0.541,0.1,0.426,0.864,0.3
0.0,0.565,0.334,0.418,0.422,0.191,0.673,0.686,0.028,0.444,0.639,0.091,0.774,0.495,0.198,0.499,0.378,0.121,0.929,0.675,0.12,0.45,0.548,0.751,0.823,0.805,0.032,0.505,0.524,0.915,0.143,0.894,0.045,0.949,0.857,0.861,0.297,0.409,0.958,0.52,0.552
0.0,0.36,0.898,0.622,0.886,0.859,0.323,0.404,0.321,0.293,0.629,0.209,0.202,0.82,0.833,0.962,0.5,0.803,0.95,0.819,0.824,0.881,0.458,0.306,0.307,0.765,0.529,0.87,0.798,0.521,0.708,0.583,0.621,0.626,0.219,0.117,0.917,0.192,0.229,0.131,0.945
1.0,0.179,0.202,0.474,0.543,0.351,0.582,0.553,0.062,0.655,0.679,0.041,0.524,0.627,0.244,0.494,0.793,0.944,0.216,0.993,0.832,0.216,0.641,0.127,0.41,0.922,0.803,0.717,0.993,0.593,0.563,0.22,0.57,0.112,0.893,0.505,0.826,0.256,0.354,0.003,0.842
0.0,0.078,0.578,0.354,0.82,0.961,0.365,0.81,0.394,0.546,0.037,0.306,0.616,0.592,0.907,0.022,0.038,0.526,0.027,0.551,0.898,0.702,0.51,0.111,0.312,0.528,0.112,0.691,0.867,0.38,0.051,0.188,0.806,0.676,0.014,0.368,0.51,0.658,0.487,0.267,0.89
0.0,0.019,0.008,0.773,0.173,0.365,0.0,0.832,0.377,0.106,0.633,0.486,0.382,0.629,0.607,0.431,0.838,0.44,0.925,0.519,0.114,0.397,0.638,0.954,0.159,0.092,0.603,0.129,0.855,0.397,0.903,0.928,0.263,0.975,0.539,0.152,0.661,0.076,0.363,0.675,0.34
0.0,0.283,0.664,0.288,0.088,0.843,0.842,0.227,0.564,0.805,0.665,0.051,0.895,0.248,0.304,0.504,0.489,0.423,0.287,0.326,0.598,0.594,0.677,0.102,0.956,0.842,0.032,0.905,0.458,0.525,0.781,0.93,0.577,0.385,0.677,0.114,0.63,0.195,0.082,0.693,0.818
0.0,0.853,0.841,0.857,0.527,0.292,0.433,0.75,0.374,0.401,0.397,0.527,0.848,0.026,0.575,0.088,0.455,0.756,0.637,0.453,0.84,0.338,0.65,0.81,0.064,0.448,0.677,0.678,0.253,0.893,0.817,0.235,0.016,0.635,0.246,0.033,0.573,0.398,0.781,0.33,0.959
1.0,0.676,0.548,0.942,0.315,0.041,0.202,0.261,0.827,0.642,0.329,0.05,0.415,0.491,0.04,0.437,0.665,0.253,0.753,0.043,0.903,0.421,0.175,0.642,0.563,0.357,0.58,0.33,0.307,0.787,0.384,0.335,0.044,0.78,0.291,0.128,0.41,0.339,0.955,0.14,0.571
1.0,0.443,0.019,0.888,0.41,0.279,0.311,0.634,0.619,0.748,0.535,0.402,0.7,0.041,0.855,0.146,0.957,0.164,0.981,0.595,0.592,0.446,0.436,0.73,0.468,0.494,0.696,0.266,0.229,0.807,0.428,0.735,0.545,0.307,0.632,0.598,0.331,0.443,0.498,0.029,0.841
1.0,0.405,0.121,0.937,0.565,0.479,0.407,0.044,0.968,0.886,0.362,0.555,0.317,0.863,0.038,0.308,0.253,0.998,0.388,0.299,0.596,0.245,0.933,0.43,0.388,0.878,0.763,0.585,0.028,0.677,0.412,0.319,0.779,0.119,0.404,0.826,0.346,0.512,0.835,0.548,0.829
0.0,0.702,0.908,0.143,0.682,0.803,0.023,0.063,0.991,0.222,0.934,0.437,0.387,0.836,0.534,0.706,0.472,0.043,0.827,0.585,0.852,0.999,0.134,0.794,0.201,0.439,0.649,0.901,0.659,0.819,0.625,0.265,0.941,0.911,0.236,0.473,0.667,0.416,0.248,0.151,0.409
1.0,0.498,0.551,0.842,0.089,0.102,0.452,0.818,0.421,0.451,0.627,0.374,0.663,0.308,0.386,0.015,0.524,0.874,0.825,0.561,0.96,0.793,0.12,0.358,0.239,0.474,0.851,0.278,0.035,0.626,0.863,0.736,0.833,0.933,0.021,0.083,0.55,0.309,0.906,0.034,0.885
1.0,0.706,0.165,0.839,0.615,0.535,0.133,0.304,0.957,0.979,0.278,0.205,0.063,0.999,0.074,0.091,0.428,0.116,0.199,0.998,0.866,0.127,0.942,0.561,0.136,0.536,0.52,0.299,0.616,0.371,0.131,0.046,0.913,0.666,0.615,0.981,0.641,0.875,0.342,0.616,0.231
0.0,0.059,0.901,0.529,0.012,0.35,0.193,0.618,0.032,0.913,0.71,0.529,0.473,0.34,0.958,0.815,0.238,0.133,0.174,0.936,0.522,0.753,0.632,0.811,0.277,0.377,0.699,0.156,0.589,0.913,0.248,0.022,0.867,0.626,0.471,0.857,0.633,0.72,0.039,0.224,0.899
1.0,0.132,0.631,0.379,0.752,0.447,0.41,0.159,0.188,0.712,0.606,0.701,0.264,0.89,0.431,0.983,0.898,0.633,0.661,0.029,0.985,0.238,0.735,0.668,0.5,0.38,0.081,0.482,0.087,0.369,0.761,0.169,0.447,0.189,0.445,0.281,0.851,0.02,0.479,0.086,0.554
0.0,0.848,0.924,0.954,0.927,0.378,0.573,0.603,0.147,0.097,0.811,0.488,0.193,0.474,0.771,0.886,0.115,0.827,0.994,0.068,0.991,0.32,0.15,0.888,0.728,0.959,0.81,0.187,0.633,0.215,0.171,0.182,0.124,0.243,0.288,0.27,0.302,0.718,0.983,0.947,0.794
1.0,0.043,0.672,0.729,0.982,0.577,0.603,0.81,0.156,0.494,0.933,0.944,0.17,0.586,0.284,0.761,0.739,0.413,0.624,0.956,0.081,0.408,0.876,0.45,0.28,0.946,0.289,0.096,0.057,0.121,0.823,0.011,0.41,0.823,0.334,0.747,0.134,0.821,0.012,0.942,0.339
0.0,0.084,0.671,0.139,0.159,0.933,0.282,0.075,0.138,0.276,0.302,0.276,0.665,0.787,0.636,0.065,0.058,0.393,0.724,0.222,0.737,0.035,0.129,0.44,0.395,0.5,0.406,0.588,0.308,0.683,0.974,0.906,0.153,0.924,0.493,0.157,0.851,0.818,0.821,0.688,0.103
1.0,0.944,0.66,0.095,0.488,0.323,0.94,0.447,0.665,0.086,0.972,0.67,0.217,0.046,0.817,0.683,0.292,0.948,0.234,0.986,0.127,0.397,0.121,0.414,0.691,0.929,0.985,0.174,0.895,0.521,0.895,0.905,0.704,0.356,0.904,0.149,0.309,0.169,0.573,0.647,0.245
1.0,0.169,0.061,0.893,0.981,0.715,0.846,0.897,0.617,0.368,0.899,0.426,0.158,0.187,0.826,0.365,0.513,0.112,0.24,0.362,0.478,0.339,0.741,0.516,0.613,0.846,0.243,0.305,0.717,0.379,0.7,0.084,0.968,0.859,0.776,0.276,0.255,0.955,0.666,0.656,0.63
0.0,0.903,0.656,0.677,0.435,0.954,0.605,0.675,0.549,0.906,0.401,0.969,0.417,0.015,0.234,0.835,0.024,0.648,0.633,0.827,0.721,0.925,0.188,0.501,0.46,0.848,0.241,0.597,0.097,0.325,0.692,0.973,0.621,0.002,0.799,0.955,0.503,0.828,0.441,0.836,0.957
1.0,0.77,0.517,0.019,0.994,0.575,0.63,0.148,0.492,0.599,0.304,0.985,0.635,0.727,0.274,0.883,0.029,0.027,0.603,0.792,0.581,0.901,0.525,0.355,0.996,0.591,0.421,0.957,0.467,0.121,0.51,0.179,0.613,0.182,0.05,0.722,0.028,0.689,0.16,0.822,0.149
0.0,0.365,0.838,0.757,0.262,0.966,0.679,0.129,0.049,0.812,0.176,0.478,0.72,0.242,0.828,0.551,0.728,0.458,0.621,0.826,0.697,0.021,0.102,0.432,0.266,0.133,0.165,0.522,0.684,0.564,0.655,0.287,0.041,0.603,0.045,0.007,0.09,0.234,0.89,0.86,0.091
1.0,0.82,0.831,0.413,0.176,0.041,0.44,0.322,0.385,0.085,0.341,0.962,0.682,0.515,0.963,0.938,0.625,0.239,0.765,0.065,0.186,0.729,0.879,0.304,0.632,0.026,0.231,0.172,0.554,0.508,0.139,0.451,0.04,0.031,0.951,0.946,0.406,0.597,0.914,0.411,0.31
0.0,0.275,0.954,0.01,0.742,0.109,0.145,0.522,0.128,0.543,0.463,0.226,0.789,0.965,0.84,0.86,0.721,0.816,0.981,0.937,0.625,0.353,0.097,0.548,0.447,0.71,0.85,0.627,0.997,0.271,0.113,0.178,0.424,0.751,0.219,0.728,0.559,0.644,0.199,0.561,0.922
0.0,0.223,0.106,0.754,0.525,0.463,0.329,0.511,0.613,0.005,0.604,0.406,0.878,0.446,0.732,0.159,0.825,0.956,0.889,0.119,0.814,0.518,0.22,0.559,0.925,0.695,0.127,0.78,0.019,0.096,0.579,0.575,0.373,0.588,0.684,0.171,0.585,0.426,0.148,0.696,0.583
1.0,0.284,0.147,0.209,0.477,0.569,0.734,0.619,0.956,0.427,0.669,0.367,0.013,0.356,0.574,0.734,0.172,0.16,0.285,0.946,0.556,0.36,0.093,0.549,0.689,0.393,0.125,0.878,0.088,0.242,0.526,0.047,0.589,0.094,0.35,0.065,0.241,0.738,0.456,0.796,0.691
0.0,0.368,0.725,0.934,0.878,0.06,0.166,0.089,0.848,0.661,0.404,0.301,0.156,0.973,0.557,0.284,0.094,0.594,0.16,0.714,0.656,0.904,0.268,0.953,0.819,0.659,0.745,0.416,0.291,0.362,0.353,0.443,0.147,0.838,0.569,0.507,0.656,0.199,0.754,0.935,0.764
0.0,0.468,0.375,0.768,0.048,0.425,0.253,0.882,0.441,0.567,0.846,0.55,0.421,0.926,0.583,0.111,0.461,0.201,0.669,0.649,0.836,0.285,0.936,0.882,0.036,0.305,0.68,0.336,0.592,0.385,0.14,0.317,0.97,0.007,0.536,0.311,0.692,0.315,0.634,0.4,0.322
0.0,0.634,0.081,0.092,0.917,0.745,0.208,0.722,0.285,0.509,0.193,0.126,0.499,0.489,0.012,0.319,0.761,0.282,0.497,0.081,0.589,0.942,0.827,0.815,0.449,0.807,0.69,0.689,0.59,0.954,0.756,0.451,0.273,0.009,0.777,0.345,0.942,0.307,0.792,0.487,0.793
0.0,0.3,0.071,0.08,0.73,0.389,0.182,0.192,0.408,0.629,0.843,0.823,0.354,0.059,0.443,0.89,0.745,0.107,0.28,0.63,0.379,0.094,0.726,0.875,0.245,0.358,0.59,0.018,0.525,0.04,0.984,0.93,0.794,0.161,0.077,0.484,0.641,0.367,0.306,0.741,0.781
0.0,0.827,0.655,0.841,0.906,0.542,0.724,0.305,0.117,0.259,0.144,0.734,0.754,0.813,0.54,0.454,0.523,0.47,0.904,0.18,0.323,0.296,0.317,0.919,0.544,0.743,0.435,0.449,0.419,0.154,0.494,0.615,0.111,0.275,0.773,0.179,0.048,0.762,0.362,0.885,0.687
0.0,0.742,0.426,0.855,0.882,0.852,0.154,0.327,0.55,0.344,0.055,0.182,0.776,0.372,0.936,0.776,0.671,0.36,0.303,0.916,0.029,0.532,0.883,0.081,0.206,0.374,0.659,0.622,0.085,0.77,0.438,0.249,0.512,0.252,0.582,0.524,0.231,0.46,0.063,0.703,0.026
0.0,0.323,0.407,0.231,0.058,0.912,0.302,0.551,0.633,0.049,0.857,0.122,0.215,0.171,0.172,0.736,0.813,0.243,0.254,0.806,0.728,0.87,0.763,0.874,0.49,0.788,0.966,0.228,0.261,0.162,0.715,0.055,0.77,0.816,0.824,0.11,0.448,0.736,0.155,0.151,0.826
1.0,0.082,0.833,0.951,0.731,0.656,0.132,0.604,0.935,0.351,0.335,0.092,0.323,0.912,0.454,0.232,0.127,0.827,0.872,0.272,0.993,0.367,0.803,0.442,0.018,0.945,0.683,0.878,0.208,0.013,0.668,0.332,0.916,0.502,0.034,0.503,0.3,0.922,0.896,0.521,0.285
1.0,0.242,0.399,0.035,0.335,0.578,0.125,0.425,0.377,0.885,0.237,0.97,0.215,0.369,0.517,0.089,0.226,0.414,0.153,0.026,0.949,0.833,0.382,0.614,0.323,0.294,0.172,0.478,0.055,0.501,0.874,0.377,0.228,0.504,0.623,0.731,0.039,0.406,0.339,0.246,0.524
1.0,0.722,0.616,0.395,0.384,0.746,0.995,0.149,0.274,0.648,0.243,0.479,0.454,0.719,0.034,0.098,0.083,0.121,0.461,0.527,0.042,0.258,0.731,0.533,0.598,0.186,0.781,0.879,0.479,0.789,0.042,0.707,0.793,0.475,0.859,0.742,0.319,0.816,0.221,0.86,0.94
0.0,0.489,0.475,0.079,0.905,0.534,0.095,0.454,0.575,0.772,0.989,0.88,0.953,0.589,0.844,0.37,0.859,0.834,0.8,0.995,0.459,0.179,0.835,0.631,0.274,0.856,0.953,0.142,0.234,0.663,0.428,0.993,0.184,0.52,0.741,0.58,0.544,0.54,0.136,0.389,0.389
1.0,0.339,0.925,0.15,0.859,0.074,0.992,0.3,0.183,0.407,0.357,0.145,0.483,0.999,0.951,0.408,0.882,0.015,0.719,0.079,0.234,0.657,0.678,0.472,0.986,0.891,0.402,0.899,0.948,0.683,0.304,0.623,0.112,0.735,0.792,0.774,0.371,0.331,0.089,0.985,0.051
0.0,0.947,0.465,0.092,0.488,0.693,0.45,0.631,0.064,0.517,0.224,0.512,0.535,0.52,0.493,0.295,0.694,0.793,0.043,0.593,0.5,0.544,0.878,0.895,0.255,0.211,0.877,0.558,0.239,0.801,0.955,0.886,0.507,0.814,0.999,0.094,0.567,0.117,0.179,0.823,0.077
0.0,0.513,0.512,0.625,0.644,0.842,0.964,0.889,0.138,0.783,0.896,0.197,0.3,0.196,0.35,0.681,0.72,0.396,0.284,0.649,0.308,0.642,0.114,0.271,0.127,0.586,0.845,0.776,0.472,0.456,0.638,0.082,0.828,0.443,0.624,0.422,0.343,0.929,0.174,0.475,0.254
1.0,0.744,0.667,0.025,0.881,0.367,0.097,0.155,0.486,0.34,0.04,0.705,0.549,0.578,0.629,0.017,0.061,0.444,0.804,0.367,0.051,0.598,0.883,0.384,0.186,0.682,0.667,0.344,0.074,0.995,0.104,0.027,0.622,0.387,0.116,0.776,0.3,0.289,0.796,0.479,0.648
0.0,0.393,0.133,0.014,0.655,0.948,0.381,0.27,0.256,0.943,0.268,0.5,0.887,0.564,0.757,0.063,0.298,0.406,0.394,0.677,0.123,0.994,0.353,0.182,0.743,0.053,0.851,0.924,0.272,0.09,0.07,0.846,0.391,0.712,0.446,0.344,0.198,0.783,0.485,0.76,0.914
0.0,0.06,0.366,0.947,0.673,0.761,0.063,0.227,0.028,0.041,0.031,0.601,0.096,0.356,0.843,0.466,0.401,0.751,0.226,0.813,0.771,0.952,0.019,0.282,0.347,0.74,0.694,0.402,0.282,0.452,0.701,0.543,0.193,0.592,0.534,0.874,0.533,0.989,0.894,0.385,0.531
1.0,0.834,0.813,0.575,0.769,0.729,0.88,0.046,0.914,0.024,0.426,0.94,0.746,0.045,0.266,0.858,0.265,0.59,0.424,0.851,0.199,0.336,0.909,0.681,0.887,0.859,0.775,0.07,0.649,0.257,0.351,0.212,0.388,0.364,0.196,0.809,0.025,0.29,0.18,0.681,0.556
1.0,0.045,0.446,0.019,0.556,0.691,0.75,0.824,0.376,0.094,0.181,0.001,0.261,0.315,0.041,0.963,0.373,0.926,0.882,0.434,0.676,0.862,0.141,0.421,0.668,0.658,0.142,0.646,0.665,0.419,0.527,0.751,0.639,0.359,0.827,0.594,0.801,0.407,0.237,0.766,0.709
0.0,0.099,0.279,0.35,0.637,0.732,0.976,0.453,0.295,0.888,0.949,0.736,0.388,0.31,0.869,0.135,0.288,0.594,0.565,0.812,0.83,0.977,0.463,0.844,0.051,0.059,0.971,0.632,0.895,0.155,0.462,0.769,0.026,0.811,0.502,0.392,0.53,0.318,0.297,0.775,0.756
1.0,0.458,0.86,0.683,0.467,0.714,0.555,0.775,0.127,0.36,0.267,0.01,0.559,0.504,0.661,0.614,0.158,0.262,0.118,0.934,0.878,0.134,0.021,0.401,0.778,0.88,0.153,0.144,0.099,0.913,0.408,0.234,0.125,0.867,0.011,0.026,0.755,0.246,0.364,0.858,0.737
1.0,0.5,0.209,0.35,0.572,0.556,0.197,0.494,0.291,0.137,0.619,0.719,0.284,0.483,0.691,0.036,0.059,0.502,0.761,0.499,0.078,0.9,0.588,0.37,0.686,0.623,0.627,0.466,0.642,0.015,0.623,0.755,0.459,0.708,0.68,0.677,0.759,0.799,0.589,0.108,0.569
1.0,0.566,0.38,0.764,0.946,0.705,0.981,0.759,0.916,0.482,0.278,0.286,0.693,0.093,0.378,0.971,0.252,0.467,0.472,0.755,0.472,0.536,0.179,0.54,0.972,0.965,0.404,0.862,0.362,0.072,0.417,0.778,0.076,0.268,0.781,0.79,0.971,0.136,0.602,0.207,0.555
1.0,0.121,0.982,0.849,0.067,0.709,0.38,0.045,0.371,0.515,0.605,0.806,0.607,0.123,0.086,0.958,0.778,0.888,0.945,0.673,0.929,0.663,0.485,0.202,0.764,0.627,0.13,0.1,0.495,0.21,0.143,0.058,0.407,0.535,0.136,0.784,0.896,0.573,0.014,0.393,0.061
0.0,0.115,0.388,0.558,0.76,0.801,0.419,0.375,0.974,0.879,0.279,0.967,0.842,0.756,0.832,0.714,0.046,0.204,0.377,0.983,0.408,0.897,0.988,0.586,0.127,0.786,0.183,0.589,0.006,0.338,0.878,0.524,0.715,0.172,0.721,0.06,0.631,0.686,0.069,0.798,0.466
1.0,0.546,0.209,0.902,0.398,0.665,0.828,0.09,0.057,0.552,0.898,0.602,0.147,0.509,0.895,0.674,0.602,0.363,0.595,0.285,0.933,0.526,0.418,0.769,0.619,0.641,0.478,0.652,0.468,0.932,0.964,0.739,0.049,0.363,0.759,0.321,0.404,0.991,0.527,0.401,0.43
0.0,0.331,0.597,0.08,0.225,0.849,0.837,0.551,0.33,0.502,0.707,0.79,0.479,0.008,0.393,0.372,0.5,0.081,0.33,0.918,0.501,0.288,0.96,0.776,0.421,0.221,0.856,0.427,0.07,0.853,0.237,0.857,0.793,0.506,0.103,0.197,0.041,0.946,0.086,0.135,0.625
0.0,0.912,0.892,0.315,0.454,0.182,0.941,0.567,0.457,0.324,0.452,0.159,1.0,0.503,0.262,0.31,0.045,0.2,0.967,0.623,0.598,0.04,0.951,0.599,0.58,0.06,0.046,0.614,0.339,0.833,0.86,0.07,0.599,0.296,0.663,0.085,0.584,0.374,0.424,0.103,0.375
0.0,0.379,0.71,0.014,0.682,0.955,0.582,0.796,0.842,0.781,0.37,0.294,0.889,0.51,0.412,0.093,0.36,0.505,0.663,0.109,0.437,0.988,0.307,0.756,0.478,0.879,0.582,0.547,0.104,0.191,0.769,0.293,0.316,0.915,0.098,0.687,0.388,0.876,0.964,0.187,0.491
0.0,0.258,0.79,0.148,0.821,0.883,0.94,0.09,0.717,0.987,0.115,0.766,0.035,0.385,0.832,0.035,0.855,0.874,0.975,0.005,0.559,0.222,0.221,0.265,0.415,0.486,0.547,0.318,0.419,0.548,0.353,0.427,0.625,0.654,0.995,0.87,0.007,0.401,0.363,0.212,0.125
0.0,0.284,0.729,0.713,0.97,0.954,0.922,0.042,0.27,0.82,0.868,0.226,0.613,0.435,0.701,0.331,0.911,0.01,0.929,0.632,0.888,0.945,0.774,0.372,0.397,0.89,0.474,0.926,0.45,0.821,0.39,0.255,0.486,0.948,0.679,0.169,0.094,0.914,0.387,0.5,0.085
0.0,0.641,0.341,0.791,0.219,0.933,0.794,0.054,0.588,0.348,0.654,0.256,0.022,0.543,0.895,0.731,0.954,0.195,0.535,0.263,0.585,0.875,0.265,0.068,0.301,0.64,0.202,0.751,0.397,0.156,0.817,0.97,0.073,0.764,0.031,0.003,0.769,0.307,0.277,0.251,0.097
1.0,0.008,0.981,0.21,0.753,0.489,0.182,0.704,0.526,0.424,0.033,0.855,0.538,0.448,0.181,0.714,0.844,0.215,0.965,0.584,0.894,0.786,0.499,0.129,0.864,0.84,0.825,0.566,0.78,0.327,0.854,0.764,0.574,0.864,0.145,0.994,0.617,0.69,0.906,0.793,0.287
0.0,0.762,0.657,0.715,0.052,0.501,0.455,0.536,0.495,0.972,0.128,0.27,0.214,0.151,0.84,0.271,0.231,0.482,0.47,0.919,0.532,0.517,0.059,0.825,0.606,0.093,0.705,0.037,0.465,0.297,0.45,0.105,0.721,0.89,0.374,0.096,0.804,0.067,0.591,0.787,0.063
0.0,0.334,0.661,0.991,0.859,0.922,0.562,0.328,0.337,0.765,0.258,0.318,0.984,0.075,0.899,0.232,0.547,0.149,0.549,0.344,0.125,0.276,0.205,0.688,0.045,0.677,0.408,0.418,0.626,0.656,0.55,0.661,0.163,0.813,0.819,0.133,0.497,0.794,0.845,0.553,0.417
0.0,0.937,0.596,0.03,0.135,0.942,0.783,0.635,0.544,0.223,0.259,0.519,0.729,0.014,0.606,0.974,0.242,0.286,0.164,0.537,0.198,0.781,0.586,0.925,0.926,0.355,0.601,0.883,0.52,0.494,0.133,0.314,0.274,0.915,0.455,0.443,0.389,0.023,0.065,0.202,0.793
1.0,0.463,0.04,0.461,0.448,0.696,0.78,0.073,0.84,0.573,0.768,0.2,0.597,0.104,0.58,0.64,0.75,0.103,0.138,0.296,0.631,0.33,0.442,0.62,0.954,0.294,0.173,0.282,0.373,0.319,0.455,0.441,0.207,0.944,0.912,0.529,0.749,0.784,0.589,0.043,0.674
1.0,0.582,0.812,0.106,0.205,0.567,0.539,0.885,0.81,0.156,0.418,0.95,0.061,0.766,0.704,0.213,0.264,0.296,0.212,0.226,0.995,0.314,0.508,0.417,0.9,0.334,0.948,0.285,0.441,0.177,0.632,0.192,0.665,0.387,0.941,0.592,0.802,0.368,0.216,0.311,0.691
0.0,0.241,0.28,0.126,0.784,0.661,0.392,0.105,0.725,0.525,0.698,0.188,0.844,0.648,0.093,0.624,0.968,0.852,0.793,0.5,0.775,0.806,0.153,0.511,0.613,0.487,0.5,0.651,0.245,0.508,0.27,0.475,0.481,0.24,0.628,0.895,0.61,0.653,0.387,0.682,0.557
1.0,0.418,0.176,0.834,0.62,0.798,0.308,0.775,0.211,0.829,0.206,0.354,0.057,0.091,0.077,0.874,0.275,0.248,0.06,0.934,0.002,0.765,0.503,0.604,0.285,0.945,0.169,0.316,0.634,0.973,0.148,0.989,0.915,0.578,0.059,0.918,0.108,0.058,0.922,0.754,0.117
1.0,0.937,0.564,0.253,0.704,0.393,0.118,0.675,0.126,0.945,0.524,0.767,0.111,0.489,0.088,0.086,0.256,0.472,0.322,0.82,0.648,0.063,0.28,0.028,0.971,0.07,0.27,0.827,0.193,0.866,0.632,0.616,0.605,0.98,0.877,0.324,0.785,0.289,0.353,0.878,0.245
1.0,0.063,0.869,0.163,0.242,0.662,0.323,0.046,0.638,0.195,0.756,0.314,0.403,0.413,0.956,0.686,0.164,0.605,0.798,0.98,0.408,0.418,0.143,0.685,0.521,0.46,0.542,0.74,0.549,0.653,0.504,0.489,0.309,0.95,0.236,0.902,0.367,0.354,0.477,0.291,0.515
1.0,0.506,0.427,0.931,0.246,0.533,0.806,0.044,0.03,0.852,0.167,0.009,0.163,0.519,0.086,0.558,0.284,0.565,0.15,0.601,0.642,0.189,0.621,0.553,0.853,0.524,0.791,0.027,0.749,0.538,0.105,0.011,0.999,0.458,0.338,0.842,0.215,0.868,0.818,0.088,0.707
0.0,0.66,0.261,0.593,0.254,0.259,0.373,0.301,0.439,0.634,0.269,0.244,0.658,0.008,0.428,0.739,0.104,0.367,0.06,0.377,0.299,0.343,0.374,0.8,0.416,0.597,0.029,0.2,0.244,0.749,0.733,0.719,0.595,0.703,0.143,0.136,0.802,0.005,0.058,0.794,0.72
0.0,0.672,0.773,0.883,0.318,0.464,0.375,0.873,0.23,0.609,0.602,0.653,0.925,0.084,0.787,0.616,0.185,0.529,0.59,0.051,0.446,0.252,0.688,0.066,0.641,0.847,0.305,0.34,0.845,0.019,0.898,0.821,0.605,0.646,0.438,0.705,0.277,0.631,0.231,0.67,0.979
1.0,0.835,0.914,0.891,0.89,0.26,0.678,0.019,0.394,0.198,0.014,0.794,0.462,0.359,0.048,0.903,0.47,0.464,0.899,0.373,0.467,0.549,0.412,0.539,0.385,0.682,0.381,0.785,0.834,0.82,0.623,0.33,0.973,0.795,0.165,0.163,0.859,0.294,0.17,0.211,0.791
1.0,0.888,0.227,0.161,0.293,0.248,0.136,0.951,0.62,0.122,0.854,0.239,0.53,0.31,0.8,0.786,0.459,0.869,0.549,0.005,0.939,0.913,0.756,0.402,0.981,0.644,0.184,0.267,0.87,0.88,0.668,0.416,0.06,0.628,0.893,0.165,0.021,0.777,0.764,0.961,0.961
0.0,0.377,0.913,0.067,0.533,0.315,0.136,0.631,0.805,0.236,0.281,0.905,0.056,0.015,0.808,0.131,0.753,0.833,0.079,0.67,0.676,0.157,0.957,0.865,0.891,0.636,0.867,0.193,0.579,0.723,0.262,0.432,0.483,0.261,0.825,0.262,0.925,0.834,0.934,0.426,0.282
1.0,0.432,0.099,0.453,0.169,0.032,0.273,0.23,0.543,0.068,0.671,0.936,0.764,0.882,0.824,0.017,0.85,0.417,0.056,0.529,0.15,0.827,0.956,0.463,0.13,0.946,0.036,0.974,0.012,0.922,0.177,0.644,0.712,0.584,0.116,0.293,0.981,0.101,0.939,0.133,0.382
0.0,0.27,0.487,0.539,0.093,0.239,0.418,0.975,0.697,0.436,0.44,0.635,0.442,0.514,0.48,0.01,0.891,0.334,0.958,0.899,0.64,0.791,0.455,0.942,0.249,0.46,0.144,0.323,0.478,0.252,0.616,0.093,0.924,0.097,0.612,0.222,0.022,0.923,0.593,0.908,0.015
0.0,0.456,0.308,0.638,0.401,0.556,0.866,0.595,0.729,0.87,0.921,0.783,0.969,0.525,0.051,0.529,0.777,0.625,0.084,0.191,0.125,0.923,0.798,0.89,0.665,0.598,0.207,0.872,0.773,0.782,0.546,0.539,0.281,0.749,0.443,0.468,0.702,0.945,0.323,0.398,0.949
1.0,0.17,0.611,0.712,0.355,0.662,0.476,0.91,0.392,0.719,0.272,0.487,0.227,0.016,0.882,0.581,0.659,0.64,0.13,0.538,0.445,0.808,0.223,0.03,0.034,0.171,0.609,0.895,0.41,0.445,0.958,0.107,0.766,0.541,0.752,0.136,0.687,0.401,0.435,0.954,0.516
1.0,0.639,0.126,0.371,0.598,0.405,0.231,0.27,0.805,0.052,0.952,0.058,0.486,0.771,0.657,0.794,0.118,0.82,0.551,0.681,0.458,0.002,0.728,0.698,0.706,0.97,0.996,0.19,0.056,0.733,0.484,0.234,0.638,0.007,0.607,0.947,0.456,0.757,0.589,0.671,0.069
0.0,0.363,0.14,0.602,0.297,0.95,0.048,0.195,0.855,0.519,0.047,0.293,0.805,0.876,0.585,0.611,0.51,0.144,0.229,0.187,0.649,0.618,0.176,0.8,0.321,0.57,0.556,0.98,0.085,0.518,0.78,0.94,0.641,0.493,0.815,0.354,0.79,0.96,0.37,0.726,0.648
1.0,0.683,0.149,0.914,0.256,0.837,0.359,0.12,0.226,0.3,0.319,0.387,0.874,0.147,0.412,0.538,0.363,0.128,0.323,0.543,0.837,0.249,0.938,0.142,0.902,0.646,0.719,0.991,0.232,0.928,0.594,0.881,0.381,0.895,0.617,0.703,0.674,0.403,0.021,0.082,0.253
1.0,0.185,0.087,0.535,0.158,0.657,0.737,0.216,0.883,0.668,0.209,0.425,0.142,0.812,0.783,0.997,0.581,0.126,0.409,0.815,0.792,0.254,0.35,0.593,0.377,0.781,0.493,0.048,0.367,0.265,0.669,0.854,0.018,0.114,0.881,0.831,0.639,0.067,0.057,0.017,0.593
1.0,0.456,0.654,0.333,0.546,0.043,0.481,0.404,0.924,0.452,0.144,0.162,0.258,0.014,0.806,0.682,0.28,0.249,0.974,0.322,0.71,0.335,0.642,0.21,0.215,0.644,0.761,0.084,0.811,0.472,0.66,0.157,0.155,0.151,0.339,0.001,0.39,0.212,0.738,0.667,0.258
0.0,0.127,0.33,0.598,0.804,0.906,0.636,0.47,0.912,0.234,0.487,0.649,0.193,0.118,0.106,0.741,0.556,0.049,0.023,0.358,0.607,0.132,0.236,0.211,0.102,0.906,0.822,0.856,0.75,0.376,0.026,0.383,0.528,0.988,0.736,0.605,0.857,0.778,0.589,0.28,0.287
1.0,0.757,0.659,0.418,0.668,0.186,0.994,0.69,0.386,0.428,0.347,0.209,0.134,0.734,0.107,0.485,0.02,0.136,0.404,0.763,0.955,0.161,0.166,0.472,0.045,0.869,0.313,0.5,0.495,0.754,0.216,0.747,0.41,0.166,0.297,0.248,0.335,0.215,0.17,0.962,0.621
1.0,0.953,0.977,0.496,0.672,0.788,0.58,0.343,0.69,0.055,0.495,0.479,0.152,0.496,0.633,0.372,0.865,0.029,0.987,0.462,0.752,0.504,0.079,0.548,0.712,0.842,0.445,0.565,0.996,0.69,0.482,0.122,0.197,0.77,0.77,0.236,0.587,0.934,0.299,0.461,0.168
1.0,0.274,0.655,0.642,0.802,0.785,0.7,0.713,0.944,0.107,0.136,0.881,0.107,0.055,0.328,0.658,0.375,0.203,0.722,0.87,0.853,0.137,0.211,0.319,0.675,0.545,0.524,0.752,0.425,0.508,0.565,0.394,0.388,0.437,0.344,0.586,0.819,0.584,0.014,0.781,0.906
0.0,0.526,0.93,0.374,0.27,0.879,0.358,0.447,0.234,0.453,0.04,0.282,0.748,0.643,0.054,0.482,0.461,0.462,0.362,0.861,0.93,0.979,0.03,0.004,0.012,0.882,0.269,0.783,0.962,0.409,0.91,0.815,0.464,0.862,0.73,0.605,0.334,0.118,0.933,0.696,0.301
0.0,0.387,0.926,0.626,0.474,0.5,0.463,0.828,0.282,0.622,0.852,0.299,0.914,0.709,0.689,0.452,0.389,0.482,0.786,0.555,0.713,0.132,0.682,0.702,0.518,0.075,0.55,0.906,0.28,0.641,0.111,0.629,0.485,0.287,0.706,0.133,0.18,0.807,0.269,0.195,0.416
1.0,0.291,0.95,0.499,0.968,0.096,0.774,0.856,0.184,0.702,0.995,0.723,0.129,0.036,0.595,0.039,0.865,0.696,0.379,0.741,0.748,0.767,0.807,0.299,0.595,0.022,0.666,0.752,0.397,0.023,0.892,0.833,0.947,0.898,0.798,0.799,0.556,0.022,0.44,0.87,0.052
1.0,0.062,0.328,0.208,0.182,0.277,0.655,0.723,0.374,0.905,0.099,0.393,0.695,0.294,0.187,0.527,0.513,0.321,0.81,0.15,0.084,0.66,0.423,0.346,0.303,0.924,0.337,0.124,0.985,0.384,0.996,0.259,0.972,0.39,0.607,0.401,0.56,0.524,0.141,0.797,0.042
1.0,0.201,0.072,0.872,0.979,0.423,0.421,0.485,0.798,0.269,0.057,0.102,0.411,0.609,0.053,0.919,0.724,0.389,0.418,0.283,0.881,0.673,0.641,0.532,0.189,0.322,0.346,0.829,0.69,0.843,0.536,0.403,0.598,0.102,0.374,0.339,0.831,0.453,0.577,0.987,0.273
1.0,0.325,0.424,0.81,0.252,0.555,0.449,0.845,0.603,0.575,0.589,0.758,0.42,0.242,0.931,0.667,0.554,0.487,0.643,0.137,0.627,0.51,0.429,0.367,0.63,0.682,0.698,0.072,0.114,0.523,0.687,0.355,0.017,0.07,0.952,0.311,0.564,0.071,0.207,0.851,0.88
0.0,0.365,0.54,0.831,0.161,0.992,0.832,0.801,0.704,0.543,0.662,0.453,0.202,0.485,0.776,0.689,0.41,0.857,0.8,0.748,0.205,0.511,0.21,0.137,0.451,0.772,0.375,0.364,0.36,0.38,0.304,0.762,0.263,0.945,0.39,0.618,0.358,0.91,0.964,0.799,0.136
1.0,0.381,0.651,0.813,0.752,0.738,0.939,0.405,0.708,0.228,0.007,0.029,0.365,0.274,0.025,0.508,0.066,0.923,0.904,0.576,0.146,0.123,0.253,0.722,0.784,0.652,0.7,0.845,0.808,0.676,0.374,0.929,0.843,0.417,0.364,0.972,0.129,0.244,0.92,0.159,0.399
1.0,0.53,0.256,0.59,0.427,0.63,0.384,0.853,0.912,0.193,0.648,0.753,0.564,0.282,0.066,0.162,0.557,0.969,0.662,0.605,0.94,0.395,0.234,0.524,0.495,0.203,0.433,0.977,0.911,0.704,0.835,0.74,0.363,0.177,0.53,0.075,0.08,0.923,0.606,0.361,0.556
1.0,0.648,0.218,0.15,0.222,0.555,0.33,0.66,0.457,0.095,0.997,0.723,0.549,0.985,0.443,0.768,0.729,0.32,0.41,0.032,0.374,0.673,0.884,0.284,0.02,0.385,0.756,0.483,0.606,0.805,0.728,0.452,0.795,0.583,0.663,0.871,0.048,0.628,0.346,0.526,0.934
1.0,0.792,0.284,0.905,0.948,0.734,0.221,0.577,0.278,0.02,0.399,0.95,0.585,0.905,0.853,0.603,0.268,0.509,0.763,0.165,0.289,0.009,0.349,0.638,0.176,0.544,0.29,0.143,0.442,0.897,0.503,0.152,0.566,0.999,0.845,0.793,0.62,0.076,0.459,0.038,0.121
1.0,0.985,0.854,0.38,0.674,0.003,0.46,0.642,0.549,0.013,0.473,0.727,0.879,0.867,0.149,0.183,0.688,0.203,0.518,0.806,0.215,0.553,0.398,0.468,0.651,0.774,0.856,0.311,0.214,0.239,0.886,0.275,0.1,0.654,0.315,0.746,0.158,0.409,0.528,0.075,0.34
0.0,0.019,0.285,0.254,0.03,0.929,0.351,0.451,0.099,0.403,0.719,0.539,0.193,0.654,0.247,0.482,0.75,0.627,0.894,0.671,0.816,0.142,0.548,0.477,0.533,0.407,0.077,0.457,0.806,0.09,0.551,0.405,0.796,0.025,0.819,0.474,0.286,0.428,0.019,0.27,0.08
0.0,0.259,0.033,0.318,0.771,0.872,0.488,0.412,0.256,0.213,0.252,0.206,0.71,0.921,0.752,0.471,0.477,0.36,0.996,0.251,0.272,0.279,0.829,0.515,0.12,0.809,0.942,0.702,0.057,0.972,0.962,0.278,0.976,0.47,0.072,0.736,0.366,0.141,0.798,0.419,0.978
1.0,0.828,0.698,0.373,0.743,0.319,0.301,0.417,0.889,0.984,0.983,0.755,0.422,0.141,0.705,0.302,0.21,0.264,0.084,0.015,0.426,0.528,0.236,0.551,0.597,0.743,0.691,0.346,0.763,0.07,0.825,0.352,0.88,0.628,0.983,0.895,0.271,0.445,0.206,0.588,0.211
0.0,0.645,0.555,0.543,0.437,0.824,0.114,0.956,0.458,0.423,0.525,0.854,0.928,0.807,0.92,0.925,0.158,0.69,0.506,0.538,0.682,0.574,0.033,0.017,0.847,0.35,0.281,0.992,0.72,0.537,0.602,0.438,0.169,0.709,0.394,0.95,0.801,0.166,0.197,0.382,0.02
0.0,0.253,0.631,0.593,0.782,0.212,0.435,0.078,0.844,0.237,0.73,0.772,0.796,0.21,0.355,0.465,0.742,0.727,0.987,0.141,0.761,0.979,0.713,0.727,0.794,0.565,0.743,0.68,0.486,0.214,0.258,0.891,0.968,0.189,0.667,0.063,0.783,0.345,0.544,0.45,0.934
1.0,0.657,0.996,0.89,0.568,0.211,0.165,0.914,0.887,0.468,0.671,0.026,0.746,0.841,0.641,0.473,0.767,0.682,0.385,0.31,0.132,0.124,0.809,0.516,0.12,0.433,0.97,0.848,0.769,0.221,0.814,0.208,0.642,0.617,0.107,0.487,0.768,0.778,0.891,0.005,0.754
1.0,0.27,0.718,0.316,0.857,0.304,0.848,0.995,0.679,0.136,0.839,0.124,0.007,0.294,0.205,0.222,0.629,0.475,0.934,0.923,0.872,0.443,0.126,0.572,0.584,0.999,0.214,0.128,0.399,0.681,0.7,0.515,0.721,0.334,0.431,0.471,0.605,0.354,0.898,0.331,0.645
0.0,0.24,0.691,0.05,0.735,0.3,0.304,0.257,0.864,0.039,0.397,0.326,0.896,0.537,0.565,0.279,0.013,0.593,0.137,0.051,0.169,0.986,0.183,0.802,0.369,0.644,0.397,0.444,0.494,0.202,0.297,0.821,0.689,0.653,0.128,0.457,0.952,0.152,0.074,0.254,0.027
1.0,0.237,0.857,0.025,0.397,0.502,0.92,0.525,0.801,0.912,0.031,0.697,0.115,0.332,0.489,0.115,0.04,0.497,0.604,0.278,0.139,0.898,0.855,0.501,0.281,0.183,0.068,0.669,0.793,0.383,0.054,0.165,0.776,0.138,0.567,0.785,0.964,0.107,0.966,0.204,0.963
1.0,0.487,0.725,0.921,0.282,0.468,0.054,0.293,0.034,0.012,0.876,0.718,0.642,0.815,0.573,0.068,0.546,0.939,0.037,0.988,0.084,0.722,0.305,0.554,0.174,0.468,0.518,0.017,0.347,0.563,0.681,0.531,0.616,0.287,0.375,0.178,0.207,0.382,0.33,0.67,0.153
0.0,0.792,0.17,0.841,0.612,0.925,0.75,0.851,0.738,0.575,0.641,0.185,0.823,0.339,0.457,0.305,0.392,0.552,0.886,0.818,0.844,0.488,0.819,0.188,0.282,0.776,0.291,0.21,0.867,0.292,0.658,0.997,0.262,0.428,0.495,0.948,0.155,0.428,0.183,0.721,0.499
1.0,0.362,0.86,0.093,0.022,0.312,0.677,0.93,0.948,0.435,0.758,0.072,0.177,0.113,0.828,0.785,0.029,0.127,0.375,0.362,0.427,0.69,0.412,0.175,0.364,0.203,0.737,0.055,0.088,0.641,0.948,0.101,0.499,0.914,0.323,0.894,0.822,0.217,0.401,0.968,0.179
0.0,0.826,0.406,0.212,0.52,0.671,0.213,0.063,0.186,0.661,0.773,0.947,0.583,0.514,0.425,0.819,0.805,0.51,0.622,0.304,0.969,0.1,0.359,0.796,0.601,0.319,0.072,0.826,0.555,0.664,0.049,0.452,0.768,0.443,0.78,0.349,0.961,0.089,0.527,0.688,0.774
0.0,0.638,0.988,0.014,0.602,0.489,0.902,0.507,0.695,0.447,0.625,0.8,0.977,0.991,0.266,0.158,0.284,0.267,0.016,0.856,0.564,0.152,0.714,0.084,0.232,0.216,0.433,0.975,0.525,0.53,0.18,0.041,0.859,0.707,0.605,0.541,0.109,0.972,0.169,0.069,0.056
1.0,0.394,0.486,0.235,0.482,0.733,0.462,0.241,0.323,0.649,0.823,0.316,0.37,0.147,0.398,0.075,0.08,0.589,0.095,0.544,0.502,0.725,0.064,0.752,0.798,0.93,0.124,0.13,0.609,0.887,0.715,0.126,0.554,0.736,0.658,0.486,0.213,0.251,0.688,0.512,0.058
1.0,0.117,0.942,0.254,0.175,0.559,0.238,0.936,0.37,0.696,0.567,0.225,0.333,0.575,0.502,0.215,0.079,0.773,0.259,0.138,0.995,0.315,0.552,0.744,0.813,0.556,0.803,0.672,0.294,0.547,0.231,0.395,0.636,0.899,0.919,0.055,0.222,0.278,0.365,0.816,0.668
1.0,0.393,0.287,0.495,0.589,0.411,0.253,0.121,0.108,0.85,0.925,0.972,0.611,0.643,0.455,0.379,0.379,0.428,0.25,0.177,0.008,0.519,0.91,0.427,0.436,0.688,0.852,0.972,0.694,0.967,0.287,0.549,0.035,0.929,0.648,0.858,0.713,0.251,0.586,0.474,0.492
0.0,0.222,0.189,0.313,0.695,0.668,0.821,0.145,0.557,0.265,0.11,0.695,0.847,0.455,0.853,0.821,0.2,0.066,0.137,0.675,0.38,0.189,0.538,0.422,0.731,0.832,0.987,0.554,0.093,0.852,0.731,0.841,0.448,0.608,0.175,0.269,0.358,0.138,0.865,0.367,0.933
1.0,0.061,0.219,0.887,0.298,0.312,0.892,0.043,0.256,0.933,0.354,0.153,0.018,0.02,0.398,0.302,0.159,0.803,0.902,0.242,0.112,0.849,0.899,0.39,0.862,0.431,0.265,0.145,0.696,0.435,0.975,0.089,0.824,0.108,0.722,0.434,0.702,0.914,0.818,0.735,0.665
0.0,0.349,0.733,0.103,0.445,0.184,0.726,0.703,0.655,0.106,0.177,0.046,0.857,0.03,0.933,0.718,0.537,0.366,0.75,0.387,0.606,0.531,0.011,0.725,0.888,0.393,0.005,0.148,0.793,0.14,0.062,0.409,0.226,0.13,0.829,0.807,0.14,0.613,0.637,0.465,0.255
0.0,0.607,0.414,0.139,0.605,0.493,0.043,0.347,0.619,0.45,0.512,0.753,0.298,0.344,0.389,0.22,0.89,0.012,0.144,0.737,0.92,0.911,0.188,0.859,0.967,0.513,0.083,0.004,0.018,0.589,0.656,0.246,0.09,0.001,0.661,0.546,0.477,0.158,0.989,0.913,0.248
0.0,0.644,0.845,0.487,0.88,0.918,0.279,0.064,0.322,0.354,0.375,0.279,0.436,0.894,0.026,0.018,0.795,0.72,0.288,0.972,0.336,0.518,0.851,0.918,0.51,0.018,0.865,0.733,0.818,0.382,0.761,0.832,0.037,0.554,0.737,0.996,0.904,0.019,0.96,0.805,0.773
1.0,0.607,0.94,0.917,0.642,0.016,0.407,0.214,0.737,0.182,0.185,0.872,0.389,0.261,0.021,0.942,0.061,0.246,0.885,0.235,0.245,0.394,0.598,0.311,0.919,0.476,0.511,0.827,0.548,0.788,0.313,0.969,0.632,0.254,0.808,0.729,0.66,0.276,0.725,0.049,0.691
0.0,0.669,0.234,0.787,0.629,0.753,0.325,0.869,0.028,0.358,0.484,0.329,0.85,0.537,0.582,0.358,0.94,0.584,0.463,0.655,0.786,0.521,0.759,0.571,0.336,0.395,0.803,0.313,0.016,0.482,0.763,0.842,0.879,0.131,0.699,0.165,0.052,0.018,0.339,0.89,0.597
0.0,0.237,0.212,0.598,0.04,0.883,0.121,0.012,0.84,0.641,0.784,0.428,0.791,0.265,0.488,0.312,0.082,0.843,0.472,0.892,0.751,0.732,0.957,0.875,0.659,0.471,0.9,0.916,0.7,0.127,0.042,0.248,0.089,0.495,0.394,0.763,0.905,0.401,0.195,0.11,0.382
1.0,0.261,0.937,0.349,1.0,0.392,0.564,0.086,0.064,0.599,0.391,0.974,0.351,0.624,0.252,0.144,0.123,0.7,0.011,0.379,0.338,0.245,0.535,0.371,0.694,0.456,0.876,0.782,0.439,0.861,0.832,0.695,0.912,0.246,0.025,0.259,0.252,0.067,0.673,0.655,0.554
0.0,0.33,0.987,0.005,0.781,0.898,0.164,0.716,0.287,0.585,0.083,0.98,0.608,0.067,0.33,0.953,0.355,0.637,0.833,0.252,0.305,0.853,0.749,0.695,0.251,0.581,0.528,0.5,0.792,0.482,0.122,0.905,0.116,0.115,0.79,0.888,0.462,0.671,0.824,0.276,0.07
0.0,0.218,0.889,0.029,0.67,0.91,0.981,0.397,0.58,0.727,0.973,0.142,0.547,0.414,0.651,0.167,0.359,0.073,0.358,0.922,0.281,0.293,0.042,0.81,0.279,0.025,0.18,0.106,0.384,0.767,0.213,0.665,0.453,0.194,0.847,0.442,0.512,0.186,0.71,0.517,0.779
0.0,0.696,0.365,0.286,0.527,0.02,0.311,0.202,0.085,0.626,0.11,0.864,0.218,0.952,0.956,0.921,0.263,0.957,0.369,0.0,0.937,0.759,0.374,0.984,0.58,0.651,0.224,0.404,0.175,0.245,0.942,0.47,0.998,0.149,0.89,0.934,0.051,0.36,0.197,0.85,0.052
1.0,0.698,0.88,0.38,0.24,0.776,0.847,0.958,0.032,0.478,0.46,0.365,0.083,0.384,0.002,0.206,0.707,0.063,0.704,0.423,0.037,0.508,0.717,0.038,0.998,0.206,0.748,0.641,0.517,0.322,0.18,0.038,0.083,0.714,0.989,0.169,0.781,0.501,0.408,0.289,0.44
0.0,0.046,0.698,0.558,0.988,0.359,0.414,0.316,0.839,0.003,0.162,0.148,0.874,0.935,0.71,0.325,0.251,0.939,0.746,0.076,0.956,0.24,0.254,0.521,0.656,0.663,0.322,0.217,0.2,0.158,0.886,0.891,0.659,0.383,0.059,0.933,0.611,0.26,0.738,0.759,0.74
0.0,0.223,0.239,0.157,0.954,0.931,0.295,0.055,0.354,0.472,0.532,0.586,0.657,0.878,0.485,0.583,0.587,0.175,0.766,0.658,0.84,0.24,0.136,0.44,0.672,0.866,0.459,0.483,0.758,0.83,0.254,0.005,0.746,0.578,0.688,0.126,0.112,0.035,0.728,0.358,0.064
1.0,0.884,0.146,0.111,0.537,0.285,0.948,0.976,0.544,0.889,0.303,0.406,0.439,0.638,0.722,0.948,0.385,0.005,0.132,0.202,0.369,0.538,0.778,0.71,0.297,0.756,0.35,0.796,0.778,0.916,0.954,0.78,0.098,0.364,0.274,0.29,0.183,0.727,0.971,0.473,0.256
0.0,0.509,0.303,0.577,0.913,0.716,0.5,0.051,0.831,0.801,0.299,0.712,0.649,0.608,0.663,0.733,0.692,0.932,0.847,0.784,0.828,0.372,0.413,0.916,0.829,0.97,0.466,0.597,0.262,0.985,0.845,0.393,0.714,0.272,0.869,0.096,0.407,0.945,0.863,0.935,0.405
0.0,0.993,0.724,0.822,0.958,0.614,0.108,0.343,0.352,0.702,0.679,0.592,0.872,0.408,0.562,0.361,0.638,0.156,0.109,0.792,0.868,0.444,0.18,0.252,0.132,0.746,0.122,0.971,0.991,0.263,0.094,0.242,0.271,0.696,0.061,0.621,0.37,0.697,0.946,0.324,0.633
0.0,0.178,0.419,0.459,0.099,0.365,0.806,0.521,0.852,0.859,0.665,0.69,0.277,0.953,0.504,0.654,0.856,0.255,0.834,0.526,0.285,0.408,0.566,0.948,0.939,0.17,0.133,0.457,0.535,0.983,0.556,0.767,0.699,0.563,0.485,0.951,0.352,0.715,0.076,0.714,0.735
1.0,0.819,0.232,0.661,0.574,0.498,0.75,0.149,0.932,0.167,0.526,0.388,0.269,0.618,0.877,0.006,0.466,0.141,0.407,0.278,0.444,0.641,0.758,0.083,0.135,0.785,0.695,0.262,0.34,0.653,0.295,0.305,0.36,0.125,0.857,0.715,0.851,0.936,0.547,0.069,0.655
0.0,0.827,0.78,0.452,0.477,0.167,0.836,0.088,0.951,0.551,0.588,0.97,0.228,0.058,0.713,0.129,0.202,0.035,0.459,0.432,0.358,0.915,0.77,0.83,0.558,0.203,0.951,0.498,0.324,0.663,0.722,0.4,0.483,0.175,0.299,0.54,0.878,0.656,0.151,0.764,0.536
1.0,0.102,0.978,0.9,0.386,0.039,0.571,0.901,0.785,0.883,0.833,0.82,0.163,0.791,0.4,0.753,0.762,0.447,0.302,0.474,0.233,0.432,0.56,0.733,0.742,0.496,0.225,0.489,0.004,0.759,0.938,0.187,0.961,0.925,0.681,0.801,0.118,0.499,0.206,0.018,0.703
0.0,0.298,0.774,0.022,0.41,0.544,0.317,0.547,0.066,0.847,0.966,0.631,0.086,0.02,0.428,0.631,0.89,0.356,0.625,0.979,0.851,0.673,0.014,0.945,0.812,0.765,0.474,0.619,0.55,0.255,0.633,0.377,0.727,0.028,0.67,0.945,0.858,0.989,0.589,0.677,0.258
0.0,0.67,0.083,0.159,0.863,0.464,0.273,0.03,0.468,0.286,0.438,0.495,0.929,0.681,0.347,0.488,0.608,0.706,0.918,0.63,0.62,0.232,0.689,0.152,0.223,0.579,0.637,0.343,0.078,0.731,0.862,0.853,0.914,0.875,0.895,0.132,0.019,0.654,0.079,0.521,0.765
0.0,0.485,0.609,0.323,0.374,0.441,0.439,0.395,0.664,0.203,0.322,0.394,0.131,0.648,0.79,0.702,0.729,0.554,0.792,0.716,0.599,0.614,0.522,0.888,0.489,0.013,0.39,0.665,0.754,0.221,0.029,0.094,0.102,0.59,0.188,0.363,0.19,0.17,0.429,0.438,0.885
0.0,0.614,0.823,0.523,0.253,0.168,0.378,0.28,0.017,0.651,0.331,0.066,0.171,0.249,0.494,0.912,0.231,0.492,0.072,0.658,0.266,0.224,0.375,0.917,0.977,0.701,0.675,0.522,0.82,0.743,0.692,0.746,0.302,0.853,0.546,0.879,0.593,0.115,0.924,0.234,0.372
1.0,0.538,0.559,0.571,0.22,0.53,0.705,0.285,0.419,0.257,0.2,0.928,0.532,0.334,0.238,0.186,0.213,0.815,0.908,0.695,0.876,0.693,0.829,0.089,0.954,0.508,0.314,0.045,0.088,0.636,0.842,0.752,0.414,0.28,0.492,0.815,0.524,0.879,0.077,0.695,0.274
0.0,0.781,0.467,0.989,0.188,0.13,0.223,0.36,0.725,0.634,0.975,0.191,0.624,0.161,0.503,0.039,0.74,0.804,0.704,0.144,0.098,0.884,0.541,0.927,0.901,0.725,0.201,0.652,0.786,0.471,0.458,0.865,0.01,0.875,0.532,0.922,0.735,0.226,0.327,0.377,0.612
1.0,0.531,0.06,0.385,0.614,0.346,0.258,0.795,0.118,0.784,0.434,0.977,0.586,0.335,0.51,0.374,0.208,0.529,0.518,0.563,0.986,0.709,0.609,0.672,0.816,0.977,0.751,0.083,0.824,0.918,0.413,0.243,0.887,0.161,0.635,0.399,0.389,0.515,0.941,0.952,0.948
1.0,0.685,0.936,0.837,0.583,0.632,0.398,0.774,0.627,0.207,0.433,0.643,0.438,0.965,0.074,0.394,0.445,0.347,0.305,0.34,0.646,0.423,0.381,0.947,0.032,0.374,0.677,0.268,0.198,0.423,0.042,0.843,0.21,0.073,0.747,0.133,0.251,0.051,0.042,0.538,0.062
0.0,0.584,0.803,0.567,0.011,0.383,0.318,0.105,0.438,0.739,0.224,0.046,0.831,0.133,0.663,0.878,0.364,0.512,0.769,0.374,0.853,0.9,0.117,0.253,0.37,0.736,0.388,0.564,0.615,0.292,0.606,0.914,0.725,0.686,0.848,0.795,0.002,0.486,0.437,0.679,0.912
0.0,0.709,0.656,0.76,0.21,0.36,0.194,0.942,0.593,0.257,0.636,0.174,0.428,0.014,0.506,0.979,0.981,0.984,0.574,0.232,0.363,0.444,0.351,0.974,0.115,0.25,0.083,0.392,0.215,0.247,0.425,0.29,0.665,0.022,0.916,0.218,0.275,0.677,0.0,0.283,0.29
0.0,0.783,0.233,0.553,0.634,0.579,0.075,0.294,0.38,0.169,0.831,0.245,0.7,0.953,0.15,0.61,0.546,0.384,0.013,0.178,0.547,0.281,0.822,0.784,0.758,0.895,0.921,0.983,0.332,0.15,0.74,0.018,0.931,0.497,0.754,0.849,0.606,0.769,0.855,0.81,0.348
1.0,0.582,0.879,0.232,0.792,0.796,0.95,0.147,0.304,0.057,0.288,0.128,0.73,0.371,0.91,0.489,0.797,0.479,0.811,0.606,0.938,0.992,0.105,0.803,0.707,0.083,0.797,0.435,0.282,0.161,0.312,0.06,0.912,0.161,0.696,0.318,0.96,0.969,0.355,0.163,0.975
0.0,0.21,0.172,0.385,0.249,0.224,0.879,0.087,0.334,0.662,0.808,0.804,0.022,0.912,0.978,0.614,0.015,0.146,0.238,0.506,0.695,0.812,0.586,0.967,0.684,0.61,0.253,0.156,0.911,0.221,0.942,0.203,0.465,0.19,0.586,0.039,0.394,0.629,0.656,0.464,0.938
0.0,0.503,0.464,0.929,0.936,0.816,0.902,0.635,0.203,0.462,0.986,0.02,0.856,0.371,0.229,0.14,0.535,0.172,0.989,0.957,0.082,0.761,0.135,0.197,0.979,0.258,0.799,0.562,0.381,0.581,0.701,0.565,0.877,0.139,0.883,0.515,0.714,0.312,0.248,0.029,0.142
0.0,0.669,0.378,0.477,0.984,0.192,0.468,0.589,0.335,0.789,0.655,0.243,0.951,0.706,0.227,0.823,0.96,0.109,0.038,0.629,0.001,0.721,0.121,0.671,0.593,0.483,0.758,0.923,0.698,0.535,0.353,0.202,0.464,0.632,0.29,0.777,0.165,0.564,0.507,0.679,0.313
1.0,0.761,0.783,0.947,0.838,0.012,0.536,0.641,0.496,0.357,0.282,0.178,0.629,0.22,0.754,0.621,0.903,0.975,0.018,0.956,0.737,0.056,0.962,0.765,0.576,0.893,0.583,0.346,0.307,0.819,0.683,0.391,0.974,0.307,0.511,0.745,0.849,0.327,0.728,0.963,0.444
1.0,0.222,0.648,0.528,0.361,0.246,0.182,0.261,0.296,0.76,0.82,0.594,0.653,0.515,0.389,0.823,0.522,0.701,0.767,0.14,0.413,0.137,0.264,0.309,0.988,0.726,0.785,0.634,0.959,0.768,0.161,0.902,0.385,0.118,0.342,0.991,0.085,0.675,0.939,0.768,0.603
0.0,0.532,0.373,0.719,0.781,0.361,0.62,0.563,0.254,0.252,0.449,0.001,0.911,0.06,0.735,0.156,0.118,0.228,0.035,0.84,0.443,0.584,0.48,0.445,0.263,0.832,0.552,0.693,0.526,0.497,0.237,0.956,0.314,0.703,0.881,0.37,0.981,0.741,0.584,0.478,0.363
0.0,0.091,0.3,0.495,0.287,0.004,0.727,0.063,0.71,0.293,0.589,0.126,0.034,0.31,0.104,0.17,0.657,0.459,0.946,0.553,0.35,0.555,0.204,0.944,0.832,0.85,0.576,0.158,0.424,0.81,0.131,0.007,0.807,0.707,0.137,0.333,0.325,0.373,0.774,0.746,0.95
1.0,0.138,0.208,0.436,0.976,0.831,0.777,0.427,0.119,0.734,0.317,0.309,0.269,0.023,0.054,0.919,0.614,0.693,0.336,0.595,0.508,0.965,0.554,0.31,0.193,0.446,0.753,0.159,0.043,0.257,0.842,0.35,0.608,0.48,0.782,0.243,0.173,0.121,0.648,0.014,0.175
0.0,0.534,0.788,0.763,0.86,0.204,0.319,0.286,0.85,0.069,0.156,0.255,0.946,0.082,0.592,0.737,0.495,0.917,0.003,0.195,0.858,0.615,0.522,0.505,0.616,0.168,0.926,0.547,0.424,0.25,0.84,0.95,0.958,0.09,0.265,0.744,0.367,0.126,0.22,0.037,0.608
0.0,0.924,0.274,0.395,0.025,0.145,0.545,0.132,0.558,0.884,0.75,0.687,0.973,0.364,0.422,0.865,0.222,0.821,0.165,0.861,0.154,0.609,0.365,0.583,0.431,0.483,0.42,0.751,0.985,0.766,0.143,0.619,0.649,0.003,0.42,0.012,0.201,0.197,0.648,0.173,0.941
1.0,0.596,0.79,0.138,0.773,0.647,0.672,0.384,0.12,0.64,0.825,0.091,0.226,0.096,0.364,0.224,0.173,0.26,0.548,0.378,0.945,0.998,0.756,0.243,0.519,0.325,0.637,0.146,0.054,0.082,0.801,0.42,0.65,0.185,0.19,0.793,0.162,0.645,0.607,0.583,0.696
0.0,0.671,0.944,0.166,0.611,0.802,0.36,0.121,0.12,0.673,0.887,0.876,0.491,0.229,0.016,0.411,0.96,0.909,0.673,0.075,0.785,0.541,0.806,0.875,0.719,0.154,0.233,0.641,0.429,0.285,0.613,0.597,0.132,0.195,0.462,0.358,0.582,0.199,0.643,0.678,0.397
0.0,0.184,0.806,0.967,0.433,0.752,0.822,0.699,0.17,0.441,0.581,0.521,0.942,0.511,0.929,0.437,0.38,0.965,0.306,0.263,0.519,0.527,0.975,0.322,0.015,0.46,0.182,0.757,0.941,0.99,0.031,0.067,0.878,0.522,0.736,0.532,0.528,0.347,0.723,0.938,0.824
1.0,0.779,0.544,0.566,0.988,0.037,0.908,0.371,0.455,0.293,0.825,0.28,0.224,0.997,0.509,0.113,0.72,0.647,0.046,0.325,0.953,0.53,0.858,0.28,0.626,0.152,0.898,0.994,0.762,0.985,0.321,0.892,0.61,0.808,0.758,0.129,0.095,0.137,0.877,0.292,0.368
0.0,0.436,0.492,0.335,0.674,0.887,0.705,0.092,0.853,0.37,0.137,0.768,0.111,0.595,0.77,0.211,0.811,0.466,0.865,0.75,0.507,0.887,0.698,0.81,0.383,0.568,0.343,0.775,0.816,0.614,0.385,0.194,0.38,0.535,0.791,0.546,0.908,0.509,0.547,0.546,0.301
0.0,0.384,0.768,0.016,0.594,0.311,0.967,0.836,0.147,0.332,0.867,0.585,0.66,0.032,0.986,0.423,0.897,0.992,0.064,0.573,0.439,0.693,0.868,0.889,0.498,0.1,0.512,0.254,0.853,0.991,0.622,0.83,0.496,0.609,0.264,0.611,0.831,0.845,0.673,0.166,0.411
0.0,0.13,0.712,0.791,0.183,0.229,0.269,0.937,0.173,0.232,0.668,0.26,0.499,0.098,0.092,0.031,0.379,0.055,0.818,0.709,0.893,0.219,0.12,0.829,0.65,0.862,0.082,0.413,0.804,0.05,0.439,0.525,0.652,0.933,0.703,0.916,0.239,0.817,0.334,0.132,0.121
0.0,0.335,0.15,0.725,0.378,0.905,0.095,0.646,0.246,0.546,0.088,0.375,0.091,0.763,0.811,0.928,0.619,0.001,0.236,0.845,0.333,0.935,0.635,0.774,0.839,0.317,0.481,0.534,0.03,0.427,0.853,0.894,0.427,0.607,0.821,0.055,0.346,0.782,0.8,0.241,0.845
0.0,0.233,0.607,0.278,0.627,0.068,0.645,0.105,0.906,0.992,0.763,0.303,0.968,0.672,0.725,0.428,0.172,0.87,0.199,0.302,0.271,0.758,0.995,0.268,0.324,0.542,0.516,0.205,0.582,0.672,0.893,0.693,0.974,0.072,0.938,0.016,0.364,0.26,0.163,0.772,0.582
1.0,0.584,0.158,0.06,0.519,0.215,0.758,0.578,0.579,0.672,0.936,0.024,0.455,0.183,0.603,0.712,0.977,0.592,0.586,0.337,0.597,0.414,0.889,0.773,0.386,0.71,0.407,0.332,0.278,0.541,0.025,0.663,0.849,0.418,0.088,0.291,0.899,0.615,0.048,0.136,0.378
0.0,0.263,0.617,0.916,0.794,0.79,0.92,0.46,0.28,0.069,0.072,0.264,0.86,0.139,0.006,0.971,0.777,0.055,0.931,0.822,0.775,0.667,0.079,0.478,0.94,0.371,0.786,0.36,0.463,0.974,0.441,0.275,0.438,0.632,0.364,0.451,0.192,0.855,0.876,0.13,0.742
0.0,0.609,0.138,0.921,0.962,0.923,0.681,0.533,0.383,0.008,0.541,0.321,0.178,0.24,0.467,0.61,0.328,0.2,0.293,0.634,0.741,0.699,0.191,0.021,0.778,0.243,0.745,0.304,0.359,0.785,0.022,0.691,0.22,0.552,0.153,0.336,0.002,0.08,0.124,0.279,0.643
0.0,0.439,0.193,0.868,0.645,0.198,0.082,0.539,0.547,0.817,0.42,0.129,0.922,0.484,0.13,0.717,0.227,0.379,0.692,0.77,0.786,0.781,0.789,0.397,0.501,0.391,0.1,0.625,0.134,0.006,0.638,0.072,0.891,0.825,0.911,0.584,0.902,0.516,0.202,0.516,0.439
0.0,0.209,0.346,0.849,0.721,0.871,0.682,0.021,0.273,0.771,0.737,0.067,0.833,0.623,0.759,0.105,0.733,0.206,0.004,0.259,0.481,0.994,0.125,0.765,0.916,0.399,0.706,0.362,0.132,0.871,0.962,0.603,0.903,0.552,0.731,0.076,0.683,0.12,0.601,0.886,0.664
0.0,0.785,0.243,0.081,0.688,0.489,0.403,0.924,0.716,0.369,0.636,0.037,0.85,0.871,0.409,0.555,0.711,0.622,0.815,0.81,0.478,0.905,0.653,0.967,0.15,0.754,0.491,0.785,0.035,0.871,0.875,0.926,0.238,0.979,0.574,0.871,0.564,0.925,0.32,0.917,0.021
1.0,0.608,0.607,0.378,0.931,0.161,0.753,0.103,0.441,0.47,0.964,0.344,0.452,0.362,0.559,0.805,0.328,0.898,0.027,0.134,0.111,0.776,0.481,0.181,0.816,0.14,0.477,0.222,0.544,0.239,0.779,0.294,0.52,0.996,0.131,0.041,0.837,0.578,0.271,0.007,0.799
1.0,0.883,0.525,0.968,0.434,0.72,0.245,0.435,0.445,0.468,0.049,0.26,0.934,0.537,0.308,0.913,0.632,0.738,0.574,0.659,0.197,0.392,0.204,0.208,0.014,0.599,0.508,0.512,0.019,0.817,0.842,0.904,0.04,0.112,0.781,0.561,0.854,0.282,0.912,0.707,0.613
0.0,0.125,0.614,0.001,0.684,0.418,0.536,0.841,0.474,0.541,0.184,0.669,0.198,0.946,0.018,0.725,0.864,0.969,0.284,0.912,0.524,0.603,0.476,0.95,0.483,0.533,0.176,0.064,0.672,0.437,0.038,0.257,0.42,0.052,0.084,0.716,0.768,0.164,0.267,0.558,0.354
0.0,0.422,0.487,0.615,0.977,0.824,0.068,0.375,0.352,0.085,0.582,0.03,0.454,0.753,0.763,0.623,0.773,0.759,0.503,0.6,0.89,0.017,0.843,0.407,0.481,0.525,0.85,0.955,0.342,0.359,0.705,0.525,0.772,0.469,0.997,0.064,0.83,0.598,0.279,0.385,0.181
0.0,0.561,0.867,0.15,0.025,0.904,0.074,0.469,0.128,0.734,0.434,0.832,0.038,0.824,0.563,0.55,0.518,0.992,0.811,0.352,0.254,0.82,0.69,0.325,0.285,0.817,0.529,0.38,0.177,0.905,0.8,0.212,0.366,0.434,0.977,0.663,0.907,0.765,0.557,0.624,0.274
0.0,0.377,0.061,0.472,0.591,0.513,0.812,0.308,0.064,0.618,0.446,0.339,0.86,0.987,0.776,0.474,0.88,0.497,0.652,0.834,0.768,0.419,0.992,0.338,0.754,0.016,0.746,0.081,0.388,0.53,0.254,0.815,0.973,0.253,0.796,0.399,0.374,0.75,0.492,0.134,0.072
1.0,0.692,0.708,0.694,0.204,0.642,0.92,0.679,0.772,0.595,0.323,0.799,0.59,0.474,0.79,0.222,0.948,0.358,0.81,0.448,0.283,0.518,0.093,0.335,0.897,0.724,0.857,0.046,0.56,0.77,0.004,0.642,0.516,0.633,0.54,0.421,0.631,0.434,0.419,0.291,0.768
1.0,0.154,0.416,0.218,0.124,0.738,0.721,0.114,0.152,0.725,0.511,0.44,0.203,0.751,0.401,0.304,0.57,0.359,0.986,0.41,0.741,0.271,0.299,0.42,0.666,0.54,0.772,0.368,0.828,0.089,0.21,0.915,0.17,0.562,0.513,0.078,0.923,0.395,0.022,0.6,0.898
0.0,0.911,0.191,0.41,0.265,0.295,0.996,0.316,0.231,0.431,0.134,0.557,0.978,0.743,0.927,0.657,0.386,0.74,0.879,0.993,0.964,0.939,0.981,0.879,0.171,0.5,0.317,0.144,0.449,0.983,0.072,0.914,0.5,0.447,0.578,0.58,0.655,0.795,0.073,0.943,0.403
1.0,0.44,0.037,0.459,0.164,0.08,0.258,0.159,0.062,0.427,0.456,0.233,0.705,0.927,0.521,0.788,0.318,0.453,0.119,0.079,0.977,0.469,0.116,0.181,0.199,0.031,0.471,0.796,0.047,0.631,0.567,0.258,0.424,0.882,0.229,0.32,0.582,0.902,0.642,0.193,0.141
0.0,0.949,0.563,0.158,0.411,0.953,0.069,0.076,0.591,0.574,0.074,0.725,0.441,0.439,0.26,0.566,0.901,0.961,0.63,0.986,0.461,0.695,0.391,0.178,0.374,0.57,0.535,0.64,0.595,0.603,0.066,0.913,0.186,0.119,0.289,0.72,0.571,0.552,0.377,0.525,0.839
1.0,0.183,0.504,0.298,0.842,0.438,0.604,0.156,0.735,0.149,0.808,0.163,0.311,0.933,0.186,0.087,0.193,0.568,0.551,0.86,0.115,0.257,0.891,0.152,0.542,0.937,0.088,0.008,0.42,0.835,0.513,0.677,0.304,0.771,0.016,0.443,0.365,0.563,0.18,0.768,0.758
1.0,0.043,0.264,0.073,0.144,0.637,0.541,0.506,0.233,0.969,0.399,0.647,0.611,0.653,0.929,0.394,0.436,0.699,0.57,0.394,0.78,0.75,0.841,0.485,0.709,0.348,0.805,0.639,0.137,0.919,0.805,0.158,0.301,0.145,0.269,0.382,0.997,0.829,0.622,0.739,0.281
1.0,0.416,0.56,0.846,0.678,0.327,0.881,0.186,0.913,0.022,0.797,0.051,0.214,0.483,0.824,0.428,0.305,0.784,0.001,0.703,0.405,0.15,0.519,0.572,0.463,0.175,0.316,0.683,0.521,0.011,0.405,0.462,0.058,0.27,0.751,0.647,0.272,0.121,0.321,0.751,0.323
1.0,0.361,0.027,0.536,0.577,0.593,0.778,0.181,0.771,0.431,0.911,0.182,0.321,0.906,0.739,0.812,0.27,0.738,0.814,0.98,0.834,0.425,0.917,0.639,0.16,0.096,0.555,0.806,0.458,0.843,0.924,0.157,0.095,0.213,0.709,0.68,0.266,0.898,0.309,0.837,0.611
1.0,0.259,0.233,0.043,0.28,0.601,0.45,0.348,0.927,0.174,0.336,0.628,0.532,0.012,0.432,0.75,0.31,0.23,0.508,0.164,0.129,0.072,0.25,0.503,0.84,0.316,0.395,0.987,0.385,0.459,0.571,0.426,0.181,0.147,0.131,0.369,0.573,0.915,0.029,0.594,0.426
1.0,0.866,0.003,0.567,0.933,0.115,0.297,0.672,0.636,0.801,0.804,0.925,0.456,0.437,0.589,0.077,0.166,0.624,0.337,0.457,0.861,0.978,0.96,0.768,0.117,0.487,0.463,0.435,0.85,0.235,0.038,0.034,0.39,0.972,0.978,0.518,0.744,0.021,0.682,0.618,0.305
0.0,0.296,0.817,0.862,0.529,0.409,0.586,0.967,0.847,0.46,0.22,0.944,0.109,0.428,0.848,0.084,0.625,0.703,0.378,0.389,0.278,0.024,0.946,0.079,0.937,0.931,0.052,0.74,0.287,0.285,0.285,0.11,0.808,0.547,0.004,0.952,0.997,0.78,0.753,0.37,0.842
1.0,0.749,0.403,0.593,0.886,0.365,0.193,0.167,0.274,0.134,0.531,0.395,0.454,0.001,0.852,0.905,0.305,0.787,0.041,0.367,0.66,0.085,0.262,0.11,0.724,0.611,0.38,0.239,0.824,0.896,0.471,0.926,0.565,0.317,0.996,0.543,0.979,0.068,0.482,0.138,0.082
0.0,0.866,0.066,0.267,0.325,0.323,0.243,0.38,0.061,0.324,0.179,0.826,0.462,0.365,0.23,0.44,0.123,0.385,0.297,0.062,0.365,0.01,0.534,0.904,0.937,0.731,0.23,0.883,0.573,0.172,0.674,0.615,0.301,0.16,0.733,0.366,0.427,0.246,0.319,0.544,0.901
0.0,0.773,0.63,0.642,0.546,0.424,0.753,0.071,0.525,0.944,0.93,0.408,0.909,0.021,0.444,0.034,0.164,0.986,0.398,0.017,0.335,0.177,0.844,0.254,0.669,0.14,0.327,0.955,0.071,0.333,0.523,0.625,0.7,0.178,0.55,0.067,0.803,0.639,0.026,0.024,0.078
1.0,0.248,0.496,0.917,0.705,0.661,0.807,0.237,0.964,0.483,0.112,0.734,0.497,0.834,0.684,0.109,0.657,0.416,0.653,0.024,0.749,0.93,0.383,0.394,0.923,0.677,0.196,0.542,0.651,0.129,0.473,0.251,0.785,0.14,0.525,0.047,0.639,0.55,0.165,0.723,0.514
1.0,0.311,0.542,0.028,0.873,0.199,0.386,0.084,0.515,0.239,0.33,0.271,0.696,0.631,0.492,0.877,0.068,0.132,0.599,0.658,0.765,0.594,0.1,0.445,0.509,0.033,0.32,0.078,0.788,0.194,0.55,0.596,0.452,0.834,0.326,0.152,0.206,0.614,0.05,0.085,0.315
1.0,0.13,0.912,0.173,0.072,0.461,0.738,0.928,0.166,0.213,0.522,0.214,0.399,0.495,0.583,0.28,0.442,0.573,0.514,0.602,0.651,0.041,0.51,0.639,0.726,0.986,0.183,0.997,0.366,0.319,0.345,0.882,0.066,0.525,0.147,0.495,0.277,0.419,0.533,0.477,0.719
1.0,0.241,0.14,0.335,0.727,0.043,0.988,0.101,0.941,0.065,0.067,0.593,0.524,0.862,0.66,0.443,0.021,0.479,0.606,0.397,0.769,0.031,0.841,0.708,0.1,0.713,0.766,0.279,0.681,0.231,0.472,0.659,0.02,0.611,0.538,0.273,0.179,0.84,0.496,0.37,0.793
1.0,0.043,0.691,0.914,0.733,0.468,0.76,0.452,0.134,0.601,0.923,0.023,0.401,0.861,0.274,0.669,0.324,0.285,0.685,0.198,0.433,0.654,0.893,0.41,0.442,0.301,0.409,0.781,0.388,0.66,0.166,0.83,0.795,0.547,0.473,0.372,0.577,0.465,0.957,0.647,0.792
1.0,0.472,0.585,0.227,0.099,0.491,0.672,0.301,0.734,0.179,0.244,0.331,0.153,0.594,0.922,0.66,0.685,0.272,0.808,0.869,0.958,0.771,0.521,0.008,0.917,0.465,0.081,0.889,0.215,0.352,0.761,0.035,0.894,0.317,0.619,0.728,0.041,0.065,0.379,0.07,0.541
0.0,0.158,0.392,0.824,0.065,0.661,0.668,0.07,0.832,0.342,0.127,0.545,0.445,0.308,0.128,0.078,0.039,0.33,0.888,0.303,0.421,0.787,0.333,0.408,0.911,0.664,0.428,0.732,0.468,0.907,0.805,0.131,0.208,0.649,0.075,0.174,0.166,0.037,0.566,0.035,0.568
1.0,0.449,0.284,0.486,0.442,0.835,0.335,0.104,0.917,0.18,0.768,0.839,0.362,0.646,0.428,0.16,0.367,0.216,0.794,0.493,0.274,0.014,0.42,0.745,0.44,0.35,0.144,0.726,0.32,0.221,0.779,0.509,0.704,0.983,0.803,0.724,0.142,0.035,0.918,0.771,0.756
0.0,0.631,0.367,0.757,0.097,0.896,0.837,0.875,0.215,0.678,0.45,0.593,0.317,0.189,0.889,0.588,0.677,0.979,0.471,0.332,0.471,0.503,0.21,0.642,0.317,0.448,0.979,0.864,0.535,0.374,0.818,0.724,0.811,0.428,0.901,0.646,0.405,0.796,0.284,0.88,0.534
0.0,0.214,0.501,0.84,0.17,0.866,0.303,0.54,0.768,0.306,0.967,0.232,0.206,0.721,0.716,0.889,0.561,0.017,0.591,0.114,0.928,0.528,0.019,0.668,0.407,0.646,0.35,0.89,0.972,0.721,0.655,0.217,0.611,0.88,0.007,0.201,0.774,0.491,0.246,0.934,0.719
0.0,0.95,0.628,0.028,0.681,0.887,0.351,0.07,0.132,0.235,0.968,0.818,0.848,0.857,0.211,0.729,0.674,0.639,0.828,0.02,0.5,0.199,0.044,0.995,0.709,0.713,0.221,0.844,0.052,0.376,0.283,0.361,0.074,0.531,0.583,0.23,0.515,0.179,0.573,0.604,0.778
0.0,0.876,0.017,0.749,0.51,0.529,0.932,0.716,0.956,0.467,0.951,0.904,0.935,0.689,0.421,0.535,0.607,0.85,0.669,0.583,0.149,0.308,0.898,0.133,0.665,0.665,0.652,0.906,0.247,0.04,0.627,0.339,0.288,0.775,0.667,0.174,0.747,0.433,0.428,0.56,0.091
0.0,0.853,0.154,0.271,0.052,0.767,0.578,0.927,0.441,0.519,0.737,0.631,0.836,0.875,0.441,0.352,0.654,0.58,0.471,0.989,0.747,0.632,0.048,0.335,0.569,0.464,0.677,0.275,0.826,0.124,0.038,0.262,0.809,0.123,0.551,0.533,0.754,0.537,0.319,0.154,0.988
0.0,0.436,0.118,0.755,0.987,0.33,0.667,0.165,0.425,0.979,0.039,0.401,0.992,0.128,0.372,0.505,0.659,0.92,0.181,0.658,0.39,0.548,0.77,0.981,0.27,0.265,0.904,0.764,0.888,0.12,0.696,0.634,0.741,0.606,0.57,0.081,0.354,0.565,0.996,0.384,0.562
0.0,0.104,0.837,0.735,0.547,0.894,0.384,0.079,0.383,0.456,0.668,0.031,0.092,0.073,0.938,0.671,0.366,0.964,0.229,0.985,0.782,0.629,0.103,0.97,0.724,0.819,0.769,0.912,0.821,0.509,0.775,0.114,0.872,0.065,0.828,0.692,0.601,0.574,0.504,0.085,0.156
0.0,0.756,0.665,0.346,0.26,0.574,0.105,0.648,0.281,0.841,0.35,0.578,0.898,0.106,0.405,0.374,0.317,0.603,0.672,0.529,0.904,0.25,0.828,0.123,0.3,0.788,0.526,0.04,0.85,0.593,0.533,0.302,0.79,0.557,0.954,0.745,0.028,0.085,0.796,0.503,0.946
1.0,0.186,0.635,0.783,0.028,0.23,0.215,0.107,0.911,0.041,0.367,0.835,0.149,0.687,0.814,0.758,0.632,0.538,0.016,0.615,0.874,0.064,0.653,0.531,0.932,0.265,0.903,0.69,0.218,0.995,0.518,0.333,0.126,0.154,0.865,0.669,0.47,0.832,0.526,0.899,0.188
1.0,0.139,0.069,0.86,0.578,0.178,0.91,0.028,0.254,0.613,0.101,0.679,0.561,0.631,0.717,0.604,0.712,0.944,0.966,0.494,0.596,0.858,0.811,0.002,0.242,0.702,0.812,0.166,0.748,0.781,0.34,0.643,0.504,0.834,0.366,0.642,0.518,0.843,0.917,0.933,0.667
0.0,0.897,0.801,0.353,0.17,0.902,0.622,0.603,0.315,0.577,0.784,0.273,0.836,0.156,0.418,0.936,0.002,0.674,0.413,0.26,0.523,0.034,0.297,0.612,0.324,0.689,0.983,0.951,0.687,0.402,0.502,0.058,0.257,0.124,0.41,0.668,0.478,0.712,0.815,0.603,0.598
1.0,0.178,0.967,0.247,0.67,0.446,0.369,0.619,0.928,0.543,0.804,0.596,0.267,0.961,0.946,0.541,0.032,0.622,0.845,0.466,0.429,0.856,0.142,0.247,0.095,0.279,0.054,0.387,0.178,0.532,0.094,0.645,0.319,0.521,0.263,0.849,0.334,0.691,0.938,0.658,0.495
1.0,0.355,0.311,0.867,0.337,0.755,0.697,0.111,0.118,0.62,0.85,0.731,0.059,0.03,0.536,0.745,0.706,0.521,0.282,0.522,0.77,0.791,0.785,0.54,0.998,0.692,0.925,0.358,0.457,0.376,0.89,0.131,0.359,0.714,0.064,0.715,0.323,0.513,0.549,0.634,0.805
1.0,0.477,0.074,0.092,0.907,0.256,0.192,0.17,0.617,0.861,0.639,0.335,0.668,0.22,0.845,0.593,0.651,0.071,0.186,0.017,0.225,0.605,0.414,0.301,0.343,0.883,0.707,0.977,0.559,0.043,0.873,0.546,0.127,0.535,0.368,0.341,0.0,0.763,0.593,0.217,0.838
0.0,0.768,0.703,0.141,0.614,0.677,0.576,0.923,0.915,0.044,0.042,0.65,0.325,0.885,0.96,0.804,0.25,0.198,0.197,0.656,0.048,0.196,0.909,0.98,0.577,0.572,0.835,0.496,0.176,0.922,0.161,0.381,0.542,0.176,0.786,0.208,0.555,0.574,0.611,0.903,0.59
0.0,0.291,0.303,0.994,0.37,0.988,0.807,0.41,0.988,0.686,0.472,0.339,0.279,0.276,0.276,0.611,0.906,0.268,0.398,0.814,0.11,0.47,0.146,0.032,0.859,0.864,0.368,0.275,0.208,0.258,0.391,0.043,0.98,0.88,0.388,0.924,0.663,0.146,0.707,0.563,0.774
1.0,0.288,0.2,0.338,0.505,0.476,0.92,0.794,0.853,0.037,0.766,0.29,0.347,0.386,0.527,0.674,0.093,0.818,0.628,0.828,0.86,0.283,0.453,0.046,0.978,0.764,0.637,0.629,0.46,0.02,0.01,0.897,0.001,0.232,0.848,0.668,0.519,0.477,0.186,0.868,0.095
0.0,0.668,0.726,0.148,0.573,0.07,0.623,0.297,0.607,0.528,0.362,0.684,0.569,0.91,0.785,0.585,0.133,0.886,0.79,0.425,0.269,0.163,0.15,0.992,0.597,0.85,0.355,0.013,0.091,0.132,0.885,0.444,0.69,0.712,0.215,0.116,0.05,0.497,0.843,0.612,0.854
1.0,0.624,0.626,0.461,0.867,0.275,0.611,0.474,0.265,0.873,0.356,0.354,0.577,0.82,0.225,0.647,0.38,0.907,0.415,0.083,0.0,0.069,0.156,0.359,0.109,0.006,0.858,0.658,0.443,0.638,0.23,0.518,0.411,0.03,0.283,1.0,0.564,0.434,0.879,0.193,0.922
0.0,0.225,0.445,0.101,0.786,0.807,0.624,0.408,0.127,0.512,0.505,0.287,0.754,0.945,0.706,0.732,0.291,0.17,0.708,0.686,0.797,0.691,0.647,0.996,0.958,0.734,0.256,0.228,0.235,0.646,0.41,0.154,0.792,0.481,0.167,0.057,0.999,0.767,0.733,0.636,0.149
0.0,0.791,0.693,0.775,0.234,0.959,0.427,0.788,0.224,0.049,0.835,0.36,0.814,0.962,0.458,0.379,0.001,0.719,0.349,0.907,0.774,0.085,0.746,0.89,0.419,0.512,0.19,0.435,0.261,0.692,0.683,0.099,0.005,0.072,0.687,0.261,0.69,0.794,0.996,0.665,0.465
1.0,0.887,0.383,0.144,0.396,0.483,0.552,0.783,0.309,0.555,0.237,0.512,0.362,0.125,0.418,0.076,0.545,0.782,0.144,0.222,0.264,0.319,0.68,0.458,0.387,0.386,0.645,0.33,0.843,0.95,0.816,0.551,0.32,0.29,0.068,0.4,0.052,0.648,0.712,0.727,0.807
1.0,0.941,0.875,0.962,0.979,0.594,0.964,0.874,0.703,0.335,0.702,0.717,0.108,0.727,0.365,0.74,0.315,0.147,0.741,0.217,0.688,0.707,0.277,0.405,0.193,0.881,0.47,0.074,0.192,0.503,0.932,0.488,0.679,0.7,0.432,0.103,0.389,0.996,0.689,0.294,0.238
1.0,0.067,0.832,0.001,0.751,0.329,0.947,0.529,0.924,0.41,0.702,0.35,0.152,0.984,0.132,0.668,0.764,0.348,0.627,0.829,0.968,0.444,0.013,0.335,0.209,0.122,0.408,0.613,0.146,0.832,0.19,0.657,0.592,0.6,0.135,0.263,0.958,0.738,0.832,0.743,0.464
1.0,0.876,0.132,0.752,0.805,0.522,0.215,0.665,0.15,0.426,0.248,0.419,0.286,0.638,0.888,0.222,0.547,0.553,0.834,0.717,0.713,0.097,0.292,0.108,0.911,0.734,0.049,0.87,0.049,0.716,0.275,0.431,0.005,0.124,0.128,0.332,0.067,0.094,0.233,0.132,0.492
0.0,0.756,0.302,0.337,0.597,0.344,0.968,0.443,0.129,0.033,0.795,0.455,0.069,0.56,0.957,0.294,0.283,0.771,0.704,0.473,0.418,0.411,0.521,0.406,0.032,0.646,0.392,0.126,0.911,0.915,0.742,0.859,0.406,0.327,0.671,0.535,0.547,0.087,0.686,0.569,0.006
0.0,0.119,0.564,0.986,0.807,0.924,0.854,0.829,0.894,0.299,0.179,0.306,0.243,0.214,0.627,0.055,0.516,0.005,0.503,0.004,0.462,0.007,0.123,0.473,0.952,0.789,0.26,0.262,0.63,0.086,0.964,0.134,0.832,0.764,0.152,0.99,0.597,0.251,0.79,0.812,0.147
0.0,0.056,0.574,0.697,0.75,0.244,0.589,0.012,0.695,0.411,0.055,0.46,0.822,0.235,0.858,0.149,0.441,0.543,0.335,0.141,0.627,0.884,0.446,0.76,0.99,0.798,0.809,0.897,0.164,0.135,0.243,0.602,0.852,0.895,0.088,0.664,0.025,0.487,0.845,0.769,0.619
1.0,0.107,0.885,0.812,0.363,0.088,0.596,0.544,0.644,0.69,0.087,0.238,0.542,0.785,0.694,0.655,0.405,0.754,0.045,0.15,0.587,0.548,0.428,0.626,0.675,0.327,0.444,0.504,0.786,0.951,0.527,0.93,0.86,0.169,0.376,0.953,0.569,0.6,0.366,0.475,0.503
0.0,0.989,0.489,0.978,0.456,0.419,0.33,0.174,0.352,0.959,0.485,0.978,0.889,0.582,0.672,0.032,0.846,0.478,0.883,0.789,0.328,0.67,0.037,0.877,0.702,0.868,0.467,0.673,0.157,0.37,0.559,0.176,0.3,0.437,0.496,0.124,0.1,0.942,0.448,0.97,0.058
1.0,0.268,0.591,0.191,0.421,0.05,0.152,0.141,0.484,0.717,0.068,0.448,0.728,0.886,0.574,0.605,0.46,0.29,0.357,0.365,0.873,0.668,0.614,0.244,0.18,0.746,0.673,0.712,0.555,0.981,0.674,0.165,0.257,0.475,0.974,0.199,0.675,0.299,0.16,0.885,0.102
1.0,0.225,0.676,0.923,0.523,0.403,0.029,0.716,0.103,0.072,0.769,0.55,0.096,0.413,0.288,0.992,0.628,0.318,0.411,0.97,0.259,0.91,0.358,0.659,0.151,0.653,0.522,0.119,0.525,0.756,0.821,0.376,0.215,0.066,0.494,0.318,0.136,0.948,0.398,0.901,0.293
0.0,0.58,0.517,0.633,0.263,0.161,0.568,0.822,0.43,0.805,0.322,0.877,0.0,0.029,0.77,0.332,0.692,0.713,0.135,0.436,0.9,0.044,0.889,0.868,0.498,0.85,0.605,0.751,0.951,0.04,0.613,0.442,0.219,0.822,0.329,0.515,0.431,0.054,0.767,0.901,0.427
1.0,0.583,0.964,0.413,0.241,0.506,0.123,0.179,0.408,0.039,0.374,0.608,0.402,0.746,0.318,0.569,0.371,0.194,0.799,0.766,0.916,0.582,0.851,0.355,0.086,0.834,0.509,0.765,0.365,0.398,0.755,0.733,0.849,0.616,0.667,0.792,0.144,0.623,0.41,0.489,0.481
1.0,0.118,0.56,0.003,0.761,0.496,0.149,0.279,0.553,0.669,0.956,0.101,0.538,0.764,0.444,0.732,0.245,0.868,0.733,0.199,0.537,0.169,0.489,0.652,0.631,0.468,0.074,0.152,0.53,0.381,0.893,0.584,0.674,0.43,0.267,0.084,0.762,0.726,0.072,0.648,0.876
0.0,0.554,0.234,0.607,0.891,0.805,0.769,0.915,0.982,0.369,0.58,0.577,0.769,0.15,0.869,0.476,0.614,0.469,0.841,0.085,0.22,0.218,0.445,0.846,0.238,0.695,0.347,0.518,0.203,0.162,0.584,0.515,0.336,0.55,0.288,0.154,0.87,0.334,0.132,0.207,0.458
1.0,0.58,0.148,0.74,0.675,0.583,0.385,0.23,0.04,0.465,0.494,0.733,0.525,0.4,0.83,0.836,0.28,0.832,0.754,0.195,0.215,0.042,0.923,0.235,0.563,0.016,0.157,0.797,0.622,0.651,0.376,0.908,0.707,0.825,0.051,0.969,0.13,0.56,0.367,0.929,0.3
1.0,0.675,0.675,0.974,0.51,0.85,0.596,0.674,0.395,0.721,0.385,0.852,0.359,0.899,0.052,0.297,0.412,0.08,0.779,0.912,0.856,0.686,0.42,0.785,0.874,0.354,0.264,0.537,0.762,0.154,0.302,0.197,0.264,0.027,0.862,0.624,0.52,0.945,0.53,0.324,0.096
1.0,0.789,0.978,0.913,0.959,0.17,0.322,0.575,0.994,0.973,0.825,0.402,0.592,0.761,0.919,0.48,0.633,0.828,0.296,0.174,0.405,0.86,0.374,0.764,0.692,0.808,0.853,0.398,0.754,0.962,0.487,0.621,0.932,0.688,0.696,0.294,0.173,0.035,0.006,0.419,0.549
1.0,0.118,0.778,0.741,0.179,0.508,0.419,0.159,0.802,0.185,0.447,0.919,0.707,0.251,0.47,0.057,0.879,0.397,0.434,0.036,0.433,0.074,0.016,0.226,0.658,0.999,0.316,0.242,0.463,0.529,0.965,0.588,0.689,0.196,0.284,0.563,0.713,0.718,0.464,0.209,0.735
1.0,0.279,0.372,0.128,0.208,0.118,0.47,0.581,0.693,0.174,0.568,0.384,0.237,0.892,0.456,0.219,0.712,0.264,0.267,0.681,0.582,0.794,0.732,0.439,0.349,0.687,0.64,0.074,0.181,0.483,0.108,0.148,0.38,0.689,0.853,0.097,0.834,0.764,0.743,0.56,0.97
1.0,0.049,0.145,0.276,0.077,0.373,0.182,0.951,0.251,0.809,0.464,0.991,0.164,0.661,0.66,0.185,0.206,0.829,0.148,0.783,0.76,0.278,0.864,0.607,0.189,0.546,0.041,0.121,0.279,0.097,0.75,0.724,0.754,0.59,0.655,0.846,0.449,0.417,0.309,0.825,0.576
1.0,0.361,0.841,0.461,0.099,0.016,0.585,0.424,0.989,0.77,0.028,0.127,0.055,0.784,0.345,0.511,0.117,0.016,0.237,0.05,0.568,0.466,0.514,0.46,0.458,0.18,0.976,0.229,0.268,0.475,0.269,0.519,0.697,0.761,0.723,0.08,0.346,0.68,0.031,0.237,0.173
0.0,0.47,0.234,0.223,0.165,0.122,0.694,0.699,0.028,0.673,0.268,0.226,0.593,0.582,0.245,0.97,0.673,0.666,0.045,0.971,0.497,0.891,0.55,0.985,0.397,0.864,0.662,0.129,0.626,0.914,0.522,0.125,0.807,0.566,0.168,0.339,0.69,0.831,0.043,0.252,0.476
1.0,0.226,0.124,0.521,0.006,0.41,0.757,0.415,0.784,0.534,0.938,0.344,0.02,0.435,0.515,0.26,0.598,0.502,0.599,0.87,0.8,0.534,0.818,0.128,0.274,0.378,0.194,0.815,0.807,0.746,0.439,0.385,0.231,0.134,0.613,0.28,0.957,0.518,0.391,0.587,0.263
0.0,0.723,0.467,0.238,0.577,0.325,0.286,0.537,0.967,0.776,0.281,0.241,0.832,0.015,0.229,0.479,0.596,0.053,0.623,0.94,0.498,0.778,0.713,0.62,0.805,0.974,0.911,0.936,0.708,0.66,0.949,0.049,0.406,0.271,0.103,0.428,0.629,0.437,0.872,0.854,0.766
1.0,0.55,0.135,0.532,0.412,0.655,0.243,0.437,0.666,0.139,0.987,0.21,0.626,0.994,0.877,0.029,0.337,0.199,0.937,0.254,0.033,0.918,0.891,0.478,0.186,0.501,0.085,0.453,0.773,0.972,0.966,0.101,0.44,0.764,0.752,0.25,0.253,0.071,0.568,0.673,0.837
1.0,0.188,0.372,0.209,0.973,0.775,0.981,0.765,0.196,0.043,0.855,0.592,0.38,0.004,0.038,0.634,0.85,0.779,0.288,0.222,0.586,0.157,0.65,0.501,0.053,0.607,0.988,0.834,0.27,0.371,0.496,0.641,0.165,0.24,0.15,0.704,0.122,0.026,0.579,0.235,0.609
0.0,0.886,0.337,0.294,0.502,0.233,0.282,0.776,0.101,0.971,0.245,0.642,0.702,0.332,0.363,0.951,0.94,0.656,0.138,0.467,0.492,0.991,0.966,0.883,0.003,0.144,0.545,0.127,0.201,0.949,0.449,0.119,0.361,0.222,0.623,0.011,0.802,0.76,0.812,0.45,0.549
1.0,0.944,0.291,0.868,0.677,0.554,0.846,0.994,0.619,0.471,0.931,0.367,0.328,0.154,0.699,0.277,0.572,0.699,0.995,0.917,0.761,0.414,0.231,0.181,0.37,0.345,0.336,0.683,0.062,0.3,0.201,0.428,0.467,0.175,0.85,0.422,0.636,0.96,0.264,0.62,0.811
0.0,0.937,0.181,0.93,0.377,0.391,0.973,0.585,0.104,0.132,0.785,0.716,0.577,0.358,0.188,0.049,0.922,0.462,0.58,0.202,0.657,0.567,0.705,0.931,0.216,0.366,0.114,0.412,0.748,0.686,0.093,0.81,0.031,0.724,0.246,0.905,0.706,0.722,0.604,0.43,0.046
1.0,0.143,0.744,0.883,0.829,0.358,0.695,0.735,0.277,0.654,0.105,0.359,0.069,0.795,0.188,0.057,0.036,0.911,0.807,0.697,0.748,0.388,0.288,0.475,0.139,0.219,0.747,0.21,0.025,0.26,0.351,0.821,0.764,0.293,0.03,0.127,0.728,0.595,0.404,0.776,0.692
1.0,0.931,0.346,0.805,0.028,0.313,0.98,0.558,0.406,0.018,0.46,0.548,0.207,0.515,0.065,0.938,0.057,0.237,0.009,0.696,0.888,0.736,0.15,0.765,0.385,0.901,0.745,0.434,0.091,0.489,0.938,0.155,0.452,0.202,0.82,0.36,0.318,0.023,0.596,0.197,0.606
1.0,0.864,0.144,0.631,0.086,0.614,0.732,0.877,0.903,0.64,0.606,0.655,0.125,0.318,0.546,0.271,0.916,0.94,0.659,0.245,0.032,0.243,0.31,0.606,0.465,0.334,0.503,0.379,0.248,0.461,0.767,0.631,0.144,0.085,0.71,0.741,0.169,0.829,0.787,0.311,0.597
1.0,0.754,0.448,0.52,0.769,0.693,0.063,0.552,0.339,0.288,0.464,0.246,0.15,0.725,0.416,0.197,0.409,0.588,0.04,0.789,0.713,0.855,0.73,0.591,0.403,0.272,0.485,0.265,0.476,0.976,0.264,0.864,0.563,0.777,0.523,0.603,0.24,0.163,0.734,0.604,0.891
0.0,0.687,0.573,0.273,0.098,0.742,0.067,0.262,0.853,0.542,0.993,0.104,0.967,0.749,0.178,0.401,0.332,0.571,0.289,0.61,0.841,0.915,0.961,0.991,0.562,0.285,0.56,0.5,0.089,0.19,0.595,0.298,0.011,0.573,0.493,0.696,0.663,0.79,0.079,0.03,0.587
1.0,0.855,0.932,0.051,0.034,0.678,0.028,0.649,0.689,0.192,0.804,0.789,0.152,0.831,0.354,0.503,0.725,0.281,0.477,0.568,0.492,0.143,0.502,0.244,0.424,0.043,0.628,0.867,0.367,0.26,0.162,0.68,0.184,0.571,0.414,0.557,0.925,0.966,0.167,0.96,0.56
0.0,0.169,0.629,0.887,0.964,0.043,0.675,0.034,0.952,0.417,0.937,0.652,0.405,0.152,0.955,0.703,0.693,0.537,0.625,0.273,0.267,0.238,0.046,0.834,0.926,0.274,0.012,0.386,0.95,0.174,0.112,0.855,0.912,0.879,0.342,0.745,0.354,0.903,0.571,0.273,0.67
1.0,0.498,0.708,0.388,0.447,0.934,0.225,0.117,0.349,0.046,0.042,0.73,0.209,0.765,0.928,0.692,0.877,0.289,0.165,0.717,0.536,0.72,0.721,0.985,0.124,0.547,0.615,0.608,0.145,0.748,0.515,0.078,0.842,0.245,0.669,0.395,0.381,0.339,0.883,0.295,0.229
0.0,0.004,0.167,0.488,0.369,0.378,0.414,0.564,0.023,0.219,0.432,0.419,0.915,0.014,0.235,0.4,0.858,0.076,0.425,0.779,0.937,0.824,0.485,0.661,0.741,0.877,0.007,0.487,0.455,0.566,0.121,0.771,0.061,0.882,0.195,0.809,0.705,0.29,0.589,0.548,0.803
0.0,0.117,0.332,0.951,0.698,0.648,0.584,0.169,0.22,0.874,0.143,0.248,0.856,0.625,0.199,0.9,0.997,0.742,0.125,0.755,0.106,0.977,0.544,0.457,0.747,0.317,0.509,0.045,0.55,0.033,0.958,0.838,0.494,0.745,0.647,0.72,0.745,0.744,0.417,0.863,0.041
1.0,0.688,0.59,0.115,0.163,0.595,0.164,0.397,0.778,0.009,0.185,0.01,0.243,0.773,0.329,0.519,0.597,0.404,0.013,0.438,0.914,0.958,0.888,0.69,0.525,0.325,0.746,0.325,0.229,0.102,0.844,0.369,0.344,0.018,0.237,0.711,0.578,0.182,0.799,0.368,0.685
0.0,0.53,0.743,0.477,0.425,0.935,0.424,0.646,0.841,0.756,0.288,0.409,0.472,0.951,0.534,0.68,0.69,0.055,0.72,0.958,0.539,0.368,0.936,0.164,0.662,0.755,0.787,0.77,0.715,0.051,0.484,0.243,0.742,0.987,0.393,0.743,0.918,0.681,0.711,0.56,0.398
0.0,0.999,0.768,0.203,0.763,0.637,0.036,0.439,0.643,0.951,0.157,0.906,0.084,0.171,0.766,0.313,0.7,0.083,0.3,0.507,0.977,0.455,0.655,0.416,0.969,0.069,0.774,0.567,0.209,0.505,0.849,0.157,0.086,0.551,0.968,0.587,0.447,0.566,0.332,0.701,0.741
1.0,0.966,0.182,0.335,0.357,0.587,0.693,0.633,0.473,0.398,0.584,0.659,0.524,0.901,0.246,0.51,0.786,0.539,0.767,0.383,0.677,0.162,0.451,0.585,0.516,0.958,0.103,0.924,0.977,0.133,0.691,0.7,0.574,0.137,0.101,0.543,0.092,0.969,0.495,0.974,0.335
1.0,0.16,0.683,0.949,0.085,0.577,0.807,0.202,0.718,0.5,0.765,0.651,0.001,0.263,0.517,0.816,0.076,0.736,0.055,0.54,0.562,0.426,0.658,0.561,0.208,0.33,0.741,0.819,0.818,0.136,0.812,0.861,0.315,0.948,0.015,0.432,0.297,0.147,0.367,0.24,0.485
0.0,0.352,0.254,0.066,0.853,0.548,0.768,0.995,0.757,0.145,0.284,0.481,0.335,0.799,0.666,0.354,0.6,0.015,0.164,0.321,0.416,0.416,0.715,0.877,0.538,0.964,0.148,0.164,0.309,0.85,0.62,0.374,0.915,0.138,0.939,0.334,0.254,0.725,0.306,0.27,0.637
0.0,0.068,0.118,0.809,0.64,0.426,0.126,0.523,0.551,0.924,0.203,0.608,0.815,0.842,0.78,0.661,0.716,0.729,0.147,0.404,0.996,0.709,0.374,0.918,0.747,0.891,0.283,0.603,0.905,0.743,0.4,0.332,0.043,0.345,0.972,0.854,0.344,0.464,0.561,0.412,0.414
0.0,0.614,0.644,0.55,0.03,0.91,0.937,0.339,0.353,0.652,0.288,0.507,0.544,0.766,0.23,0.84,0.832,0.825,0.95,0.806,0.037,0.215,0.62,0.634,0.667,0.996,0.506,0.324,0.126,0.953,0.473,0.497,0.653,0.072,0.721,0.128,0.921,0.322,0.361,0.12,0.967
0.0,0.492,0.865,0.608,0.526,0.894,0.287,0.355,0.011,0.69,0.304,0.113,0.546,0.675,0.238,0.157,0.954,0.39,0.722,0.784,0.796,0.388,0.523,0.353,0.501,0.476,0.276,0.104,0.059,0.346,0.08,0.389,0.211,0.389,0.775,0.986,0.012,0.292,0.239,0.424,0.072
0.0,0.442,0.571,0.201,0.892,0.61,0.635,0.705,0.905,0.285,0.598,0.314,0.23,0.033,0.192,0.92,0.016,0.482,0.376,0.791,0.984,0.452,0.077,0.927,0.412,0.849,0.877,0.481,0.588,0.776,0.234,0.154,0.201,0.531,0.157,0.066,0.462,0.078,0.187,0.426,0.611
1.0,0.621,0.472,0.309,0.046,0.743,0.329,0.78,0.699,0.947,0.722,0.219,0.564,0.192,0.519,0.858,0.862,0.059,0.19,0.257,0.046,0.674,0.601,0.389,0.135,0.675,0.309,0.689,0.745,0.091,0.626,0.498,0.198,0.025,0.869,0.922,0.456,0.812,0.584,0.193,0.516
1.0,0.084,0.741,0.869,0.132,0.606,0.247,0.648,0.63,0.642,0.33,0.907,0.597,0.393,0.552,0.646,0.729,0.119,0.562,0.908,0.034,0.559,0.342,0.123,0.868,0.979,0.823,0.751,0.098,0.652,0.075,0.413,0.391,0.458,0.017,0.905,0.183,0.785,0.347,0.056,0.972
1.0,0.733,0.388,0.593,0.602,0.108,0.422,0.638,0.174,0.574,0.52,0.504,0.626,0.752,0.662,0.268,0.552,0.454,0.205,0.559,0.644,0.871,0.284,0.32,0.625,0.674,0.858,0.345,0.571,0.826,0.545,0.891,0.324,0.696,0.876,0.221,0.995,0.948,0.516,0.434,0.928
1.0,0.44,0.216,0.035,0.43,0.485,0.989,0.226,0.587,0.474,0.363,0.63,0.624,0.554,0.122,0.588,0.076,0.125,0.492,0.1,0.415,0.474,0.952,0.502,0.185,0.177,0.192,0.737,0.279,0.441,0.417,0.222,0.032,0.95,0.678,0.153,0.411,0.401,0.244,0.137,0.224
0.0,0.187,0.029,0.391,0.16,0.695,0.205,0.005,0.115,0.738,0.934,0.333,0.727,0.149,0.435,0.171,0.878,0.063,0.102,0.035,0.081,0.173,0.649,0.984,0.78,0.232,0.507,0.67,0.394,0.032,0.455,0.827,0.979,0.623,0.353,0.512,0.736,0.542,0.278,0.221,0.623
1.0,0.33,0.187,0.464,0.356,0.328,0.122,0.332,0.153,0.479,0.948,0.365,0.711,0.25,0.161,0.576,0.231,0.454,0.994,0.694,0.783,0.384,0.852,0.161,0.061,0.458,0.595,0.582,0.495,0.661,0.726,0.085,0.856,0.96,0.056,0.29,0.963,0.447,0.492,0.477,0.98
0.0,0.908,0.375,0.485,0.659,0.445,0.135,0.668,0.296,0.549,0.487,0.63,0.214,0.431,0.325,0.975,0.607,0.831,0.488,0.999,0.36,0.584,0.444,0.996,0.734,0.426,0.215,0.368,0.556,0.363,0.691,0.073,0.212,0.976,0.449,0.29,0.481,0.592,0.751,0.473,0.142
0.0,0.391,0.636,0.919,0.508,0.105,0.036,0.854,0.888,0.977,0.17,0.929,0.575,0.431,0.912,0.02,0.657,0.581,0.424,0.958,0.7,0.578,0.851,0.796,0.545,0.2,0.232,0.21,0.101,0.361,0.757,0.233,0.683,0.862,0.801,0.809,0.591,0.254,0.884,0.999,0.756
1.0,0.414,0.003,0.61,0.747,0.017,0.054,0.633,0.637,0.582,0.302,0.194,0.294,0.185,0.005,0.217,0.042,0.385,0.176,0.636,0.013,0.288,0.215,0.222,0.449,0.99,0.053,0.386,0.059,0.704,0.232,0.003,0.683,0.219,0.7,0.569,0.451,0.006,0.438,0.695,0.682
1.0,0.141,0.229,0.611,0.231,0.008,0.852,0.084,0.191,0.161,0.167,0.129,0.575,0.419,0.266,0.188,0.783,0.745,0.713,0.808,0.79,0.5,0.357,0.406,0.131,0.815,0.977,0.179,0.137,0.773,0.522,0.43,0.464,0.99,0.238,0.106,0.945,0.604,0.703,0.102,0.553
1.0,0.009,0.789,0.748,0.876,0.12,0.208,0.138,0.019,0.76,0.659,0.534,0.548,0.54,0.166,0.026,0.179,0.325,0.9,0.593,0.344,0.744,0.209,0.286,0.88,0.826,0.845,0.254,0.321,0.064,0.08,0.706,0.778,0.808,0.018,0.969,0.004,0.382,0.709,0.858,0.573
1.0,0.0,0.911,0.682,0.401,0.085,0.049,0.3,0.545,0.724,0.036,0.526,0.505,0.345,0.761,0.242,0.672,0.567,0.871,0.135,0.096,0.716,0.55,0.369,0.599,0.091,0.021,0.362,0.288,0.524,0.667,0.221,0.184,0.911,0.507,0.778,0.356,0.073,0.525,0.849,0.574
1.0,0.546,0.409,0.644,0.48,0.241,0.762,0.345,0.155,0.53,0.674,0.659,0.355,0.237,0.379,0.674,0.353,0.366,0.16,0.055,0.457,0.47,0.034,0.754,0.878,0.502,0.178,0.879,0.59,0.869,0.599,0.735,0.34,0.774,0.276,0.329,0.794,0.539,0.731,0.786,0.792
0.0,0.31,0.949,0.877,0.436,0.983,0.262,0.239,0.927,0.357,0.712,0.8,0.89,0.823,0.106,0.488,0.652,0.352,0.756,0.856,0.9,0.514,0.617,0.329,0.668,0.844,0.751,0.354,0.158,0.573,0.262,0.907,0.795,0.851,0.528,0.162,0.786,0.218,0.592,0.805,0.925
1.0,0.151,0.069,0.19,0.865,0.036,0.123,0.221,0.516,0.446,0.947,0.154,0.365,0.744,0.516,0.852,0.228,0.331,0.216,0.708,0.205,0.641,0.126,0.282,0.07,0.716,0.982,0.062,0.751,0.119,0.172,0.148,0.39,0.731,0.053,0.67,0.444,0.12,0.159,0.681,0.018
0.0,0.362,0.274,0.256,0.285,0.939,0.04,0.175,0.332,0.293,0.105,0.634,0.303,0.993,0.429,0.517,0.953,0.537,0.101,0.685,0.385,0.038,0.573,0.447,0.076,0.974,0.362,0.569,0.844,0.453,0.988,0.4,0.283,0.586,0.33,0.452,0.807,0.528,0.26,0.982,0.846
0.0,0.346,0.673,0.453,0.647,0.378,0.466,0.935,0.919,0.896,0.329,0.779,0.616,0.698,0.18,0.053,0.145,0.234,0.047,0.875,0.389,0.305,0.788,0.797,0.64,0.372,0.239,0.367,0.566,0.968,0.64,0.747,0.812,0.622,0.669,0.451,0.824,0.435,0.704,0.224,0.222
1.0,0.14,0.95,0.197,0.659,0.396,0.869,0.703,0.364,0.467,0.458,0.911,0.283,0.305,0.169,0.527,0.842,0.213,0.951,0.896,0.525,0.449,0.425,0.64,0.064,0.366,0.213,0.315,0.532,0.144,0.127,0.844,0.158,0.435,0.093,0.909,0.548,0.125,0.455,0.524,0.762
0.0,0.348,0.714,0.485,0.381,0.873,0.578,0.482,0.381,0.133,0.681,0.282,0.602,0.916,0.667,0.481,0.049,0.86,0.723,0.476,0.49,0.919,0.993,0.557,0.466,0.537,0.229,0.885,0.063,0.435,0.578,0.656,0.8,0.125,0.067,0.78,0.173,0.686,0.692,0.103,0.117
1.0,0.937,0.96,0.851,0.681,0.161,0.136,0.319,0.316,0.573,0.186,0.284,0.464,0.767,0.685,0.814,0.029,0.808,0.876,0.562,0.105,0.827,0.066,0.388,0.163,0.869,0.876,0.407,0.733,0.093,0.169,0.384,0.923,0.729,0.5,0.767,0.45,0.764,0.656,0.222,0.447
0.0,0.662,0.226,0.25,0.026,0.696,0.828,0.162,0.958,0.372,0.085,0.832,0.719,0.199,0.458,0.056,0.127,0.887,0.316,0.577,0.747,0.563,0.328,0.857,0.393,0.132,0.176,0.986,0.993,0.82,0.234,0.026,0.696,0.665,0.611,0.896,0.743,0.122,0.006,0.272,0.754
0.0,0.347,0.269,0.163,0.359,0.927,0.081,0.38,0.039,0.843,0.267,0.752,0.565,0.12,0.85,0.078,0.544,0.4,0.87,0.056,0.69,0.713,0.299,0.897,0.646,0.445,0.579,0.265,0.97,0.442,0.161,0.048,0.334,0.445,0.17,0.453,0.351,0.157,0.012,0.363,0.991
1.0,0.933,0.354,0.048,0.633,0.324,0.173,0.224,0.858,0.571,0.496,0.041,0.314,0.843,0.506,0.667,0.51,0.716,0.384,0.001,0.955,0.161,0.65,0.371,0.151,0.096,0.9,0.887,0.119,0.573,0.518,0.494,0.519,0.26,0.948,0.821,0.283,0.9,0.986,0.96,0.101
1.0,0.178,0.937,0.925,0.238,0.71,0.539,0.912,0.057,0.346,0.072,0.809,0.388,0.542,0.773,0.142,0.332,0.437,0.655,0.6,0.783,0.891,0.602,0.439,0.367,0.543,0.861,0.379,0.672,0.989,0.604,0.903,0.86,0.08,0.987,0.166,0.268,0.181,0.415,0.921,0.814
0.0,0.106,0.571,0.939,0.191,0.928,0.999,0.992,0.702,0.883,0.2,0.338,0.305,0.558,0.506,0.221,0.074,0.41,0.42,0.256,0.851,0.357,0.636,0.01,0.385,0.501,0.947,0.551,0.748,0.265,0.37,0.436,0.095,0.333,0.322,0.839,0.11,0.248,0.293,0.975,0.388
1.0,0.826,0.304,0.207,0.007,0.54,0.437,0.436,0.415,0.61,0.242,0.41,0.152,0.776,0.213,0.131,0.192,0.527,0.949,0.735,0.168,0.98,0.245,0.003,0.924,0.669,0.965,0.321,0.988,0.652,0.643,0.157,0.485,0.158,0.144,0.933,0.339,0.803,0.007,0.88,0.985
0.0,0.371,0.845,0.559,0.949,0.584,0.512,0.948,0.712,0.192,0.278,0.456,0.91,0.246,0.134,0.99,0.407,0.693,0.873,0.387,0.392,0.897,0.308,0.809,0.819,0.74,0.725,0.458,0.221,0.623,0.942,0.385,0.553,0.612,0.831,0.162,0.996,0.525,0.986,0.809,0.956
0.0,0.525,0.168,0.77,0.04,0.709,0.865,0.654,0.675,0.351,0.269,0.063,0.641,0.625,0.648,0.003,0.364,0.042,0.901,0.346,0.021,0.071,0.628,0.798,0.349,0.475,0.198,0.945,0.254,0.884,0.158,0.58,0.722,0.475,0.773,0.619,0.464,0.354,0.509,0.81,0.49
0.0,0.46,0.088,0.141,0.831,0.824,0.604,0.028,0.797,0.657,0.334,0.846,0.835,0.053,0.721,0.238,0.912,0.765,0.886,0.221,0.984,0.541,0.745,0.558,0.854,0.206,0.17,0.354,0.761,0.681,0.284,0.958,0.437,0.157,0.947,0.593,0.304,0.706,0.911,0.422,0.18
0.0,0.846,0.978,0.647,0.187,0.075,0.745,0.515,0.766,0.584,0.986,0.997,0.85,0.094,0.148,0.615,0.966,0.04,0.89,0.015,0.066,0.641,0.074,0.998,0.506,0.042,0.515,0.779,0.912,0.866,0.93,0.047,0.74,0.407,0.739,0.711,0.579,0.963,0.001,0.439,0.271
0.0,0.699,0.573,0.113,0.47,0.045,0.655,0.21,0.787,0.212,0.357,0.851,0.731,0.546,0.986,0.24,0.85,0.078,0.953,0.566,0.755,0.801,0.125,0.021,0.884,0.504,0.215,0.019,0.314,0.544,0.561,0.938,0.958,0.919,0.007,0.936,0.712,0.143,0.902,0.02,0.453
1.0,0.509,0.713,0.814,0.046,0.685,0.564,0.905,0.779,0.354,0.57,0.904,0.588,0.664,0.607,0.657,0.872,0.545,0.154,0.442,0.464,0.587,0.428,0.65,0.961,0.999,0.646,0.021,0.466,0.315,0.338,0.59,0.571,0.979,0.838,0.872,0.028,0.449,0.643,0.095,0.618
0.0,0.052,0.531,0.242,0.483,0.415,0.533,0.706,0.996,0.552,0.847,0.988,0.859,0.271,0.831,0.074,0.626,0.677,0.657,0.45,0.513,0.681,0.659,0.909,0.166,0.082,0.845,0.012,0.909,0.952,0.377,0.066,0.73,0.767,0.151,0.474,0.54,0.56,0.31,0.56,0.351
0.0,0.005,0.433,0.799,0.168,0.846,0.632,0.428,0.344,0.822,0.194,0.072,0.015,0.977,0.972,0.922,0.627,0.204,0.265,0.811,0.063,0.134,0.97,0.219,0.36,0.194,0.9,0.383,0.115,0.378,0.038,0.211,0.184,0.461,0.954,0.369,0.542,0.866,0.593,0.472,0.132
0.0,0.554,0.903,0.8,0.544,0.941,0.374,0.003,0.059,0.111,0.526,0.861,0.635,0.239,0.776,0.863,0.497,0.02,0.886,0.289,0.077,0.841,0.413,0.898,0.851,0.711,0.369,0.16,0.236,0.206,0.749,0.704,0.549,0.213,0.019,0.982,0.935,0.425,0.181,0.354,0.764
1.0,0.276,0.671,0.478,0.205,0.133,0.751,0.423,0.62,0.665,0.076,0.336,0.147,0.979,0.326,0.016,0.321,0.033,0.833,0.478,0.805,0.367,0.742,0.076,0.631,0.448,0.881,0.893,0.665,0.412,0.502,0.946,0.786,0.154,0.945,0.069,0.529,0.625,0.81,0.732,0.583
1.0,0.831,0.754,0.473,0.031,0.621,0.409,0.894,0.453,0.677,0.047,0.666,0.246,0.183,0.761,0.492,0.415,0.513,0.51,0.42,0.438,0.01,0.067,0.471,0.567,0.859,0.918,0.852,0.108,0.004,0.758,0.185,0.247,0.875,0.403,0.391,0.204,0.248,0.182,0.837,0.633
1.0,0.029,0.251,0.433,0.852,0.399,0.428,0.341,0.914,0.182,0.643,0.001,0.503,0.001,0.722,0.984,0.658,0.349,0.428,0.581,0.993,0.02,0.378,0.536,0.608,0.115,0.537,0.182,0.591,0.485,0.066,0.261,0.483,0.539,0.489,0.218,0.694,0.972,0.466,0.467,0.257
1.0,0.116,0.813,0.934,0.334,0.635,0.651,0.04,0.512,0.667,0.714,0.552,0.729,0.637,0.427,0.269,0.191,0.346,0.392,0.958,0.047,0.543,0.229,0.14,0.247,0.266,0.45,0.119,0.363,0.449,0.675,0.416,0.635,0.738,0.252,0.81,0.815,0.668,0.987,0.172,0.054
0.0,0.511,0.877,0.378,0.919,0.884,0.779,0.133,0.07,0.174,0.972,0.056,0.2,0.343,0.227,0.243,0.019,0.916,0.258,0.988,0.602,0.592,0.545,0.08,0.894,0.89,0.343,0.701,0.245,0.442,0.954,0.742,0.621,0.843,0.641,0.757,0.326,0.571,0.205,0.237,0.587
0.0,0.241,0.886,0.817,0.003,0.087,0.112,0.199,0.068,0.551,0.632,0.219,0.34,0.84,0.8,0.272,0.473,0.227,0.265,0.294,0.26,0.035,0.402,0.79,0.914,0.08,0.137,0.779,0.241,0.518,0.822,0.889,0.687,0.372,0.999,0.167,0.486,0.67,0.334,0.14,0.142
1.0,0.762,0.618,0.842,0.7,0.742,0.899,0.463,0.341,0.049,0.351,0.694,0.713,0.828,0.761,0.377,0.847,0.014,0.268,0.804,0.891,0.172,0.059,0.034,0.803,0.676,0.61,0.219,0.481,0.646,0.807,0.408,0.758,0.099,0.334,0.519,0.888,0.5,0.833,0.223,0.277
0.0,0.976,0.798,0.414,0.994,0.712,0.215,0.464,0.665,0.476,0.11,0.968,0.948,0.122,0.488,0.328,0.27,0.415,0.221,0.641,0.967,0.42,0.023,0.504,0.334,0.878,0.107,0.43,0.967,0.932,0.426,0.033,0.073,0.551,0.647,0.032,0.075,0.87,0.784,0.648,0.586
1.0,0.268,0.586,0.898,0.609,0.636,0.881,0.424,0.376,0.307,0.566,0.828,0.401,0.915,0.581,0.946,0.226,0.181,0.654,0.265,0.372,0.701,0.305,0.427,0.278,0.168,0.106,0.711,0.621,0.165,0.624,0.006,0.738,0.105,0.805,0.946,0.521,0.341,0.307,0.86,0.046
1.0,0.489,0.07,0.788,0.798,0.452,0.656,0.233,0.139,0.955,0.511,0.417,0.017,0.891,0.505,0.856,0.427,0.264,0.761,0.871,0.09,0.562,0.869,0.698,0.568,0.281,0.527,0.274,0.118,0.076,0.027,0.537,0.083,0.64,0.23,0.462,0.245,0.064,0.633,0.078,0.682
1.0,0.521,0.662,0.207,0.785,0.744,0.074,0.492,0.255,0.448,0.724,0.119,0.265,0.74,0.383,0.513,0.524,0.459,0.692,0.178,0.927,0.622,0.278,0.264,0.646,0.92,0.915,0.167,0.287,0.417,0.385,0.029,0.79,0.809,0.917,0.804,0.372,0.464,0.678,0.769,0.555
0.0,0.071,0.903,0.871,0.133,0.784,0.748,0.06,0.337,0.457,0.477,0.776,0.773,0.847,0.563,0.443,0.138,0.751,0.609,0.402,0.271,0.672,0.22,0.906,0.59,0.083,0.604,0.069,0.732,0.092,0.723,0.345,0.642,0.274,0.169,0.078,0.452,0.109,0.273,0.808,0.342
1.0,0.641,0.618,0.864,0.616,0.033,0.856,0.718,0.662,0.399,0.26,0.898,0.28,0.482,0.871,0.802,0.92,0.78,0.787,0.185,0.688,0.591,0.68,0.01,0.596,0.167,0.593,0.65,0.444,0.86,0.125,0.481,0.42,0.718,0.214,0.437,0.688,0.002,0.151,0.409,0.543
0.0,0.958,0.651,0.394,0.477,0.302,0.614,0.731,0.534,0.375,0.482,0.18,0.818,0.37,0.292,0.596,0.254,0.659,0.171,0.124,0.859,0.84,0.333,0.049,0.291,0.045,0.281,0.596,0.188,0.782,0.038,0.02,0.612,0.465,0.798,0.104,0.501,0.35,0.955,0.663,0.423
1.0,0.172,0.941,0.506,0.854,0.356,0.912,0.684,0.401,0.565,0.114,0.481,0.608,0.084,0.319,0.571,0.264,0.905,0.672,0.938,0.283,0.542,0.787,0.753,0.663,0.754,0.169,0.18,0.855,0.359,0.889,0.652,0.971,0.896,0.749,0.036,0.132,0.527,0.298,0.763,0.62
1.0,0.405,0.554,0.415,0.678,0.379,0.002,0.787,0.261,0.14,0.763,0.259,0.12,0.483,0.843,0.454,0.171,0.142,0.458,0.112,0.324,0.958,0.422,0.308,0.946,0.613,0.488,0.649,0.834,0.819,0.759,0.183,0.057,0.53,0.656,0.435,0.974,0.446,0.535,0.569,0.342
1.0,0.328,0.316,0.061,0.793,0.225,0.663,0.598,0.448,0.473,0.494,0.749,0.346,0.992,0.207,0.121,0.322,0.549,0.603,0.981,0.167,0.539,0.161,0.711,0.761,0.249,0.585,0.051,0.667,0.614,0.187,0.142,0.229,0.127,0.468,0.994,0.588,0.709,0.14,0.839,0.973
0.0,0.913,0.983,0.756,0.831,0.862,0.774,0.986,0.525,0.826,0.787,0.598,0.174,0.321,0.338,0.285,0.435,0.554,0.675,0.114,0.573,0.042,0.444,0.394,0.249,0.014,0.764,0.369,0.377,0.769,0.252,0.288,0.091,0.66,0.487,0.752,0.186,0.045,0.726,0.688,0.348
1.0,0.679,0.106,0.807,0.749,0.663,0.596,0.871,0.177,0.464,0.08,0.763,0.718,0.482,0.888,0.247,0.783,0.694,0.343,0.665,0.582,0.221,0.862,0.399,0.145,0.797,0.227,0.777,0.224,0.492,0.936,0.441,0.944,0.235,0.149,0.64,0.687,0.322,0.435,0.091,0.57
0.0,0.495,0.315,0.139,0.228,0.804,0.59,0.991,0.236,0.061,0.694,0.48,0.105,0.733,0.443,0.383,0.438,0.521,0.406,0.229,0.429,0.792,0.83,0.846,0.716,0.096,0.79,0.104,0.667,0.081,0.128,0.066,0.637,0.659,0.191,0.714,0.092,0.894,0.78,0.971,0.613
1.0,0.626,0.638,0.039,0.031,0.188,0.349,0.428,0.671,0.337,0.324,0.271,0.532,0.024,0.527,0.568,0.143,0.247,0.637,0.412,0.025,0.242,0.875,0.493,0.362,0.058,0.495,0.37,0.377,0.492,0.636,0.694,0.354,0.873,0.863,0.963,0.868,0.722,0.621,0.499,0.633
1.0,0.602,0.844,0.631,0.974,0.066,0.986,0.149,0.377,0.851,0.252,0.389,0.264,0.282,0.96,0.999,0.224,0.277,0.875,0.089,0.046,0.022,0.05,0.087,0.411,0.714,0.489,0.401,0.615,0.563,0.26,0.381,0.797,0.965,0.42,0.086,0.521,0.07,0.915,0.063,0.145
1.0,0.495,0.646,0.859,0.155,0.723,0.926,0.877,0.544,0.395,0.315,0.878,0.351,0.676,0.305,0.526,0.767,0.315,0.195,0.383,0.256,0.375,0.846,0.398,0.284,0.612,0.749,0.115,0.499,0.911,0.707,0.653,0.671,0.485,0.833,0.121,0.216,0.07,0.826,0.556,0.879
0.0,0.049,0.683,0.602,0.261,0.263,0.01,0.705,0.893,0.944,0.353,0.19,0.908,0.058,0.365,0.615,0.331,0.208,0.175,0.397,0.972,0.544,0.858,0.745,0.08,0.449,0.003,0.981,0.599,0.727,0.398,0.54,0.56,0.647,0.907,0.866,0.368,0.55,0.1,0.014,0.256
1.0,0.621,0.787,0.639,0.008,0.167,0.075,0.433,0.644,0.086,0.756,0.201,0.269,0.191,0.848,0.328,0.761,0.313,0.005,0.758,0.292,0.743,0.6,0.731,0.836,0.768,0.79,0.093,0.444,0.556,0.187,0.901,0.366,0.219,0.885,0.224,0.649,0.14,0.581,0.788,0.265
1.0,0.945,0.596,0.109,0.293,0.479,0.274,0.758,0.591,0.079,0.567,0.616,0.068,0.95,0.2,0.179,0.832,0.632,0.195,0.903,0.846,0.43,0.807,0.179,0.291,0.456,0.896,0.975,0.308,0.48,0.016,0.86,0.475,0.937,0.042,0.911,0.273,0.776,0.757,0.153,0.276
1.0,0.276,0.132,0.957,0.662,0.875,0.494,0.964,0.209,0.232,0.166,0.923,0.265,0.614,0.576,0.031,0.594,0.592,0.071,0.621,0.702,0.51,0.355,0.17,0.228,0.079,0.951,0.366,0.177,0.139,0.152,0.497,0.21,0.107,0.699,0.758,0.735,0.525,0.52,0.738,0.648
1.0,0.668,0.07,0.221,0.21,0.073,0.398,0.313,0.687,0.212,0.621,0.078,0.641,0.272,0.983,0.932,0.928,0.904,0.467,0.462,0.38,0.618,0.639,0.725,0.209,0.651,0.024,0.792,0.024,0.96,0.466,0.228,0.974,0.215,0.5,0.709,0.02,0.17,0.662,0.702,0.306
1.0,0.09,0.084,0.774,0.287,0.288,0.789,0.163,0.435,0.716,0.29,0.511,0.166,0.399,0.591,0.486,0.892,0.929,0.758,0.584,0.094,0.949,0.752,0.267,0.115,0.915,0.703,0.262,0.084,0.195,0.344,0.148,0.027,0.21,0.223,0.936,0.933,0.423,0.299,0.092,0.897
0.0,0.687,0.094,0.024,0.358,0.913,0.951,0.055,0.284,0.502,0.329,0.979,0.441,0.196,0.586,0.385,0.123,0.25,0.558,0.956,0.893,0.888,0.79,0.891,0.073,0.85,0.909,0.988,0.56,0.566,0.503,0.334,0.831,0.077,0.845,0.711,0.699,0.542,0.449,0.534,0.844
1.0,0.923,0.264,0.431,0.838,0.144,0.945,0.922,0.424,0.485,0.022,0.379,0.149,0.343,0.971,0.032,0.86,0.46,0.527,0.204,0.865,0.347,0.04,0.458,0.649,0.238,0.561,0.249,0.968,0.808,0.485,0.042,0.222,0.077,0.384,0.109,0.364,0.539,0.579,0.609,0.346
0.0,0.047,0.194,0.931,0.946,0.79,0.324,0.83,0.794,0.229,0.381,0.82,0.295,0.745,0.933,0.534,0.314,0.799,0.326,0.853,0.319,0.153,0.95,0.891,0.945,0.948,0.591,0.603,0.723,0.654,0.461,0.003,0.659,0.75,0.332,0.039,0.379,0.861,0.224,0.427,0.494
1.0,0.861,0.452,0.269,0.742,0.579,0.051,0.5,0.263,0.654,0.448,0.021,0.719,0.855,0.631,0.893,0.291,0.147,0.812,0.496,0.168,0.873,0.148,0.499,0.036,0.81,0.416,0.674,0.421,0.21,0.295,0.934,0.785,0.375,0.265,0.972,0.984,0.503,0.854,0.548,0.111
0.0,0.454,0.695,0.732,0.922,0.03,0.911,0.886,0.957,0.209,0.123,0.74,0.29,0.576,0.96,0.871,0.729,0.316,0.175,0.9,0.963,0.673,0.714,0.901,0.461,0.055,0.193,0.262,0.218,0.324,0.739,0.179,0.857,0.569,0.302,0.844,0.21,0.266,0.85,0.896,0.2
1.0,0.913,0.77,0.616,0.571,0.221,0.808,0.821,0.495,0.222,0.128,0.135,0.65,0.586,0.189,0.715,0.312,0.25,0.091,0.955,0.48,0.791,0.435,0.772,0.07,0.414,0.914,0.863,0.807,0.647,0.301,0.204,0.054,0.586,0.472,0.904,0.905,0.964,0.157,0.29,0.509
1.0,0.174,0.21,0.91,0.909,0.152,0.092,0.879,0.592,0.183,0.595,0.171,0.768,0.296,0.984,0.523,0.322,0.853,0.169,0.977,0.001,0.076,0.551,0.436,0.318,0.185,0.989,0.473,0.908,0.503,0.884,0.106,0.427,0.064,0.85,0.538,0.523,0.586,0.127,0.971,0.231
1.0,0.719,0.013,0.298,0.125,0.693,0.145,0.681,0.053,0.124,0.597,0.88,0.066,0.369,0.404,0.724,0.083,0.816,0.176,0.823,0.129,0.125,0.477,0.948,0.102,0.418,0.102,0.341,0.832,0.689,0.83,0.496,0.51,0.772,0.94,0.173,0.986,0.048,0.607,0.773,0.677
1.0,0.617,0.164,0.44,0.248,0.879,0.576,0.687,0.662,0.939,0.388,0.327,0.479,0.514,0.169,0.756,0.951,0.498,0.599,0.883,0.189,0.282,0.117,0.309,0.545,0.736,0.641,0.289,0.882,0.824,0.037,0.621,0.055,0.797,0.68,0.493,0.059,0.86,0.199,0.484,0.876
1.0,0.333,0.521,0.386,0.579,0.137,0.568,0.015,0.971,0.585,0.133,0.357,0.375,0.965,0.187,0.933,0.956,0.952,0.549,0.814,0.992,0.872,0.459,0.677,0.49,0.577,0.893,0.642,0.44,0.587,0.89,0.295,0.885,0.476,0.642,0.643,0.319,0.847,0.836,0.998,0.929
1.0,0.777,0.448,0.513,0.79,0.132,0.599,0.885,0.221,0.809,0.872,0.811,0.081,0.052,0.908,0.741,0.813,0.532,0.741,0.956,0.491,0.414,0.254,0.264,0.779,0.621,0.95,0.208,0.863,0.885,0.502,0.796,0.784,0.824,0.863,0.269,0.345,0.502,0.162,0.537,0.973
1.0,0.487,0.558,0.99,0.298,0.52,0.062,0.428,0.56,0.022,0.901,0.054,0.057,0.153,0.047,0.277,0.692,0.525,0.007,0.866,0.819,0.805,0.594,0.23,0.989,0.563,0.948,0.349,0.287,0.598,0.088,0.99,0.549,0.343,0.645,0.185,0.554,0.191,0.016,0.909,0.432
0.0,0.735,0.038,0.357,0.706,0.071,0.862,0.243,0.999,0.537,0.02,0.959,0.099,0.391,0.971,0.066,0.129,0.309,0.137,0.99,0.49,0.161,0.851,0.871,0.846,0.293,0.363,0.717,0.618,0.754,0.377,0.24,0.694,0.935,0.325,0.206,0.687,0.626,0.297,0.815,0.612
0.0,0.283,0.206,0.276,0.143,0.967,0.864,0.048,0.744,0.582,0.31,0.49,0.619,0.688,0.413,0.397,0.881,0.897,0.058,0.829,0.762,0.608,0.345,0.428,0.203,0.43,0.643,0.711,0.666,0.336,0.26,0.264,0.82,0.594,0.554,0.256,0.948,0.928,0.244,0.184,0.335
1.0,0.941,0.779,0.884,0.061,0.712,0.751,0.99,0.832,0.397,0.512,0.35,0.648,0.637,0.574,0.9,0.473,0.98,0.401,0.218,0.718,0.143,0.325,0.654,0.294,0.759,0.291,0.829,0.564,0.153,0.604,0.662,0.561,0.304,0.804,0.63,0.952,0.609,0.511,0.127,0.324
0.0,0.817,0.661,0.636,0.278,0.322,0.206,0.817,0.738,0.682,0.509,0.954,0.242,0.992,0.083,0.71,0.808,0.538,0.411,0.981,0.046,0.188,0.004,0.911,0.712,0.236,0.226,0.46,0.671,0.23,0.564,0.113,0.008,0.956,0.754,0.425,0.236,0.163,0.411,0.978,0.397
0.0,0.377,0.284,0.318,0.113,0.87,0.695,0.793,0.382,0.411,0.284,0.187,0.122,0.211,0.932,0.858,0.021,0.782,0.072,0.894,0.211,0.29,0.779,0.102,0.076,0.71,0.359,0.461,0.619,0.821,0.092,0.877,0.643,0.921,0.757,0.791,0.317,0.591,0.891,0.016,0.029
0.0,0.559,0.255,0.45,0.552,0.065,0.553,0.4,0.224,0.359,0.57,0.066,0.596,0.832,0.989,0.48,0.712,0.173,0.304,0.336,0.584,0.826,0.569,0.971,0.606,0.172,0.37,0.637,0.022,0.107,0.422,0.425,0.077,0.497,0.594,0.484,0.02,0.582,0.147,0.134,0.758
0.0,0.607,0.443,0.553,0.209,0.298,0.095,0.821,0.027,0.321,0.568,0.598,0.928,0.858,0.791,0.333,0.601,0.661,0.197,0.424,0.189,0.88,0.858,0.168,0.43,0.876,0.964,0.002,0.316,0.478,0.63,0.673,0.579,0.684,0.152,0.05,0.19,0.6,0.119,0.134,0.478
0.0,0.889,0.842,0.535,0.243,0.145,0.102,0.595,0.791,0.116,0.148,0.635,0.217,0.105,0.649,0.107,0.433,0.064,0.042,0.685,0.765,0.332,0.746,0.883,0.164,0.13,0.147,0.392,0.151,0.139,0.803,0.544,0.199,0.184,0.366,0.735,0.577,0.538,0.64,0.054,0.544
1.0,0.223,0.454,0.123,0.864,0.245,0.078,0.565,0.214,0.836,0.552,0.003,0.333,0.908,0.594,0.839,0.28,0.239,0.963,0.685,0.925,0.52,0.962,0.297,0.19,0.799,0.516,0.039,0.85,0.667,0.818,0.419,0.75,0.885,0.761,0.139,0.188,0.861,0.482,0.321,0.053
0.0,0.456,0.039,0.814,0.504,0.995,0.438,0.946,0.895,0.332,0.174,0.554,0.834,0.2,0.58,0.112,0.476,0.562,0.87,0.617,0.809,0.653,0.984,0.61,0.153,0.595,0.463,0.865,0.326,0.128,0.319,0.211,0.179,0.505,0.109,0.844,0.651,0.078,0.012,0.899,0.698
1.0,0.59,0.433,0.52,0.719,0.771,0.268,0.88,0.945,0.374,0.114,0.971,0.362,0.057,0.667,0.288,0.651,0.762,0.044,0.286,0.317,0.336,0.158,0.126,0.362,0.964,0.136,0.743,0.453,0.723,0.944,0.62,0.824,0.14,0.763,0.472,0.377,0.113,0.519,0.014,0.066
1.0,0.269,0.781,0.145,0.104,0.225,0.433,0.113,0.106,0.159,0.794,0.727,0.758,0.935,0.114,0.26,0.125,0.99,0.198,0.983,0.955,0.43,0.837,0.705,0.212,0.066,0.789,0.905,0.723,0.335,0.493,0.876,0.743,0.833,0.176,0.164,0.342,0.397,0.615,0.873,0.567
0.0,0.562,0.5,0.087,0.679,0.786,0.964,0.439,0.166,0.151,0.09,0.292,0.783,0.175,0.18,0.845,0.44,0.834,0.911,0.669,0.023,0.423,0.87,0.999,0.208,0.666,0.854,0.078,0.993,0.914,0.778,0.757,0.601,0.223,0.015,0.852,0.218,0.57,0.579,0.418,0.496
0.0,0.431,0.846,0.559,0.789,0.391,0.809,0.849,0.24,0.943,0.663,0.687,0.944,0.127,0.625,0.024,0.48,0.958,0.635,0.631,0.015,0.466,0.866,0.837,0.748,0.181,0.604,0.693,0.494,0.252,0.121,0.493,0.557,0.529,0.094,0.575,0.71,0.247,0.193,0.269,0.143
1.0,0.956,0.085,0.569,0.141,0.512,0.71,0.018,0.816,0.583,0.037,0.449,0.345,0.5,0.969,0.641,0.869,0.121,0.093,0.621,0.985,0.676,0.929,0.529,0.179,0.42,0.736,0.775,0.925,0.494,0.739,0.716,0.418,0.769,0.989,0.393,0.754,0.352,0.196,0.919,0.994
0.0,0.306,0.017,0.772,0.007,0.797,0.191,0.03,0.249,0.161,0.459,0.839,0.984,0.001,0.07,0.791,0.802,0.339,0.465,0.983,0.275,0.904,0.227,0.703,0.985,0.897,0.137,0.859,0.137,0.064,0.16,0.481,0.874,0.623,0.194,0.723,0.931,0.371,0.781,0.326,0.969
1.0,0.689,0.1,0.014,0.869,0.227,0.589,0.516,0.48,0.711,0.38,0.948,0.294,0.696,0.792,0.42,0.44,0.326,0.771,0.144,0.536,0.629,0.914,0.613,0.397,0.656,0.756,0.233,0.241,0.626,0.412,0.431,0.198,0.366,0.485,0.089,0.966,0.446,0.932,0.6,0.114
0.0,0.703,0.142,0.638,0.603,0.04,0.985,0.955,0.983,0.911,0.415,0.842,0.969,0.72,0.717,0.042,0.425,0.698,0.077,0.206,0.422,0.032,0.925,0.187,0.166,0.525,0.013,0.906,0.776,0.039,0.884,0.247,0.679,0.461,0.911,0.123,0.013,0.348,0.14,0.674,0.447
0.0,0.111,0.121,0.201,0.581,0.047,0.05,0.617,0.478,0.691,0.509,0.762,0.802,0.483,0.431,0.829,0.63,0.051,0.586,0.846,0.046,0.286,0.133,0.137,0.683,0.861,0.61,0.246,0.102,0.106,0.569,0.985,0.732,0.599,0.294,0.964,0.295,0.874,0.621,0.45,0.179
1.0,0.333,0.47,0.379,0.999,0.423,0.598,0.727,0.347,0.647,0.239,0.337,0.035,0.911,0.899,0.896,0.083,0.809,0.896,0.261,0.667,0.512,0.363,0.587,0.246,0.849,0.149,0.957,0.173,0.051,0.457,0.957,0.692,0.932,0.173,0.352,0.009,0.307,0.545,0.147,0.706
1.0,0.148,0.985,0.57,0.764,0.32,0.157,0.416,0.751,0.361,0.215,0.099,0.418,0.548,0.058,0.142,0.459,0.485,0.91,0.691,0.822,0.763,0.608,0.504,0.629,0.431,0.002,0.151,0.012,0.598,0.086,0.871,0.308,0.439,0.258,0.291,0.185,0.819,0.496,0.257,0.569
1.0,0.329,0.621,0.568,0.583,0.303,0.118,0.808,0.785,0.639,0.284,0.805,0.231,0.024,0.339,0.865,0.01,0.606,0.679,0.194,0.232,0.423,0.869,0.412,0.559,0.522,0.985,0.371,0.672,0.959,0.266,0.43,0.758,0.153,0.368,0.547,0.084,0.975,0.953,0.7,0.198
0.0,0.457,0.667,0.155,0.434,0.482,0.314,0.882,0.129,0.099,0.073,0.652,0.883,0.662,0.615,0.504,0.175,0.92,0.312,0.043,0.711,0.247,0.981,0.736,0.737,0.116,0.251,0.628,0.559,0.659,0.129,0.497,0.316,0.689,0.727,0.71,0.298,0.457,0.892,0.991,0.563
1.0,0.665,0.222,0.903,0.582,0.66,0.662,0.982,0.364,0.703,0.433,0.11,0.206,0.931,0.947,0.689,0.871,0.762,0.482,0.628,0.939,0.08,0.864,0.217,0.377,0.142,0.663,0.917,0.895,0.883,0.811,0.443,0.444,0.346,0.864,0.161,0.305,0.814,0.897,0.645,0.599
0.0,0.776,0.504,0.507,0.295,0.843,0.583,0.412,0.399,0.329,0.026,0.933,0.15,0.839,0.791,0.697,0.704,0.116,0.112,0.027,0.464,0.432,0.691,0.477,0.783,0.972,0.774,0.837,0.451,0.175,0.646,0.681,0.705,0.871,0.823,0.809,0.129,0.441,0.912,0.396,0.732
1.0,0.202,0.85,0.767,0.075,0.208,0.499,0.667,0.811,0.133,0.251,0.071,0.186,0.198,0.639,0.343,0.343,0.523,0.968,0.551,0.909,0.73,0.413,0.208,0.653,0.39,0.685,0.359,0.792,0.189,0.311,0.396,0.931,0.656,0.013,0.689,0.621,0.507,0.921,0.531,0.571
1.0,0.849,0.699,0.813,0.69,0.645,0.988,0.63,0.572,0.703,0.833,0.758,0.49,0.854,0.889,0.907,0.213,0.435,0.964,0.576,0.639,0.082,0.377,0.763,0.272,0.983,0.788,0.539,0.434,0.782,0.467,0.724,0.432,0.817,0.38,0.914,0.013,0.266,0.968,0.663,0.045
1.0,0.207,0.701,0.76,0.502,0.033,0.967,0.077,0.433,0.712,0.125,0.917,0.344,0.41,0.729,0.688,0.843,0.014,0.724,0.264,0.848,0.585,0.323,0.051,0.363,0.493,0.247,0.299,0.708,0.289,0.944,0.199,0.606,0.886,0.373,0.221,0.766,0.44,0.665,0.647,0.919
1.0,0.227,0.762,0.677,0.5,0.067,0.42,0.596,0.838,0.348,0.943,0.882,0.464,0.549,0.514,0.42,0.443,0.695,0.749,0.347,0.181,0.384,0.491,0.298,0.461,0.68,0.236,0.749,0.966,0.966,0.06,0.777,0.927,0.725,0.223,0.853,0.096,0.111,0.56,0.161,0.876
0.0,0.517,0.507,0.742,0.173,0.602,0.55,0.346,0.53,0.953,0.965,0.436,0.883,0.996,0.654,0.856,0.489,0.714,0.713,0.18,0.606,0.364,0.918,0.45,0.48,0.227,0.581,0.386,0.066,0.195,0.611,0.192,0.039,0.846,0.856,0.961,0.117,0.215,0.109,0.628,0.255
0.0,0.127,0.351,0.331,0.853,0.903,0.4,0.497,0.502,0.662,0.811,0.682,0.739,0.878,0.472,0.358,0.919,0.9,0.284,0.278,0.876,0.022,0.435,0.398,0.983,0.565,0.441,0.871,0.436,0.713,0.176,0.782,0.394,0.591,0.639,0.973,0.708,0.721,0.585,0.729,0.203
0.0,0.624,0.833,0.823,0.13,0.3,0.218,0.868,0.299,0.871,0.711,0.401,0.212,0.043,0.953,0.67,0.989,0.091,0.241,0.389,0.227,0.912,0.878,0.472,0.783,0.414,0.753,0.805,0.697,0.508,0.15,0.401,0.233,0.357,0.015,0.219,0.612,0.213,0.685,0.42,0.883
1.0,0.542,0.313,0.95,0.148,0.168,0.395,0.48,0.406,0.866,0.136,0.825,0.306,0.94,0.902,0.268,0.735,0.09,0.326,0.487,0.308,0.158,0.143,0.234,0.801,0.194,0.488,0.29,0.526,0.902,1.0,0.337,0.785,0.154,0.789,0.31,0.285,0.112,0.222,0.851,0.774
1.0,0.601,0.295,0.991,0.175,0.363,0.811,0.97,0.2,0.159,0.785,0.422,0.312,0.347,0.68,0.613,0.896,0.777,0.806,0.762,0.093,0.537,0.295,0.011,0.28,0.315,0.646,0.163,0.853,0.715,0.526,0.752,0.681,0.673,0.346,0.586,0.263,0.239,0.161,0.296,0.337
0.0,0.449,0.046,0.106,0.682,0.359,0.57,0.206,0.189,0.833,0.324,0.597,0.191,0.788,0.424,0.137,0.178,0.006,0.876,0.764,0.21,0.154,0.703,0.943,0.113,0.474,0.029,0.686,0.828,0.543,0.612,0.216,0.6,0.692,0.778,0.643,0.859,0.521,0.152,0.452,0.582
0.0,0.919,0.234,0.029,0.219,0.834,0.212,0.505,0.599,0.721,0.959,0.962,0.963,0.852,0.807,0.293,0.486,0.617,0.541,0.226,0.742,0.349,0.349,0.763,0.561,0.251,0.722,0.17,0.226,0.831,0.392,0.101,0.624,0.498,0.364,0.542,0.836,0.215,0.897,0.618,0.174
1.0,0.492,0.356,0.466,0.19,0.376,0.328,0.218,0.532,0.102,0.163,0.385,0.219,0.478,0.415,0.504,0.511,0.727,0.296,0.486,0.006,0.082,0.79,0.349,0.38,0.971,0.34,0.894,0.621,0.78,0.638,0.714,0.691,0.977,0.202,0.637,0.938,0.945,0.847,0.201,0.102
1.0,0.369,0.217,0.83,0.888,0.8,0.419,0.583,0.07,0.031,0.695,0.257,0.453,0.589,0.504,0.723,0.314,0.867,0.622,0.803,0.504,0.315,0.566,0.125,0.611,0.008,0.576,0.003,0.849,0.082,0.778,0.741,0.812,0.791,0.61,0.905,0.093,0.232,0.63,0.964,0.949
1.0,0.282,0.481,0.18,0.389,0.314,0.267,0.247,0.075,0.102,0.972,0.132,0.149,0.995,0.459,0.514,0.396,0.41,0.784,0.372,0.96,0.421,0.031,0.102,0.24,0.689,0.775,0.536,0.339,0.297,0.524,0.165,0.708,0.209,0.63,0.208,0.425,0.039,0.155,0.607,0.972
1.0,0.899,0.623,0.225,0.48,0.478,0.115,0.022,0.496,0.754,0.299,0.216,0.696,0.303,0.752,0.309,0.908,0.973,0.795,0.396,0.94,0.713,0.185,0.233,0.513,0.533,0.798,0.545,0.703,0.075,0.22,0.063,0.967,0.828,0.663,0.114,0.671,0.299,0.49,0.158,0.274
0.0,0.351,0.688,0.363,0.747,0.531,0.573,0.454,0.758,0.254,0.913,0.992,0.703,0.357,0.92,0.394,0.747,0.786,0.324,0.815,0.182,0.511,0.131,0.87,0.88,0.099,0.496,0.881,0.748,0.603,0.781,0.861,0.824,0.285,0.919,0.434,0.073,0.306,0.607,0.54,0.108
1.0,0.471,0.147,0.94,0.032,0.105,0.979,0.339,0.012,0.826,0.942,0.831,0.552,0.885,0.522,0.33,0.935,0.607,0.064,0.616,0.362,0.859,0.666,0.279,0.84,0.694,0.28,0.387,0.396,0.109,0.831,0.159,0.291,0.323,0.325,0.004,0.237,0.22,0.562,0.334,0.868
0.0,0.344,0.505,0.874,0.456,0.947,0.837,0.479,0.782,0.663,0.104,0.463,0.442,0.678,0.19,0.368,0.654,0.739,0.366,0.487,0.494,0.069,0.462,0.496,0.127,0.501,0.576,0.695,0.009,0.552,0.603,0.742,0.228,0.948,0.801,0.454,0.469,0.365,0.277,0.003,0.488
1.0,0.409,0.595,0.108,0.7,0.684,0.811,0.849,0.588,0.121,0.372,0.857,0.489,0.831,0.683,0.185,0.607,0.717,0.326,0.928,0.316,0.839,0.225,0.779,0.478,0.694,0.691,0.851,0.703,0.762,0.786,0.011,0.735,0.286,0.201,0.586,0.406,0.284,0.917,0.047,0.267
0.0,0.158,0.392,0.755,0.904,0.899,0.938,0.175,0.16,0.764,0.215,0.592,0.712,0.953,0.087,0.782,0.278,0.818,0.568,0.217,0.045,0.926,0.41,0.64,0.117,0.221,0.321,0.418,0.385,0.473,0.878,0.939,0.97,0.713,0.547,0.276,0.511,0.89,0.204,0.178,0.392
1.0,0.148,0.592,0.795,0.202,0.14,0.326,0.157,0.42,0.397,0.411,0.284,0.563,0.789,0.999,0.938,0.976,0.91,0.319,0.915,0.691,0.824,0.755,0.407,0.934,0.082,0.986,0.799,0.922,0.67,0.49,0.813,0.06,0.833,0.381,0.852,0.133,0.788,0.366,0.011,0.88
1.0,0.959,0.97,0.296,0.254,0.301,0.659,0.852,0.979,0.09,0.791,0.603,0.57,0.914,0.162,0.276,0.243,0.162,0.537,0.279,0.383,0.507,0.917,0.72,0.497,0.117,0.932,0.869,0.816,0.476,0.501,0.596,0.005,0.402,0.055,0.585,0.563,0.699,0.452,0.903,0.943
0.0,0.1,0.451,0.449,0.273,0.772,0.519,0.366,0.389,0.299,0.821,0.328,0.643,0.038,0.054,0.984,0.269,0.605,0.634,0.511,0.011,0.147,0.627,0.916,0.026,0.387,0.612,0.537,0.11,0.5,0.193,0.691,0.592,0.288,0.6,0.189,0.244,0.989,0.419,0.807,0.029
1.0,0.844,0.208,0.524,0.413,0.585,0.153,0.648,0.07,0.25,0.337,0.162,0.73,0.449,0.721,0.807,0.97,0.242,0.551,0.654,0.432,0.6,0.297,0.37,0.523,0.043,0.865,0.371,0.035,0.903,0.931,0.565,0.408,0.974,0.506,0.491,0.556,0.467,0.61,0.35,0.864
1.0,0.44,0.525,0.023,0.933,0.285,0.47,0.279,0.51,0.511,0.626,0.919,0.597,0.609,0.375,0.721,0.064,0.416,0.597,0.285,0.456,0.922,0.713,0.022,0.943,0.378,0.799,0.132,0.018,0.418,0.456,0.533,0.128,0.372,0.589,0.312,0.317,0.331,0.778,0.169,0.078
1.0,0.218,0.004,0.902,0.348,0.02,0.623,0.705,0.03,0.019,0.366,0.169,0.186,0.14,0.826,0.999,0.789,0.604,0.3,0.846,0.733,0.114,0.87,0.192,0.317,0.179,0.053,0.76,0.259,0.737,0.607,0.731,0.277,0.533,0.26,0.899,0.732,0.232,0.048,0.817,0.751
0.0,0.323,0.23,0.336,0.565,0.824,0.827,0.793,0.335,0.803,0.122,0.118,0.771,0.845,0.625,0.598,0.252,0.064,0.549,0.628,0.967,0.501,0.481,0.524,0.418,0.849,0.056,0.178,0.922,0.424,0.602,0.481,0.599,0.253,0.832,0.198,0.038,0.587,0.663,0.063,0.355
1.0,0.769,0.903,0.67,0.862,0.403,0.459,0.492,0.739,0.189,0.698,0.426,0.431,0.327,0.144,0.775,0.343,0.163,0.346,0.21,0.1,0.34,0.21,0.249,0.582,0.678,0.825,0.423,0.183,0.136,0.75,0.905,0.699,0.321,0.87,0.995,0.263,0.641,0.702,0.879,0.857
1.0,0.457,0.091,0.587,0.122,0.706,0.422,0.74,0.251,0.881,0.206,0.534,0.562,0.701,0.359,0.979,0.644,0.065,0.368,0.079,0.986,0.553,0.128,0.215,0.412,0.417,0.784,0.727,0.158,0.065,0.371,0.48,0.396,0.381,0.024,0.99,0.486,0.668,0.474,0.261,0.067
0.0,0.631,0.734,0.645,0.191,0.234,0.824,0.295,0.95,0.917,0.155,0.047,0.874,0.815,0.564,0.943,0.721,0.911,0.543,0.93,0.051,0.746,0.414,0.325,0.093,0.666,0.063,0.864,0.316,0.685,0.641,0.694,0.711,0.618,0.587,0.733,0.44,0.795,0.817,0.609,0.244
1.0,0.601,0.516,0.31,0.517,0.477,0.797,0.581,0.045,0.253,0.539,0.108,0.73,0.309,0.115,0.253,0.544,0.579,0.098,0.881,0.579,0.604,0.69,0.033,0.642,0.946,0.795,0.86,0.978,0.774,0.668,0.462,0.095,0.017,0.054,0.205,0.29,0.415,0.821,0.797,0.892
0.0,0.421,0.603,0.127,0.956,0.984,0.508,0.426,0.476,0.16,0.039,0.608,0.518,0.559,0.011,0.295,0.417,0.295,0.602,0.741,0.345,0.787,0.664,0.395,0.3,0.32,0.815,0.028,0.236,0.018,0.548,0.008,0.645,0.972,0.868,0.344,0.987,0.754,0.483,0.677,0.141
0.0,0.417,0.351,0.433,0.244,0.975,0.041,0.544,0.424,0.405,0.877,0.559,0.761,0.389,0.096,0.641,0.491,0.44,0.407,0.262,0.844,0.072,0.878,0.475,0.418,0.004,0.497,0.411,0.084,0.08,0.164,0.462,0.376,0.555,0.658,0.193,0.924,0.856,0.685,0.72,0.686
1.0,0.914,0.337,0.288,0.072,0.723,0.357,0.392,0.329,0.452,0.621,0.518,0.099,0.264,0.395,0.644,0.074,0.736,0.751,0.255,0.009,0.713,0.552,0.548,0.171,0.131,0.702,0.781,0.034,0.868,0.657,0.655,0.623,0.59,0.744,0.797,0.471,0.336,0.295,0.984,0.631
0.0,0.799,0.444,0.376,0.619,0.89,0.517,0.131,0.187,0.428,0.783,0.117,0.676,0.366,0.096,0.825,0.408,0.754,0.982,0.149,0.839,0.381,0.649,0.202,0.482,0.586,0.505,0.256,0.702,0.782,0.412,0.958,0.038,0.638,0.551,0.473,0.811,0.862,0.86,0.598,0.18
0.0,0.268,0.696,0.268,0.973,0.53,0.472,0.633,0.403,0.962,0.498,0.666,0.969,0.149,0.079,0.718,0.873,0.085,0.409,0.075,0.531,0.054,0.509,0.532,0.358,0.713,0.998,0.354,0.689,0.149,0.499,0.531,0.707,0.295,0.802,0.384,0.161,0.836,0.304,0.248,0.009
0.0,0.751,0.308,0.832,0.187,0.913,0.185,0.029,0.264,0.877,0.98,0.673,0.519,0.151,0.849,0.18,0.849,0.472,0.073,0.88,0.838,0.955,0.632,0.892,0.388,0.232,0.186,0.684,0.403,0.056,0.081,0.744,0.911,0.674,0.988,0.031,0.981,0.031,0.858,0.739,0.937
1.0,0.135,0.473,0.9,0.46,0.178,0.282,0.806,0.202,0.471,0.611,0.697,0.329,0.256,0.775,0.825,0.736,0.394,0.052,0.115,0.37,0.05,0.921,0.226,0.31,0.389,0.442,0.21,0.047,0.446,0.185,0.088,0.8,0.597,0.496,0.152,0.873,0.391,0.699,0.354,0.979
1.0,0.808,0.874,0.043,0.732,0.356,0.277,0.116,0.569,0.595,0.124,0.076,0.553,0.746,0.127,0.785,0.988,0.322,0.758,0.266,0.263,0.347,0.704,0.498,0.943,0.092,0.196,0.159,0.438,0.621,0.468,0.118,0.386,0.953,0.882,0.023,0.374,0.183,0.286,0.089,0.354
1.0,0.253,0.798,0.357,0.354,0.434,0.049,0.782,0.078,0.723,0.381,0.358,0.598,0.547,0.587,0.807,0.568,0.019,0.351,0.289,0.963,0.308,0.139,0.713,0.67,0.902,0.325,0.476,0.76,0.28,0.6,0.538,0.51,0.319,0.352,0.621,0.903,0.465,0.86,0.755,0.088
1.0,0.079,0.58,0.255,0.297,0.538,0.59,0.796,0.029,0.856,0.751,0.334,0.146,0.823,0.026,0.698,0.842,0.571,0.016,0.319,0.119,0.378,0.497,0.276,0.595,0.009,0.904,0.692,0.025,0.758,0.574,0.116,0.657,0.615,0.9,0.836,0.982,0.357,0.495,0.534,0.251
1.0,0.595,0.557,0.933,0.01,0.769,0.659,0.047,0.895,0.953,0.338,0.823,0.15,0.496,0.382,0.566,0.137,0.923,0.013,0.068,0.518,0.808,0.663,0.661,0.236,0.332,0.168,0.563,0.548,0.694,0.442,0.794,0.968,0.534,0.85,0.487,0.791,0.832,0.673,0.137,0.192
1.0,0.478,0.231,0.511,0.461,0.817,0.361,0.93,0.683,0.311,0.369,0.739,0.534,0.245,0.011,0.644,0.227,0.522,0.741,0.101,0.686,0.732,0.548,0.654,0.598,0.717,0.274,0.398,0.501,0.224,0.773,0.6,0.773,0.413,0.488,0.556,0.32,0.919,0.915,0.731,0.097
0.0,0.492,0.158,0.536,0.286,0.907,0.406,0.899,0.681,0.071,0.779,0.466,0.291,0.922,0.958,0.931,0.36,0.033,0.116,0.122,0.288,0.023,0.001,0.53,0.354,0.849,0.397,0.616,0.245,0.271,0.821,0.842,0.589,0.914,0.375,0.203,0.887,0.261,0.676,0.539,0.033
1.0,0.88,0.867,0.128,0.112,0.819,0.366,0.759,0.53,0.684,0.859,0.031,0.109,0.466,0.054,0.561,0.84,0.146,0.589,0.462,0.002,0.647,0.112,0.619,0.274,0.957,0.269,0.335,0.453,0.478,0.685,0.959,0.948,0.499,0.244,0.751,0.086,0.168,0.903,0.704,0.407
1.0,0.738,0.182,0.794,0.02,0.801,0.158,0.847,0.702,0.501,0.371,0.842,0.768,0.124,0.525,0.86,0.784,0.038,0.138,0.073,0.698,0.567,0.266,0.752,0.407,0.47,0.083,0.306,0.627,0.851,0.172,0.3,0.89,0.506,0.153,0.424,0.749,0.18,0.058,0.406,0.498
1.0,0.766,0.712,0.791,0.443,0.091,0.819,0.987,0.138,0.697,0.053,0.02,0.496,0.555,0.4,0.684,0.29,0.86,0.778,0.168,0.272,0.537,0.101,0.097,0.249,0.734,0.494,0.147,0.286,0.477,0.756,0.076,0.633,0.351,0.596,0.011,0.129,0.528,0.35,0.936,0.369
0.0,0.345,0.581,0.665,0.906,0.984,0.394,0.784,0.472,0.429,0.66,0.296,0.252,0.663,0.925,0.761,0.135,0.381,0.783,0.982,0.644,0.863,0.592,0.84,0.227,0.744,0.402,0.713,0.662,0.165,0.573,0.785,0.412,0.469,0.396,0.775,0.926,0.221,0.255,0.656,0.826
0.0,0.026,0.839,0.284,0.237,0.825,0.889,0.057,0.667,0.207,0.917,0.269,0.917,0.508,0.879,0.173,0.593,0.003,0.398,0.495,0.975,0.649,0.954,0.518,0.003,0.545,0.664,0.368,0.739,0.655,0.334,0.062,0.416,0.936,0.673,0.74,0.006,0.061,0.203,0.909,0.619
1.0,0.771,0.36,0.169,0.661,0.396,0.241,0.139,0.089,0.339,0.582,0.883,0.287,0.459,0.505,0.451,0.009,0.895,0.95,0.024,0.194,0.116,0.705,0.589,0.171,0.239,0.194,0.82,0.497,0.397,0.152,0.17,0.281,0.66,0.545,0.933,0.273,0.7,0.063,0.287,0.148
0.0,0.866,0.785,0.142,0.251,0.451,0.907,0.087,0.672,0.217,0.301,0.846,0.921,0.598,0.274,0.358,0.575,0.848,0.416,0.3,0.115,0.489,0.2,0.528,0.527,0.13,0.37,0.413,0.538,0.303,0.205,0.64,0.382,0.976,0.223,0.689,0.157,0.165,0.861,0.373,0.817
1.0,0.468,0.322,0.612,0.913,0.075,0.761,0.444,0.908,0.459,0.31,0.971,0.453,0.457,0.082,0.635,0.246,0.735,0.991,0.805,0.312,0.742,0.564,0.493,0.541,0.876,0.695,0.582,0.572,0.744,0.836,0.96,0.7,0.73,0.412,0.565,0.662,0.938,0.553,0.488,0.188
1.0,0.276,0.077,0.645,0.575,0.456,0.24,0.11,0.801,0.191,0.792,0.933,0.424,0.088,0.4,0.718,0.228,0.519,0.138,0.539,0.767,0.834,0.807,0.755,0.66,0.195,0.09,0.896,0.659,0.5,0.933,0.365,0.394,0.911,0.823,0.091,0.026,0.047,0.885,0.243,0.867
1.0,0.313,0.802,0.656,0.964,0.029,0.179,0.397,0.63,0.737,0.939,0.273,0.641,0.725,0.371,0.356,0.572,0.971,0.224,0.807,0.145,0.048,0.616,0.103,0.758,0.773,0.017,0.932,0.073,0.615,0.265,0.934,0.705,0.934,0.647,0.056,0.139,0.966,0.854,0.893,0.248
1.0,0.94,0.549,0.498,0.637,0.812,0.998,0.255,0.034,0.944,0.06,0.159,0.686,0.991,0.578,0.01,0.501,0.026,0.495,0.287,0.998,0.908,0.895,0.118,0.712,0.131,0.973,0.359,0.622,0.088,0.663,0.063,0.564,0.99,0.26,0.389,0.313,0.853,0.758,0.769,0.84
1.0,0.055,0.996,0.612,0.574,0.09,0.046,0.519,0.083,0.641,0.817,0.347,0.475,0.235,0.099,0.409,0.402,0.757,0.236,0.501,0.46,0.13,0.396,0.045,0.381,0.427,0.81,0.201,0.791,0.486,0.947,0.34,0.702,0.599,0.114,0.355,0.675,0.487,0.583,0.47,0.211
0.0,0.451,0.1,0.503,0.806,0.767,0.703,0.899,0.664,0.19,0.609,0.665,0.812,0.263,0.47,0.712,0.106,0.724,0.472,0.647,0.469,0.931,0.096,0.694,0.205,0.066,0.206,0.226,0.312,0.184,0.861,0.438,0.124,0.054,0.327,0.558,0.542,0.557,0.471,0.602,0.89
0.0,0.786,0.91,0.932,0.599,0.959,0.318,0.361,0.686,0.136,0.01,0.642,0.06,0.728,0.258,0.935,0.81,0.151,0.12,0.738,0.107,0.113,0.443,0.554,0.731,0.586,0.874,0.212,0.792,0.238,0.334,0.344,0.855,0.6,0.864,0.67,0.113,0.581,0.383,0.708,0.638
1.0,0.822,0.417,0.459,0.81,0.483,0.865,0.517,0.17,0.702,0.169,0.751,0.161,0.588,0.96,0.788,0.308,0.089,0.653,0.417,0.909,0.879,0.366,0.308,0.929,0.5,0.963,0.989,0.637,0.765,0.125,0.2,0.358,0.379,0.027,0.412,0.763,0.122,0.908,0.172,0.637
1.0,0.489,0.783,0.707,0.839,0.214,0.072,0.427,0.61,0.976,0.323,0.917,0.3,0.008,0.904,0.843,0.512,0.891,0.391,0.398,0.367,0.192,0.75,0.082,0.126,0.149,0.332,0.094,0.216,0.555,0.894,0.115,0.88,0.807,0.63,0.539,0.954,0.092,0.657,0.485,0.692
0.0,0.472,0.836,0.208,0.741,0.909,0.203,0.233,0.171,0.86,0.554,0.785,0.74,0.879,0.855,0.818,0.75,0.021,0.522,0.973,0.717,0.601,0.804,0.754,0.339,0.688,0.997,0.973,0.679,0.362,0.222,0.666,0.152,0.41,0.126,0.434,0.889,0.563,0.667,0.7,0.675
1.0,0.085,0.324,0.879,0.237,0.137,0.848,0.015,0.473,0.965,0.116,0.005,0.612,0.91,0.011,0.65,0.808,0.161,0.685,0.22,0.574,0.602,0.402,0.409,0.86,0.396,0.801,0.493,0.951,0.524,0.296,0.801,0.61,0.937,0.615,0.799,0.807,0.886,0.881,0.418,0.351
0.0,0.032,0.837,0.287,0.28,0.271,0.25,0.28,0.169,0.252,0.746,0.599,0.962,0.24,0.507,0.261,0.701,0.342,0.164,0.536,0.978,0.471,0.812,0.944,0.536,0.672,0.439,0.507,0.484,0.945,0.654,0.625,0.341,0.973,0.68,0.833,0.594,0.026,0.162,0.45,0.871
1.0,0.884,0.321,0.285,0.748,0.761,0.415,0.287,0.535,0.896,0.313,0.462,0.542,0.364,0.672,0.617,0.048,0.513,0.996,0.775,0.447,0.223,0.667,0.67,0.925,0.078,0.621,0.138,0.715,0.186,0.156,0.064,0.788,0.053,0.433,0.63,0.691,0.684,0.993,0.032,0.401
1.0,0.825,0.389,0.431,0.647,0.818,0.338,0.764,0.654,0.236,0.933,0.085,0.4,0.253,0.488,0.367,0.692,0.013,0.254,0.707,0.409,0.294,0.189,0.107,0.304,0.296,0.079,0.913,0.893,0.538,0.75,0.048,0.473,0.049,0.177,0.711,0.638,0.285,0.314,0.569,0.886
0.0,0.913,0.598,0.584,0.052,0.313,0.074,0.62,0.134,0.359,0.621,0.082,0.987,0.643,0.001,0.021,0.218,0.779,0.652,0.723,0.687,0.928,0.139,0.331,0.287,0.005,0.821,0.987,0.075,0.633,0.051,0.66,0.458,0.519,0.3,0.328,0.071,0.997,0.851,0.068,0.483
0.0,0.875,0.524,0.072,0.305,0.809,0.145,0.236,0.662,0.981,0.576,0.416,0.11,0.881,0.825,0.818,0.271,0.158,0.381,0.865,0.526,0.568,0.931,0.785,0.154,0.982,0.899,0.378,0.349,0.858,0.163,0.009,0.649,0.621,0.702,0.969,0.933,0.557,0.016,0.474,0.612
0.0,0.889,0.069,0.15,0.463,0.962,0.812,0.044,0.35,0.39,0.579,0.165,0.732,0.256,0.132,0.457,0.249,0.891,0.979,0.876,0.14,0.477,0.986,0.078,0.607,0.755,0.824,0.893,0.779,0.081,0.701,0.653,0.907,0.962,0.134,0.91,0.641,0.301,0.676,0.155,0.167
0.0,0.888,0.065,0.397,0.688,0.07,0.106,0.421,0.968,0.577,0.86,0.844,0.227,0.252,0.045,0.022,0.75,0.739,0.018,0.886,0.403,0.906,0.912,0.838,0.656,0.132,0.72,0.242,0.651,0.145,0.555,0.811,0.632,0.016,0.715,0.928,0.298,0.412,0.868,0.407,0.705
0.0,0.125,0.146,0.825,0.907,0.577,0.917,0.556,0.698,0.105,0.977,0.902,0.357,0.113,0.81,0.536,0.334,0.067,0.387,0.018,0.099,0.985,0.301,0.59,0.49,0.092,0.492,0.513,0.521,0.171,0.308,0.862,0.778,0.79,0.161,0.251,0.51,0.034,0.675,0.089,0.29
1.0,0.484,0.431,0.759,0.23,0.168,0.164,0.002,0.736,0.94,0.462,0.638,0.665,0.473,0.889,0.524,0.144,0.098,0.867,0.184,0.767,0.365,0.617,0.662,0.115,0.669,0.627,0.925,0.423,0.787,0.091,0.947,0.183,0.912,0.367,0.135,0.02,0.08,0.385,0.859,0.347
0.0,0.074,0.284,0.745,0.137,0.729,0.878,0.906,0.109,0.854,0.915,0.067,0.178,0.671,0.38,0.766,0.448,0.458,0.827,0.435,0.026,0.828,0.785,0.848,0.454,0.872,0.991,0.575,0.44,0.585,0.807,0.633,0.722,0.669,0.08,0.602,0.034,0.635,0.491,0.866,0.054
1.0,0.405,0.708,0.392,0.691,0.127,0.848,0.023,0.586,0.639,0.715,0.655,0.14,0.361,0.59,0.56,0.632,0.643,0.968,0.872,0.244,0.997,0.584,0.551,0.164,0.818,0.339,0.916,0.058,0.869,0.697,0.807,0.141,0.265,0.267,0.35,0.747,0.398,0.2,0.55,0.715
0.0,0.472,0.775,0.313,0.59,0.452,0.443,0.375,0.254,0.636,0.209,0.19,0.847,0.289,0.293,0.233,0.538,0.055,0.699,0.436,0.6,0.168,0.701,0.085,0.831,0.171,0.522,0.286,0.428,0.478,0.201,0.634,0.014,0.15,0.656,0.427,0.345,0.779,0.427,0.9,0.499
0.0,0.043,0.306,0.243,0.373,0.851,0.04,0.296,0.513,0.501,0.44,0.276,0.485,0.219,0.141,0.211,0.221,0.741,0.718,0.211,0.086,0.504,0.943,0.141,0.262,0.398,0.648,0.043,0.533,0.969,0.909,0.451,0.322,0.799,0.513,0.595,0.79,0.113,0.542,0.726,0.717
1.0,0.55,0.553,0.341,0.498,0.493,0.84,0.412,0.463,0.967,0.827,0.642,0.277,0.754,0.358,0.404,0.752,0.166,0.55,0.615,0.861,0.421,0.215,0.394,0.701,0.807,0.609,0.392,0.321,0.163,0.015,0.858,0.562,0.29,0.289,0.015,0.984,0.891,0.934,0.034,0.465
1.0,0.361,0.368,0.839,0.656,0.718,0.101,0.132,0.243,0.227,0.268,0.521,0.588,0.9,0.365,0.591,0.359,0.797,0.116,0.763,0.555,0.897,0.045,0.13,0.953,0.708,0.278,0.574,0.189,0.097,0.376,0.277,0.741,0.887,0.004,0.794,0.752,0.038,0.109,0.256,0.873
1.0,0.207,0.886,0.011,0.243,0.053,0.883,0.421,0.646,0.995,0.897,0.228,0.624,0.232,0.789,0.334,0.063,0.351,0.71,0.551,0.195,0.071,0.077,0.354,0.109,0.887,0.669,0.887,0.877,0.187,0.46,0.651,0.743,0.39,0.322,0.346,0.666,0.192,0.542,0.798,0.723
0.0,0.131,0.851,0.628,0.431,0.89,0.89,0.292,0.351,0.189,0.686,0.492,0.199,0.651,0.349,0.448,0.738,0.016,0.333,0.956,0.502,0.961,0.313,0.185,0.977,0.782,0.724,0.69,0.679,0.55,0.521,0.309,0.056,0.755,0.715,0.674,0.812,0.53,0.931,0.8,0.291
1.0,0.756,0.866,0.94,0.331,0.148,0.996,0.538,0.697,0.043,0.176,0.428,0.523,0.134,0.446,0.936,0.429,0.604,0.481,0.837,0.824,0.763,0.992,0.137,0.558,0.843,0.43,0.364,0.32,0.55,0.872,0.531,0.762,0.183,0.933,0.545,0.986,0.536,0.317,0.123,0.626
1.0,0.489,0.627,0.137,0.445,0.603,0.128,0.863,0.567,0.977,0.759,0.307,0.253,0.239,0.658,0.775,0.868,0.824,0.018,0.336,0.442,0.518,0.936,0.542,0.931,0.043,0.808,0.986,0.257,0.473,0.381,0.608,0.252,0.034,0.046,0.716,0.542,0.928,0.09,0.617,0.21
0.0,0.536,0.288,0.292,0.332,0.785,0.481,0.748,0.391,0.041,0.346,0.714,0.815,0.998,0.184,0.197,0.396,0.165,0.302,0.328,0.63,0.741,0.597,0.428,0.366,0.127,0.693,0.846,0.903,0.085,0.24,0.179,0.137,0.83,0.277,0.85,0.517,0.763,0.687,0.327,0.586
1.0,0.06,0.826,0.275,0.024,0.408,0.991,0.486,0.613,0.295,0.391,0.813,0.615,0.784,0.611,0.144,0.551,0.693,0.604,0.885,0.327,0.475,0.162,0.502,0.161,0.132,0.754,0.446,0.718,0.459,0.399,0.283,0.532,0.393,0.468,0.951,0.71,0.919,0.597,0.328,0.639
0.0,0.468,0.674,0.624,0.354,0.14,0.49,0.57,0.797,0.118,0.448,0.021,0.812,0.96,0.664,0.723,0.779,0.881,0.06,0.864,0.674,0.585,0.644,0.059,0.678,0.338,0.801,0.744,0.518,0.118,0.738,0.77,0.911,0.533,0.42,0.679,0.284,0.194,0.73,0.322,0.009
1.0,0.506,0.324,0.926,0.404,0.589,0.846,0.932,0.778,0.386,0.588,0.162,0.159,0.744,0.891,0.873,0.02,0.088,0.054,0.119,0.874,0.398,0.519,0.695,0.232,0.318,0.132,0.361,0.292,0.656,0.555,0.127,0.766,0.103,0.288,0.093,0.388,0.135,0.61,0.506,0.483
1.0,0.88,0.914,0.05,0.246,0.324,0.703,0.201,0.83,0.128,0.249,0.237,0.466,0.774,0.531,0.878,0.969,0.565,0.588,0.099,0.453,0.726,0.498,0.508,0.501,0.783,0.082,0.679,0.525,0.061,0.624,0.672,0.382,0.098,0.492,0.11,0.565,0.237,0.314,0.8,0.525
1.0,0.862,0.231,0.963,0.582,0.749,0.544,0.976,0.915,0.236,0.817,0.588,0.222,0.083,0.011,0.491,0.524,0.514,0.194,0.687,0.573,0.745,0.444,0.783,0.678,0.903,0.343,0.122,0.856,0.096,0.659,0.211,0.466,0.965,0.216,0.88,0.2,0.219,0.038,0.628,0.256
1.0,0.044,0.39,0.319,0.43,0.264,0.383,0.662,0.924,0.391,0.206,0.27,0.164,0.079,0.331,0.707,0.465,0.18,0.236,0.297,0.485,0.976,0.737,0.303,0.977,0.981,0.238,0.209,0.533,0.699,0.827,0.18,0.167,0.554,0.053,0.421,0.771,0.519,0.779,0.149,0.194
0.0,0.808,0.103,0.04,0.699,0.417,0.465,0.161,0.873,0.764,0.195,0.301,0.805,0.536,0.544,0.769,0.442,0.223,0.697,0.609,0.109,0.252,0.479,0.217,0.092,0.446,0.149,0.953,0.477,0.238,0.485,0.941,0.635,0.405,0.832,0.75,0.53,0.742,0.186,0.268,0.998
1.0,0.418,0.69,0.231,0.025,0.802,0.252,0.163,0.849,0.798,0.624,0.032,0.755,0.27,0.518,0.845,0.694,0.418,0.802,0.612,0.775,0.352,0.018,0.802,0.761,0.516,0.493,0.035,0.343,0.331,0.615,0.024,0.524,0.837,0.132,0.649,0.804,0.891,0.41,0.108,0.624
0.0,0.966,0.849,0.291,0.16,0.059,0.164,0.637,0.768,0.069,0.924,0.724,0.861,0.39,0.296,0.781,0.184,0.377,0.455,0.573,0.634,0.676,0.753,0.093,0.567,0.431,0.065,0.838,0.984,0.842,0.274,0.662,0.956,0.454,0.255,0.705,0.226,0.177,0.978,0.025,0.613
0.0,0.494,0.029,0.025,0.893,0.68,0.631,0.229,0.65,0.244,0.456,0.896,0.268,0.557,0.116,0.726,0.81,0.616,0.827,0.295,0.191,0.337,0.946,0.993,0.865,0.372,0.227,0.455,0.48,0.117,0.572,0.84,0.339,0.753,0.747,0.372,0.634,0.019,0.708,0.854,0.549
0.0,0.58,0.066,0.652,0.522,0.118,0.254,0.302,0.972,0.091,0.063,0.554,0.482,0.244,0.234,0.156,0.802,0.393,0.127,0.108,0.931,0.134,0.863,0.784,0.745,0.307,0.384,0.899,0.352,0.079,0.37,0.933,0.797,0.344,0.159,0.723,0.65,0.86,0.186,0.57,0.759
1.0,0.131,0.865,0.035,0.291,0.246,0.735,0.782,0.681,0.674,0.808,0.845,0.14,0.296,0.177,0.36,0.654,0.834,0.385,0.96,0.109,0.862,0.478,0.5,0.233,0.76,0.646,0.857,0.753,0.743,0.947,0.204,0.048,0.82,0.057,0.197,0.864,0.789,0.805,0.245,0.868
1.0,0.751,0.231,0.022,0.619,0.24,0.706,0.075,0.475,0.45,0.359,0.82,0.424,0.699,0.561,0.299,0.348,0.06,0.949,0.941,0.784,0.608,0.65,0.206,0.501,0.037,0.302,0.673,0.008,0.04,0.119,0.555,0.207,0.608,0.566,0.591,0.789,0.486,0.374,0.661,0.075
1.0,0.129,0.159,0.214,0.296,0.786,0.644,0.372,0.071,0.238,0.734,0.956,0.045,0.777,0.686,0.693,0.693,0.388,0.966,0.095,0.512,0.114,0.276,0.704,0.834,0.674,0.874,0.63,0.581,0.681,0.59,0.67,0.055,0.809,0.687,0.141,0.45,0.891,0.88,0.517,0.82
0.0,0.038,0.457,0.572,0.084,0.427,0.252,0.997,0.007,0.768,0.438,1.0,0.056,0.835,0.504,0.487,0.771,0.763,0.996,0.276,0.497,0.461,0.954,0.794,0.959,0.172,0.416,0.622,0.637,0.22,0.906,0.347,0.153,0.337,0.688,0.583,0.329,0.89,0.394,0.535,0.18
0.0,0.599,0.577,0.327,0.611,0.865,0.881,0.229,0.729,0.497,0.886,0.052,0.629,0.853,0.52,0.92,0.367,0.797,0.221,0.232,0.914,0.728,0.849,0.913,0.424,0.445,0.828,0.183,0.505,0.276,0.066,0.286,0.521,0.879,0.091,0.152,0.426,0.455,0.303,0.458,0.65
1.0,0.014,0.894,0.065,0.476,0.015,0.177,0.543,0.361,0.348,0.024,0.103,0.629,0.501,0.379,0.129,0.965,0.266,0.076,0.767,0.674,0.276,0.582,0.636,0.173,0.032,0.381,0.233,0.783,0.825,0.385,0.931,0.008,0.829,0.713,0.889,0.623,0.729,0.748,0.377,0.631
1.0,0.234,0.859,0.655,0.847,0.111,0.207,0.661,0.972,0.75,0.187,0.198,0.255,0.398,0.995,0.487,0.283,0.626,0.583,0.695,0.491,0.198,0.491,0.375,0.852,0.041,0.923,0.396,0.731,0.601,0.309,0.608,0.453,0.211,0.409,0.256,0.931,0.964,0.691,0.919,0.094
1.0,0.959,0.147,0.651,0.952,0.261,0.589,0.897,0.555,0.354,0.243,0.962,0.69,0.448,0.623,0.261,0.182,0.196,0.261,0.912,0.294,0.833,0.631,0.264,0.33,0.889,0.31,0.445,0.006,0.717,0.213,0.348,0.028,0.483,0.456,0.838,0.343,0.534,0.919,0.917,0.746
1.0,0.432,0.393,0.963,0.101,0.832,0.679,0.645,0.584,0.747,0.543,0.282,0.153,0.449,0.288,0.421,0.807,0.382,0.007,0.923,0.754,0.589,0.056,0.125,0.149,0.722,0.131,0.214,0.824,0.503,0.652,0.486,0.648,0.897,0.867,0.44,0.832,0.67,0.238,0.148,0.137
0.0,0.802,0.83,0.108,0.128,0.924,0.951,0.032,0.609,0.061,0.061,0.16,0.087,0.404,0.517,0.728,0.296,0.21,0.192,0.716,0.799,0.545,0.575,0.271,0.922,0.099,0.725,0.926,0.878,0.061,0.125,0.981,0.501,0.259,0.499,0.077,0.605,0.623,0.962,0.219,0.964
0.0,0.246,0.655,0.502,0.355,0.578,0.735,0.426,0.795,0.408,0.7,0.623,0.731,0.485,0.871,0.04,0.008,0.874,0.983,0.013,0.456,0.481,0.985,0.795,0.243,0.512,0.753,0.597,0.9,0.588,0.243,0.881,0.201,0.567,0.2,0.94,0.24,0.82,0.663,0.543,0.87
1.0,0.403,0.818,0.797,0.18,0.408,0.326,0.42,0.057,0.547,0.007,0.078,0.332,0.883,0.033,0.203,0.865,0.643,0.237,0.152,0.463,0.599,0.27,0.936,0.896,0.611,0.612,0.554,0.768,0.749,0.96,0.573,0.879,0.898,0.663,0.164,0.886,0.817,0.899,0.223,0.01
0.0,0.593,0.669,0.957,0.389,0.362,0.208,0.39,0.031,0.814,0.926,0.555,0.476,0.762,0.476,0.596,0.988,0.787,0.379,0.559,0.875,0.179,0.26,0.908,0.934,0.044,0.173,0.237,0.686,0.6,0.402,0.981,0.395,0.884,0.132,0.833,0.257,0.941,0.961,0.705,0.018
1.0,0.503,0.561,0.906,0.046,0.274,0.992,0.417,0.889,0.653,0.94,0.029,0.415,0.295,0.091,0.655,0.352,0.554,0.648,0.437,0.266,0.735,0.327,0.279,0.135,0.622,0.869,0.823,0.619,0.165,0.083,0.25,0.297,0.423,0.612,0.223,0.824,0.994,0.469,0.557,0.221
1.0,0.206,0.075,0.241,0.477,0.037,0.753,0.562,0.038,0.357,0.78,0.762,0.639,0.012,0.126,0.063,0.962,0.064,0.124,0.106,0.218,0.878,0.216,0.328,0.118,0.875,0.644,0.591,0.603,0.494,0.17,0.032,0.823,0.061,0.686,0.305,0.484,0.312,0.015,0.058,0.941
0.0,0.479,0.537,0.894,0.03,0.98,0.219,0.766,0.763,0.688,0.965,0.867,0.917,0.394,0.136,0.657,0.608,0.463,0.083,0.67,0.885,0.687,0.247,0.616,0.446,0.566,0.557,0.638,0.676,0.731,0.334,0.161,0.881,0.887,0.441,0.139,0.33,0.277,0.122,0.961,0.444
1.0,0.602,0.463,0.92,0.033,0.439,0.401,0.227,0.306,0.156,0.312,0.531,0.573,0.766,0.406,0.047,0.957,0.529,0.487,0.341,0.387,0.106,0.579,0.442,0.047,0.713,0.023,0.589,0.616,0.272,0.011,0.746,0.298,0.423,0.774,0.681,0.762,0.922,0.869,0.13,0.661
0.0,0.589,0.333,0.775,0.036,0.104,0.475,0.093,0.576,0.72,0.556,0.516,0.14,0.195,0.139,0.261,0.685,0.306,0.031,0.603,0.362,0.605,0.385,0.837,0.454,0.545,0.25,0.26,0.88,0.745,0.016,0.615,0.943,0.237,0.516,0.758,0.969,0.529,0.448,0.78,0.283
1.0,0.475,0.255,0.49,0.245,0.133,0.789,0.264,0.716,0.499,0.755,0.452,0.493,0.007,0.985,0.53,0.368,0.501,0.39,0.7,0.612,0.971,0.271,0.539,0.619,0.013,0.038,0.443,0.699,0.926,0.947,0.711,0.969,0.715,0.869,0.384,0.76,0.026,0.589,0.394,0.591
0.0,0.988,0.313,0.078,0.146,0.073,0.325,0.819,0.621,0.394,0.999,0.987,0.786,0.193,0.42,0.404,0.241,0.292,0.679,0.345,0.188,0.376,0.459,0.813,0.047,0.364,0.109,0.902,0.247,0.129,0.989,0.432,0.137,0.431,0.796,0.125,0.345,0.405,0.538,0.696,0.727
0.0,0.662,0.739,0.833,0.874,0.011,0.371,0.658,0.892,0.677,0.264,0.263,0.985,0.487,0.617,0.119,0.182,0.97,0.368,0.467,0.591,0.186,0.307,0.068,0.629,0.767,0.596,0.885,0.54,0.837,0.507,0.286,0.6,0.498,0.932,0.012,0.696,0.062,0.02,0.454,0.027
0.0,0.578,0.668,0.083,0.285,0.861,0.423,0.027,0.929,0.094,0.657,0.551,0.55,0.753,0.064,0.658,0.117,0.294,0.955,0.664,0.359,0.457,0.268,0.046,0.934,0.574,0.69,0.861,0.411,0.688,0.342,0.067,0.739,0.228,0.608,0.267,0.058,0.201,0.222,0.067,0.319
1.0,0.038,0.904,0.349,0.086,0.825,0.127,0.819,0.195,0.563,0.953,0.427,0.381,0.081,0.869,0.978,0.409,0.322,0.947,0.297,0.328,0.513,0.272,0.834,0.197,0.926,0.007,0.318,0.143,0.332,0.681,0.563,0.976,0.296,0.19,0.691,0.781,0.223,0.536,0.516,0.371
1.0,0.133,0.141,0.384,0.939,0.483,0.568,0.599,0.31,0.109,0.808,0.796,0.104,0.646,0.867,0.53,0.082,0.709,0.658,0.688,0.849,0.719,0.344,0.234,0.288,0.113,0.915,0.175,0.767,0.151,0.844,0.211,0.981,0.883,0.285,0.732,0.651,0.13,0.909,0.262,0.683
1.0,0.654,0.657,0.018,0.251,0.399,0.065,0.436,0.978,0.417,0.539,0.572,0.176,0.137,0.439,0.674,0.73,0.24,0.792,0.08,0.539,0.528,0.962,0.409,0.091,0.883,0.274,0.204,0.121,0.883,0.203,0.099,0.394,0.372,0.858,0.868,0.339,0.589,0.151,0.856,0.309
1.0,0.889,0.992,0.345,0.625,0.122,0.449,0.041,0.579,0.627,0.602,0.657,0.595,0.26,0.2,0.932,0.644,0.054,0.222,0.529,0.992,0.6,0.157,0.038,0.628,0.344,0.677,0.37,0.576,0.839,0.359,0.344,0.315,0.212,0.652,0.507,0.687,0.5,0.846,0.582,0.379
1.0,0.24,0.234,0.252,0.063,0.011,0.257,0.704,0.112,0.227,0.423,0.555,0.692,0.99,0.417,0.747,0.317,0.41,0.036,0.037,0.21,0.902,0.058,0.693,0.396,0.119,0.295,0.602,0.182,0.953,0.072,0.884,0.466,0.661,0.128,0.415,0.574,0.787,0.653,0.689,0.799
1.0,0.556,0.194,0.639,0.392,0.318,0.547,0.252,0.769,0.829,0.115,0.964,0.552,0.526,0.649,0.176,0.236,0.973,0.603,0.561,0.961,0.071,0.86,0.476,0.373,0.141,0.932,0.026,0.179,0.186,0.418,0.553,0.907,0.854,0.416,0.793,0.759,0.66,0.314,0.686,0.96
0.0,0.761,0.997,0.695,0.848,0.018,0.875,0.189,0.863,0.283,0.527,0.903,0.279,0.553,0.985,0.552,0.309,0.053,0.596,0.993,0.29,0.647,0.571,0.982,0.41,0.223,0.423,0.531,0.737,0.501,0.849,0.283,0.654,0.312,0.119,0.808,0.929,0.368,0.534,0.602,0.487
1.0,0.943,0.789,0.027,0.478,0.637,0.233,0.998,0.039,0.77,0.791,0.096,0.277,0.284,0.613,0.274,0.661,0.63,0.612,0.813,0.558,0.984,0.094,0.361,0.251,0.173,0.024,0.232,0.507,0.166,0.371,0.579,0.426,0.037,0.29,0.386,0.312,0.741,0.072,0.083,0.295
0.0,0.452,0.507,0.853,0.121,0.744,0.765,0.676,0.909,0.336,0.281,0.284,0.857,0.48,0.699,0.463,0.232,0.688,0.124,0.711,0.875,0.823,0.559,0.539,0.832,0.172,0.142,0.904,0.678,0.617,0.178,0.376,0.967,0.637,0.384,0.942,0.329,0.593,0.613,0.758,0.075
1.0,0.823,0.841,0.631,0.905,0.736,0.323,0.685,0.862,0.817,0.935,0.421,0.721,0.661,0.214,0.058,0.137,0.501,0.392,0.629,0.38,0.185,0.224,0.281,0.749,0.781,0.777,0.234,0.282,0.724,0.285,0.694,0.366,0.545,0.452,0.644,0.36,0.431,0.887,0.489,0.941
1.0,0.752,0.332,0.443,0.545,0.746,0.124,0.367,0.498,0.221,0.793,0.286,0.747,0.503,0.378,0.607,0.66,0.955,0.725,0.71,0.06,0.119,0.443,0.068,0.276,0.503,0.525,0.254,0.888,0.602,0.626,0.858,0.319,0.433,0.962,0.008,0.777,0.354,0.51,0.631,0.748
0.0,0.125,0.871,0.519,0.42,0.139,0.164,0.11,0.39,0.322,0.819,0.271,0.272,0.129,0.935,0.166,0.031,0.257,0.988,0.706,0.923,0.066,0.577,0.921,0.672,0.447,0.449,0.972,0.566,0.124,0.805,0.506,0.181,0.052,0.817,0.845,0.651,0.603,0.031,0.759,0.633
1.0,0.094,0.361,0.659,0.323,0.303,0.655,0.405,0.11,0.99,0.832,0.083,0.521,0.768,0.799,0.347,0.379,0.391,0.174,0.388,0.821,0.919,0.555,0.059,0.348,0.452,0.231,0.017,0.917,0.442,0.519,0.703,0.636,0.053,0.235,0.276,0.5,0.67,0.475,0.785,0.511
0.0,0.556,0.003,0.976,0.463,0.609,0.936,0.895,0.337,0.335,0.557,0.472,0.938,0.67,0.778,0.425,0.658,0.478,0.799,0.439,0.969,0.638,0.242,0.682,0.389,0.945,0.222,0.166,0.612,0.54,0.985,0.983,0.147,0.723,0.814,0.881,0.078,0.451,0.467,0.908,0.545
0.0,0.024,0.828,0.509,0.576,0.293,0.623,0.645,0.32,0.802,0.538,0.784,0.573,0.416,0.569,0.298,0.111,0.855,0.855,0.565,0.4,0.222,0.863,0.987,0.883,0.159,0.767,0.894,0.687,0.143,0.534,0.791,0.24,0.104,0.372,0.501,0.189,0.93,0.953,0.305,0.998
1.0,0.594,0.186,0.077,0.782,0.737,0.224,0.288,0.759,0.785,0.655,0.887,0.655,0.827,0.839,0.787,0.119,0.698,0.556,0.871,0.282,0.814,0.399,0.304,0.435,0.407,0.118,0.84,0.639,0.375,0.216,0.058,0.041,0.931,0.762,0.879,0.426,0.027,0.196,0.811,0.887
0.0,0.728,0.419,0.032,0.463,0.966,0.425,0.998,0.192,0.789,0.245,0.319,0.067,0.318,0.487,0.44,0.724,0.299,0.615,0.554,0.415,0.713,0.643,0.08,0.254,0.313,0.024,0.716,0.57,0.611,0.62,0.043,0.768,0.548,0.865,0.692,0.062,0.589,0.375,0.513,0.043
0.0,0.531,0.193,0.165,0.233,0.029,0.895,0.417,0.104,0.2,0.24,0.44,0.943,0.311,0.594,0.192,0.015,0.205,0.053,0.76,0.012,0.269,0.912,0.296,0.27,0.979,0.085,0.684,0.032,0.795,0.323,0.254,0.428,0.188,0.117,0.824,0.768,0.934,0.932,0.919,0.77
1.0,0.293,0.76,0.129,0.146,0.434,0.759,0.212,0.803,0.904,0.953,0.863,0.279,0.195,0.174,0.088,0.325,0.787,0.804,0.986,0.836,0.428,0.397,0.674,0.795,0.364,0.057,0.338,0.205,0.878,0.511,0.239,0.845,0.644,0.087,0.921,0.431,0.843,0.043,0.973,0.713
1.0,0.752,0.909,0.384,0.129,0.119,0.302,0.07,0.243,0.296,0.085,0.806,0.401,0.894,0.637,0.191,0.202,0.295,0.022,0.346,0.962,0.321,0.557,0.015,0.026,0.482,0.945,0.02,0.946,0.54,0.722,0.369,0.655,0.406,0.053,0.914,0.576,0.095,0.806,0.449,0.791
0.0,0.11,0.324,0.761,0.041,0.97,0.901,0.724,0.067,0.943,0.393,0.877,0.545,0.086,0.608,0.541,0.445,0.913,0.727,0.337,0.011,0.729,0.215,0.89,0.634,0.977,0.871,0.281,0.518,0.036,0.101,0.469,0.062,1.0,0.881,0.955,0.866,0.155,0.452,0.981,0.171
1.0,0.601,0.275,0.625,0.646,0.826,0.707,0.776,0.643,0.163,0.133,0.242,0.018,0.56,0.553,0.101,0.924,0.081,0.35,0.648,0.838,0.598,0.611,0.151,0.539,0.713,0.738,0.629,0.723,0.433,0.316,0.339,0.975,0.227,0.332,0.887,0.463,0.453,0.534,0.47,0.532
1.0,0.417,0.312,0.624,0.549,0.969,0.991,0.35,0.342,0.208,0.47,0.549,0.464,0.225,0.818,0.604,0.6,0.906,0.158,0.526,0.355,0.455,0.887,0.087,0.395,0.49,0.863,0.604,0.467,0.314,0.763,0.289,0.454,0.415,0.323,0.253,0.969,0.138,0.356,0.671,0.193
1.0,0.084,0.03,0.838,0.793,0.448,0.283,0.531,0.244,0.333,0.795,0.19,0.267,0.293,0.101,0.076,0.276,0.476,0.481,0.243,0.616,0.088,0.79,0.175,0.942,0.47,0.94,0.344,0.082,0.412,0.506,0.494,0.615,0.518,0.288,0.684,0.52,0.256,0.977,0.166,0.153
1.0,0.811,0.14,0.078,0.748,0.399,0.899,0.619,0.329,0.695,0.605,0.199,0.218,0.782,0.469,0.064,0.97,0.79,0.584,0.974,0.529,0.137,0.213,0.547,0.611,0.1,0.789,0.299,0.035,0.35,0.986,0.59,0.05,0.043,0.022,0.097,0.22,0.764,0.38,0.958,0.7
0.0,0.502,0.358,0.791,0.219,0.486,0.821,0.902,0.672,0.834,0.889,0.596,0.667,0.83,0.105,0.215,0.612,0.501,0.12,0.461,0.332,0.293,0.612,0.29,0.544,0.984,0.771,0.853,0.654,0.902,0.628,0.064,0.122,0.667,0.165,0.39,0.812,0.968,0.67,0.677,0.151
0.0,0.757,0.005,0.979,0.743,0.648,0.501,0.699,0.246,0.77,0.642,0.595,0.849,0.815,0.245,0.062,0.515,0.651,0.946,0.107,0.565,0.882,0.636,0.795,0.006,0.55,0.698,0.949,0.608,0.777,0.125,0.27,0.024,0.978,0.708,0.417,0.454,0.545,0.689,0.993,0.664
0.0,0.723,0.082,0.634,0.478,0.854,0.279,0.136,0.113,0.637,0.626,0.923,0.395,0.275,0.512,0.645,0.402,0.941,0.843,0.202,0.319,0.564,0.4,0.646,0.23,0.289,0.638,0.389,0.019,0.611,0.338,0.541,0.947,0.694,0.349,0.963,0.049,0.138,0.271,0.774,0.113
0.0,0.874,0.993,0.371,0.732,0.21,0.377,0.368,0.384,0.017,0.982,0.393,0.321,0.401,0.301,0.809,0.037,0.334,0.665,0.692,0.085,0.106,0.753,0.874,0.539,0.557,0.691,0.076,0.227,0.314,0.732,0.585,0.896,0.858,0.538,0.078,0.746,0.218,0.305,0.276,0.702
0.0,0.804,0.582,0.688,0.723,0.583,0.119,0.921,0.864,0.805,0.057,0.483,0.858,0.567,0.319,0.047,0.138,0.852,0.701,0.113,0.096,0.401,0.399,0.489,0.074,0.612,0.928,0.875,0.033,0.023,0.262,0.818,0.573,0.594,0.081,0.984,0.075,0.611,0.156,0.836,0.253
1.0,0.706,0.964,0.172,0.054,0.272,0.259,0.532,0.841,0.993,0.715,0.199,0.466,0.617,0.92,0.784,0.705,0.02,0.368,0.28,0.763,0.398,0.222,0.59,0.347,0.943,0.949,0.556,0.102,0.186,0.5,0.173,0.167,0.166,0.626,0.957,0.813,0.837,0.026,0.242,0.521
1.0,0.184,0.439,0.45,0.394,0.628,0.403,0.565,0.776,0.316,0.887,0.814,0.574,0.901,0.403,0.915,0.275,0.821,0.554,0.847,0.284,0.598,0.054,0.536,0.139,0.443,0.726,0.818,0.774,0.759,0.292,0.15,0.342,0.087,0.011,0.043,0.593,0.775,0.974,0.369,0.907
0.0,0.195,0.554,0.272,0.341,0.888,0.785,0.468,0.893,0.423,0.077,0.228,0.658,0.255,0.99,0.419,0.472,0.07,0.998,0.004,0.526,0.793,0.218,0.353,0.018,0.596,0.166,0.06,0.783,0.118,0.877,0.451,0.836,0.64,0.769,0.344,0.925,0.324,0.931,0.279,0.264
0.0,0.331,0.073,0.879,0.779,0.895,0.232,0.495,0.645,0.909,0.813,0.998,0.036,0.586,0.652,0.269,0.376,0.717,0.56,0.863,0.524,0.373,0.01,0.905,0.957,0.286,0.771,0.051,0.574,0.819,0.383,0.113,0.427,0.474,0.428,0.385,0.467,0.019,0.319,0.547,0.918
0.0,0.085,0.02,0.606,0.046,0.035,0.99,0.321,0.641,0.403,0.273,0.376,0.805,0.851,0.541,0.65,0.93,0.58,0.259,0.964,0.336,0.755,0.458,0.541,0.448,0.127,0.47,0.887,0.14,0.851,0.002,0.234,0.184,0.314,0.766,0.685,0.336,0.969,0.085,0.316,0.432
1.0,0.791,0.78,0.566,0.229,0.264,0.166,0.341,0.322,0.334,0.056,0.973,0.438,0.241,0.6,0.513,0.288,0.826,0.411,0.116,0.939,0.283,0.21,0.255,0.026,0.981,0.896,0.935,0.326,0.425,0.919,0.027,0.921,0.475,0.404,0.753,0.21,0.257,0.198,0.887,0.69
1.0,0.315,0.282,0.34,0.122,0.054,0.122,0.873,0.381,0.91,0.51,0.259,0.239,0.606,0.891,0.463,0.783,0.626,0.287,0.509,0.268,0.698,0.89,0.698,0.039,0.318,0.956,0.402,0.227,0.887,0.863,0.442,0.356,0.316,0.41,0.784,0.498,0.098,0.248,0.408,0.836
0.0,0.556,0.774,0.548,0.89,0.592,0.544,0.472,0.281,0.445,0.011,0.632,0.824,0.024,0.662,0.148,0.843,0.178,0.371,0.528,0.02,0.791,0.724,0.441,0.163,0.891,0.304,0.669,0.06,0.459,0.902,0.555,0.071,0.502,0.413,0.213,0.25,0.047,0.758,0.785,0.705
0.0,0.598,0.671,0.961,0.133,0.521,0.723,0.544,0.941,0.91,0.762,0.96,0.047,0.237,0.448,0.742,0.966,0.295,0.303,0.075,0.591,0.297,0.947,0.522,0.139,0.249,0.351,0.153,0.552,0.631,0.91,0.172,0.793,0.565,0.041,0.966,0.817,0.091,0.517,0.985,0.709
1.0,0.955,0.551,0.875,0.973,0.726,0.689,0.209,0.63,0.949,0.908,0.498,0.362,0.036,0.273,0.126,0.272,0.327,0.476,0.969,0.85,0.466,0.977,0.388,0.075,0.283,0.144,0.02,0.645,0.935,0.817,0.662,0.967,0.878,0.417,0.705,0.944,0.774,0.508,0.831,0.334
1.0,0.45,0.54,0.506,0.637,0.495,0.554,0.204,0.058,0.86,0.731,0.256,0.093,0.764,0.473,0.35,0.944,0.441,0.937,0.326,0.73,0.769,0.381,0.161,0.375,0.74,0.908,0.863,0.704,0.196,0.342,0.583,0.829,0.258,0.722,0.271,0.585,0.141,0.315,0.211,0.099
1.0,0.215,0.211,0.812,0.784,0.75,0.322,0.357,0.208,0.318,0.362,0.857,0.594,0.725,0.583,0.043,0.167,0.36,0.704,0.964,0.531,0.119,0.74,0.055,0.376,0.203,0.139,0.356,0.268,0.586,0.919,0.642,0.151,0.468,0.713,0.356,0.228,0.604,0.785,0.214,0.19
1.0,0.907,0.176,0.85,0.91,0.737,0.62,0.83,0.448,0.19,0.887,0.704,0.146,0.977,0.501,0.878,0.087,0.899,0.016,0.92,0.476,0.179,0.434,0.056,0.607,0.131,0.054,0.987,0.154,0.563,0.007,0.146,0.881,0.731,0.901,0.25,0.452,0.61,0.534,0.813,0.372
0.0,0.68,0.229,0.936,0.401,0.039,0.419,0.096,0.274,0.364,0.1,0.956,0.903,0.868,0.213,0.417,0.816,0.12,0.249,0.068,0.8,0.734,0.037,0.616,0.9,0.581,0.803,0.669,0.279,0.39,0.127,0.596,0.635,0.915,0.227,0.822,0.697,0.737,0.316,0.833,0.276
0.0,0.4,0.365,0.437,0.167,0.082,0.156,0.724,0.519,0.586,0.738,0.784,0.232,0.781,0.157,0.033,0.937,0.115,0.038,0.623,0.21,0.418,0.26,0.977,0.047,0.607,0.339,0.318,0.079,0.037,0.72,0.362,0.165,0.632,0.913,0.285,0.31,0.738,0.224,0.219,0.1
1.0,0.019,0.932,0.134,0.182,0.124,0.909,0.839,0.465,0.741,0.879,0.411,0.012,0.276,0.901,0.18,0.954,0.271,0.285,0.449,0.884,0.626,0.591,0.396,0.203,0.36,0.223,0.611,0.055,0.549,0.898,0.242,0.733,0.648,0.892,0.355,0.84,0.766,0.654,0.928,0.828
1.0,0.447,0.283,0.481,0.391,0.593,0.176,0.22,0.514,0.2,0.227,0.796,0.628,0.02,0.136,0.044,0.871,0.061,0.667,0.274,0.134,0.422,0.333,0.201,0.075,0.069,0.455,0.175,0.663,0.689,0.818,0.515,0.652,0.032,0.801,0.549,0.187,0.614,0.89,0.417,0.464
0.0,0.444,0.008,0.761,0.533,0.969,0.139,0.626,0.342,0.987,0.307,0.024,0.952,0.653,0.08,0.953,0.597,0.996,0.436,0.443,0.186,0.637,0.493,0.843,0.523,0.847,0.272,0.101,0.383,0.339,0.591,0.918,0.43,0.639,0.912,0.729,0.79,0.289,0.068,0.63,0.037
1.0,0.82,0.991,0.009,0.324,0.706,0.32,0.265,0.065,0.296,0.174,0.097,0.424,0.481,0.717,0.63,0.362,0.463,0.041,0.817,0.302,0.463,0.066,0.184,0.203,0.424,0.608,0.671,0.739,0.607,0.805,0.564,0.388,0.894,0.575,0.708,0.624,0.294,0.729,0.001,0.707
0.0,0.145,0.396,0.773,0.244,0.291,0.916,0.777,0.251,0.263,0.601,0.239,0.923,0.925,0.507,0.832,0.317,0.562,0.495,0.543,0.075,0.445,0.831,0.109,0.703,0.78,0.989,0.844,0.231,0.793,0.838,0.383,0.043,0.478,0.99,0.867,0.225,0.072,0.507,0.09,0.859
1.0,0.662,0.974,0.163,0.588,0.542,0.257,0.498,0.135,0.635,0.38,0.299,0.234,0.169,0.615,0.225,0.807,0.982,0.913,0.717,0.881,0.425,0.435,0.229,0.544,0.003,0.731,0.013,0.488,0.992,0.59,0.311,0.318,0.699,0.756,0.775,0.628,0.305,0.985,0.277,0.826
0.0,0.241,0.529,0.48,0.206,0.492,0.075,0.205,0.666,0.154,0.645,0.772,0.124,0.358,0.246,0.307,0.976,0.02,0.966,0.077,0.804,0.89,0.083,0.837,0.983,0.459,0.969,0.835,0.508,0.803,0.633,0.76,0.846,0.661,0.054,0.159,0.486,0.917,0.927,0.545,0.005
0.0,0.979,0.594,0.738,0.891,0.289,0.41,0.859,0.974,0.123,0.416,0.204,0.791,0.298,0.088,0.229,0.668,0.925,0.553,0.462,0.98,0.671,0.194,0.833,0.182,0.711,0.544,0.137,0.37,0.984,0.714,0.297,0.135,0.451,0.629,0.717,0.191,0.246,0.579,0.506,0.35
0.0,0.607,0.188,0.562,0.271,0.811,0.409,0.853,0.272,0.546,0.11,0.969,0.682,0.371,0.992,0.27,0.661,0.07,0.619,0.887,0.568,0.665,0.779,0.863,0.99,0.021,0.307,0.754,0.617,0.933,0.276,0.962,0.668,0.063,0.726,0.975,0.471,0.319,0.527,0.183,0.085
0.0,0.15,0.548,0.561,0.124,0.882,0.102,0.471,0.116,0.3,0.568,0.523,0.111,0.264,0.95,0.407,0.108,0.539,0.311,0.963,0.3,0.903,0.386,0.549,0.247,0.774,0.524,0.898,0.591,0.29,0.593,0.355,0.688,0.72,0.115,0.326,0.241,0.77,0.946,0.308,0.684
0.0,0.581,0.43,0.664,0.795,0.574,0.355,0.855,0.983,0.699,0.311,0.374,0.368,0.832,0.011,0.219,0.308,0.035,0.509,0.258,0.444,0.219,0.124,0.545,0.404,0.818,0.048,0.488,0.319,0.771,0.64,0.843,0.585,0.215,0.882,0.901,0.954,0.1,0.902,0.161,0.118
0.0,0.689,0.703,0.423,0.432,0.741,0.584,0.191,0.484,0.862,0.941,0.522,0.943,0.887,0.487,0.886,0.596,0.451,0.457,0.331,0.682,0.899,0.879,0.285,0.305,0.198,0.226,0.331,0.423,0.696,0.94,0.167,0.034,0.868,0.531,0.784,0.177,0.392,0.475,0.863,0.485
1.0,0.55,0.927,0.665,0.527,0.732,0.372,0.627,0.585,0.903,0.519,0.379,0.245,0.761,0.612,0.749,0.425,0.944,0.879,0.549,0.384,0.183,0.711,0.713,0.91,0.746,0.146,0.588,0.023,0.821,0.869,0.099,0.892,0.016,0.268,0.814,0.797,0.212,0.653,0.712,0.791
1.0,0.249,0.719,0.098,0.915,0.755,0.587,0.897,0.257,0.676,0.931,0.373,0.444,0.012,0.822,0.229,0.16,0.256,0.646,0.287,0.861,0.641,0.361,0.3,1.0,0.96,0.356,0.209,0.856,0.059,0.753,0.553,0.727,0.137,0.964,0.458,0.139,0.197,0.016,0.261,0.998
1.0,0.37,0.845,0.377,0.315,0.175,0.962,0.053,0.89,0.753,0.25,0.191,0.139,0.555,0.137,0.258,0.973,0.868,0.173,0.267,0.299,0.245,0.093,0.383,0.932,0.94,0.927,0.815,0.665,0.789,0.507,0.553,0.302,0.688,0.918,0.546,0.576,0.106,0.59,0.162,0.743
1.0,0.967,0.437,0.917,0.094,0.278,0.721,0.877,0.117,0.49,0.271,0.801,0.697,0.849,0.139,0.062,0.001,0.613,0.759,0.473,0.153,0.848,0.905,0.499,0.976,0.997,0.059,0.395,0.631,0.057,0.947,0.419,0.366,0.042,0.055,0.447,0.528,0.738,0.421,0.267,0.654
0.0,0.347,0.468,0.413,0.879,0.993,0.204,0.32,0.906,0.683,0.464,0.342,0.176,0.898,0.375,0.327,0.333,0.913,0.653,0.62,0.041,0.615,0.935,0.082,0.397,0.316,0.936,0.086,0.635,0.054,0.969,0.544,0.639,0.772,0.544,0.761,0.567,0.558,0.736,0.791,0.922
1.0,0.085,0.109,0.997,0.309,0.191,0.683,0.306,0.796,0.972,0.469,0.177,0.648,0.844,0.551,0.202,0.793,0.649,0.175,0.253,0.501,0.328,0.284,0.393,0.863,0.283,0.517,0.137,0.593,0.787,0.334,0.207,0.93,0.298,0.332,0.359,0.125,0.142,0.395,0.898,0.622
0.0,0.435,0.852,0.472,0.5,0.949,0.8,0.319,0.725,0.227,0.095,0.689,0.049,0.612,0.947,0.869,0.636,0.97,0.736,0.294,0.41,0.07,0.898,0.139,0.396,0.974,0.839,0.239,0.57,0.269,0.307,0.831,0.093,0.987,0.197,0.001,0.746,0.973,0.843,0.316,0.737
1.0,0.557,0.036,0.034,0.032,0.126,0.904,0.551,0.614,0.876,0.293,0.686,0.135,0.3,0.351,0.864,0.677,0.023,0.212,0.304,0.963,0.376,0.76,0.073,0.035,0.669,0.401,0.823,0.986,0.313,0.483,0.824,0.166,0.949,0.512,0.939,0.546,0.987,0.287,0.599,0.195
0.0,0.982,0.675,0.861,0.31,0.851,0.327,0.15,0.215,0.789,0.447,0.789,0.054,0.568,0.119,0.731,0.342,0.817,0.518,0.11,0.45,0.764,0.237,0.249,0.248,0.537,0.19,0.141,0.647,0.712,0.286,0.823,0.735,0.133,0.109,0.407,0.743,0.291,0.387,0.804,0.421
0.0,0.882,0.158,0.336,0.602,0.18,0.605,0.315,0.576,0.076,0.67,0.443,0.899,0.77,0.808,0.76,0.985,0.729,0.296,0.997,0.375,0.615,0.124,0.801,0.944,0.529,0.772,0.156,0.475,0.339,0.229,0.529,0.294,0.819,0.846,0.962,0.711,0.079,0.541,0.929,0.251
0.0,0.009,0.384,0.22,0.599,0.798,0.658,0.141,0.968,0.791,0.968,0.398,0.845,0.605,0.724,0.951,0.266,0.414,0.417,0.689,0.801,0.186,0.102,0.731,0.067,0.927,0.619,0.29,0.057,0.434,0.998,0.816,0.949,0.228,0.479,0.187,0.008,0.364,0.616,0.578,0.13
1.0,0.252,0.775,0.23,0.469,0.435,0.359,0.736,0.47,0.656,0.292,0.47,0.564,0.709,0.153,0.199,0.616,0.579,0.081,0.1,0.222,0.71,0.115,0.021,0.805,0.267,0.04,0.608,0.666,0.053,0.502,0.296,0.08,0.994,0.845,0.775,0.846,0.743,0.552,0.146,0.435
1.0,0.932,0.892,0.864,0.807,0.638,0.451,0.655,0.902,0.496,0.188,0.648,0.482,0.163,0.25,0.528,0.639,0.216,0.288,0.716,0.85,0.079,0.291,0.396,0.234,0.349,0.457,0.645,0.18,0.257,0.563,0.412,0.287,0.817,0.572,0.109,0.131,0.695,0.345,0.633,0.664
1.0,0.703,0.374,0.211,0.846,0.239,0.571,0.365,0.098,0.938,0.084,0.711,0.673,0.05,0.219,0.78,0.773,0.2,0.801,0.94,0.956,0.705,0.949,0.319,0.454,0.179,0.389,0.328,0.136,0.275,0.015,0.466,0.685,0.368,0.17,0.098,0.986,0.205,0.835,0.123,0.712
0.0,0.895,0.924,0.224,0.119,0.45,0.668,0.194,0.772,0.696,0.97,0.65,0.673,0.501,0.964,0.134,0.66,0.868,0.017,0.564,0.267,0.517,0.172,0.997,0.305,0.298,0.968,0.472,0.681,0.805,0.634,0.475,0.033,0.122,0.518,0.279,0.537,0.243,0.73,0.84,0.054
0.0,0.943,0.011,0.496,0.106,0.231,0.998,0.294,0.638,0.825,0.648,0.501,0.639,0.979,0.099,0.212,0.839,0.585,0.827,0.648,0.016,0.109,0.303,0.86,0.436,0.665,0.437,0.181,0.159,0.728,0.491,0.068,0.181,0.062,0.234,0.401,0.776,0.213,0.778,0.236,0.674
1.0,0.159,0.825,0.774,0.893,0.606,0.724,0.399,0.843,0.281,0.492,0.293,0.579,0.204,0.465,0.954,0.409,0.804,0.13,0.213,0.512,0.212,0.939,0.713,0.061,0.335,0.789,0.295,0.25,0.193,0.026,0.972,0.756,0.795,0.933,0.739,0.965,0.695,0.849,0.607,0.172
1.0,0.115,0.429,0.623,0.109,0.369,0.805,0.127,0.521,0.409,0.6,0.422,0.494,0.407,0.542,0.417,0.559,0.406,0.006,0.375,0.612,0.98,0.599,0.755,0.696,0.726,0.157,0.021,0.734,0.933,0.748,0.649,0.433,0.345,0.151,0.242,0.894,0.158,0.801,0.431,0.351
1.0,0.258,0.749,0.56,0.617,0.46,0.471,0.257,0.631,0.873,0.625,0.087,0.271,0.84,0.305,0.227,0.892,0.035,0.565,0.567,0.938,0.886,0.198,0.181,0.277,0.598,0.793,0.867,0.696,0.71,0.919,0.02,0.114,0.568,0.757,0.6,0.83,0.949,0.107,0.805,0.942
1.0,0.979,0.489,0.807,0.343,0.161,0.369,0.356,0.127,0.443,0.825,0.303,0.055,0.475,0.506,0.964,0.942,0.024,0.163,0.48,0.536,0.731,0.916,0.127,0.352,0.297,0.938,0.036,0.382,0.975,0.942,0.86,0.794,0.396,0.864,0.362,0.232,0.672,0.892,0.162,0.854
1.0,0.855,0.57,0.604,0.619,0.375,0.87,0.918,0.843,0.874,0.963,0.005,0.286,0.398,0.839,0.81,0.144,0.033,0.425,0.703,0.113,0.825,0.684,0.089,0.775,0.319,0.637,0.255,0.868,0.618,0.876,0.086,0.616,0.243,0.444,0.238,0.914,0.264,0.382,0.92,0.635
1.0,0.389,0.764,0.874,0.208,0.661,0.785,0.779,0.126,0.707,0.923,0.797,0.716,0.206,0.821,0.18,0.19,0.701,0.524,0.638,0.965,0.994,0.997,0.108,0.653,0.145,0.963,0.45,0.856,0.698,0.893,0.099,0.185,0.91,0.481,0.408,0.22,0.347,0.413,0.057,0.554
0.0,0.213,0.843,0.613,0.611,0.285,0.923,0.834,0.963,0.383,0.315,0.987,0.434,0.515,0.858,0.456,0.354,0.412,0.764,0.931,0.59,0.813,0.955,0.849,0.559,0.68,0.306,0.601,0.362,0.839,0.235,0.322,0.96,0.372,0.09,0.247,0.419,0.88,0.793,0.295,0.412
0.0,0.003,0.691,0.611,0.143,0.898,0.242,0.223,0.693,0.862,0.945,0.694,0.711,0.972,0.411,0.499,0.752,0.277,0.749,0.247,0.911,0.486,0.949,0.133,0.356,0.6,0.772,0.336,0.669,0.158,0.616,0.653,0.804,0.679,0.443,0.163,0.321,0.573,0.808,0.192,0.184
0.0,0.013,0.999,0.271,0.745,0.902,0.617,0.773,0.426,0.982,0.328,0.975,0.539,0.895,0.305,0.026,0.678,0.728,0.102,0.139,0.414,0.842,0.185,0.181,0.493,0.389,0.688,0.69,0.514,0.917,0.994,0.274,0.992,0.771,0.165,0.124,0.884,0.975,0.17,0.975,0.236
0.0,0.319,0.677,0.474,0.828,0.997,0.803,0.938,0.161,0.123,0.505,0.473,0.87,0.051,0.988,0.971,0.854,0.982,0.684,0.13,0.457,0.666,0.108,0.465,0.155,0.619,0.145,0.049,0.699,0.944,0.483,0.422,0.658,0.096,0.017,0.516,0.301,0.405,0.381,0.465,0.196
0.0,0.64,0.035,0.532,0.513,0.419,0.921,0.313,0.251,0.787,0.808,0.679,0.835,0.125,0.316,0.407,0.813,0.648,0.429,0.966,0.799,0.193,0.4,0.706,0.522,0.176,0.307,0.562,0.48,0.593,0.348,0.356,0.749,0.971,0.636,0.826,0.527,0.382,0.463,0.346,0.946
0.0,0.421,0.875,0.657,0.901,0.706,0.238,0.652,0.63,0.563,0.631,0.983,0.105,0.205,0.07,0.866,0.596,0.147,0.279,0.626,0.163,0.428,0.638,0.872,0.806,0.123,0.846,0.38,0.944,0.871,0.022,0.19,0.95,0.29,0.109,0.797,0.177,0.374,0.645,0.585,0.954
1.0,0.32,0.646,0.463,0.059,0.684,0.487,0.186,0.86,0.543,0.388,0.323,0.496,0.691,0.513,0.878,0.658,0.869,0.289,0.799,0.597,0.984,0.801,0.567,0.997,0.836,0.259,0.976,0.866,0.459,0.216,0.222,0.551,0.433,0.837,0.716,0.265,0.594,0.337,0.85,0.019
0.0,0.245,0.105,0.624,0.603,0.327,0.206,0.019,0.702,0.054,0.662,0.706,0.823,0.003,0.12,0.837,0.687,0.862,0.699,0.954,0.969,0.745,0.649,0.248,0.213,0.76,0.215,0.71,0.124,0.598,0.685,0.705,0.306,0.133,0.39,0.25,0.484,0.125,0.708,0.479,0.201
0.0,0.591,0.734,0.272,0.24,0.95,0.777,0.038,0.538,0.387,0.405,0.96,0.525,0.708,0.867,0.32,0.339,0.504,0.107,0.462,0.23,0.022,0.125,0.833,0.315,0.815,0.531,0.317,0.164,0.078,0.409,0.8,0.438,0.135,0.527,0.426,0.646,0.254,0.045,0.032,0.684
0.0,0.766,0.464,0.086,0.315,0.441,0.667,0.533,0.412,0.33,0.739,0.861,0.987,0.894,0.478,0.297,0.56,0.841,0.173,0.114,0.666,0.7,0.208,0.118,0.518,0.797,0.914,0.903,0.273,0.037,0.596,0.696,0.833,0.223,0.285,0.28,0.601,0.226,0.767,0.037,0.704
1.0,0.223,0.798,0.314,0.484,0.816,0.201,0.785,0.997,0.365,0.753,0.623,0.614,0.349,0.002,0.017,0.031,0.997,0.965,0.801,0.033,0.676,0.654,0.045,0.377,0.332,0.635,0.587,0.74,0.927,0.758,0.131,0.826,0.885,0.874,0.651,0.998,0.988,0.672,0.891,0.626
1.0,0.901,0.034,0.027,0.5,0.583,0.699,0.406,0.58,0.214,0.833,0.686,0.045,0.423,0.972,0.599,0.119,0.691,0.826,0.249,0.423,0.38,0.977,0.65,0.163,0.917,0.671,0.379,0.304,0.582,0.707,0.55,0.835,0.048,0.947,0.985,0.665,0.577,0.696,0.854,0.241
1.0,0.949,0.057,0.968,0.735,0.29,0.937,0.054,0.31,0.674,0.15,0.776,0.612,0.254,0.197,0.966,0.488,0.873,0.574,0.297,0.418,0.626,0.032,0.481,0.675,0.595,0.565,0.728,0.84,0.415,0.234,0.421,0.643,0.84,0.027,0.47,0.872,0.912,0.944,0.68,0.094
0.0,0.246,0.07,0.249,0.076,0.886,0.669,0.498,0.278,0.686,0.076,0.356,0.775,0.634,0.683,0.737,0.223,0.885,0.435,0.639,0.126,0.101,0.181,0.145,0.825,0.593,0.02,0.459,0.612,0.653,0.975,0.416,0.022,0.669,0.455,0.155,0.331,0.669,0.916,0.004,0.803
1.0,0.961,0.422,0.177,0.508,0.788,0.146,0.191,0.066,0.497,0.29,0.483,0.665,0.521,0.708,0.062,0.129,0.337,0.641,0.393,0.506,0.711,0.976,0.567,0.76,0.404,0.351,0.058,0.101,0.135,0.597,0.674,0.616,0.905,0.407,0.779,0.163,0.581,0.425,0.586,0.731
0.0,0.974,0.5,0.26,0.305,0.697,0.258,0.0,0.951,0.291,0.546,0.3,0.612,0.616,0.554,0.639,0.88,0.938,0.442,0.545,0.254,0.354,0.995,0.851,0.566,0.889,0.681,0.828,0.816,0.506,0.632,0.528,0.919,0.373,0.731,0.554,0.849,0.358,0.506,0.018,0.323
1.0,0.579,0.962,0.214,0.495,0.116,0.266,0.417,0.732,0.067,0.946,0.641,0.234,0.453,0.094,0.002,0.678,0.963,0.422,0.254,0.342,0.099,0.069,0.054,0.949,0.643,0.466,0.79,0.988,0.099,0.974,0.926,0.425,0.338,0.569,0.299,0.502,0.509,0.066,0.721,0.511
0.0,0.181,0.795,0.594,0.341,0.987,0.627,0.551,0.062,0.851,0.487,0.727,0.686,0.201,0.25,0.566,0.048,0.354,0.182,0.555,0.335,0.574,0.285,0.557,0.712,0.483,0.137,0.729,0.284,0.474,0.331,0.26,0.336,0.54,0.385,0.909,0.358,0.591,0.672,0.571,0.341
1.0,0.687,0.447,0.789,0.593,0.295,0.985,0.857,0.869,0.698,0.042,0.287,0.223,0.984,0.357,0.555,0.69,0.416,0.574,0.578,0.721,0.434,0.309,0.659,0.193,0.699,0.262,0.084,0.828,0.874,0.076,0.222,0.389,0.202,0.162,0.874,0.367,0.375,0.807,0.735,0.836
1.0,0.99,0.367,0.029,0.295,0.501,0.357,0.039,0.515,0.773,0.123,0.038,0.299,0.825,0.446,0.396,0.737,0.138,0.832,0.95,0.494,0.653,0.1,0.491,0.79,0.206,0.81,0.113,0.281,0.115,0.636,0.647,0.447,0.751,0.155,0.736,0.565,0.693,0.712,0.706,0.453
0.0,0.237,0.709,0.389,0.257,0.776,0.281,0.935,0.868,0.368,0.821,0.869,0.113,0.191,0.136,0.797,0.245,0.044,0.619,0.692,0.522,0.265,0.665,0.832,0.274,0.619,0.182,0.456,0.213,0.829,0.264,0.154,0.076,0.237,0.742,0.296,0.765,0.793,0.255,0.615,0.361
0.0,0.724,0.163,0.225,0.303,0.715,0.124,0.467,0.142,0.178,0.95,0.075,0.85,0.94,0.177,0.762,0.637,0.649,0.788,0.235,0.92,0.716,0.736,0.902,0.144,0.214,0.105,0.678,0.096,0.952,0.338,0.784,0.434,0.297,0.6,0.919,0.165,0.971,0.819,0.967,0.04
0.0,0.744,0.371,0.671,0.138,0.359,0.631,0.254,0.574,0.533,0.808,0.658,0.082,0.872,0.376,0.028,0.275,0.548,0.101,0.444,0.275,0.114,0.572,0.796,0.694,0.559,0.525,0.542,0.359,0.887,0.319,0.502,0.236,0.02,0.932,0.281,0.57,0.022,0.69,0.831,0.316
1.0,0.342,0.246,0.125,0.571,0.128,0.26,0.909,0.404,0.195,0.15,0.188,0.74,0.482,0.248,0.913,0.512,0.81,0.49,0.709,0.613,0.752,0.5,0.319,0.234,0.59,0.26,0.087,0.033,0.578,0.785,0.484,0.749,0.367,0.25,0.939,0.175,0.685,0.315,0.217,0.905
0.0,0.63,0.015,0.248,0.423,0.015,0.533,0.375,0.279,0.246,0.714,0.042,0.826,0.193,0.188,0.283,0.061,0.762,0.549,0.504,0.723,0.578,0.961,0.407,0.381,0.004,0.656,0.096,0.8,0.071,0.598,0.324,0.876,0.281,0.025,0.374,0.281,0.6,0.242,0.826,0.675
0.0,0.462,0.735,0.015,0.317,0.72,0.801,0.156,0.057,0.579,0.343,0.11,0.053,0.834,0.434,0.751,0.27,0.783,0.099,0.283,0.375,0.677,0.215,0.932,0.634,0.689,0.548,0.632,0.123,0.323,0.139,0.075,0.935,0.364,0.407,0.672,0.233,0.006,0.807,0.022,0.812
1.0,0.523,0.927,0.612,0.483,0.653,0.891,0.064,0.983,0.201,0.041,0.019,0.113,0.575,0.909,0.38,0.061,0.988,0.511,0.144,0.01,0.659,0.023,0.585,0.123,0.975,0.3,0.508,0.812,0.404,0.867,0.041,0.828,0.988,0.772,0.772,0.803,0.071,0.393,0.832,0.156
1.0,0.336,0.031,0.104,0.693,0.018,0.942,0.137,0.298,0.534,0.523,0.683,0.349,0.111,0.804,0.439,0.506,0.811,0.612,0.522,0.657,0.378,0.292,0.517,0.906,0.206,0.166,0.225,0.912,0.631,0.385,0.656,0.387,0.874,0.684,0.796,0.14,0.204,0.967,0.214,0.544
0.0,0.876,0.814,0.393,0.006,0.188,0.175,0.818,0.121,0.256,0.091,0.483,0.974,0.678,0.207,0.839,0.424,0.327,0.893,0.821,0.11,0.661,0.947,0.086,0.654,0.016,0.922,0.096,0.835,0.085,0.77,0.437,0.398,0.101,0.141,0.131,0.372,0.683,0.42,0.734,0.892
0.0,0.245,0.299,0.237,0.458,0.239,0.88,0.473,1.0,0.199,0.747,0.145,0.482,0.812,0.935,0.976,0.93,0.479,0.958,0.285,0.738,0.749,0.011,0.783,0.718,0.228,0.841,0.744,0.546,0.838,0.532,0.583,0.255,0.468,0.786,0.995,0.027,0.941,0.42,0.139,0.595
0.0,0.932,0.403,0.365,0.117,0.909,0.433,0.168,0.886,0.174,0.017,0.967,0.718,0.233,0.55,0.911,0.127,0.705,0.852,0.897,0.95,0.441,0.855,0.195,0.738,0.181,0.603,0.463,0.331,0.839,0.604,0.147,0.737,0.328,0.663,0.71,0.942,0.252,0.096,0.998,0.737
0.0,0.334,0.646,0.391,0.7,0.741,0.616,0.916,0.162,0.524,0.723,0.687,0.929,0.005,0.536,0.326,0.094,0.761,0.322,0.493,0.722,0.072,0.15,0.067,0.922,0.159,0.357,0.4,0.26,0.781,0.649,0.284,0.45,0.358,0.957,0.467,0.823,0.762,0.163,0.335,0.848
0.0,0.063,0.474,0.986,0.699,0.139,0.394,0.877,0.654,0.968,0.263,0.162,0.814,0.108,0.246,0.374,0.96,0.105,0.369,0.82,0.484,0.676,0.204,0.258,0.818,0.755,0.219,0.621,0.435,0.939,0.323,0.972,0.101,0.672,0.371,0.448,0.56,0.919,0.122,0.399,0.517
0.0,0.273,0.665,0.004,0.263,0.678,0.782,0.488,0.192,0.484,0.428,0.047,0.907,0.09,0.631,0.178,0.351,0.258,0.058,0.427,0.79,0.481,0.754,0.816,0.067,0.149,0.706,0.028,0.622,0.454,0.44,0.622,0.018,0.371,0.591,0.534,0.847,0.622,0.327,0.111,0.312
0.0,0.534,0.099,0.941,0.461,0.852,0.781,0.5,0.09,0.514,0.514,0.754,0.349,0.471,0.777,0.295,0.325,0.218,0.956,0.128,0.049,0.043,0.334,0.279,0.36,0.262,0.118,0.208,0.736,0.574,0.075,0.379,0.258,0.136,0.292,0.048,0.064,0.914,0.253,0.44,0.711
1.0,0.819,0.609,0.681,0.317,0.599,0.278,0.788,0.941,0.193,0.413,0.804,0.425,0.503,0.7,0.456,0.236,0.327,0.204,0.094,0.699,0.936,0.175,0.366,0.2,0.848,0.066,0.607,0.434,0.683,0.373,0.599,0.529,0.818,0.035,0.725,0.998,0.575,0.467,0.987,0.305
0.0,0.355,0.669,0.161,0.666,0.903,0.393,0.777,0.708,0.906,0.84,0.481,0.33,0.83,0.68,0.287,0.944,0.796,0.385,0.558,0.865,0.44,0.242,0.097,0.227,0.651,0.851,0.447,0.861,0.734,0.417,0.922,0.745,0.518,0.553,0.09,0.965,0.403,0.984,0.528,0.929
1.0,0.859,0.523,0.101,0.775,0.067,0.592,0.976,0.309,0.197,0.432,0.398,0.473,0.747,0.083,0.888,0.367,0.269,0.036,0.26,0.398,0.492,0.044,0.181,0.214,0.777,0.911,0.713,0.079,0.647,0.351,0.289,0.697,0.045,0.801,0.217,0.153,0.129,0.905,0.971,0.29
1.0,0.148,0.977,0.698,0.583,0.592,0.548,0.412,0.889,0.311,0.66,0.188,0.731,0.557,0.252,0.315,0.901,0.4,0.916,0.705,0.787,0.221,0.704,0.461,0.97,0.593,0.747,0.019,0.508,0.974,0.664,0.125,0.724,0.696,0.767,0.112,0.22,0.277,0.03,0.78,0.917
0.0,0.85,0.654,0.398,0.262,0.049,0.916,0.235,0.283,0.746,0.7,0.345,0.508,0.234,0.663,0.928,0.03,0.743,0.959,0.332,0.056,0.539,0.92,0.948,0.679,0.109,0.577,0.12,0.795,0.941,0.215,0.512,0.613,0.809,0.329,0.246,0.385,0.775,0.713,0.795,0.231
0.0,0.076,0.214,0.802,0.22,0.38,0.353,0.547,0.261,0.251,0.413,0.132,0.975,0.037,0.896,0.28,0.566,0.885,0.523,0.811,0.867,0.666,0.008,0.142,0.718,0.349,0.436,0.594,0.447,0.626,0.28,0.377,0.866,0.625,0.291,0.113,0.468,0.474,0.024,0.146,0.978
1.0,0.211,0.71,0.863,0.357,0.714,0.054,0.293,0.136,0.748,0.502,0.901,0.618,0.175,0.687,0.207,0.561,0.279,0.803,0.426,0.2,0.711,0.941,0.044,0.353,0.806,0.487,0.388,0.126,0.978,0.984,0.84,0.912,0.97,0.048,0.57,0.836,0.891,0.002,0.685,0.038
1.0,0.907,0.184,0.928,0.504,0.593,0.829,0.395,0.445,0.598,0.231,0.366,0.074,0.891,0.776,0.069,0.286,0.927,0.144,0.372,0.166,0.352,0.802,0.017,0.176,0.236,0.959,0.922,0.933,0.097,0.57,0.221,0.575,0.87,0.349,0.383,0.103,0.299,0.413,0.281,0.935
0.0,0.93,0.903,0.695,0.219,0.171,0.049,0.272,0.59,0.054,0.356,0.316,0.901,0.617,0.945,0.319,0.109,0.458,0.67,0.076,0.062,0.918,0.544,0.515,0.148,0.704,0.949,0.293,0.109,0.702,0.504,0.635,0.597,0.103,0.439,0.691,0.345,0.65,0.618,0.885,0.733
0.0,0.043,0.261,0.546,0.927,0.211,0.663,0.816,0.221,0.672,0.066,0.095,0.686,0.777,0.294,0.526,0.227,0.008,0.461,0.69,0.012,0.607,0.587,0.967,0.792,0.899,0.376,0.884,0.571,0.712,0.016,0.012,0.319,0.071,0.947,0.933,0.076,0.398,0.508,0.694,0.641
0.0,0.682,0.586,0.385,0.788,0.973,0.082,0.921,0.48,0.815,0.603,0.311,0.07,0.913,0.875,0.089,0.146,0.692,0.369,0.308,0.139,0.227,0.833,0.777,0.583,0.917,0.493,0.863,0.793,0.265,0.992,0.696,0.352,0.561,0.162,0.512,0.515,0.405,0.678,0.279,0.501
1.0,0.033,0.015,0.156,0.147,0.204,0.867,0.17,0.79,0.909,0.242,0.981,0.15,0.374,0.027,0.175,0.102,0.349,0.742,0.393,0.173,0.063,0.033,0.697,0.965,0.642,0.345,0.434,0.447,0.061,0.931,0.891,0.53,0.051,0.792,0.434,0.746,0.375,0.995,0.372,0.464
1.0,0.868,0.994,0.811,0.337,0.219,0.222,0.665,0.746,0.357,0.604,0.81,0.66,0.455,0.276,0.139,0.803,0.561,0.708,0.651,0.993,0.232,0.702,0.44,0.697,0.268,0.251,0.881,0.983,0.091,0.834,0.499,0.544,0.807,0.508,0.863,0.987,0.727,0.376,0.297,0.51
1.0,0.734,0.758,0.022,0.504,0.701,0.584,0.118,0.351,0.489,0.07,0.139,0.344,0.741,0.763,0.113,0.94,0.649,0.356,0.619,0.176,0.964,0.773,0.672,0.929,0.379,0.527,0.099,0.214,0.747,0.678,0.67,0.552,0.806,0.098,0.763,0.219,0.27,0.495,0.974,0.622
0.0,0.481,0.94,0.256,0.052,0.033,0.053,0.053,0.019,0.653,0.863,0.082,0.861,0.228,0.757,0.359,0.414,0.341,0.806,0.246,0.353,0.379,0.815,0.055,0.058,0.857,0.19,0.068,0.53,0.904,0.169,0.204,0.991,0.821,0.737,0.506,0.023,0.957,0.018,0.16,0.744
1.0,0.659,0.764,0.7,0.886,0.537,0.413,0.659,0.676,0.058,0.33,0.242,0.9,0.743,0.727,0.546,0.155,0.779,0.96,0.963,0.698,0.119,0.947,0.167,0.486,0.611,0.879,0.911,0.128,0.311,0.108,0.795,0.113,0.752,0.745,0.038,0.542,0.993,0.158,0.795,0.256
1.0,0.278,0.738,0.952,0.216,0.559,0.663,0.182,0.131,0.231,0.783,0.699,0.699,0.636,0.819,0.225,0.133,0.176,0.78,0.502,0.928,0.709,0.466,0.296,0.717,0.285,0.845,0.062,0.484,0.376,0.056,0.245,0.736,0.458,0.78,0.542,0.654,0.004,0.726,0.44,0.671
0.0,0.511,0.945,0.42,0.797,0.898,0.862,0.775,0.955,0.891,0.561,0.99,0.393,0.866,0.259,0.894,0.834,0.612,0.572,0.265,0.352,0.418,0.948,0.889,0.663,0.654,0.842,0.711,0.962,0.035,0.011,0.792,0.498,0.571,0.089,0.923,0.401,0.904,0.49,0.379,0.85
0.0,0.991,0.428,0.181,0.048,0.438,0.582,0.098,0.971,0.853,0.825,0.934,0.917,0.505,0.363,0.172,0.836,0.678,0.868,0.821,0.255,0.8,0.352,0.142,0.815,0.904,0.162,0.066,0.981,0.954,0.581,0.536,0.98,0.44,0.482,0.629,0.621,0.655,0.508,0.836,0.56
1.0,0.117,0.436,0.783,0.183,0.879,0.694,0.402,0.471,0.945,0.582,0.936,0.007,0.693,0.177,0.341,0.804,0.214,0.114,0.932,0.538,0.7,0.244,0.733,0.443,0.146,0.433,0.965,0.576,0.803,0.572,0.845,0.714,0.727,0.609,0.56,0.174,0.918,0.474,0.148,0.232
0.0,0.508,0.71,0.664,0.228,0.642,0.935,0.694,0.303,0.705,0.231,0.975,0.783,0.903,0.742,0.321,0.176,0.701,0.512,0.863,0.513,0.031,0.002,0.768,0.55,0.918,0.108,0.831,0.806,0.195,0.281,0.172,0.309,0.581,0.582,0.581,0.869,0.086,0.923,0.67,0.8
1.0,0.223,0.928,0.171,0.757,0.395,0.878,0.846,0.034,0.441,0.889,0.746,0.647,0.515,0.036,0.95,0.676,0.667,0.341,0.904,0.441,0.577,0.874,0.092,0.118,0.307,0.227,0.08,0.163,0.401,0.783,0.923,0.604,0.891,0.548,0.994,0.644,0.817,0.54,0.319,0.602
0.0,0.671,0.209,0.535,0.899,0.399,0.402,0.455,0.732,0.908,0.374,0.231,0.88,0.524,0.788,0.972,0.089,0.717,0.881,0.038,0.983,0.631,0.786,0.606,0.843,0.016,0.021,0.887,0.006,0.286,0.276,0.339,0.829,0.448,0.845,0.025,0.339,0.105,0.353,0.33,0.414
0.0,0.783,0.195,0.653,0.916,0.177,0.78,0.475,0.969,0.007,0.442,0.503,0.806,0.355,0.626,0.19,0.299,0.508,0.316,0.918,0.677,0.585,0.39,0.057,0.986,0.95,0.775,0.488,0.576,0.762,0.36,0.1,0.565,0.29,0.756,0.085,0.37,0.134,0.009,0.265,0.401
1.0,0.056,0.597,0.941,0.515,0.545,0.251,0.515,0.709,0.762,0.827,0.896,0.027,0.297,0.87,0.862,0.074,0.18,0.277,0.448,0.533,0.419,0.056,0.138,0.345,0.022,0.307,0.464,0.697,0.005,0.712,0.883,0.86,0.331,0.158,0.881,0.944,0.49,0.124,0.684,0.832
1.0,0.944,0.047,0.33,0.555,0.758,0.701,0.473,0.282,0.471,0.332,0.429,0.576,0.179,0.443,0.954,0.845,0.248,0.882,0.229,0.098,0.697,0.631,0.554,0.997,0.236,0.874,0.598,0.836,0.445,0.864,0.595,0.157,0.401,0.005,0.048,0.135,0.295,0.253,0.365,0.065
1.0,0.763,0.412,0.882,0.831,0.705,0.547,0.29,0.143,0.956,0.842,0.111,0.104,0.091,0.65,0.796,0.403,0.624,0.596,0.184,0.888,0.871,0.592,0.453,0.075,0.418,0.642,0.483,0.865,0.086,0.338,0.385,0.936,0.904,0.992,0.104,0.858,0.256,0.084,0.417,0.137
0.0,0.413,0.201,0.923,0.841,0.879,0.808,0.079,0.929,0.049,0.616,0.417,0.606,0.757,0.164,0.736,0.924,0.437,0.28,0.803,0.978,0.832,0.249,0.279,0.773,0.238,0.687,0.303,0.31,0.426,0.057,0.748,0.261,0.9,0.612,0.545,0.512,0.599,0.947,0.039,0.985
0.0,0.543,0.221,0.181,0.437,0.59,0.641,0.638,0.663,0.614,0.466,0.375,0.851,0.796,0.617,0.309,0.839,0.722,0.66,0.489,0.281,0.339,0.788,0.6,0.579,0.205,0.487,0.229,0.878,0.481,0.096,0.271,0.334,0.477,0.065,0.967,0.223,0.634,0.188,0.553,0.287
1.0,0.534,0.48,0.692,0.936,0.04,0.852,0.053,0.179,0.256,0.743,0.727,0.738,0.939,0.828,0.426,0.177,0.384,0.278,0.305,0.962,0.573,0.862,0.494,0.262,0.129,0.216,0.206,0.53,0.748,0.744,0.582,0.153,0.402,0.487,0.508,0.173,0.605,0.714,0.923,0.029
1.0,0.343,0.726,0.677,0.185,0.335,0.105,0.045,1.0,0.902,0.097,0.729,0.42,0.881,0.247,0.136,0.929,0.182,0.232,0.871,0.362,0.347,0.206,0.47,0.688,0.453,0.054,0.59,0.275,0.76,0.485,0.392,0.729,0.123,0.203,0.262,0.571,0.165,0.417,0.143,0.175
0.0,0.383,0.278,0.505,0.572,0.031,0.664,0.512,0.606,0.155,0.349,0.673,0.809,0.274,0.731,0.416,0.335,0.574,0.588,0.009,0.685,0.423,0.379,0.495,0.29,0.021,0.423,0.954,0.048,0.868,0.844,0.298,0.671,0.373,0.746,0.645,0.376,0.289,0.519,0.396,0.547
1.0,0.846,0.575,0.16,0.784,0.524,0.958,0.599,0.429,0.747,0.819,0.698,0.664,0.015,0.283,0.931,0.091,0.982,0.172,0.007,0.309,0.259,0.612,0.318,0.21,0.737,0.423,0.169,0.944,0.719,0.416,0.155,0.665,0.401,0.883,0.009,0.488,0.532,0.269,0.774,0.196
1.0,0.937,0.545,0.989,0.131,0.763,0.848,0.284,0.612,0.336,0.215,0.032,0.398,0.505,0.021,0.501,0.219,0.609,0.557,0.395,0.72,0.136,0.352,0.475,0.671,0.804,0.409,0.958,0.444,0.262,0.484,0.772,0.561,0.121,0.756,0.791,0.261,0.625,0.194,0.813,0.919
1.0,0.525,0.592,0.622,0.851,0.452,0.538,0.681,0.859,0.906,0.229,0.554,0.478,0.381,0.225,0.479,0.361,0.088,0.281,0.171,0.542,0.077,0.503,0.205,0.958,0.193,0.455,0.189,0.044,0.453,0.195,0.815,0.327,0.001,0.14,0.602,0.298,0.623,0.175,0.44,0.919
0.0,0.752,0.279,0.424,0.078,0.968,0.592,0.867,0.618,0.573,0.056,0.755,0.047,0.8,0.933,0.323,0.913,0.5,0.672,0.498,0.928,0.476,0.688,0.518,0.886,0.691,0.454,0.154,0.623,0.68,0.15,0.218,0.756,0.634,0.098,0.698,0.779,0.055,0.592,0.378,0.258
1.0,0.304,0.71,0.382,0.513,0.247,0.738,0.674,0.996,0.766,0.381,0.329,0.647,0.566,0.183,0.981,0.204,0.466,0.601,0.106,0.744,0.156,0.292,0.102,0.127,0.849,0.713,0.009,0.742,0.053,0.814,0.63,0.473,0.354,0.058,0.709,0.267,0.912,0.572,0.14,0.636
0.0,0.297,0.097,0.588,0.281,0.389,0.48,0.621,0.346,0.447,0.077,0.47,0.371,0.092,0.261,0.574,0.142,0.076,0.735,0.637,0.139,0.904,0.131,0.782,0.523,0.067,0.62,0.284,0.402,0.202,0.457,0.814,0.534,0.567,0.414,0.124,0.187,0.885,0.796,0.502,0.733
0.0,0.541,0.335,0.706,0.848,0.375,0.743,0.445,0.591,0.271,0.503,0.236,0.948,0.679,0.755,0.613,0.413,0.522,0.892,0.263,0.78,0.332,0.79,0.57,0.013,0.895,0.801,0.829,0.086,0.942,0.836,0.121,0.991,0.756,0.068,0.693,0.942,0.218,0.388,0.794,0.98
1.0,0.083,0.124,0.224,0.051,0.569,0.222,0.341,0.782,0.243,0.534,0.136,0.741,0.587,0.916,0.232,0.076,0.572,0.869,0.645,0.508,0.997,0.129,0.876,0.108,0.656,0.467,0.552,0.173,0.072,0.03,0.811,0.601,0.848,0.893,0.545,0.391,0.465,0.011,0.316,0.504
1.0,0.801,0.807,0.286,0.156,0.56,0.759,0.525,0.645,0.684,0.028,0.079,0.516,0.27,0.952,0.78,0.442,0.322,0.937,0.901,0.319,0.538,0.849,0.742,0.045,0.191,0.91,0.534,0.835,0.225,0.201,0.423,0.981,0.22,0.335,0.809,0.197,0.573,0.151,0.359,0.312
0.0,0.332,0.051,0.16,0.473,0.934,0.672,0.506,0.659,0.713,0.502,0.283,0.255,0.775,0.629,0.451,0.099,0.518,0.564,0.544,0.577,0.966,0.342,0.45,0.081,0.522,0.044,0.687,0.838,0.708,0.344,0.574,0.095,0.606,0.854,0.097,0.658,0.184,0.709,0.474,0.617
1.0,0.14,0.917,0.82,0.817,0.134,0.582,0.988,0.926,0.594,0.511,0.948,0.496,0.875,0.287,0.031,0.049,0.434,0.593,0.059,0.801,0.158,0.2,0.385,0.809,0.706,0.008,0.078,0.014,0.376,0.764,0.266,0.461,0.939,0.272,0.002,0.512,0.835,0.586,0.45,0.327
0.0,0.844,0.515,0.425,0.354,0.201,0.618,0.027,0.08,0.889,0.312,0.049,0.934,0.32,0.88,0.829,0.769,0.18,0.887,0.28,0.74,0.922,0.718,0.898,0.536,0.359,0.819,0.657,0.261,0.249,0.876,0.293,0.053,0.69,0.303,0.801,0.027,0.393,0.613,0.499,0.752
1.0,0.8,0.095,0.246,0.231,0.356,0.964,0.17,0.828,0.233,0.042,0.178,0.24,0.161,0.27,0.915,0.335,0.057,0.541,0.206,0.06,0.247,0.295,0.505,0.738,0.496,0.019,0.47,0.638,0.375,0.249,0.974,0.386,0.59,0.738,0.906,0.371,0.876,0.205,0.02,0.611
1.0,0.958,0.339,0.099,0.395,0.125,0.789,0.997,0.067,0.945,0.327,0.845,0.76,0.537,0.108,0.369,0.328,0.119,0.789,0.674,0.556,0.545,0.651,0.708,0.164,0.875,0.249,0.992,0.626,0.519,0.924,0.531,0.331,0.661,0.193,0.658,0.608,0.958,0.949,0.493,0.599
1.0,0.164,0.774,0.85,0.36,0.294,0.802,0.489,0.415,0.882,0.023,0.787,0.122,0.528,0.824,0.928,0.838,0.36,0.332,0.847,0.6,0.875,0.425,0.594,0.649,0.77,0.479,0.374,0.653,0.092,0.092,0.53,0.875,0.045,0.007,0.283,0.659,0.036,0.674,0.462,0.388
0.0,0.077,0.618,0.732,0.474,0.912,0.508,0.326,0.307,0.338,0.646,0.407,0.593,0.093,0.035,0.957,0.657,0.566,0.45,0.221,0.1,0.013,0.012,0.442,0.069,0.783,0.711,0.872,0.81,0.11,0.991,0.342,0.416,0.608,0.406,0.596,0.088,0.539,0.733,0.061,0.071
1.0,0.918,0.937,0.427,0.502,0.62,0.828,0.909,0.027,0.413,0.474,0.527,0.344,0.712,0.225,0.301,0.542,0.157,0.917,0.43,0.779,0.251,0.089,0.199,0.614,0.281,0.827,0.291,0.717,0.89,0.478,0.103,0.3,0.162,0.716,0.802,0.89,0.164,0.932,0.164,0.98
1.0,0.56,0.469,0.42,0.419,0.658,0.258,0.256,0.941,0.286,0.818,0.205,0.409,0.495,0.878,0.407,0.651,0.723,0.61,0.27,0.721,0.145,0.516,0.333,0.911,0.526,0.896,0.759,0.566,0.775,0.633,0.525,0.804,0.362,0.655,0.485,0.405,0.715,0.723,0.505,0.799
1.0,0.267,0.309,0.306,0.564,0.689,0.901,0.744,0.066,0.235,0.387,0.613,0.322,0.258,0.418,0.88,0.013,0.551,0.747,0.497,0.939,0.083,0.591,0.65,0.453,0.019,0.129,0.492,0.368,0.712,0.623,0.044,0.878,0.785,0.424,0.909,0.75,0.477,0.211,0.6,0.303
0.0,0.198,0.884,0.182,0.562,0.753,0.904,0.281,0.649,0.478,0.889,0.608,0.356,0.023,0.799,0.316,0.092,0.879,0.564,0.015,0.769,0.091,0.076,0.835,0.111,0.235,0.015,0.449,0.411,0.517,0.096,0.86,0.828,0.971,0.288,0.571,0.057,0.759,0.938,0.251,0.123
1.0,0.756,0.496,0.289,0.916,0.768,0.838,0.738,0.237,0.401,0.871,0.143,0.228,0.032,0.545,0.082,0.253,0.43,0.95,0.643,0.57,0.342,0.142,0.002,0.225,0.653,0.073,0.141,0.644,0.276,0.204,0.946,0.932,0.538,0.11,0.397,0.156,0.12,0.609,0.029,0.601
0.0,0.627,0.932,0.726,0.073,0.983,0.024,0.108,0.574,0.97,0.366,0.205,0.058,0.391,0.244,0.184,0.941,0.293,0.198,0.608,0.81,0.795,0.269,0.548,0.761,0.401,0.577,0.528,0.952,0.39,0.49,0.975,0.102,0.978,0.582,0.733,0.995,0.805,0.741,0.014,0.65
0.0,0.095,0.396,0.022,0.087,0.881,0.691,0.896,0.247,0.474,0.337,0.866,0.669,0.276,0.287,0.248,0.455,0.495,0.698,0.306,0.532,0.619,0.53,0.57,0.443,0.017,0.769,0.818,0.897,0.308,0.797,0.81,0.055,0.43,0.198,0.471,0.878,0.917,0.868,0.007,0.536
1.0,0.264,0.306,0.898,0.684,0.821,0.301,0.905,0.079,0.777,0.41,0.972,0.271,0.092,0.861,0.218,0.911,0.74,0.272,0.895,0.548,0.463,0.701,0.365,0.616,0.04,0.414,0.37,0.273,0.059,0.664,0.628,0.929,0.754,0.621,0.406,0.048,0.925,0.259,0.962,0.501
0.0,0.436,0.926,0.601,0.711,0.233,0.316,0.201,0.561,0.586,0.961,0.287,0.83,0.619,0.322,0.273,0.168,0.971,0.382,0.447,0.798,0.672,0.85,0.396,0.532,0.24,0.464,0.975,0.688,0.278,0.438,0.57,0.457,0.112,0.938,0.002,0.718,0.913,0.234,0.383,0.628
0.0,0.441,0.497,0.081,0.591,0.394,0.069,0.909,0.683,0.431,0.157,0.538,0.844,0.113,0.812,0.85,0.821,0.047,0.792,0.163,0.063,0.303,0.343,0.758,0.454,0.447,0.596,0.679,0.45,0.057,0.315,0.119,0.233,0.346,0.17,0.652,0.908,0.664,0.826,0.588,0.31
0.0,0.906,0.989,0.697,0.932,0.298,0.5,0.938,0.88,0.679,0.439,0.601,0.913,0.467,0.105,0.486,0.253,0.586,0.408,0.987,0.367,0.918,0.2,0.043,0.773,0.03,0.201,0.666,0.637,0.561,0.115,0.097,0.097,0.103,0.405,0.823,0.633,0.697,0.383,0.377,0.916
0.0,0.402,0.299,0.05,0.776,0.039,0.754,0.274,0.001,0.972,0.962,0.136,0.456,0.828,0.822,0.479,0.755,0.087,0.074,0.315,0.537,0.343,0.875,0.19,0.662,0.875,0.019,0.226,0.158,0.291,0.81,0.506,0.579,0.076,0.632,0.804,0.896,0.612,0.262,0.277,0.835
1.0,0.713,0.079,0.66,0.827,0.831,0.716,0.192,0.616,0.487,0.568,0.629,0.361,0.198,0.542,0.053,0.391,0.354,0.245,0.664,0.018,0.374,0.969,0.442,0.545,0.834,0.715,0.006,0.368,0.78,0.067,0.2,0.612,0.168,0.845,0.475,0.283,0.217,0.682,0.65,0.616
0.0,0.717,0.315,0.665,0.215,0.594,0.662,0.899,0.848,0.227,0.185,0.307,0.648,0.993,0.167,0.575,0.104,0.322,0.927,0.502,0.851,0.814,0.653,0.923,0.826,0.231,0.308,0.362,0.76,0.216,0.222,0.587,0.028,0.251,0.806,0.677,0.357,0.953,0.484,0.601,0.011
1.0,0.684,0.847,0.228,0.671,0.538,0.833,0.862,0.73,0.606,0.377,0.357,0.673,0.958,0.524,0.482,0.52,0.422,0.092,0.503,0.232,0.491,0.229,0.685,0.829,0.079,0.133,0.451,0.85,0.181,0.637,0.858,0.074,0.632,0.638,0.154,0.601,0.514,0.556,0.531,0.804
1.0,0.268,0.155,0.622,0.383,0.931,0.92,0.252,0.301,0.963,0.048,0.823,0.551,0.899,0.241,0.071,0.401,0.007,0.609,0.621,0.233,0.101,0.275,0.578,0.74,0.445,0.987,0.262,0.155,0.377,0.872,0.192,0.155,0.271,0.34,0.217,0.153,0.652,0.628,0.632,0.448
1.0,0.676,0.297,0.506,0.242,0.707,0.728,0.818,0.25,0.494,0.144,0.816,0.269,0.443,0.055,0.417,0.513,0.425,0.701,0.827,0.596,0.798,0.213,0.506,0.506,0.703,0.517,0.678,0.847,0.522,0.085,1.0,0.786,0.905,0.376,0.736,0.961,0.058,0.049,0.087,0.99
0.0,0.445,0.117,0.201,0.521,0.92,0.366,0.266,0.939,0.596,0.164,0.756,0.018,0.823,0.567,0.133,0.506,0.264,0.477,0.109,0.147,0.917,0.384,0.961,0.83,0.343,0.185,0.811,0.984,0.302,0.298,0.607,0.179,0.211,0.551,0.025,0.113,0.774,0.87,0.901,0.433
1.0,0.682,0.036,0.541,0.835,0.81,0.873,0.347,0.351,0.447,0.974,0.829,0.944,0.157,0.446,0.638,0.488,0.151,0.464,0.662,0.651,0.902,0.525,0.355,0.454,0.683,0.678,0.453,0.195,0.062,0.578,0.253,0.748,0.798,0.092,0.962,0.299,0.499,0.45,0.945,0.131
0.0,0.573,0.416,0.617,0.707,0.016,0.416,0.075,0.494,0.499,0.654,0.976,0.29,0.003,0.977,0.409,0.481,0.608,0.648,0.107,0.138,0.922,0.92,0.966,0.72,0.769,0.864,0.473,0.868,0.21,0.854,0.723,0.497,0.709,0.334,0.03,0.319,0.435,0.599,0.809,0.172
1.0,0.16,0.274,0.269,0.252,0.963,0.505,0.878,0.519,0.278,0.734,0.793,0.447,0.186,0.053,0.736,0.855,0.382,0.446,0.607,0.646,0.88,0.573,0.35,0.874,0.882,0.486,0.945,0.467,0.772,0.977,0.008,0.869,0.252,0.969,0.048,0.781,0.191,0.737,0.179,0.374
0.0,0.772,0.132,0.335,0.978,0.117,0.237,0.239,0.677,0.574,0.74,0.65,0.108,0.417,0.659,0.89,0.72,0.617,0.087,0.536,0.149,0.249,0.493,0.939,0.759,0.828,0.92,0.923,0.354,0.66,0.807,0.413,0.844,0.347,0.681,0.108,0.325,0.39,0.449,0.855,0.474
0.0,0.811,0.31,0.593,0.196,0.9,0.592,0.811,0.54,0.503,0.928,0.221,0.655,0.787,0.624,0.729,0.811,0.305,0.285,0.549,0.66,0.376,0.862,0.476,0.152,0.151,0.085,0.204,0.465,0.617,0.037,0.074,0.899,0.432,0.818,0.193,0.227,0.096,0.476,0.412,0.952
1.0,0.641,0.997,0.884,0.565,0.407,0.354,0.962,0.171,0.857,0.251,0.962,0.483,0.713,0.907,0.111,0.642,0.077,0.173,0.735,0.216,0.633,0.894,0.356,0.42,0.598,0.532,0.659,0.588,0.38,0.61,0.53,0.622,0.887,0.054,0.701,0.896,0.677,0.529,0.047,0.15
0.0,0.057,0.767,0.962,0.895,0.903,0.386,0.431,0.997,0.992,0.784,0.265,0.533,0.69,0.873,0.673,0.22,0.872,0.295,0.052,0.331,0.863,0.697,0.553,0.369,0.964,0.443,0.723,0.63,0.237,0.568,0.608,0.164,0.444,0.528,0.01,0.107,0.28,0.774,0.693,0.628
1.0,0.152,0.479,0.255,0.152,0.033,0.562,0.842,0.306,0.232,0.454,0.292,0.298,0.744,0.214,0.269,0.456,0.834,0.985,0.331,0.385,0.988,0.233,0.018,0.775,0.722,0.769,0.811,0.064,0.738,0.14,0.059,0.765,0.515,0.288,0.59,0.696,0.102,0.196,0.457,0.028
1.0,0.889,0.739,0.567,0.952,0.583,0.781,0.949,0.004,0.016,0.254,0.757,0.504,0.946,0.108,0.597,0.85,0.914,0.796,0.322,0.65,0.302,0.134,0.463,0.02,0.575,0.626,0.676,0.122,0.875,0.116,0.061,0.801,0.576,0.222,0.885,0.264,0.734,0.511,0.804,0.361
0.0,0.639,0.594,0.336,0.332,0.996,0.035,0.316,0.354,0.757,0.139,0.323,0.343,0.741,0.017,0.358,0.325,0.057,0.594,0.171,0.897,0.868,0.981,0.561,0.937,0.716,0.756,0.738,0.945,0.143,0.326,0.273,0.074,0.154,0.791,0.143,0.094,0.615,0.829,0.007,0.881
0.0,0.495,0.352,0.131,0.733,0.856,0.844,0.424,0.155,0.161,0.104,0.561,0.212,0.622,0.991,0.069,0.59,0.99,0.225,0.134,0.117,0.799,0.485,0.851,0.17,0.65,0.285,0.512,0.415,0.863,0.307,0.769,0.61,0.849,0.407,0.578,0.096,0.291,0.631,0.06,0.764
0.0,0.63,0.554,0.226,0.9,0.28,0.875,0.806,0.731,0.196,0.498,0.342,0.88,0.995,0.119,0.219,0.121,0.344,0.003,0.821,0.214,0.995,0.887,0.43,0.857,0.972,0.666,0.361,0.037,0.246,0.95,0.799,0.749,0.892,0.022,0.29,0.252,0.254,0.687,0.68,0.583
0.0,0.609,0.814,0.947,0.982,0.344,0.23,0.285,0.165,0.392,0.85,0.745,0.872,0.722,0.644,0.227,0.905,0.896,0.625,0.999,0.342,0.607,0.704,0.425,0.052,0.188,0.172,0.058,0.79,0.079,0.174,0.726,0.147,0.606,0.248,0.619,0.749,0.319,0.497,0.477,0.507
0.0,0.704,0.308,0.636,0.825,0.202,0.284,0.026,0.053,0.385,0.501,0.596,0.792,0.27,0.236,0.433,0.613,0.372,0.99,0.291,0.994,0.357,0.579,0.449,0.2,0.948,0.495,0.92,0.799,0.862,0.114,0.959,0.021,0.42,0.664,0.166,0.295,0.707,0.12,0.577,0.091
0.0,0.498,0.341,0.484,0.805,0.924,0.779,0.691,0.485,0.454,0.44,0.682,0.428,0.699,0.329,0.399,0.763,0.556,0.706,0.36,0.153,0.384,0.2,0.607,0.904,0.503,0.972,0.171,0.06,0.589,0.366,0.068,0.034,0.03,0.075,0.8,0.236,0.053,0.209,0.428,0.741
1.0,0.987,0.035,0.403,0.58,0.364,0.733,0.586,0.004,0.548,0.099,0.59,0.374,0.107,0.146,0.847,0.135,0.52,0.258,0.409,0.22,0.218,0.348,0.038,0.897,0.298,0.66,0.574,0.949,0.988,0.67,0.601,0.606,0.693,0.27,0.91,0.552,0.31,0.138,0.789,0.899
1.0,0.083,0.994,0.842,0.791,0.133,0.491,0.835,0.05,0.342,0.579,0.298,0.482,0.463,0.07,0.996,0.779,0.182,0.028,0.708,0.437,0.801,0.624,0.337,0.923,0.417,0.586,0.521,0.445,0.063,0.133,0.531,0.783,0.804,0.183,0.566,0.976,0.797,0.675,0.835,0.237
1.0,0.127,0.712,0.9,0.952,0.307,0.763,0.514,0.203,0.757,0.607,0.216,0.097,0.785,0.214,0.971,0.669,0.813,0.018,0.778,0.155,0.297,0.586,0.236,0.73,0.166,0.538,0.753,0.16,0.365,0.184,0.687,0.244,0.482,0.365,0.881,0.891,0.731,0.615,0.232,0.984
0.0,0.466,0.405,0.81,0.42,0.486,0.461,0.356,0.144,0.028,0.518,0.277,0.55,0.778,0.071,0.262,0.623,0.0,0.1,0.48,0.79,0.616,0.97,0.857,0.678,0.998,0.226,0.989,0.977,0.915,0.773,0.189,0.786,0.31,0.293,0.509,0.272,0.129,0.531,0.089,0.1
0.0,0.629,0.08,0.974,0.646,0.914,0.986,0.771,0.384,0.42,0.428,0.258,0.933,0.732,0.433,0.199,0.146,0.088,0.349,0.523,0.163,0.827,0.479,0.826,0.097,0.872,0.174,0.028,0.763,0.894,0.803,0.914,0.166,0.562,0.813,0.3,0.637,0.92,0.586,0.326,0.004
1.0,0.645,0.344,0.589,0.321,0.152,0.353,0.618,0.411,0.908,0.25,0.636,0.613,0.76,0.898,0.741,0.401,0.091,0.693,0.299,0.531,0.784,0.219,0.363,0.288,0.541,0.676,0.615,0.578,0.281,0.545,0.045,0.873,0.116,0.307,0.374,0.079,0.066,0.331,0.976,0.592
0.0,0.616,0.54,0.205,0.46,0.357,0.95,0.811,0.371,0.876,0.144,0.518,0.995,0.893,0.841,0.697,0.198,0.957,0.277,0.5,0.72,0.067,0.224,0.873,0.333,0.105,0.429,0.025,0.791,0.238,0.752,0.36,0.0,0.429,0.027,0.732,0.439,0.315,0.195,0.285,0.755
1.0,0.592,0.27,0.942,0.991,0.774,0.767,0.835,0.159,0.138,0.411,0.286,0.637,0.587,0.978,0.823,0.932,0.701,0.317,0.728,0.676,0.648,0.942,0.099,0.111,0.945,0.661,0.999,0.252,0.715,0.597,0.664,0.005,0.944,0.306,0.36,0.682,0.33,0.063,0.376,0.833
1.0,0.195,0.291,0.971,0.153,0.603,0.775,0.811,0.277,0.798,0.767,0.731,0.404,0.854,0.793,0.835,0.564,0.231,0.621,0.95,0.881,0.115,0.89,0.574,0.818,0.832,0.278,0.198,0.882,0.488,0.189,0.832,0.935,0.032,0.209,0.191,0.053,0.099,0.204,0.129,0.098
1.0,0.972,0.034,0.018,0.392,0.502,0.559,0.948,0.632,0.257,0.912,0.137,0.586,0.366,0.701,0.701,0.512,0.011,0.26,0.944,0.465,0.287,0.793,0.077,0.316,0.128,0.202,0.991,0.598,0.936,0.431,0.205,0.954,0.155,0.923,0.567,0.869,0.23,0.637,0.117,0.266
0.0,0.248,0.556,0.794,0.146,0.971,0.442,0.141,0.969,0.012,0.403,0.304,0.48,0.13,0.693,0.422,0.608,0.073,0.543,0.987,0.143,0.641,0.626,0.517,0.255,0.113,0.62,0.034,0.774,0.057,0.011,0.536,0.396,0.878,0.765,0.111,0.143,0.53,0.21,0.145,0.04
1.0,0.077,0.898,0.278,0.595,0.334,0.885,0.054,0.595,0.866,0.071,0.765,0.323,0.554,0.911,0.419,0.112,0.154,0.484,0.252,0.795,0.666,0.332,0.27,0.616,0.553,0.158,0.739,0.43,0.3,0.108,0.904,0.942,0.798,0.297,0.404,0.831,0.79,0.278,0.606,0.32
0.0,0.471,0.334,0.293,0.434,0.786,0.503,0.684,0.39,0.181,0.264,0.545,0.038,0.032,0.48,0.697,0.023,0.331,0.329,0.092,0.881,0.819,0.71,0.054,0.591,0.226,0.753,0.61,0.979,0.299,0.705,0.097,0.364,0.87,0.95,0.939,0.784,0.327,0.843,0.337,0.6
0.0,0.066,0.209,0.955,0.083,0.586,0.773,0.146,0.439,0.519,0.464,0.824,0.367,0.587,0.412,0.27,0.594,0.647,0.17,0.844,0.672,0.244,0.381,0.793,0.759,0.05,0.15,0.561,0.227,0.79,0.495,0.716,0.627,0.188,0.787,0.165,0.797,0.253,0.889,0.427,0.207
1.0,0.133,0.666,0.749,0.112,0.385,0.535,0.837,0.441,0.301,0.778,0.652,0.499,0.051,0.314,0.79,0.94,0.596,0.507,0.755,0.507,0.454,0.1,0.34,0.379,0.497,0.18,0.597,0.576,0.902,0.452,0.777,0.873,0.312,0.024,0.451,0.765,0.669,0.467,0.482,0.639
1.0,0.369,0.658,0.412,0.431,0.31,0.671,0.011,0.824,0.908,0.299,0.757,0.622,0.246,0.918,0.074,0.183,0.87,0.667,0.384,0.076,0.708,0.315,0.093,0.406,0.772,0.872,0.667,0.995,0.978,0.734,0.464,0.587,0.325,0.924,0.346,0.899,0.513,0.828,0.024,0.369
0.0,0.695,0.528,0.065,0.526,0.191,0.631,0.416,0.754,0.626,0.016,0.842,0.021,0.092,0.15,0.757,0.37,0.539,0.834,0.093,0.745,0.03,0.129,0.825,0.279,0.387,0.961,0.848,0.778,0.256,0.728,0.496,0.922,0.517,0.267,0.253,0.616,0.039,0.196,0.049,0.063
1.0,0.471,0.533,0.013,0.285,0.07,0.257,0.501,0.978,0.33,0.672,0.431,0.666,0.884,0.024,0.006,0.271,0.019,0.526,0.894,0.278,0.232,0.546,0.332,0.835,0.675,0.872,0.488,0.382,0.955,0.399,0.121,0.367,0.967,0.827,0.588,0.132,0.774,0.542,0.759,0.524
1.0,0.363,0.998,0.337,0.326,0.481,0.368,0.438,0.938,0.016,0.672,0.141,0.546,0.507,0.257,0.442,0.873,0.268,0.2,0.211,0.902,0.081,0.193,0.52,0.106,0.337,0.146,0.411,0.878,0.392,0.56,0.314,0.629,0.105,0.657,0.381,0.013,0.223,0.926,0.64,0.217
1.0,0.008,0.65,0.847,0.521,0.301,0.691,0.273,0.394,0.156,0.695,0.211,0.655,0.993,0.976,0.2,0.802,0.523,0.222,0.027,0.091,0.225,0.87,0.463,0.423,0.125,0.025,0.039,0.902,0.382,0.7,0.239,0.397,0.757,0.258,0.305,0.843,0.187,0.478,0.417,0.384
1.0,0.651,0.7,0.786,0.365,0.465,0.407,0.042,0.817,0.218,0.43,0.849,0.247,0.637,0.507,0.163,0.791,0.412,0.388,0.377,0.247,0.565,0.405,0.142,0.186,0.369,0.309,0.417,0.845,0.909,0.507,0.413,0.425,0.003,0.187,0.786,0.828,0.721,0.982,0.303,0.206
0.0,0.6,0.696,1.0,0.546,0.114,0.967,0.651,0.588,0.832,0.714,0.05,0.99,0.137,0.591,0.742,0.04,0.681,0.359,0.006,0.723,0.247,0.338,0.144,0.455,0.568,0.976,0.606,0.647,0.027,0.338,0.147,0.391,0.688,0.648,0.609,0.277,0.08,0.204,0.854,0.275
1.0,0.268,0.679,0.342,0.292,0.792,0.213,0.972,0.67,0.244,0.064,0.24,0.015,0.237,0.338,0.533,0.875,0.317,0.784,0.499,0.327,0.341,0.588,0.15,0.31,0.708,0.25,0.993,0.227,0.37,0.609,0.201,0.812,0.677,0.224,0.384,0.654,0.785,0.655,0.329,0.405
1.0,0.399,0.269,0.788,0.34,0.645,0.729,0.732,0.886,0.161,0.332,0.555,0.665,0.062,0.731,0.972,0.647,0.329,0.895,0.092,0.801,0.726,0.067,0.209,0.632,0.902,0.953,0.358,0.757,0.897,0.633,0.883,0.79,0.21,0.591,0.543,0.542,0.028,0.48,0.976,0.534
0.0,0.004,0.998,0.59,0.911,0.554,0.677,0.313,0.119,0.278,0.049,0.127,0.38,0.992,0.104,0.105,0.953,0.724,0.085,0.607,0.669,0.554,0.267,0.885,0.002,0.042,0.362,0.299,0.426,0.504,0.283,0.557,0.67,0.468,0.325,0.745,0.887,0.048,0.062,0.82,0.429
0.0,0.452,0.749,0.728,0.166,0.437,0.747,0.915,0.015,0.557,0.265,0.307,0.065,0.642,0.271,0.999,0.603,0.3,0.898,0.757,0.2,0.51,0.894,0.803,0.566,0.263,0.376,0.177,0.859,0.358,0.967,0.937,0.189,0.05,0.375,0.317,0.267,0.063,0.163,0.047,0.715
0.0,0.313,0.631,0.148,0.843,0.747,0.684,0.579,0.762,0.52,0.542,0.2,0.821,0.791,0.226,0.728,0.202,0.876,0.754,0.14,0.354,0.268,0.428,0.98,0.915,0.003,0.955,0.863,0.901,0.253,0.602,0.828,0.557,0.447,0.552,0.766,0.652,0.218,0.406,0.622,0.255
0.0,0.619,0.241,0.926,0.872,0.89,0.5,0.038,0.548,0.866,0.243,0.428,0.513,0.579,0.627,0.975,0.93,0.625,0.126,0.977,0.003,0.708,0.83,0.026,0.64,0.228,0.943,0.334,0.385,0.079,0.106,0.438,0.357,0.2,0.049,0.993,0.387,0.965,0.826,0.004,0.158
1.0,0.352,0.309,0.854,0.335,0.443,0.352,0.466,0.106,0.287,0.489,0.108,0.376,0.12,0.258,0.301,0.035,0.862,0.414,0.547,0.482,0.949,0.209,0.623,0.251,0.359,0.179,0.086,0.754,0.505,0.592,0.34,0.94,0.794,0.257,0.379,0.118,0.375,0.533,0.085,0.421
1.0,0.179,0.441,0.936,0.444,0.706,0.604,0.763,0.884,0.707,0.798,0.356,0.04,0.872,0.79,0.529,0.889,0.905,0.756,0.741,0.952,0.307,0.82,0.23,0.058,0.793,0.903,0.443,0.241,0.387,0.011,0.494,0.44,0.956,0.349,0.58,0.795,0.363,0.921,0.386,0.745
0.0,0.783,0.95,0.439,0.408,0.344,0.672,0.315,0.333,0.795,0.303,0.742,0.821,0.16,0.845,0.396,0.434,0.356,0.435,0.884,0.745,0.495,0.714,0.101,0.371,0.282,0.856,0.155,0.069,0.046,0.538,0.034,0.654,0.569,0.948,0.602,0.212,0.655,0.739,0.815,0.936
1.0,0.786,0.515,0.227,0.509,0.437,0.141,0.543,0.425,0.503,0.483,0.048,0.643,0.413,0.775,0.367,0.185,0.071,0.658,0.161,0.016,0.059,0.97,0.778,0.098,0.372,0.014,0.772,0.141,0.29,0.875,0.235,0.701,0.403,0.409,0.432,0.747,0.116,0.875,0.555,0.946
0.0,0.655,0.056,0.668,0.837,0.905,0.535,0.078,0.012,0.713,0.534,0.204,0.761,0.531,0.958,0.095,0.843,0.088,0.229,0.8,0.62,0.284,0.075,0.396,0.085,0.092,0.971,0.546,0.311,0.643,0.766,0.373,0.485,0.728,0.552,0.898,0.994,0.926,0.073,0.986,0.952
0.0,0.507,0.17,0.345,0.764,0.916,0.764,0.813,0.499,0.876,0.92,0.716,0.862,0.534,0.345,0.603,0.396,0.747,0.784,0.353,0.37,0.46,0.77,0.035,0.144,0.237,0.821,0.714,0.87,0.13,0.78,0.94,0.18,0.465,0.482,0.642,0.753,0.996,0.622,0.732,0.273
1.0,0.511,0.644,0.089,0.117,0.456,0.073,0.293,0.675,0.301,0.158,0.571,0.418,0.884,0.954,0.332,0.221,0.32,0.914,0.72,0.031,0.642,0.613,0.65,0.666,0.491,0.996,0.11,0.565,0.686,0.173,0.408,0.805,0.596,0.714,0.498,0.654,0.279,0.758,0.053,0.795
0.0,0.283,0.133,0.458,0.385,0.949,0.079,0.642,0.808,0.823,0.946,0.243,0.399,0.375,0.981,0.396,0.929,0.363,0.736,0.773,0.679,0.479,0.6,0.304,0.296,0.954,0.565,0.27,0.803,0.145,0.899,0.042,0.192,0.075,0.833,0.319,0.63,0.887,0.368,0.621,0.21
0.0,0.723,0.48,0.986,0.94,0.185,0.901,0.535,0.457,0.483,0.431,0.527,0.855,0.81,0.872,0.082,0.569,0.528,0.961,0.687,0.2,0.093,0.741,0.277,0.438,0.003,0.287,0.865,0.583,0.841,0.224,0.047,0.644,0.905,0.912,0.259,0.393,0.784,0.479,0.14,0.412
1.0,0.376,0.986,0.501,0.414,0.29,0.127,0.144,0.576,0.857,0.124,0.005,0.212,0.276,0.728,0.304,0.072,0.476,0.788,0.284,0.467,0.17,0.966,0.637,0.633,0.16,0.634,0.075,0.245,0.489,0.074,0.697,0.48,0.404,0.426,0.554,0.854,0.685,0.399,0.54,0.399
1.0,0.933,0.517,0.466,0.087,0.717,0.638,0.804,0.349,0.648,0.958,0.257,0.693,0.872,0.324,0.68,0.16,0.615,0.187,0.02,0.436,0.671,0.127,0.706,0.408,0.345,0.358,0.553,0.509,0.916,0.276,0.501,0.927,0.442,0.291,0.818,0.94,0.868,0.855,0.945,0.681
1.0,0.496,0.636,0.538,0.766,0.066,0.129,0.842,0.349,0.402,0.89,0.531,0.465,0.473,0.803,0.972,0.144,0.679,0.99,0.209,0.24,0.28,0.767,0.293,0.109,0.934,0.096,0.246,0.538,0.747,0.104,0.323,0.906,0.883,0.166,0.042,0.525,0.83,0.962,0.564,0.695
0.0,0.47,0.173,0.851,0.943,0.747,0.566,0.609,0.988,0.787,0.831,0.615,0.629,0.244,0.323,0.65,0.898,0.68,0.805,0.976,0.207,0.117,0.65,0.453,0.125,0.255,0.001,0.88,0.697,0.715,0.175,0.285,0.548,0.295,0.259,0.258,0.064,0.623,0.917,0.421,0.757
0.0,0.993,0.486,0.359,0.928,0.011,0.582,0.938,0.361,0.106,0.472,0.687,0.841,0.804,0.937,0.284,0.907,0.167,0.419,0.84,0.469,0.92,0.467,0.937,0.876,0.116,0.887,0.326,0.229,0.484,0.273,0.652,0.173,0.273,0.286,0.312,0.916,0.568,0.946,0.911,0.955
0.0,0.266,0.127,0.255,0.181,0.717,0.2,0.486,0.439,0.968,0.513,0.792,0.927,0.102,0.463,0.428,0.135,0.602,0.456,0.335,0.76,0.514,0.687,0.154,0.329,0.798,0.869,0.119,0.765,0.617,0.182,0.247,0.356,0.838,0.637,0.795,0.128,0.202,0.73,0.993,0.306
0.0,0.452,0.367,0.731,0.849,0.922,0.102,0.911,0.761,0.443,0.908,0.217,0.269,0.073,0.184,0.691,0.561,0.847,0.006,0.66,0.938,0.812,0.554,0.111,0.77,0.083,0.749,0.204,0.439,0.77,0.651,0.847,0.485,0.322,0.464,0.857,0.55,0.348,0.276,0.478,0.001
0.0,0.456,0.826,0.352,0.372,0.406,0.156,0.44,0.571,0.922,0.142,0.954,0.839,0.788,0.489,0.609,0.642,0.961,0.804,0.305,0.457,0.39,0.934,0.285,0.549,0.106,0.776,0.583,0.706,0.695,0.665,0.727,0.174,0.374,0.301,0.522,0.199,0.108,0.485,0.591,0.148
1.0,0.258,0.081,0.476,0.854,0.723,0.826,0.206,0.472,0.965,0.84,0.3,0.527,0.832,0.565,0.475,0.628,0.092,0.215,0.655,0.099,0.558,0.799,0.069,0.555,0.613,0.369,0.959,0.082,0.748,0.768,0.354,0.427,0.063,0.051,0.961,0.873,0.808,0.142,0.263,0.199
1.0,0.271,0.606,0.412,0.216,0.708,0.264,0.884,0.082,0.676,0.123,0.012,0.277,0.447,0.91,0.897,0.416,0.554,0.563,0.667,0.417,0.691,0.116,0.778,0.395,0.696,0.478,0.075,0.89,0.441,0.222,0.263,0.161,0.618,0.099,0.54,0.345,0.701,0.046,0.404,0.526
1.0,0.051,0.923,0.515,0.893,0.466,0.345,0.808,0.258,0.087,0.713,0.232,0.272,0.646,0.216,0.578,0.193,0.392,0.395,0.692,0.096,0.999,0.562,0.476,0.412,0.495,0.986,0.843,0.416,0.449,0.395,0.505,0.407,0.358,0.801,0.735,0.66,0.049,0.941,0.58,0.342
1.0,0.522,0.778,0.658,0.441,0.152,0.143,0.425,0.334,0.42,0.113,0.627,0.49,0.464,0.737,0.986,0.007,0.442,0.45,0.691,0.061,0.403,0.124,0.191,0.5,0.102,0.46,0.799,0.671,0.259,0.84,0.48,0.679,0.889,0.789,0.206,0.989,0.698,0.309,0.267,0.351
1.0,0.511,0.698,0.417,0.343,0.732,0.794,0.787,0.857,0.092,0.061,0.257,0.012,0.155,0.235,0.837,0.953,0.837,0.19,0.712,0.31,0.808,0.934,0.211,0.206,0.558,0.337,0.894,0.676,0.227,0.968,0.592,0.972,0.693,0.926,0.781,0.665,0.379,0.44,0.742,0.497
1.0,0.623,0.822,0.785,0.16,0.967,0.067,0.531,0.929,0.373,0.835,0.455,0.45,0.071,0.709,0.568,0.09,0.012,0.344,0.255,0.382,0.543,0.429,0.532,0.614,0.28,0.54,0.036,0.666,0.761,0.532,0.43,0.937,0.527,0.909,0.14,0.478,0.607,0.964,0.788,0.695
0.0,0.294,0.206,0.564,0.297,0.891,0.992,0.519,0.998,0.962,0.999,0.694,0.961,0.583,0.547,0.243,0.118,0.635,0.246,0.024,0.744,0.237,0.314,0.941,0.406,0.189,0.964,0.239,0.677,0.956,0.175,0.046,0.365,0.108,0.945,0.168,0.775,0.543,0.038,0.241,0.732
1.0,0.609,0.886,0.215,0.382,0.249,0.084,0.441,0.801,0.783,0.094,0.521,0.044,0.154,0.137,0.726,0.169,0.108,0.279,0.542,0.343,0.383,0.149,0.19,0.798,0.938,0.075,0.916,0.611,0.276,0.44,0.262,0.071,0.757,0.239,0.773,0.103,0.725,0.032,0.187,0.19
0.0,0.615,0.069,0.064,0.376,0.053,0.292,0.953,0.388,0.472,0.376,0.301,0.991,0.024,0.403,0.356,0.622,0.802,0.524,0.574,0.619,0.377,0.564,0.786,0.972,0.214,0.443,0.562,0.417,0.011,0.868,0.884,0.132,0.256,0.457,0.37,0.029,0.057,0.76,0.504,0.9
1.0,0.089,0.776,0.986,0.742,0.467,0.994,0.382,0.098,0.319,0.465,0.275,0.199,0.77,0.691,0.263,0.222,0.53,0.882,0.693,0.623,0.38,0.833,0.156,0.215,0.515,0.351,0.894,0.067,0.371,0.115,0.484,0.814,0.501,0.376,0.246,0.166,0.198,0.707,0.419,0.225
1.0,0.964,0.938,0.951,0.645,0.113,0.159,0.261,0.119,0.706,0.275,0.193,0.405,0.384,0.258,0.663,0.574,0.382,0.689,0.392,0.347,0.624,0.724,0.639,0.116,0.604,0.196,0.198,0.508,0.537,0.264,0.45,0.568,0.797,0.971,0.575,0.386,0.852,0.825,0.016,0.95
0.0,0.752,0.359,0.016,0.393,0.256,0.116,0.868,0.907,0.976,0.788,0.198,0.568,0.364,0.401,0.103,0.616,0.379,0.187,0.888,0.808,0.527,0.79,0.963,0.627,0.332,0.627,0.082,0.804,0.67,0.82,0.783,0.232,0.655,0.839,0.509,0.137,0.916,0.314,0.571,0.848
0.0,0.958,0.225,0.579,0.859,0.209,0.388,0.66,0.547,0.941,0.858,0.653,0.096,0.877,1.0,0.588,0.614,0.267,0.721,0.789,0.503,0.385,0.081,0.797,0.326,0.982,0.615,0.991,0.003,0.202,0.153,0.624,0.872,0.244,0.602,0.98,0.556,0.082,0.318,0.647,0.345
0.0,0.81,0.152,0.75,0.459,0.828,0.12,0.701,0.172,0.859,0.034,0.699,0.815,0.059,0.231,0.718,0.133,0.239,0.593,0.716,0.571,0.693,0.669,0.036,0.22,0.769,0.355,0.596,0.098,0.49,0.189,0.519,0.234,0.789,0.456,0.641,0.41,0.982,0.568,0.038,0.028
0.0,0.351,0.59,0.601,0.98,0.933,0.414,0.072,0.072,0.938,0.698,0.15,0.242,0.841,0.367,0.844,0.454,0.188,0.886,0.352,0.029,0.157,0.882,0.308,0.141,0.497,0.791,0.552,0.984,0.992,0.726,0.134,0.259,0.551,0.528,0.042,0.48,0.856,0.823,0.047,0.535
0.0,0.984,0.069,0.035,0.983,0.839,0.75,0.617,0.871,0.956,0.178,0.957,0.714,0.109,0.905,0.837,0.055,0.574,0.207,0.263,0.354,0.363,0.537,0.608,0.666,0.16,0.441,0.925,0.192,0.545,0.247,0.049,0.935,0.644,0.107,0.406,0.301,0.782,0.708,0.404,0.457
0.0,0.309,0.19,0.516,0.613,0.52,0.963,0.993,0.395,0.057,0.921,0.179,0.258,0.472,0.459,0.584,0.451,0.885,0.804,0.142,0.963,0.297,0.292,0.967,0.838,0.334,0.574,0.927,0.05,0.177,0.261,0.84,0.821,0.234,0.666,0.663,0.356,0.247,0.994,0.088,0.853
1.0,0.462,0.09,0.484,0.422,0.292,0.833,0.757,0.239,0.107,0.813,0.602,0.032,0.134,0.693,0.212,0.565,0.827,0.209,0.742,0.012,0.048,0.502,0.096,0.57,0.921,0.591,0.575,0.792,0.023,0.32,0.027,0.562,0.705,0.776,0.457,0.233,0.703,0.344,0.825,0.639
0.0,0.568,0.739,0.408,0.919,0.292,0.532,0.063,0.434,0.359,0.396,0.996,0.13,0.535,0.956,0.918,0.838,0.313,0.846,0.813,0.115,0.045,0.455,0.939,0.882,0.215,0.859,0.407,0.814,0.455,0.181,0.093,0.612,0.182,0.818,0.854,0.685,0.923,0.951,0.47,0.217
1.0,0.915,0.831,0.551,0.594,0.284,0.066,0.185,0.369,0.96,0.453,0.044,0.706,0.697,0.999,0.851,0.703,0.977,0.438,0.393,0.213,0.934,0.428,0.07,0.898,0.346,0.539,0.154,0.285,0.823,0.833,0.584,0.211,0.531,0.759,0.273,0.118,0.572,0.105,0.001,0.29
1.0,0.949,0.037,0.733,0.687,0.453,0.301,0.883,0.49,0.62,0.094,0.267,0.123,0.829,0.327,0.39,0.235,0.876,0.211,0.773,0.689,0.171,0.856,0.49,0.528,0.805,0.668,0.933,0.554,0.263,0.444,0.405,0.31,0.447,0.097,0.277,0.63,0.976,0.535,0.06,0.941
0.0,0.473,0.476,0.093,0.323,0.127,0.788,0.156,0.14,0.098,0.5,0.466,0.413,0.878,0.505,0.487,0.837,0.582,0.579,0.506,0.164,0.847,0.167,0.853,0.894,0.842,0.408,0.118,0.088,0.597,0.074,0.399,0.839,0.777,0.104,0.489,0.097,0.461,0.08,0.167,0.708
0.0,0.729,0.901,0.898,0.329,0.897,0.244,0.404,0.507,0.382,0.166,0.264,0.84,0.526,0.844,0.852,0.188,0.739,0.234,0.3,0.122,0.821,0.584,0.163,0.511,0.139,0.124,0.476,0.616,0.889,0.492,0.53,0.594,0.59,0.753,0.37,0.349,0.212,0.459,0.85,0.905
1.0,0.254,0.686,0.484,0.624,0.167,0.242,0.907,0.388,0.724,0.482,0.533,0.227,0.279,0.93,0.293,0.788,0.874,0.349,0.817,0.158,0.595,0.124,0.116,0.287,0.114,0.945,0.422,0.879,0.919,0.511,0.987,0.105,0.58,0.283,0.999,1.0,0.548,0.314,0.081,0.051
0.0,0.117,0.742,0.541,0.001,0.331,0.027,0.344,0.326,0.437,0.465,0.25,0.887,0.647,0.843,0.842,0.246,0.943,0.544,0.422,0.412,0.708,0.83,0.314,0.612,0.997,0.989,0.06,0.503,0.773,0.17,0.6,0.162,0.829,0.129,0.667,0.227,0.573,0.083,0.137,0.343
1.0,0.879,0.303,0.472,0.43,0.002,0.713,0.038,0.353,0.393,0.816,0.961,0.633,0.648,0.598,0.9,0.175,0.369,0.395,0.637,0.606,0.855,0.938,0.249,0.756,0.656,0.362,0.989,0.531,0.491,0.855,0.443,0.608,0.092,0.745,0.65,0.043,0.56,0.098,0.365,0.947
0.0,0.637,0.022,0.497,0.927,0.501,0.067,0.204,0.945,0.186,0.373,0.106,0.348,0.76,0.655,0.98,0.338,0.3,0.347,0.479,0.161,0.944,0.228,0.383,0.467,0.369,0.577,0.6,0.526,0.015,0.155,0.523,0.381,0.054,0.676,0.295,0.732,0.989,0.877,0.507,0.972
1.0,0.483,0.842,0.788,0.583,0.408,0.243,0.401,0.314,0.515,0.9,0.018,0.634,0.983,0.857,0.143,0.043,0.711,0.239,0.611,0.461,0.645,0.185,0.214,0.556,0.17,0.12,0.31,0.109,0.124,0.681,0.338,0.223,0.257,0.4,0.822,0.94,0.66,0.579,0.269,0.879
0.0,0.902,0.469,0.61,0.397,0.691,0.779,0.444,0.264,0.716,0.208,0.854,0.887,0.139,0.666,0.647,0.794,0.539,0.838,0.899,0.563,0.985,0.638,0.703,0.064,0.779,0.369,0.737,0.608,0.615,0.151,0.495,0.935,0.28,0.948,0.109,0.851,0.974,0.894,0.034,0.981
1.0,0.128,0.777,0.727,0.691,0.73,0.604,0.003,0.809,0.972,0.494,0.585,0.756,0.065,0.767,0.059,0.383,0.284,0.256,0.706,0.992,0.913,0.02,0.41,0.387,0.657,0.63,0.604,0.138,0.742,0.388,0.1,0.177,0.557,0.281,0.232,0.574,0.681,0.085,0.86,0.378
1.0,0.182,0.868,0.299,0.177,0.227,0.594,0.031,0.226,0.164,0.898,0.23,0.31,0.117,0.047,0.005,0.067,0.838,0.562,0.054,0.892,0.407,0.023,0.48,0.181,0.206,0.036,0.039,0.671,0.713,0.464,0.315,0.984,0.274,0.088,0.878,0.156,0.647,0.294,0.772,0.796
0.0,0.735,0.081,0.451,0.094,0.953,0.157,0.163,0.991,0.855,0.906,0.4,0.4,0.956,0.715,0.895,0.023,0.659,0.604,0.967,0.631,0.729,0.626,0.147,0.382,0.29,0.351,0.03,0.428,0.279,0.649,0.122,0.195,0.925,0.998,0.513,0.455,0.959,0.909,0.755,0.887
1.0,0.954,0.919,0.862,0.645,0.506,0.677,0.072,0.517,0.439,0.046,0.219,0.366,0.799,0.118,0.387,0.756,0.249,0.963,0.639,0.492,0.25,0.409,0.744,0.92,0.315,0.766,0.701,0.29,0.617,0.058,0.975,0.019,0.53,0.182,0.831,0.714,0.355,0.561,0.277,0.936
1.0,0.43,0.196,0.705,0.136,0.589,0.455,0.513,0.939,0.181,0.829,0.748,0.3,0.664,0.471,0.803,0.247,0.141,0.308,0.346,0.941,0.809,0.403,0.595,0.048,0.879,0.496,0.294,0.455,0.605,0.219,0.688,0.954,0.658,0.543,0.597,0.773,0.25,0.398,0.196,0.281
0.0,0.876,0.815,0.167,0.475,0.731,0.55,0.896,0.58,0.264,0.825,0.758,0.788,0.795,0.506,0.362,0.79,0.419,0.018,0.248,0.129,0.408,0.948,0.606,0.899,0.472,0.855,0.944,0.559,0.756,0.325,0.595,0.988,0.159,0.819,0.345,0.771,0.739,0.582,0.928,0.851
1.0,0.99,0.477,0.586,0.646,0.448,0.237,0.182,0.352,0.472,0.669,0.221,0.641,0.705,0.044,0.004,0.511,0.592,0.257,0.376,0.247,0.465,0.799,0.364,0.428,0.264,0.497,0.524,0.136,0.522,0.156,0.812,0.191,0.056,0.498,0.807,0.751,0.567,0.38,0.848,0.437
0.0,0.675,0.406,0.688,0.621,0.819,0.505,0.31,0.78,0.09,0.151,0.354,0.425,0.49,0.909,0.291,0.988,0.528,0.122,0.012,0.19,0.719,0.596,0.994,0.726,0.913,0.113,0.314,0.203,0.466,0.146,0.59,0.568,0.443,0.488,0.531,0.929,0.742,0.243,0.863,0.198
0.0,0.668,0.993,0.894,0.811,0.333,0.936,0.176,0.139,0.111,0.583,0.87,0.802,0.094,0.361,0.09,0.691,0.815,0.111,0.867,0.356,0.34,0.448,0.909,0.644,0.944,0.161,0.324,0.445,0.964,0.044,0.234,0.486,0.417,0.939,0.369,0.218,0.782,0.902,0.951,0.86
0.0,0.514,0.92,0.854,0.215,0.08,0.569,0.276,0.042,0.441,0.816,0.518,0.389,0.568,0.961,0.215,0.63,0.992,0.711,0.005,0.968,0.565,0.177,0.852,0.897,0.272,0.318,0.687,0.961,0.461,0.155,0.639,0.949,0.624,0.307,0.725,0.98,0.414,0.024,0.324,0.601
1.0,0.653,0.419,0.282,0.47,0.235,0.02,0.329,0.694,0.21,0.212,0.068,0.104,0.112,0.54,0.085,0.238,0.231,0.554,0.43,0.048,0.63,0.787,0.051,0.912,0.882,0.835,0.245,0.964,0.643,0.459,0.774,0.527,0.66,0.062,0.347,0.425,0.573,0.102,0.497,0.728
0.0,0.6,0.047,0.774,0.484,0.896,0.334,0.435,0.787,0.407,0.228,0.6,0.69,0.604,0.143,0.18,0.15,0.013,0.66,0.363,0.457,0.944,0.074,0.975,0.259,0.534,0.799,0.49,0.414,0.115,0.378,0.04,0.457,0.997,0.465,0.953,0.499,0.605,0.737,0.488,0.69
1.0,0.367,0.038,0.048,0.35,0.82,0.263,0.764,0.573,0.247,0.764,0.904,0.463,0.306,0.901,0.046,0.442,0.228,0.046,0.571,0.329,0.698,0.154,0.489,0.768,0.94,0.105,0.192,0.521,0.671,0.184,0.819,0.799,0.616,0.669,0.988,0.025,0.675,0.86,0.956,0.903
0.0,0.777,0.274,0.098,0.653,0.065,0.326,0.474,0.202,0.543,0.556,0.36,0.005,0.081,0.42,0.105,0.387,0.268,0.024,0.274,0.151,0.057,0.657,0.94,0.132,0.566,0.224,0.526,0.881,0.591,0.844,0.395,0.224,0.1,0.397,0.737,0.93,0.632,0.833,0.388,0.093
1.0,0.651,0.462,0.166,0.658,0.606,0.931,0.497,0.549,0.063,0.682,0.53,0.689,0.625,0.358,0.841,0.286,0.496,0.615,0.071,0.409,0.123,0.029,0.671,0.16,0.722,0.579,0.081,0.945,0.157,0.495,0.089,0.879,0.796,0.672,0.974,0.896,0.559,0.976,0.42,0.405
1.0,0.541,0.844,0.147,0.14,0.832,0.531,0.115,0.483,0.894,0.193,0.28,0.427,0.379,0.006,0.683,0.836,0.323,0.942,0.642,0.472,0.375,0.368,0.406,0.838,0.659,0.747,0.679,0.875,0.669,0.128,0.417,0.411,0.07,0.371,0.888,0.063,0.065,0.689,0.89,0.226
1.0,0.61,0.047,0.396,0.775,0.293,0.97,0.597,0.4,0.706,0.64,0.269,0.465,0.246,0.092,0.009,0.745,0.896,0.64,0.863,0.22,0.851,0.572,0.403,0.13,0.739,0.405,0.582,0.889,0.393,0.915,0.407,0.926,0.154,0.614,0.436,0.83,0.004,0.787,0.664,0.121
0.0,0.212,0.346,0.397,0.553,0.591,0.175,0.33,0.434,0.54,0.16,0.836,0.745,0.479,0.532,0.277,0.708,0.851,0.88,0.478,0.169,0.861,0.572,0.959,0.699,0.757,0.348,0.035,0.998,0.342,0.552,0.533,0.41,0.027,0.201,0.89,0.067,0.961,0.806,0.837,0.338
1.0,0.679,0.427,0.081,0.428,0.503,0.25,0.372,0.816,0.825,0.201,0.451,0.025,0.93,0.758,0.318,0.442,0.661,0.649,0.081,0.015,0.297,0.173,0.063,0.005,0.406,0.799,0.158,0.6,1.0,0.91,0.915,0.374,0.445,0.598,0.572,0.303,0.053,0.856,0.483,0.267
1.0,0.417,0.723,0.292,0.637,0.071,0.315,0.059,0.205,0.354,0.381,0.244,0.569,0.016,0.132,0.922,0.031,0.352,0.296,0.13,0.472,0.136,0.991,0.205,0.356,0.253,0.922,0.092,0.291,0.098,0.347,0.149,0.313,0.699,0.079,0.499,0.026,0.716,0.897,0.541,0.289
1.0,0.378,0.39,0.773,0.253,0.341,0.776,0.727,0.167,0.279,0.901,0.554,0.762,0.864,0.498,0.037,0.13,0.387,0.186,0.133,0.032,0.591,0.479,0.754,0.172,0.135,0.776,0.255,0.152,0.606,0.092,0.561,0.606,0.072,0.051,0.873,0.174,0.484,0.785,0.727,0.995
1.0,0.76,0.63,0.154,0.33,0.246,0.123,0.12,0.152,0.009,0.382,0.12,0.519,0.529,0.411,0.759,0.012,0.892,0.487,0.953,0.831,0.79,0.163,0.331,0.656,0.684,0.858,0.67,0.391,0.145,0.203,0.987,0.84,0.875,0.712,0.515,0.199,0.9,0.835,0.821,0.684
0.0,0.937,0.737,0.048,0.533,0.824,0.003,0.574,0.725,0.958,0.022,0.273,0.484,0.621,0.812,0.13,0.24,0.391,0.812,0.119,0.32,0.736,0.493,0.542,0.951,0.629,0.165,0.577,0.459,0.471,0.955,0.528,0.157,0.157,0.89,0.814,0.557,0.792,0.936,0.732,0.224
0.0,0.896,0.04,0.668,0.147,0.424,0.007,0.178,0.242,0.069,0.637,0.486,0.436,0.721,0.697,0.948,0.664,0.606,0.578,0.078,0.211,0.636,0.456,0.992,0.673,0.269,0.155,0.316,0.008,0.885,0.087,0.213,0.591,0.053,0.985,0.794,0.415,0.726,0.753,0.526,0.954
1.0,0.177,0.871,0.401,0.114,0.719,0.131,0.567,0.793,0.992,0.24,0.756,0.082,0.165,0.594,0.325,0.951,0.384,0.268,0.869,0.908,0.282,0.217,0.362,0.862,0.323,0.145,0.3,0.028,0.775,0.668,0.78,0.033,0.196,0.114,0.106,0.516,0.181,0.069,0.354,0.388
0.0,0.072,0.704,0.561,0.768,0.885,0.195,0.408,0.42,0.953,0.639,0.15,0.234,0.301,0.101,0.649,0.756,0.645,0.692,0.929,0.348,0.405,0.038,0.734,0.05,0.808,0.224,0.468,0.636,0.031,0.506,0.635,0.357,0.375,0.465,0.598,0.754,0.763,0.939,0.715,0.169
0.0,0.355,0.319,0.131,0.671,0.34,0.033,0.355,0.998,0.448,0.661,0.79,0.582,0.661,0.55,0.292,0.776,0.004,0.496,0.027,0.248,0.482,0.076,0.948,0.104,0.09,0.461,0.185,0.928,0.254,0.847,0.106,0.218,0.488,0.063,0.666,0.368,0.605,0.117,0.039,0.837
0.0,0.748,0.733,0.289,0.834,0.671,0.59,0.152,0.495,0.997,0.186,0.024,0.94,0.169,0.569,0.172,0.753,0.69,0.062,0.549,0.272,0.614,0.844,0.877,0.478,0.551,0.652,0.399,0.197,0.44,0.312,0.823,0.921,0.916,0.009,0.106,0.584,0.295,0.452,0.813,0.124
1.0,0.452,0.322,0.541,0.428,0.67,0.689,0.546,0.729,0.525,0.207,0.366,0.066,0.914,0.389,0.274,0.723,0.053,0.242,0.442,0.163,0.852,0.035,0.186,0.583,0.906,0.155,0.478,0.126,0.895,0.875,0.218,0.945,0.497,0.091,0.128,0.276,0.609,0.348,0.661,0.696
0.0,0.553,0.323,0.781,0.347,0.721,0.572,0.897,0.504,0.881,0.158,0.581,0.916,0.831,0.223,0.498,0.466,0.433,0.369,0.318,0.783,0.561,0.845,0.331,0.099,0.123,0.07,0.32,0.423,0.581,0.871,0.209,0.433,0.787,0.538,0.623,0.739,0.954,0.928,0.029,0.633
1.0,0.437,0.76,0.633,0.466,0.697,0.657,0.615,0.861,0.619,0.547,0.738,0.122,0.742,0.96,0.492,0.813,0.026,0.829,0.092,0.77,0.344,0.436,0.067,0.562,0.817,0.533,0.479,0.206,0.102,0.448,0.759,0.419,0.051,0.232,0.866,0.222,0.207,0.505,0.393,0.634
1.0,0.087,0.798,0.713,0.834,0.402,0.596,0.909,0.057,0.247,0.607,0.387,0.353,0.103,0.796,0.827,0.668,0.347,0.667,0.848,0.423,0.205,0.509,0.603,0.213,0.244,0.882,0.238,0.179,0.456,0.759,0.974,0.464,0.54,0.91,0.655,0.513,0.358,0.874,0.178,0.219
1.0,0.639,0.846,0.39,0.07,0.148,0.988,0.478,0.238,0.287,0.608,0.899,0.569,0.835,0.14,0.524,0.523,0.269,0.568,0.491,0.422,0.156,0.99,0.651,0.982,0.227,0.031,0.939,0.845,0.933,0.893,0.223,0.234,0.046,0.738,0.792,0.947,0.191,0.049,0.814,0.438
1.0,0.433,0.444,0.817,0.241,0.69,0.19,0.777,0.69,0.944,0.482,0.813,0.047,0.819,0.559,0.218,0.099,0.504,0.09,0.604,0.632,0.274,0.815,0.377,0.204,0.813,0.888,0.314,0.506,0.076,0.087,0.064,0.667,0.815,0.67,0.297,0.215,0.737,0.546,0.22,0.274
0.0,0.527,0.441,0.761,0.151,0.072,0.669,0.097,0.002,0.836,0.222,0.987,0.933,0.321,0.887,0.916,0.63,0.971,0.672,0.897,0.251,0.068,0.96,1.0,0.761,0.03,0.931,0.833,0.126,0.825,0.271,0.11,0.33,0.216,0.131,0.029,0.221,0.341,0.371,0.637,0.769
0.0,0.879,0.095,0.0,0.295,0.94,0.132,0.289,0.931,0.667,0.106,0.096,0.687,0.385,0.901,0.832,0.493,0.058,0.459,0.566,0.837,0.915,0.742,0.268,0.125,0.028,0.796,0.696,0.025,0.7,0.864,0.205,0.684,0.806,0.769,0.502,0.314,0.224,0.851,0.382,0.983
1.0,0.851,0.65,0.281,0.712,0.752,0.543,0.917,0.187,0.978,0.659,0.332,0.366,0.151,0.377,0.244,0.891,0.288,0.813,0.671,0.451,0.622,0.646,0.287,0.312,0.148,0.974,0.967,0.257,0.032,0.526,0.018,0.764,0.336,0.838,0.515,0.614,0.328,0.48,0.548,0.578
0.0,0.511,0.082,0.152,0.895,0.494,0.598,0.916,0.228,0.139,0.774,0.601,0.92,0.099,0.011,0.212,0.836,0.164,0.055,0.813,0.375,0.975,0.804,0.187,0.716,0.532,0.064,0.069,0.881,0.188,0.398,0.659,0.213,0.191,0.627,0.126,0.816,0.881,0.449,0.629,0.489
1.0,0.449,0.636,0.47,0.302,0.72,0.463,0.565,0.788,0.123,0.941,0.353,0.47,0.494,0.027,0.194,0.903,0.415,0.167,0.225,0.072,0.459,0.508,0.995,0.443,0.671,0.661,0.734,0.539,0.981,0.449,0.134,0.322,0.296,0.969,0.824,0.36,0.342,0.43,0.7,0.8
0.0,0.309,0.76,0.069,0.275,0.373,0.624,0.263,0.006,0.743,0.391,0.83,0.803,0.032,0.34,0.592,1.0,0.749,0.461,0.478,0.76,0.868,0.027,0.741,0.756,0.88,0.091,0.068,0.439,0.201,0.02,0.388,0.876,0.316,0.008,0.365,0.219,0.271,0.365,0.042,0.413
1.0,0.49,0.312,0.105,0.003,0.074,0.436,0.866,0.719,0.528,0.871,0.11,0.035,0.158,0.72,0.515,0.064,0.431,0.153,0.565,0.147,0.95,0.284,0.284,0.339,0.787,0.344,0.749,0.462,0.289,0.48,0.62,0.067,0.913,0.406,0.284,0.517,0.934,0.36,0.969,0.473
0.0,0.711,0.422,0.247,0.413,0.414,0.471,0.69,0.514,0.946,0.284,0.531,0.92,0.593,0.413,0.028,0.323,0.379,0.371,0.44,0.405,0.959,0.452,0.853,0.661,0.39,0.407,0.139,0.427,0.513,0.956,0.255,0.635,0.991,0.552,0.443,0.222,0.606,0.436,0.167,0.391
1.0,0.24,0.637,0.149,0.285,0.834,0.838,0.273,0.183,0.961,0.871,0.389,0.335,0.369,0.138,0.944,0.767,0.731,0.114,0.374,0.761,0.329,0.724,0.237,0.382,0.736,0.243,0.41,0.588,0.291,0.611,0.571,0.556,0.902,0.761,0.558,0.437,0.884,0.365,0.938,0.754
1.0,0.38,0.204,0.671,0.76,0.074,0.925,0.273,0.073,0.243,0.057,0.195,0.498,0.133,0.246,0.553,0.902,0.017,0.719,0.787,0.571,0.571,0.523,0.687,0.575,0.438,0.37,0.011,0.498,0.195,0.126,0.708,0.089,0.761,0.04,0.448,0.498,0.302,0.569,0.123,0.909
1.0,0.043,0.449,0.633,0.572,0.809,0.235,0.468,0.057,0.959,0.531,0.589,0.537,0.995,0.013,0.754,0.287,0.154,0.849,0.128,0.514,0.131,0.845,0.384,0.867,0.14,0.911,0.343,0.987,0.195,0.396,0.629,0.812,0.538,0.473,0.484,0.516,0.395,0.56,0.924,0.94
0.0,0.875,0.644,0.148,0.439,0.1,0.803,0.708,0.497,0.61,0.614,0.524,0.658,0.237,0.649,0.661,0.383,0.452,0.224,0.681,0.354,0.459,0.73,0.928,0.673,0.674,0.606,0.011,0.005,0.222,0.072,0.186,0.399,0.565,0.769,0.056,0.672,0.38,0.676,0.15,0.321
1.0,0.56,0.712,0.304,0.458,0.401,0.774,0.184,0.808,0.8,0.901,0.685,0.903,0.911,0.329,0.599,0.307,0.586,0.609,0.763,0.382,0.976,0.739,0.972,0.081,0.452,0.561,0.802,0.661,0.16,0.933,0.808,0.711,0.991,0.016,0.571,0.008,0.207,0.956,0.941,0.535
0.0,0.326,0.217,0.852,0.407,0.695,0.104,0.757,0.868,0.919,0.574,0.926,0.198,0.837,0.911,0.119,0.082,0.768,0.097,0.1,0.743,0.638,0.491,0.857,0.012,0.429,0.494,0.16,0.156,0.025,0.047,0.607,0.46,0.579,0.238,0.12,0.066,0.105,0.216,0.189,0.157
1.0,0.015,0.693,0.815,0.273,0.349,0.474,0.431,0.444,0.555,0.129,0.897,0.194,0.068,0.826,0.591,0.264,0.233,0.072,0.097,0.862,0.248,0.803,0.078,0.972,0.614,0.725,0.053,0.657,0.614,0.726,0.802,0.346,0.963,0.785,0.597,0.031,0.521,0.905,0.306,0.846
1.0,0.579,0.393,0.493,0.76,0.269,0.61,0.769,0.995,0.138,0.989,0.383,0.225,0.343,0.634,0.792,0.298,0.705,0.64,0.235,0.33,0.955,0.292,0.697,0.498,0.952,0.594,0.307,0.051,0.589,0.68,0.012,0.323,0.084,0.873,0.908,0.509,0.373,0.711,0.191,0.578
0.0,0.004,0.185,0.669,0.837,0.911,0.693,0.627,0.898,0.918,0.679,0.6,0.721,0.792,0.552,0.279,0.561,0.858,0.521,0.592,0.353,0.071,0.092,0.212,0.048,0.06,0.833,0.965,0.08,0.106,0.193,0.921,0.983,0.962,0.677,0.299,0.467,0.095,0.223,0.725,0.092
0.0,0.05,0.256,0.61,0.18,0.888,0.353,0.717,0.297,0.228,0.752,0.13,0.856,0.992,0.618,0.874,0.577,0.909,0.281,0.998,0.894,0.183,0.224,0.48,0.296,0.494,0.904,0.549,0.733,0.106,0.2,0.901,0.614,0.345,0.352,0.749,0.334,0.665,0.764,0.888,0.083
1.0,0.087,0.367,0.704,0.311,0.007,0.761,0.135,0.892,0.091,0.404,0.62,0.713,0.592,0.742,0.545,0.359,0.329,0.723,0.827,0.768,0.043,0.779,0.088,0.328,0.679,0.699,0.338,0.959,0.534,0.731,0.746,0.098,0.25,0.964,0.072,0.096,0.513,0.935,0.34,0.956
0.0,0.358,0.557,0.084,0.738,0.869,0.151,0.498,0.75,0.48,0.703,0.49,0.831,0.086,0.871,0.585,0.826,0.21,0.093,0.645,0.566,0.321,0.535,0.859,0.854,0.484,0.809,0.106,0.037,0.857,0.605,0.992,0.861,0.285,0.087,0.014,0.031,0.405,0.601,0.64,0.287
1.0,0.038,0.817,0.575,0.479,0.317,0.764,0.849,0.857,0.603,0.477,0.734,0.873,0.157,0.807,0.509,0.918,0.92,0.506,0.883,0.786,0.469,0.099,0.453,0.105,0.425,0.105,0.864,0.014,0.709,0.669,0.295,0.987,0.57,0.89,0.374,0.61,0.735,0.241,0.83,0.773
1.0,0.884,0.34,0.971,0.079,0.329,0.283,0.842,0.619,0.666,0.689,0.0,0.166,0.883,0.705,0.461,0.163,0.782,0.295,0.209,0.181,0.662,0.418,0.046,0.779,0.858,0.831,0.288,0.811,0.921,0.941,0.464,0.705,0.099,0.463,0.598,0.868,0.193,0.791,0.051,0.045
1.0,0.212,0.768,0.873,0.522,0.577,0.536,0.355,0.177,0.73,0.271,0.328,0.114,0.981,0.933,0.859,0.522,0.106,0.192,0.053,0.324,0.236,0.742,0.301,0.534,0.192,0.352,0.603,0.541,0.569,0.691,0.635,0.923,0.266,0.134,0.927,0.832,0.713,0.283,0.72,0.624
1.0,0.008,0.341,0.317,0.533,0.106,0.046,0.621,0.316,0.209,0.604,0.84,0.722,0.256,0.063,0.252,0.421,0.196,0.201,0.743,0.448,0.684,0.076,0.123,0.427,0.429,0.103,0.996,0.236,0.382,0.9,0.87,0.947,0.553,0.514,0.008,0.417,0.921,0.845,0.159,0.681
1.0,0.292,0.225,0.588,0.736,0.327,0.622,0.614,0.057,0.079,0.713,0.632,0.369,0.028,0.84,0.603,0.396,0.052,0.121,0.565,0.305,0.311,0.146,0.263,0.595,0.575,0.028,0.011,0.94,0.314,0.017,0.505,0.75,0.747,0.469,0.59,0.937,0.425,0.298,0.189,0.944
1.0,0.997,0.201,0.664,0.189,0.08,0.08,0.463,0.351,0.128,0.162,0.5,0.275,0.361,0.462,0.642,0.314,0.38,0.385,0.71,0.05,0.262,0.522,0.304,0.353,0.974,0.044,0.467,0.91,0.715,0.815,0.715,0.231,0.986,0.528,0.931,0.566,0.403,0.506,0.052,0.914
0.0,0.377,0.924,0.642,0.579,0.919,0.164,0.987,0.214,0.304,0.834,0.523,0.646,0.398,0.789,0.489,0.787,0.11,0.522,0.913,0.048,0.956,0.803,0.404,0.222,0.023,0.235,0.75,0.901,0.095,0.72,0.01,0.032,0.288,0.049,0.223,0.901,0.537,0.066,0.734,0.852
1.0,0.15,0.449,0.594,0.287,0.683,0.433,0.089,0.603,0.247,0.336,0.024,0.108,0.646,0.954,0.774,0.965,0.745,0.069,0.308,0.255,0.74,0.309,0.018,0.023,0.331,0.603,0.22,0.883,0.783,0.089,0.816,0.099,0.178,0.233,0.015,0.121,0.638,0.795,0.856,0.587
0.0,0.633,0.579,0.983,0.672,0.477,0.752,0.026,0.105,0.022,0.423,0.008,0.898,0.817,0.496,0.911,0.397,0.354,0.09,0.965,0.01,0.38,0.696,0.22,0.988,0.739,0.791,0.583,0.492,0.47,0.171,0.519,0.452,0.523,0.999,0.504,0.539,0.722,0.779,0.161,0.723
1.0,0.213,0.382,0.413,0.614,0.156,0.85,0.19,0.83,0.624,0.731,0.408,0.572,0.232,0.063,0.241,0.389,0.795,0.417,0.35,0.81,0.0,0.635,0.262,0.346,0.28,0.823,0.341,0.089,0.852,0.655,0.351,0.125,0.357,0.28,0.058,0.021,0.069,0.443,0.073,0.951
1.0,0.989,0.055,0.531,0.827,0.081,0.505,0.943,0.631,0.221,0.463,0.423,0.765,0.895,0.107,0.768,0.26,0.519,0.492,0.785,0.354,0.566,0.44,0.437,0.609,0.975,0.362,0.447,0.786,0.893,0.428,0.122,0.07,0.196,0.385,0.859,0.74,0.719,0.107,0.851,0.604
0.0,0.132,0.558,0.563,0.309,0.929,0.411,0.962,0.835,0.103,0.103,0.584,0.816,0.155,0.334,0.467,0.896,0.697,0.354,0.532,0.989,0.358,0.216,0.761,0.052,0.637,0.985,0.828,0.974,0.067,0.732,0.462,0.379,0.856,0.49,0.779,0.461,0.37,0.935,0.982,0.558
1.0,0.717,0.439,0.061,0.721,0.573,0.431,0.632,0.051,0.336,0.674,0.873,0.688,0.454,0.341,0.554,0.848,0.056,0.049,0.222,0.601,0.885,0.357,0.664,0.476,0.721,0.609,0.181,0.651,0.175,0.558,0.714,0.653,0.747,0.865,0.135,0.563,0.76,0.367,0.679,0.35
0.0,0.485,0.702,0.717,0.15,0.719,0.375,0.442,0.347,0.107,0.461,0.217,0.79,0.517,0.256,0.598,0.307,0.625,0.203,0.87,0.317,0.11,0.238,0.367,0.163,0.926,0.54,0.922,0.835,0.886,0.994,0.319,0.902,0.808,0.048,0.679,0.222,0.908,0.235,0.595,0.441
1.0,0.003,0.099,0.141,0.737,0.696,0.842,0.023,0.04,0.494,0.038,0.144,0.86,0.931,0.893,0.61,0.615,0.553,0.745,0.452,0.454,0.794,0.1,0.558,0.669,0.967,0.573,0.92,0.244,0.754,0.056,0.522,0.592,0.844,0.292,0.055,0.228,0.356,0.69,0.138,0.892
1.0,0.946,0.132,0.415,0.781,0.793,0.645,0.813,0.399,0.892,0.666,0.498,0.642,0.534,0.393,0.937,0.01,0.453,0.536,0.044,0.298,0.623,0.29,0.132,0.884,0.819,0.77,0.667,0.679,0.748,0.413,0.072,0.773,0.542,0.281,0.011,0.06,0.801,0.891,0.584,0.371
1.0,0.065,0.866,0.814,0.649,0.228,0.054,0.53,0.809,0.202,0.579,0.827,0.056,0.414,0.803,0.307,0.198,0.277,0.853,0.658,0.884,0.634,0.596,0.494,0.974,0.41,0.781,0.391,0.8,0.639,0.639,0.145,0.024,0.497,0.492,0.434,0.797,0.3,0.596,0.908,0.146
1.0,0.523,0.751,0.697,0.316,0.265,0.389,0.98,0.587,0.466,0.813,0.48,0.186,0.735,0.735,0.024,0.793,0.813,0.391,0.832,0.288,0.817,0.406,0.322,0.219,0.616,0.496,0.474,0.594,0.392,0.884,0.088,0.617,0.779,0.748,0.344,0.0,0.587,0.005,0.939,0.613
1.0,0.719,0.994,0.172,0.215,0.805,0.213,0.313,0.363,0.848,0.215,0.002,0.028,0.754,0.169,0.249,0.625,0.89,0.211,0.34,0.383,0.68,0.658,0.22,0.934,0.966,0.511,0.45,0.66,0.048,0.806,0.226,0.451,0.557,0.787,0.952,0.286,0.766,0.641,0.075,0.059
0.0,0.055,0.46,0.214,0.699,0.787,0.677,0.598,0.894,0.258,0.318,0.575,0.835,0.716,0.162,0.205,0.984,0.318,0.265,0.486,0.16,0.327,0.798,0.991,0.993,0.733,0.436,0.345,0.372,0.198,0.148,0.901,0.059,0.704,0.85,0.075,0.533,0.67,0.962,0.834,0.891
0.0,0.217,0.385,0.418,0.451,0.657,0.433,0.862,0.348,0.605,0.075,0.226,0.327,0.671,0.392,0.34,0.081,0.844,0.391,0.578,0.457,0.204,0.538,0.943,0.824,0.708,0.066,0.553,0.426,0.64,0.24,0.82,0.143,0.104,0.082,0.007,0.657,0.081,0.875,0.213,0.284
0.0,0.604,0.894,0.621,0.174,0.403,0.274,0.902,0.729,0.804,0.058,0.829,0.82,0.588,0.482,0.441,0.981,0.79,0.426,0.568,0.565,0.866,0.889,0.397,0.397,0.252,0.329,0.367,0.197,0.727,0.641,0.502,0.215,0.412,0.487,0.98,0.663,0.181,0.428,0.944,0.284
0.0,0.07,0.115,0.311,0.288,0.307,0.575,0.518,0.086,0.866,0.325,0.582,0.025,0.011,0.203,0.055,0.564,0.855,0.033,0.346,0.722,0.876,0.25,0.591,0.463,0.151,0.917,0.165,0.909,0.474,0.187,0.619,0.864,0.78,0.89,0.986,0.593,0.719,0.066,0.176,0.782
1.0,0.824,0.214,0.773,0.347,0.878,0.068,0.516,0.892,0.906,0.406,0.258,0.351,0.47,0.0,0.12,0.017,0.134,0.364,0.326,0.166,0.93,0.124,0.944,0.084,0.437,0.858,0.054,0.444,0.945,0.869,0.9,0.984,0.038,0.798,0.226,0.866,0.34,0.246,0.596,0.551
1.0,0.683,0.775,0.256,0.877,0.225,0.913,0.203,0.268,0.549,0.73,0.476,0.389,0.924,0.322,0.761,0.348,0.629,0.942,0.349,0.801,0.414,0.948,0.686,0.256,0.918,0.385,0.513,0.604,0.358,0.998,0.306,0.435,0.392,0.924,0.956,0.72,0.268,0.015,0.706,0.829
0.0,0.734,0.771,0.748,0.769,0.88,0.25,0.281,0.887,0.386,0.427,0.42,0.682,0.232,0.447,0.415,0.316,0.319,0.701,0.951,0.753,0.282,0.123,0.21,0.749,0.101,0.456,0.776,0.126,0.102,0.152,0.413,0.305,0.207,0.985,0.02,0.258,0.624,0.51,0.476,0.044
0.0,0.865,0.825,0.195,0.669,0.562,0.195,0.85,0.292,0.759,0.631,0.966,0.291,0.175,0.294,0.17,0.02,0.509,0.112,0.958,0.699,0.811,0.29,0.949,0.659,0.09,0.669,0.296,0.815,0.027,0.003,0.139,0.868,0.351,0.191,0.778,0.181,0.288,0.023,0.114,0.226
0.0,0.601,0.43,0.492,0.963,0.537,0.197,0.857,0.47,0.668,0.984,0.969,0.948,0.448,0.339,0.604,0.199,0.845,0.963,0.12,0.066,0.063,0.793,0.947,0.987,0.049,0.396,0.452,0.521,0.346,0.256,0.902,0.083,0.795,0.337,0.09,0.396,0.072,0.722,0.122,0.825
0.0,0.197,0.621,0.685,0.401,0.989,0.685,0.31,0.264,0.368,0.054,0.139,0.023,0.817,0.637,0.324,0.38,0.239,0.363,0.821,0.395,0.683,0.822,0.382,0.328,0.261,0.073,0.641,0.85,0.989,0.2,0.531,0.208,0.525,0.07,0.822,0.038,0.604,0.262,0.432,0.35
0.0,0.087,0.648,0.825,0.704,0.229,0.092,0.832,0.157,0.889,0.805,0.67,0.952,0.994,0.369,0.268,0.819,0.248,0.126,0.387,0.909,0.789,0.782,0.222,0.507,0.125,0.901,0.664,0.749,0.718,0.085,0.712,0.883,0.632,0.216,0.438,0.976,0.034,0.806,0.481,0.827
1.0,0.689,0.587,0.173,0.263,0.552,0.58,0.102,0.102,0.082,0.929,0.337,0.381,0.867,0.861,0.205,0.961,0.037,0.605,0.306,0.806,0.117,0.717,0.464,0.955,0.446,0.707,0.178,0.109,0.351,0.07,0.934,0.12,0.802,0.842,0.817,0.709,0.856,0.978,0.893,0.152
1.0,0.044,0.87,0.901,0.119,0.493,0.366,0.594,0.786,0.887,0.142,0.611,0.222,0.027,0.01,0.979,0.532,0.533,0.692,0.897,0.778,0.395,0.89,0.339,0.872,0.469,0.621,0.898,0.808,0.222,0.858,0.838,0.008,0.577,0.157,0.292,0.463,0.872,0.615,0.295,0.476
0.0,0.188,0.988,0.299,0.389,0.463,0.35,0.252,0.465,0.685,0.204,0.621,0.892,0.026,0.611,0.796,0.57,0.358,0.154,0.146,0.874,0.962,0.044,0.527,0.1,0.34,0.429,0.299,0.037,0.502,0.255,0.896,0.18,0.438,0.898,0.84,0.974,0.23,0.754,0.27,0.581
0.0,0.918,0.176,0.875,0.715,0.395,0.649,0.785,0.048,0.833,0.988,0.532,0.869,0.752,0.913,0.752,0.664,0.115,0.075,0.631,0.389,0.703,0.879,0.564,0.441,0.855,0.249,0.741,0.508,0.711,0.514,0.621,0.111,1.0,0.489,0.85,0.313,0.432,0.793,0.596,0.505
0.0,0.636,0.397,0.793,0.417,0.869,0.039,0.744,0.331,0.663,0.87,0.27,0.904,0.557,0.952,0.497,0.592,0.63,0.368,0.108,0.151,0.66,0.207,0.796,0.514,0.83,0.104,0.528,0.657,0.626,0.192,0.34,0.306,0.72,0.485,0.361,0.444,0.164,0.079,0.336,0.8
1.0,0.2,0.366,0.814,0.078,0.653,0.623,0.376,0.735,0.129,0.766,0.051,0.175,0.146,0.824,0.406,0.132,0.317,0.662,0.097,0.024,0.95,0.037,0.413,0.992,0.225,0.097,0.923,0.32,0.727,0.923,0.231,0.821,0.3,0.99,0.068,0.692,0.7,0.641,0.604,0.173
0.0,0.412,0.273,0.107,0.012,0.65,0.245,0.372,0.625,0.64,0.84,0.981,0.089,0.24,0.315,0.097,0.476,0.123,0.18,0.808,0.292,0.841,0.502,0.966,0.493,0.933,0.567,0.077,0.914,0.132,0.835,0.222,0.035,0.943,0.297,0.378,0.954,0.261,0.302,0.577,0.792
0.0,0.549,0.845,0.631,0.573,0.791,0.87,0.38,0.674,0.808,0.182,0.198,0.04,0.106,0.229,0.2,0.28,0.461,0.318,0.418,0.682,0.409,0.867,0.111,0.633,0.528,0.629,0.758,0.966,0.393,0.31,0.514,0.509,0.099,0.097,0.392,0.262,0.712,0.462,0.755,0.176
0.0,0.709,0.225,0.568,0.663,0.959,0.578,0.857,0.145,0.44,0.662,0.962,0.771,0.325,0.892,0.299,0.117,0.506,0.329,0.198,0.996,0.742,0.806,0.576,0.453,0.605,0.749,0.754,0.01,0.199,0.802,0.992,0.058,0.613,0.938,0.997,0.723,0.244,0.248,0.534,0.653
1.0,0.214,0.672,0.73,0.021,0.056,0.586,0.954,0.786,0.73,0.665,0.803,0.209,0.672,0.414,0.081,0.838,0.382,0.481,0.152,0.109,0.306,0.095,0.823,0.224,0.79,0.838,0.047,0.955,0.731,0.931,0.727,0.841,0.047,0.32,0.414,0.29,0.495,0.337,0.864,0.269
0.0,0.958,0.028,0.746,0.211,0.672,0.999,0.184,0.077,0.865,0.486,0.258,0.018,0.573,0.267,0.035,0.955,0.99,0.033,0.567,0.464,0.358,0.435,0.807,0.057,0.28,0.154,0.535,0.842,0.757,0.951,0.144,0.658,0.43,0.57,0.541,0.988,0.364,0.579,0.919,0.779
0.0,0.933,0.525,0.41,0.883,0.373,0.882,0.083,0.231,0.556,0.664,0.717,0.909,0.384,0.1,0.76,0.485,0.646,0.298,0.554,0.984,0.731,0.786,0.211,0.937,0.737,0.345,0.684,0.321,0.442,0.604,0.957,0.255,0.916,0.933,0.406,0.156,0.244,0.86,0.204,0.649
1.0,0.638,0.317,0.546,0.275,0.077,0.965,0.422,0.575,0.298,0.465,0.461,0.686,0.289,0.691,0.689,0.391,0.693,0.917,0.333,0.493,0.106,0.983,0.295,0.571,0.563,0.894,0.8,0.202,0.859,0.994,0.835,0.089,0.215,0.311,0.235,0.123,0.059,0.093,0.713,0.216
1.0,0.604,0.866,0.066,0.849,0.374,0.597,0.717,0.109,0.214,0.487,0.706,0.761,0.631,0.85,0.314,0.897,0.504,0.455,0.036,0.086,0.09,0.451,0.329,0.868,0.051,0.852,0.784,0.336,0.408,0.032,0.97,0.97,0.449,0.33,0.425,0.888,0.323,0.293,0.719,0.095
1.0,0.015,0.637,0.698,0.827,0.616,0.549,0.644,0.387,0.961,0.024,0.697,0.511,0.813,0.481,0.681,0.473,0.591,0.544,0.122,0.557,0.871,0.065,0.739,0.923,0.807,0.465,0.701,0.668,0.593,0.569,0.399,0.888,0.13,0.469,0.994,0.803,0.215,0.319,0.695,0.495
0.0,0.22,0.788,0.127,0.898,0.938,0.534,0.239,0.764,0.616,0.59,0.447,0.248,0.216,0.643,0.46,0.872,0.073,0.46,0.644,0.373,0.503,0.016,0.615,0.776,0.322,0.729,0.469,0.666,0.713,0.681,0.196,0.403,0.13,0.998,0.063,0.853,0.864,0.481,0.783,0.806
1.0,0.581,0.121,0.986,0.653,0.125,0.486,0.739,0.003,0.886,0.231,0.181,0.239,0.965,0.158,0.914,0.327,0.42,0.494,0.218,0.929,0.926,0.314,0.679,0.318,0.67,0.015,0.468,0.96,0.144,0.863,0.001,0.196,0.985,0.959,0.121,0.233,0.0,0.028,0.555,0.457
1.0,0.599,0.384,0.398,0.226,0.512,0.33,0.305,0.974,0.693,0.136,0.518,0.107,0.15,0.189,0.16,0.049,0.824,0.018,0.959,0.5,0.618,0.739,0.212,0.68,0.745,0.021,0.975,0.665,0.443,0.793,0.429,0.737,0.537,0.422,0.811,0.827,0.881,0.285,0.891,0.878
0.0,0.737,0.098,0.227,0.581,0.664,0.672,0.794,0.739,0.867,0.753,0.574,0.788,0.268,0.894,0.207,0.316,0.06,0.261,0.907,0.591,0.353,0.597,0.606,0.53,0.483,0.444,0.973,0.036,0.494,0.117,0.282,0.307,0.804,0.574,0.701,0.023,0.648,0.298,0.578,0.899
1.0,0.376,0.666,0.735,0.384,0.464,0.285,0.066,0.592,0.66,0.013,0.991,0.235,0.814,0.314,0.21,0.92,0.081,0.882,0.665,0.715,0.248,0.726,0.429,0.392,0.969,0.487,0.881,0.657,0.023,0.138,0.179,0.664,0.611,0.15,0.151,0.586,0.938,0.294,0.908,0.675
1.0,0.106,0.556,0.303,0.085,0.794,0.114,0.225,0.016,0.292,0.869,0.473,0.578,0.203,0.623,0.954,0.365,0.521,0.216,0.056,0.073,0.804,0.006,0.25,0.885,0.315,0.653,0.202,0.875,0.787,0.743,0.002,0.698,0.279,0.934,0.809,0.272,0.447,0.89,0.962,0.302
1.0,0.923,0.755,0.418,0.587,0.678,0.017,0.986,0.404,0.033,0.159,0.703,0.483,0.073,0.929,0.204,0.094,0.865,0.281,0.761,0.998,0.01,0.962,0.382,0.693,0.455,0.325,0.713,0.16,0.945,0.059,0.798,0.181,0.195,0.856,0.598,0.512,0.131,0.59,0.872,0.006
0.0,0.474,0.165,0.23,0.801,0.581,0.433,0.12,0.836,0.924,0.667,0.227,0.546,0.798,0.495,0.395,0.334,0.514,0.784,0.503,0.301,0.578,0.215,0.934,0.737,0.941,0.805,0.392,0.435,0.774,0.357,0.636,0.137,0.922,0.034,0.038,0.709,0.441,0.92,0.744,0.011
1.0,0.066,0.76,0.097,0.329,0.184,0.094,0.769,0.763,0.377,0.759,0.098,0.607,0.633,0.893,0.078,0.042,0.353,0.438,0.08,0.342,0.402,0.698,0.473,0.589,0.591,0.59,0.421,0.241,0.983,0.682,0.228,0.841,0.481,0.826,0.077,0.54,0.784,0.484,0.518,0.513
1.0,0.83,0.216,0.094,0.756,0.315,0.805,0.3,0.282,0.14,0.108,0.475,0.261,0.276,0.197,0.997,0.656,0.173,0.258,0.107,0.389,0.502,0.392,0.342,0.913,0.781,0.69,0.365,0.533,0.191,0.954,0.148,0.38,0.975,0.977,0.111,0.731,0.384,0.835,0.241,0.101
1.0,0.818,0.19,0.522,0.756,0.073,0.358,0.628,0.157,0.051,0.621,0.438,0.107,0.435,0.458,0.564,0.743,0.252,0.167,0.617,0.251,0.77,0.73,0.152,0.706,0.292,0.188,0.829,0.79,0.624,0.175,0.616,0.01,0.473,0.157,0.207,0.812,0.583,0.704,0.341,0.771
0.0,0.454,0.553,0.95,0.422,0.977,0.254,0.536,0.927,0.678,0.433,0.982,0.167,0.663,0.898,0.744,0.903,0.546,0.76,0.751,0.099,0.705,0.023,0.314,0.709,0.652,0.897,0.238,0.523,0.638,0.573,0.658,0.938,0.333,0.858,0.537,0.034,0.849,0.778,0.457,0.244
0.0,0.104,0.344,0.245,0.617,0.865,0.382,0.511,0.993,0.812,0.715,0.25,0.55,0.859,0.678,0.616,0.41,0.323,0.189,0.649,0.693,0.152,0.989,0.833,0.369,0.323,0.76,0.403,0.066,0.677,0.006,0.519,0.831,0.975,0.525,0.167,0.418,0.481,0.199,0.788,0.104
1.0,0.741,0.336,0.428,0.358,0.229,0.931,0.446,0.389,0.925,0.02,0.821,0.404,0.504,0.352,0.799,0.361,0.718,0.245,0.368,0.491,0.059,0.897,0.192,0.677,0.236,0.33,0.29,0.592,0.712,0.789,0.837,0.897,0.6,0.089,0.547,0.715,0.79,0.352,0.271,0.072
0.0,0.855,0.125,0.491,0.646,0.289,0.229,0.228,0.556,0.514,0.396,0.502,0.957,0.339,0.184,0.004,0.419,0.686,0.668,0.504,0.111,0.279,0.879,0.881,0.718,0.532,0.881,0.116,0.08,0.918,0.642,0.808,0.943,0.514,0.678,0.594,0.995,0.715,0.8,0.106,0.259
1.0,0.517,0.536,0.09,0.411,0.819,0.028,0.046,0.098,0.418,0.194,0.663,0.118,0.175,0.141,0.293,0.311,0.575,0.982,0.668,0.33,0.121,0.322,0.584,0.551,0.459,0.438,0.44,0.449,0.35,0.248,0.071,0.565,0.891,0.093,0.199,0.394,0.713,0.413,0.991,0.566
1.0,0.194,0.441,0.315,0.341,0.57,0.649,0.478,0.385,0.08,0.872,0.578,0.677,0.89,0.698,0.031,0.895,0.753,0.103,0.089,0.714,0.255,0.931,0.333,0.341,0.482,0.704,0.513,0.365,0.838,0.349,0.719,0.256,0.773,0.675,0.815,0.069,0.335,0.868,0.941,0.382
1.0,0.47,0.414,0.664,0.358,0.787,0.719,0.421,0.604,0.793,0.666,0.486,0.014,0.774,0.477,0.626,0.112,0.971,0.797,0.09,0.65,0.743,0.809,0.51,0.095,0.837,0.145,0.252,0.631,0.728,0.723,0.484,0.779,0.815,0.735,0.103,0.365,0.055,0.748,0.735,0.032
0.0,0.178,0.095,0.561,0.646,0.772,0.09,0.168,0.604,0.111,0.535,0.113,0.574,0.953,0.984,0.932,0.525,0.045,0.177,0.865,0.871,0.184,0.09,0.843,0.873,0.204,0.663,0.084,0.562,0.01,0.16,0.832,0.466,0.68,0.171,0.378,0.374,0.746,0.648,0.89,0.638
0.0,0.82,0.567,0.025,0.641,0.498,0.111,0.751,0.524,0.082,0.325,0.744,0.332,0.725,0.071,0.937,0.714,0.481,0.802,0.914,0.816,0.735,0.496,0.853,0.499,0.428,0.624,0.578,0.397,0.935,0.382,0.364,0.256,0.949,0.849,0.279,0.476,0.936,0.764,0.628,0.67
1.0,0.943,0.877,0.731,0.084,0.354,0.808,0.421,0.344,0.352,0.063,0.957,0.754,0.178,0.957,0.869,0.173,0.98,0.221,0.291,0.087,0.977,0.118,0.027,0.125,0.158,0.523,0.634,0.293,0.266,0.085,0.826,0.277,0.335,0.775,0.623,0.063,0.383,0.907,0.159,0.923
1.0,0.104,0.827,0.49,0.581,0.779,0.746,0.725,0.907,0.435,0.56,0.751,0.3,0.195,0.766,0.563,0.31,0.209,0.132,0.443,0.579,0.996,0.697,0.37,0.045,0.747,0.677,0.093,0.455,0.63,0.248,0.253,0.142,0.47,0.578,0.337,0.32,0.646,0.369,0.751,0.073
1.0,0.205,0.479,0.017,0.779,0.525,0.192,0.873,0.372,0.354,0.004,0.934,0.71,0.551,0.329,0.231,0.34,0.134,0.989,0.323,0.582,0.545,0.513,0.339,0.94,0.254,0.557,0.647,0.483,0.646,0.398,0.659,0.472,0.575,0.267,0.154,0.948,0.538,0.627,0.658,0.054
1.0,0.037,0.119,0.745,0.949,0.269,0.957,0.072,0.954,0.526,0.807,0.985,0.639,0.184,0.78,0.443,0.686,0.424,0.799,0.263,0.494,0.748,0.708,0.68,0.201,0.59,0.408,0.627,0.256,0.958,0.829,0.468,0.928,0.281,0.492,0.124,0.934,0.389,0.329,0.63,0.319
0.0,0.805,0.045,0.954,0.582,0.524,0.872,0.675,0.176,0.582,0.981,0.241,0.808,0.257,0.224,0.456,0.623,0.696,0.851,0.761,0.833,0.674,0.211,0.594,0.674,0.178,0.236,0.503,0.017,0.464,0.508,0.062,0.729,0.654,0.842,0.015,0.062,0.081,0.326,0.754,0.813
0.0,0.244,0.019,0.174,0.816,0.187,0.141,0.529,0.596,0.078,0.089,0.675,0.915,0.689,0.635,0.17,0.133,0.554,0.313,0.439,0.461,0.704,0.818,0.719,0.361,0.614,0.962,0.447,0.889,0.952,0.422,0.469,0.987,0.265,0.238,0.364,0.505,0.054,0.236,0.072,0.978
0.0,0.313,0.817,0.711,0.312,0.449,0.104,0.242,0.337,0.697,0.598,0.487,0.17,0.903,0.994,0.463,0.655,0.904,0.63,0.628,0.169,0.437,0.999,0.825,0.086,0.308,0.442,0.667,0.021,0.291,0.202,0.259,0.331,0.747,0.254,0.928,0.323,0.738,0.196,0.813,0.295
0.0,0.542,0.177,0.64,0.571,0.631,0.713,0.138,0.101,0.709,0.601,0.185,0.785,0.0,0.157,0.497,0.987,0.46,0.661,0.156,0.868,0.688,0.308,0.293,0.349,0.342,0.217,0.095,0.231,0.572,0.097,0.925,0.577,0.171,0.716,0.232,0.383,0.553,0.087,0.702,0.517
0.0,0.025,0.968,0.91,0.002,0.427,0.816,0.88,0.397,0.814,0.002,0.591,0.707,0.205,0.111,0.748,0.151,0.092,0.535,0.902,0.006,0.147,0.827,0.786,0.087,0.124,0.259,0.977,0.488,0.59,0.988,0.188,0.915,0.367,0.4,0.644,0.523,0.319,0.054,0.082,0.805
0.0,0.471,0.26,0.673,0.772,0.936,0.521,0.709,0.484,0.231,0.19,0.172,0.004,0.985,0.958,0.836,0.985,0.123,0.167,0.54,0.542,0.869,0.063,0.558,0.31,0.191,0.376,0.804,0.024,0.21,0.078,0.433,0.314,0.721,0.713,0.707,0.123,0.577,0.676,0.107,0.002
1.0,0.674,0.066,0.044,0.069,0.783,0.263,0.555,0.06,0.964,0.737,0.663,0.764,0.286,0.917,0.856,0.058,0.675,0.15,0.866,0.544,0.299,0.429,0.224,0.439,0.478,0.594,0.825,0.572,0.468,0.039,0.09,0.135,0.752,0.685,0.277,0.813,0.924,0.68,0.831,0.912
0.0,0.402,0.418,0.549,0.583,0.665,0.673,0.316,0.596,0.576,0.992,0.232,0.902,0.806,0.9,0.858,0.66,0.433,0.792,0.329,0.192,0.13,0.306,0.455,0.767,0.096,0.598,0.731,0.013,0.75,0.334,0.302,0.258,0.859,0.644,0.209,0.229,0.634,0.146,0.303,0.362
0.0,0.322,0.637,0.329,0.404,0.183,0.685,0.615,0.875,0.85,0.505,0.587,0.439,0.794,0.942,0.336,0.201,0.557,0.273,0.191,0.687,0.377,0.103,0.833,0.836,0.827,0.939,0.872,0.952,0.52,0.081,0.163,0.07,0.996,0.907,0.511,0.811,0.552,0.672,0.098,0.645
1.0,0.922,0.779,0.767,0.714,0.637,0.181,0.07,0.831,0.622,0.546,0.753,0.564,0.49,0.852,0.677,0.959,0.707,0.179,0.944,0.866,0.81,0.342,0.02,0.006,0.025,0.299,0.665,0.113,0.792,0.023,0.688,0.965,0.462,0.895,0.216,0.413,0.982,0.993,0.555,0.751
0.0,0.605,0.713,0.868,0.771,0.613,0.048,0.273,0.689,0.092,0.685,0.909,0.804,0.106,0.09,0.887,0.163,0.393,0.443,0.08,0.7,0.435,0.452,0.227,0.778,0.162,0.304,0.569,0.095,0.937,0.43,0.07,0.54,0.843,0.902,0.122,0.491,0.725,0.493,0.741,0.826
0.0,0.594,0.308,0.085,0.097,0.48,0.84,0.726,0.409,0.004,0.976,0.69,0.994,0.137,0.076,0.586,0.038,0.162,0.945,0.723,0.189,0.193,0.768,0.201,0.374,0.471,0.606,0.594,0.512,0.344,0.378,0.446,0.68,0.061,0.945,0.984,0.408,0.465,0.275,0.864,0.345
1.0,0.806,0.557,0.725,0.824,0.082,0.628,0.049,0.668,0.456,0.469,0.864,0.661,0.579,0.635,0.898,0.806,0.928,0.129,0.467,0.928,0.755,0.77,0.732,0.434,0.147,0.415,0.547,0.147,0.318,0.498,0.685,0.679,0.403,0.742,0.333,0.249,0.527,0.694,0.617,0.649
0.0,0.978,0.427,0.018,0.681,0.701,0.489,0.354,0.869,0.112,0.737,0.085,0.826,0.212,0.028,0.147,0.619,0.694,0.191,0.579,0.113,0.255,0.648,0.695,0.536,0.897,0.444,0.506,0.03,0.172,0.543,0.077,0.726,0.144,0.7,0.623,0.028,0.262,0.487,0.022,0.667
1.0,0.728,0.479,0.406,0.121,0.207,0.266,0.027,0.322,0.147,0.97,0.045,0.203,0.32,0.549,0.58,0.388,0.039,0.146,0.385,0.224,0.935,0.466,0.781,0.55,0.559,0.481,0.615,0.901,0.105,0.384,0.848,0.929,0.717,0.107,0.722,0.122,0.42,0.217,0.68,0.297
0.0,0.296,0.444,0.889,0.73,0.96,0.183,0.692,0.407,0.226,0.849,0.3,0.95,0.034,0.847,0.523,0.001,0.055,0.834,0.83,0.251,0.987,0.66,0.337,0.528,0.297,0.966,0.939,0.154,0.655,0.077,0.701,0.316,0.022,0.872,0.722,0.128,0.924,0.357,0.927,0.787
0.0,0.672,0.76,0.08,0.383,0.612,0.936,0.089,0.513,0.045,0.62,0.464,0.775,0.777,0.941,0.137,0.844,0.373,0.094,0.424,0.909,0.871,0.339,0.435,0.442,0.534,0.694,0.354,0.853,0.998,0.355,0.72,0.883,0.058,0.682,0.18,0.312,0.552,0.634,0.617,0.586
0.0,0.145,0.461,0.146,0.417,0.244,0.804,0.644,0.145,0.371,0.757,0.585,0.961,0.855,0.315,0.526,0.545,0.344,0.962,0.235,0.725,0.643,0.711,0.456,0.346,0.648,0.063,0.04,0.457,0.836,0.8,0.025,0.983,0.67,0.438,0.933,0.679,0.551,0.724,0.892,0.706
1.0,0.691,0.363,0.114,0.595,0.61,0.139,0.763,0.252,0.069,0.736,0.227,0.69,0.594,0.391,0.347,0.204,0.831,0.799,0.969,0.721,0.584,0.505,0.023,0.338,0.07,0.181,0.691,0.043,0.887,0.959,0.28,0.082,0.253,0.716,0.933,0.765,0.126,0.57,0.868,0.53
1.0,0.284,0.537,0.051,0.319,0.108,0.152,0.743,0.266,0.817,0.223,0.841,0.622,0.928,0.509,0.237,0.851,0.682,0.544,0.381,0.324,0.169,0.978,0.548,0.936,0.045,0.564,0.067,0.919,0.31,0.511,0.42,0.598,0.339,0.206,0.576,0.136,0.129,0.019,0.247,0.712
0.0,0.676,0.727,0.954,0.387,0.848,0.275,0.25,0.668,0.753,0.804,0.455,0.317,0.947,0.953,0.919,0.05,0.398,0.032,0.972,0.761,0.932,0.013,0.678,0.421,0.774,0.645,0.87,0.877,0.131,0.889,0.576,0.817,0.252,0.715,0.271,0.861,0.962,0.724,0.015,0.237
0.0,0.35,0.803,0.672,0.724,0.348,0.025,0.544,0.559,0.004,0.646,0.382,0.04,0.816,0.745,0.387,0.528,0.173,0.147,0.121,0.374,0.803,0.991,0.892,0.865,0.662,0.251,0.995,0.87,0.553,0.303,0.339,0.771,0.125,0.524,0.313,0.976,0.388,0.646,0.585,0.401
1.0,0.827,0.378,0.579,0.071,0.64,0.677,0.763,0.552,0.834,0.656,0.978,0.542,0.838,0.162,0.013,0.833,0.099,0.182,0.389,0.368,0.55,0.387,0.172,0.708,0.519,0.997,0.601,0.153,0.979,0.614,0.171,0.988,0.896,0.866,0.768,0.549,0.067,0.514,0.915,0.33
0.0,0.163,0.503,0.123,0.296,0.836,0.252,0.148,0.524,0.98,0.202,0.347,0.801,0.277,0.836,0.524,0.621,0.468,0.415,0.775,0.022,0.93,0.755,0.235,0.311,0.184,0.419,0.792,0.696,0.003,0.018,0.158,0.715,0.204,0.422,0.193,0.326,0.965,0.911,0.219,0.565
1.0,0.37,0.745,0.869,0.208,0.656,0.49,0.025,0.238,0.437,0.286,0.828,0.282,0.543,0.271,0.134,0.909,0.401,0.283,0.43,0.477,0.172,0.459,0.361,0.933,0.293,0.321,0.624,0.633,0.875,0.228,0.824,0.786,0.491,0.241,0.598,0.992,0.796,0.282,0.623,0.11
1.0,0.015,0.263,0.543,0.943,0.476,0.137,0.986,0.853,0.514,0.83,0.404,0.647,0.804,0.631,0.275,0.629,0.915,0.518,0.845,0.25,0.706,0.304,0.198,0.481,0.28,0.504,0.588,0.046,0.219,0.384,0.187,0.548,0.655,0.603,0.882,0.986,0.309,0.744,0.5,0.097
1.0,0.676,0.392,0.34,0.463,0.687,0.871,0.657,0.211,0.506,0.782,0.122,0.237,0.994,0.723,0.034,0.016,0.344,0.415,0.238,0.168,0.888,0.176,0.181,0.367,0.464,0.525,0.199,0.393,0.272,0.286,0.57,0.925,0.565,0.595,0.262,0.692,0.552,0.991,0.761,0.839
0.0,0.765,0.432,0.383,0.713,0.249,0.064,0.834,0.167,0.899,0.299,0.796,0.964,0.001,0.252,0.452,0.347,0.552,0.911,0.262,0.196,0.939,0.92,0.099,0.13,0.12,0.613,0.816,0.572,0.64,0.12,0.422,0.152,0.38,0.331,0.122,0.366,0.208,0.296,0.888,0.626
1.0,0.078,0.775,0.413,0.099,0.294,0.488,0.433,0.37,0.28,0.506,0.8,0.123,0.097,0.479,0.575,0.785,0.833,0.845,0.813,0.302,0.164,0.291,0.033,0.681,0.509,0.149,0.019,0.937,0.763,0.015,0.065,0.13,0.241,0.93,0.345,0.599,0.457,0.46,0.746,0.784
1.0,0.547,0.241,0.179,0.839,0.044,0.839,0.354,0.734,0.285,0.45,0.33,0.354,0.282,0.54,0.794,0.555,0.694,0.315,0.066,0.964,0.315,0.893,0.422,0.879,0.787,0.827,0.192,0.674,0.224,0.32,0.684,0.191,0.427,0.948,0.793,0.115,0.836,0.598,0.845,0.5
1.0,0.443,0.755,0.758,0.177,0.593,0.077,0.684,0.984,0.371,0.193,0.055,0.235,0.071,0.109,0.576,0.021,0.921,0.737,0.694,0.405,0.633,0.44,0.654,0.972,0.937,0.366,0.734,0.526,0.149,0.09,0.023,0.003,0.791,0.577,0.906,0.578,0.677,0.973,0.314,0.604
0.0,0.923,0.396,0.59,0.223,0.886,0.344,0.936,0.035,0.748,0.988,0.274,0.178,0.44,0.355,0.011,0.47,0.332,0.311,0.719,0.714,0.712,0.94,0.117,0.238,0.637,0.763,0.67,0.795,0.018,0.978,0.569,0.756,0.663,0.536,0.087,0.993,0.931,0.128,0.316,0.7
1.0,0.445,0.996,0.035,0.606,0.473,0.814,0.268,0.167,0.282,0.272,0.154,0.338,0.326,0.439,0.937,0.132,0.568,0.621,0.563,0.834,0.252,0.897,0.545,0.054,0.449,0.297,0.706,0.46,0.912,0.909,0.276,0.711,0.392,0.507,0.736,0.718,0.97,0.499,0.015,0.168
0.0,0.423,0.942,0.566,0.602,0.182,0.512,0.855,0.249,0.526,0.638,0.734,0.943,0.477,0.938,0.102,0.627,0.735,0.729,0.626,0.275,0.572,0.906,0.244,0.698,0.946,0.193,0.431,0.293,0.417,0.993,0.499,0.679,0.292,0.987,0.305,0.939,0.096,0.016,0.713,0.909
0.0,0.534,0.061,0.315,0.093,0.724,0.521,0.587,0.299,0.919,0.482,0.71,0.984,0.416,0.226,0.346,0.355,0.368,0.853,0.039,0.501,0.835,0.843,0.584,0.104,0.318,0.076,0.616,0.31,0.374,0.847,0.495,0.157,0.747,0.188,0.437,0.314,0.273,0.822,0.905,0.1
1.0,0.468,0.282,0.362,0.89,0.199,0.738,0.107,0.52,0.618,0.999,0.558,0.375,0.517,0.739,0.816,0.658,0.161,0.036,0.69,0.222,0.806,0.41,0.132,0.813,0.323,0.353,0.881,0.569,0.809,0.005,0.383,0.939,0.423,0.974,0.199,0.749,0.86,0.746,0.695,0.636
0.0,0.758,0.97,0.752,0.466,0.291,0.985,0.133,0.717,0.618,0.634,0.219,0.816,0.279,0.787,0.636,0.456,0.391,0.008,0.211,0.128,0.31,0.058,0.703,0.895,0.562,0.235,0.935,0.683,0.922,0.163,0.499,0.885,0.059,0.967,0.644,0.212,0.32,0.203,0.939,0.381
1.0,0.669,0.251,0.826,0.745,0.257,0.779,0.468,0.484,0.215,0.566,0.781,0.362,0.713,0.943,0.081,0.877,0.329,0.068,0.827,0.831,0.567,0.729,0.5,0.664,0.782,0.654,0.309,0.468,0.964,0.64,0.575,0.417,0.466,0.801,0.544,0.326,0.158,0.428,0.028,0.636
1.0,0.667,0.936,0.957,0.639,0.691,0.3,0.202,0.029,0.45,0.709,0.474,0.531,0.809,0.851,0.221,0.518,0.973,0.743,0.515,0.896,0.396,0.209,0.661,0.832,0.471,0.164,0.125,0.583,0.622,0.172,0.21,0.684,0.179,0.88,0.469,0.511,0.385,0.366,0.021,0.256
0.0,0.449,0.817,0.075,0.71,0.225,0.612,0.568,0.992,0.548,0.99,0.941,0.569,0.964,0.456,0.708,0.324,0.106,0.681,0.723,0.356,0.575,0.349,0.997,0.055,0.518,0.164,0.711,0.613,0.352,0.07,0.549,0.428,0.268,0.334,0.804,0.539,0.428,0.422,0.84,0.242
1.0,0.957,0.845,0.844,0.113,0.472,0.501,0.297,0.949,0.365,0.154,0.355,0.119,0.173,0.638,0.822,0.579,0.074,0.029,0.14,0.31,0.728,0.994,0.067,0.553,0.045,0.988,0.759,0.961,0.269,0.159,0.223,0.746,0.576,0.877,0.058,0.534,0.347,0.68,0.977,0.283
0.0,0.053,0.424,0.835,0.312,0.685,0.759,0.314,0.729,0.009,0.257,0.349,0.111,0.087,0.765,0.277,0.74,0.934,0.471,0.61,0.483,0.909,0.834,0.975,0.831,0.151,0.572,0.346,0.813,0.11,0.147,0.816,0.443,0.988,0.425,0.434,0.304,0.475,0.058,0.086,0.979
1.0,0.267,0.55,0.934,0.457,0.545,0.968,0.092,0.614,0.061,0.659,0.065,0.405,0.881,0.929,0.321,0.954,0.782,0.059,0.446,0.34,0.483,0.439,0.147,0.447,0.49,0.959,0.819,0.345,0.068,0.185,0.222,0.568,0.193,0.55,0.736,0.997,0.44,0.447,0.375,0.935
1.0,0.439,0.286,0.46,0.629,0.808,0.13,0.161,0.285,0.381,0.521,0.531,0.044,0.33,0.394,0.31,0.857,0.114,0.189,0.864,0.821,0.665,0.867,0.18,0.225,0.492,0.38,0.395,0.638,0.864,0.862,0.16,0.687,0.749,0.042,0.603,0.505,0.019,0.738,0.534,0.377
0.0,0.639,0.319,0.26,0.055,0.306,0.926,0.854,0.572,0.582,0.293,0.886,0.26,0.32,0.696,0.79,0.241,0.023,0.262,0.762,0.112,0.004,0.653,0.796,0.854,0.026,0.41,0.827,0.823,0.219,0.801,0.763,0.168,0.744,0.261,0.837,0.675,0.48,0.627,0.587,0.946
1.0,0.473,0.184,0.152,0.185,0.678,0.681,0.688,0.158,0.636,0.036,0.126,0.16,0.587,0.894,0.591,0.398,0.823,0.44,0.968,0.044,0.655,0.023,0.671,0.736,0.465,0.976,0.055,0.932,0.357,0.14,0.668,0.432,0.77,0.314,0.033,0.733,0.461,0.152,0.092,0.729
0.0,0.637,0.265,0.306,0.817,0.599,0.972,0.763,0.78,0.609,0.828,0.195,0.6,0.791,0.275,0.422,0.48,0.186,0.913,0.725,0.287,0.479,0.114,0.996,0.274,0.291,0.444,0.501,0.077,0.3,0.148,0.514,0.647,0.768,0.774,0.766,0.421,0.099,0.4,0.221,0.65
0.0,0.807,0.692,0.042,0.531,0.945,0.784,0.808,0.848,0.333,0.912,0.912,0.748,0.975,0.641,0.992,0.814,0.192,0.284,0.56,0.581,0.921,0.724,0.893,0.604,0.744,0.042,0.396,0.343,0.566,0.086,0.142,0.569,0.725,0.227,0.567,0.078,0.046,0.301,0.613,0.757
0.0,0.661,0.573,0.238,0.981,0.999,0.744,0.217,0.358,0.747,0.675,0.376,0.212,0.946,0.062,0.849,0.431,0.861,0.089,0.847,0.597,0.291,0.893,0.79,0.061,0.356,0.254,0.265,0.998,0.786,0.213,0.729,0.449,0.936,0.912,0.233,0.914,0.417,0.226,0.249,0.205
1.0,0.76,0.903,0.432,0.103,0.332,0.971,0.628,0.612,0.226,0.388,0.706,0.633,0.555,0.273,0.296,0.626,0.128,0.862,0.525,0.057,0.763,0.012,0.601,0.201,0.58,0.081,0.085,0.504,0.364,0.772,0.263,0.732,0.956,0.535,0.245,0.887,0.937,0.136,0.095,0.581
0.0,0.666,0.165,0.683,0.992,0.364,0.786,0.674,0.799,0.56,0.272,0.971,0.857,0.951,0.663,0.566,0.511,0.774,0.828,0.451,0.967,0.393,0.167,0.971,0.441,0.763,0.167,0.295,0.741,0.084,0.76,0.939,0.829,0.763,0.187,0.257,0.795,0.508,0.832,0.901,0.955
1.0,0.635,0.82,0.473,0.376,0.101,0.187,0.758,0.579,0.216,0.545,0.977,0.504,0.045,0.566,0.977,0.133,0.754,0.66,0.281,0.321,0.019,0.229,0.082,0.22,0.426,0.552,0.542,0.869,0.349,0.312,0.04,0.736,0.358,0.306,0.487,0.149,0.454,0.591,0.34,0.877
0.0,0.697,0.373,0.934,0.761,0.716,0.868,0.686,0.53,0.445,0.492,0.907,0.251,0.001,0.211,0.811,0.318,0.308,0.309,0.601,0.535,0.536,0.093,0.884,0.653,0.246,0.359,0.858,0.704,0.494,0.435,0.672,0.54,0.102,0.173,0.038,0.699,0.909,0.603,0.866,0.662
0.0,0.733,0.282,0.542,0.467,0.751,0.685,0.882,0.874,0.045,0.421,0.191,0.975,0.102,0.134,0.294,0.79,0.449,0.041,0.878,0.59,0.481,0.246,0.581,0.362,0.275,0.447,0.373,0.457,0.03,0.632,0.443,0.573,0.606,0.549,0.784,0.432,0.454,0.082,0.655,0.747
1.0,0.213,0.465,0.127,0.864,0.929,0.93,0.288,0.556,0.594,0.255,0.787,0.564,0.513,0.439,0.787,0.893,0.086,0.919,0.923,0.431,0.5,0.861,0.542,0.19,0.838,0.055,0.556,0.413,0.897,0.136,0.079,0.213,0.715,0.959,0.748,0.253,0.749,0.42,0.19,0.603
1.0,0.609,0.648,0.036,0.593,0.8,0.708,0.292,0.005,0.968,0.66,0.062,0.504,0.193,0.695,0.319,0.878,0.744,0.558,0.472,0.402,0.314,0.865,0.055,0.565,0.139,0.69,0.06,0.779,0.121,0.552,0.089,0.363,0.593,0.459,0.071,0.493,0.338,0.228,0.407,0.676
1.0,0.916,0.317,0.327,0.633,0.192,0.697,0.681,0.843,0.555,0.873,0.709,0.086,0.759,0.894,0.617,0.083,0.879,0.359,0.635,0.618,0.795,0.816,0.109,0.978,0.656,0.478,0.539,0.025,0.056,0.11,0.127,0.05,0.831,0.609,0.104,0.475,0.733,0.946,0.229,0.561
0.0,0.786,0.36,0.538,0.939,0.959,0.445,0.674,0.275,0.671,0.876,0.303,0.803,0.446,0.615,0.84,0.779,0.008,0.111,0.435,0.851,0.577,0.159,0.798,0.908,0.682,0.934,0.461,0.749,0.275,0.052,0.369,0.491,0.254,0.392,0.626,0.364,0.275,0.033,0.055,0.104
1.0,0.079,0.48,0.445,0.742,0.712,0.294,0.072,0.155,0.342,0.933,0.895,0.374,0.011,0.009,0.425,0.271,0.064,0.343,0.93,0.603,0.982,0.67,0.297,0.538,0.838,0.709,0.311,0.607,0.843,0.953,0.665,0.873,0.045,0.459,0.318,0.363,0.958,0.718,0.528,0.644
1.0,0.79,0.448,0.107,0.604,0.328,0.055,0.627,0.834,0.991,0.778,0.161,0.456,0.347,0.683,0.649,0.269,0.612,0.66,0.5,0.7,0.975,0.106,0.43,0.163,0.444,0.705,0.549,0.897,0.436,0.341,0.881,0.136,0.097,0.787,0.344,0.382,0.501,0.866,0.063,0.299
0.0,0.377,0.803,0.193,0.844,0.909,0.719,0.182,0.755,0.585,0.422,0.37,0.49,0.606,0.327,0.56,0.345,0.963,0.568,0.389,0.77,0.115,0.902,0.539,0.955,0.726,0.094,0.58,0.441,0.134,0.058,0.716,0.832,0.873,0.129,0.032,0.899,0.464,0.191,0.828,0.926
0.0,0.427,0.281,0.043,0.961,0.904,0.987,0.218,0.191,0.464,0.45,0.775,0.178,0.467,0.928,0.379,0.715,0.369,0.136,0.292,0.159,0.397,0.672,0.95,0.412,0.648,0.304,0.929,0.454,0.986,0.421,0.099,0.471,0.601,0.991,0.507,0.323,0.866,0.988,0.569,0.489
1.0,0.022,0.485,0.206,0.064,0.394,0.381,0.109,0.13,0.475,0.201,0.77,0.653,0.862,0.469,0.794,0.703,0.136,0.785,0.906,0.852,0.275,0.77,0.215,0.337,0.534,0.661,0.308,0.891,0.523,0.141,0.759,0.311,0.711,0.977,0.988,0.181,0.996,0.437,0.999,0.142
1.0,0.042,0.686,0.634,0.851,0.766,0.092,0.662,0.962,0.765,0.983,0.516,0.209,0.109,0.182,0.359,0.027,0.561,0.591,0.812,0.221,0.592,0.917,0.443,0.949,0.389,0.956,0.192,0.729,0.136,0.229,0.41,0.819,0.639,0.911,0.391,0.356,0.385,0.844,0.645,0.782
0.0,0.886,0.347,0.921,0.357,0.07,0.272,0.893,0.24,0.182,0.995,0.557,0.125,0.189,0.606,0.501,0.656,0.608,0.306,0.183,0.917,0.235,0.979,0.871,0.35,0.4,0.595,0.02,0.05,0.168,0.958,0.75,0.239,0.645,0.086,0.808,0.428,0.399,0.729,0.735,0.155
0.0,0.64,0.319,0.889,0.107,0.94,0.001,0.278,0.743,0.915,0.492,0.305,0.564,0.448,0.273,0.9,0.072,0.33,0.237,0.353,0.959,0.185,0.489,0.166,0.594,0.63,0.528,0.868,0.225,0.996,0.919,0.473,0.484,0.983,0.781,0.8,0.817,0.926,0.598,0.341,0.499
0.0,0.79,0.829,0.03,0.868,0.611,0.462,0.498,0.94,0.78,0.155,0.825,0.475,0.686,0.698,0.982,0.484,0.178,0.413,0.964,0.484,0.896,0.916,0.841,0.98,0.709,0.288,0.632,0.522,0.667,0.925,0.962,0.611,0.961,0.015,0.98,0.307,0.53,0.522,0.345,0.148
1.0,0.437,0.301,0.045,0.219,0.029,0.81,0.812,0.269,0.182,0.143,0.448,0.168,0.843,0.172,0.845,0.047,0.958,0.598,0.529,0.537,0.803,0.95,0.052,0.375,0.427,0.187,0.799,0.073,0.393,0.025,0.134,0.631,0.149,0.465,0.405,0.426,0.789,0.444,0.298,0.276
1.0,0.17,0.364,0.908,0.106,0.009,0.175,0.477,0.465,0.917,0.45,0.502,0.585,0.523,0.689,0.416,0.778,0.336,0.352,0.101,0.605,0.593,0.903,0.655,0.31,0.901,0.993,0.825,0.554,0.454,0.8,0.532,0.542,0.09,0.917,0.621,0.489,0.571,0.781,0.225,0.721
1.0,0.108,0.011,0.896,0.764,0.83,0.588,0.565,0.276,0.691,0.937,0.732,0.012,0.862,0.536,0.51,0.879,0.024,0.845,0.826,0.988,0.051,0.855,0.108,0.581,0.903,0.01,0.065,0.069,0.097,0.073,0.492,0.245,0.7,0.762,0.065,0.277,0.298,0.07,0.344,0.895
0.0,0.041,0.246,0.322,0.885,0.878,0.188,0.997,0.845,0.393,0.258,0.838,0.729,0.553,0.866,0.267,0.25,0.405,0.24,0.925,0.308,0.724,0.573,0.559,0.848,0.654,0.07,0.351,0.338,0.237,0.768,0.834,0.417,0.841,0.674,0.068,0.204,0.215,0.547,0.529,0.947
0.0,0.723,0.278,0.825,0.351,0.103,0.793,0.361,0.707,0.574,0.454,0.434,0.914,0.261,0.331,0.726,0.424,0.514,0.917,0.656,0.238,0.397,0.039,0.572,0.547,0.463,0.506,0.278,0.066,0.332,0.107,0.289,0.762,0.748,0.03,0.263,0.696,0.466,0.137,0.052,0.159
0.0,0.052,0.155,0.096,0.648,0.619,0.944,0.293,0.385,0.278,0.624,0.53,0.453,0.504,0.16,0.612,0.344,0.407,0.298,0.685,0.525,0.512,0.824,0.798,0.851,0.845,0.724,0.557,0.445,0.082,0.636,0.661,0.275,0.207,0.144,0.641,0.161,0.251,0.166,0.339,0.426
0.0,0.013,0.623,0.519,0.339,0.424,0.597,0.309,0.691,0.464,0.29,0.804,0.496,0.476,0.836,0.62,0.724,0.46,0.261,0.682,0.802,0.405,0.389,0.498,0.494,0.611,0.353,0.377,0.339,0.888,0.932,0.764,0.76,0.311,0.212,0.642,0.03,0.011,0.172,0.915,0.34
1.0,0.527,0.555,0.778,0.206,0.383,0.915,0.079,0.305,0.031,0.764,0.877,0.653,0.685,0.507,0.426,0.622,0.169,0.03,0.602,0.198,0.125,0.851,0.629,0.397,0.428,0.869,0.052,0.735,0.661,0.901,0.313,0.308,0.922,0.498,0.442,0.729,0.603,0.841,0.656,0.417
1.0,0.762,0.858,0.571,0.057,0.283,0.168,0.547,0.403,0.975,0.848,0.567,0.029,0.785,0.583,0.632,0.925,0.345,0.225,0.675,0.308,0.07,0.682,0.395,0.345,0.855,0.694,0.224,0.678,0.633,0.936,0.305,0.665,0.405,0.87,0.797,0.745,0.066,0.773,0.353,0.286
1.0,0.552,0.877,0.174,0.459,0.039,0.367,0.399,0.103,0.538,0.417,0.79,0.656,0.804,0.229,0.02,0.27,0.674,0.775,0.415,0.066,0.058,0.669,0.715,0.831,0.205,0.523,0.952,0.311,0.474,0.432,0.978,0.696,0.872,0.744,0.797,0.74,0.492,0.893,0.449,0.031
0.0,0.277,0.916,0.662,0.661,0.103,0.342,0.768,0.537,0.79,0.37,0.082,0.325,0.653,0.214,0.541,0.153,0.141,0.241,0.509,0.276,0.911,0.808,0.133,0.62,0.486,0.585,0.803,0.44,0.179,0.64,0.015,0.329,0.648,0.449,0.917,0.232,0.765,0.695,0.177,0.413
0.0,0.831,0.09,0.692,0.579,0.045,0.746,0.961,0.321,0.777,0.086,0.913,0.339,0.801,0.484,0.79,0.713,0.132,0.64,0.04,0.335,0.621,0.355,0.814,0.608,0.1,0.57,0.255,0.931,0.9,0.525,0.579,0.717,0.457,0.001,0.454,0.408,0.769,0.516,0.04,0.926
1.0,0.258,0.462,0.768,0.516,0.814,0.311,0.118,0.19,0.114,0.895,0.478,0.617,0.055,0.76,0.85,0.01,0.879,0.319,0.322,0.805,0.431,0.373,0.222,0.759,0.673,0.044,0.627,0.229,0.33,0.992,0.854,0.092,0.742,0.183,0.685,0.554,0.859,0.463,0.006,0.573
1.0,0.068,0.367,0.598,0.33,0.02,0.454,0.379,0.371,0.836,0.469,0.19,0.17,0.889,0.559,0.778,0.684,0.96,0.537,0.47,0.74,0.526,0.037,0.641,0.354,0.451,0.481,0.514,0.325,0.729,0.68,0.502,0.077,0.38,0.487,0.545,0.568,0.448,0.503,0.566,0.192
1.0,0.913,0.961,0.922,0.726,0.439,0.793,0.476,0.692,0.493,0.298,0.39,0.245,0.782,0.23,0.824,0.901,0.121,0.911,0.193,0.047,0.99,0.814,0.106,0.855,0.256,0.57,0.597,0.243,0.039,0.727,0.298,0.586,0.299,0.625,0.625,0.157,0.544,0.593,0.805,0.377
1.0,0.091,0.904,0.179,0.076,0.602,0.593,0.346,0.012,0.543,0.627,0.434,0.393,0.395,0.65,0.969,0.32,0.221,0.167,0.944,0.184,0.798,0.111,0.394,0.795,0.608,0.618,0.942,0.077,0.705,0.168,0.432,0.383,0.427,0.304,0.349,0.913,0.213,0.266,0.652,0.352
0.0,0.568,0.288,0.387,0.468,0.808,0.327,0.034,0.22,0.991,0.257,0.811,0.962,0.267,0.187,0.347,0.548,0.551,0.995,0.893,0.23,0.341,0.868,0.539,0.276,0.972,0.101,0.867,0.107,0.735,0.717,0.047,0.033,0.246,0.175,0.25,0.684,0.683,0.722,0.964,0.802
1.0,0.577,0.725,0.549,0.92,0.793,0.457,0.862,0.466,0.571,0.179,0.747,0.451,0.973,0.682,0.02,0.789,0.277,0.143,0.208,0.129,0.182,0.688,0.54,0.702,0.8,0.511,0.186,0.37,0.402,0.441,0.459,0.706,0.617,0.473,0.937,0.899,0.029,0.64,0.341,0.6
1.0,0.336,0.558,0.974,0.533,0.241,0.698,0.489,0.9,0.152,0.288,0.57,0.659,0.267,0.561,0.062,0.256,0.195,0.622,0.005,0.67,0.289,0.981,0.689,0.255,0.945,0.211,0.122,0.515,0.077,0.025,0.051,0.054,0.938,0.841,0.198,0.621,0.602,0.497,0.091,0.702
1.0,0.466,0.657,0.308,0.456,0.543,0.843,0.682,0.998,0.707,0.882,0.256,0.067,0.74,0.789,0.351,0.893,0.831,0.844,0.181,0.125,0.554,0.351,0.266,0.333,0.076,0.852,0.417,0.461,0.295,0.726,0.318,0.547,0.944,0.491,0.176,0.197,0.309,0.068,0.335,0.446
1.0,0.137,0.045,0.168,0.456,0.215,0.552,0.506,0.443,0.135,0.296,0.02,0.999,0.877,0.938,0.614,0.766,0.548,0.951,0.807,0.902,0.899,0.416,0.237,0.981,0.998,0.712,0.795,0.66,0.368,0.403,0.464,0.904,0.613,0.016,0.163,0.103,0.395,0.421,0.858,0.064
1.0,0.757,0.458,0.652,0.373,0.781,0.334,0.424,0.15,0.391,0.807,0.941,0.643,0.048,0.559,0.746,0.979,0.574,0.472,0.221,0.915,0.774,0.717,0.397,0.543,0.506,0.057,0.591,0.319,0.576,0.449,0.049,0.947,0.312,0.087,0.045,0.899,0.41,0.099,0.264,0.991
0.0,0.862,0.711,0.667,0.072,0.864,0.239,0.592,0.673,0.581,0.542,0.065,0.366,0.3,0.301,0.592,0.674,0.667,0.644,0.725,0.846,0.207,0.464,0.624,0.565,0.074,0.368,0.129,0.704,0.559,0.095,0.759,0.838,0.53,0.966,0.599,0.632,0.948,0.404,0.492,0.931
0.0,0.843,0.513,0.828,0.106,0.441,0.934,0.26,0.052,0.119,0.852,0.113,0.903,0.269,0.862,0.03,0.204,0.19,0.505,0.102,0.012,0.026,0.377,0.677,0.137,0.037,0.372,0.079,0.943,0.142,0.654,0.761,0.063,0.481,0.749,0.822,0.65,0.506,0.986,0.492,0.513
1.0,0.119,0.95,0.449,0.095,0.684,0.238,0.144,0.166,0.631,0.615,0.71,0.307,0.519,0.559,0.607,0.351,0.647,0.12,0.565,0.274,0.211,0.135,0.412,0.952,0.489,0.748,0.267,0.546,0.508,0.859,0.524,0.557,0.077,0.434,0.391,0.077,0.017,0.35,0.55,0.294
0.0,0.75,0.145,0.956,0.741,0.873,0.069,0.358,0.937,0.551,0.449,0.551,0.37,0.143,0.282,0.257,0.488,0.234,0.197,0.223,0.374,0.989,0.885,0.426,0.904,0.232,0.65,0.571,0.217,0.853,0.59,0.508,0.823,0.414,0.138,0.559,0.37,0.953,0.564,0.131,0.717
1.0,0.673,0.776,0.387,0.915,0.958,0.57,0.97,0.106,0.122,0.056,0.862,0.765,0.305,0.876,0.651,0.097,0.021,0.71,0.835,0.452,0.704,0.538,0.169,0.77,0.394,0.252,0.456,0.326,0.756,0.162,0.792,0.413,0.243,0.8,0.29,0.835,0.691,0.686,0.466,0.828
1.0,0.027,0.957,0.7,0.224,0.138,0.505,0.249,0.254,0.521,0.794,0.538,0.653,0.293,0.717,0.859,0.502,0.497,0.391,0.281,0.38,0.185,0.831,0.287,0.71,0.256,0.239,0.198,0.146,0.818,0.093,0.984,0.027,0.665,0.54,0.369,0.639,0.857,0.689,0.933,0.298
1.0,0.371,0.397,0.929,0.918,0.693,0.114,0.62,0.117,0.106,0.782,0.565,0.009,0.682,0.318,0.588,0.535,0.415,0.164,0.688,0.944,0.14,0.335,0.648,0.426,0.212,0.234,0.245,0.914,0.423,0.81,0.08,0.993,0.433,0.362,0.715,0.148,0.333,0.279,0.455,0.54
1.0,0.298,0.181,0.867,0.39,0.328,0.526,0.49,0.709,0.5,0.18,0.712,0.314,0.474,0.461,0.998,0.085,0.083,0.163,0.799,0.046,0.181,0.111,0.777,0.686,0.018,0.995,0.037,0.679,0.668,0.182,0.186,0.803,0.174,0.927,0.252,0.005,0.287,0.792,0.508,0.858
0.0,0.208,0.717,0.411,0.299,0.452,0.088,0.151,0.243,0.85,0.605,0.564,0.798,0.282,0.626,0.533,0.638,0.176,0.699,0.317,0.562,0.71,0.235,0.671,0.624,0.136,0.079,0.701,0.244,0.746,0.121,0.43,0.992,0.366,0.816,0.398,0.937,0.734,0.77,0.887,0.522
0.0,0.028,0.649,0.56,0.722,0.105,0.649,0.697,0.47,0.829,0.163,0.969,0.574,0.02,0.295,0.791,0.305,0.237,0.022,0.114,0.789,0.815,0.655,0.944,0.642,0.513,0.716,0.838,0.397,0.624,0.81,0.333,0.916,0.956,0.751,0.075,0.203,0.254,0.745,0.049,0.366
0.0,0.864,0.673,0.204,0.679,0.429,0.813,0.669,0.902,0.648,0.589,0.349,0.631,0.471,0.415,0.403,0.902,0.737,0.601,0.043,0.534,0.607,0.498,0.998,0.539,0.239,0.191,0.77,0.818,0.343,0.547,0.956,0.945,0.157,0.896,0.971,0.755,0.678,0.458,0.345,0.911
0.0,0.689,0.101,0.627,0.528,0.618,0.302,0.985,0.306,0.539,0.939,0.57,0.86,0.25,0.124,0.892,0.341,0.104,0.893,0.435,0.433,0.178,0.941,0.698,0.368,0.826,0.937,0.874,0.875,0.755,0.336,0.651,0.576,0.897,0.192,0.396,0.229,0.936,0.716,0.182,0.973
1.0,0.074,0.171,0.729,0.711,0.214,0.207,0.743,0.782,0.449,0.034,0.001,0.285,0.122,0.45,0.387,0.911,0.837,0.005,0.662,0.378,0.324,0.548,0.457,0.985,0.026,0.118,0.639,0.262,0.43,0.769,0.364,0.086,0.035,0.39,0.456,0.412,0.217,0.85,0.587,0.318
1.0,0.71,0.215,0.293,0.79,0.632,0.713,0.092,0.664,0.297,0.959,0.431,0.156,0.719,0.731,0.636,0.159,0.331,0.115,0.965,0.714,0.657,0.303,0.392,0.369,0.536,0.732,0.307,0.163,0.931,0.177,0.444,0.474,0.132,0.329,0.402,0.137,0.491,0.025,0.489,0.558
0.0,0.755,0.513,0.154,0.548,0.934,0.327,0.926,0.138,0.88,0.988,0.217,0.217,0.545,0.695,0.644,0.089,0.338,0.311,0.052,0.533,0.819,0.573,0.534,0.604,0.191,0.555,0.046,0.332,0.014,0.407,0.781,0.942,0.662,0.046,0.195,0.319,0.606,0.696,0.716,0.354
0.0,0.926,0.895,0.261,0.118,0.328,0.38,0.337,0.236,0.028,0.336,0.779,0.739,0.104,0.268,0.498,0.36,0.143,0.122,0.226,0.01,0.988,0.644,0.852,0.768,0.095,0.522,0.02,0.332,0.052,0.689,0.243,0.518,0.22,0.921,0.301,0.761,0.148,0.332,0.528,0.298
0.0,0.048,0.576,0.78,0.951,0.207,0.968,0.797,0.987,0.733,0.157,0.698,0.992,0.972,0.303,0.016,0.797,0.903,0.152,0.821,0.058,0.884,0.926,0.282,0.203,0.447,0.89,0.037,0.125,0.865,0.559,0.338,0.732,0.971,0.735,0.162,0.031,0.735,0.815,0.471,0.632
0.0,0.623,0.942,0.111,0.507,0.896,0.604,0.211,0.474,0.99,0.355,0.477,0.563,0.88,0.646,0.979,0.126,0.279,0.91,0.163,0.102,0.736,0.691,0.18,0.678,0.214,0.439,0.669,0.935,0.031,0.908,0.084,0.659,0.275,0.122,0.997,0.127,0.255,0.091,0.152,0.206
1.0,0.276,0.984,0.718,0.381,0.14,0.488,0.551,0.443,0.839,0.599,0.753,0.397,0.446,0.538,0.149,0.575,0.112,0.959,0.061,0.894,0.12,0.166,0.162,0.079,0.995,0.216,0.336,0.01,0.273,0.813,0.288,0.249,0.381,0.823,0.774,0.948,0.56,0.892,0.802,0.274
0.0,0.433,0.75,0.015,0.852,0.845,0.713,0.454,0.018,0.103,0.499,0.534,0.674,0.971,0.049,0.864,0.643,0.817,0.779,0.725,0.927,0.891,0.522,0.984,0.3,0.146,0.639,0.776,0.455,0.902,0.14,0.861,0.785,0.105,0.408,0.727,0.707,0.91,0.169,0.122,0.598
0.0,0.279,0.08,0.301,0.176,0.969,0.687,0.103,0.743,0.063,0.762,0.816,0.563,0.17,0.004,0.233,0.833,0.158,0.784,0.125,0.315,0.842,0.644,0.175,0.231,0.547,0.329,0.003,0.295,0.66,0.203,0.852,0.591,0.55,0.936,0.484,0.43,0.948,0.281,0.726,0.533
1.0,0.807,0.55,0.851,0.006,0.09,0.182,0.479,0.727,0.738,0.289,0.459,0.287,0.479,0.53,0.799,0.246,0.917,0.81,0.271,0.575,0.7,0.354,0.497,0.973,0.81,0.338,0.191,0.995,0.362,0.763,0.64,0.002,0.539,0.05,0.168,0.346,0.087,0.571,0.122,0.122
0.0,0.367,0.017,0.44,0.128,0.845,0.667,0.304,0.144,0.605,0.804,0.255,0.586,0.89,0.69,0.349,0.814,0.943,0.401,0.27,0.281,0.407,0.454,0.335,0.06,0.248,0.77,0.927,0.978,0.196,0.533,0.588,0.372,0.529,0.111,0.418,0.26,0.216,0.937,0.631,0.399
0.0,0.844,0.222,0.765,0.998,0.659,0.871,0.526,0.744,0.237,0.325,0.186,0.907,0.342,0.436,0.679,0.535,0.159,0.004,0.654,0.485,0.566,0.932,0.452,0.699,0.066,0.146,0.627,0.309,0.811,0.82,0.941,0.528,0.418,0.281,0.034,0.753,0.901,0.804,0.15,0.525
1.0,0.541,0.033,0.805,0.208,0.244,0.654,0.38,0.044,0.588,0.708,0.369,0.181,0.286,0.06,0.673,0.93,0.304,0.846,0.25,0.682,0.425,0.011,0.017,0.324,0.637,0.123,0.851,0.709,0.266,0.367,0.104,0.983,0.85,0.983,0.992,0.162,0.339,0.541,0.405,0.14
1.0,0.806,0.382,0.444,0.973,0.35,0.881,0.369,0.98,0.402,0.94,0.949,0.691,0.744,0.015,0.728,0.62,0.809,0.178,0.81,0.625,0.675,0.274,0.364,0.934,0.024,0.459,0.71,0.659,0.439,0.115,0.465,0.109,0.427,0.736,0.063,0.066,0.884,0.094,0.649,0.137
0.0,0.907,0.111,0.666,0.867,0.093,0.31,0.563,0.286,0.962,0.653,0.072,0.316,0.416,0.815,0.432,0.475,0.526,0.862,0.614,0.927,0.768,0.959,0.968,0.454,0.925,0.21,0.231,0.314,0.77,0.553,0.721,0.245,0.112,0.0,0.405,0.664,0.347,0.458,0.912,0.887
0.0,0.179,0.833,0.841,0.267,0.888,0.996,0.365,0.244,0.776,0.503,0.79,0.523,0.712,0.497,0.936,0.742,0.088,0.002,0.495,0.899,0.111,0.191,0.833,0.134,0.06,0.355,0.479,0.497,0.126,0.622,0.93,0.741,0.385,0.873,0.179,0.018,0.779,0.199,0.426,0.088
1.0,0.922,0.962,0.601,0.649,0.004,0.985,0.909,0.316,0.165,0.569,0.633,0.121,0.905,0.396,0.991,0.683,0.474,0.577,0.108,0.944,0.051,0.689,0.055,0.492,0.341,0.206,0.904,0.875,0.305,0.837,0.299,0.631,0.684,0.639,0.495,0.941,0.047,0.932,0.289,0.912
1.0,0.334,0.738,0.844,0.148,0.839,0.114,0.896,0.925,0.257,0.684,0.235,0.53,0.865,0.371,0.677,0.397,0.067,0.383,0.794,0.948,0.829,0.39,0.476,0.995,0.038,0.564,0.955,0.634,0.859,0.328,0.319,0.61,0.954,0.227,0.41,0.094,0.668,0.855,0.917,0.649
0.0,0.527,0.909,0.774,0.747,0.962,0.274,0.567,0.828,0.547,0.464,0.502,0.12,0.914,0.025,0.798,0.749,0.445,0.987,0.115,0.561,0.276,0.792,0.832,0.134,0.408,0.68,0.832,0.337,0.88,0.385,0.6,0.398,0.14,0.877,0.27,0.066,0.582,0.051,0.875,0.39
0.0,0.912,0.182,0.106,0.508,0.534,0.487,0.388,0.889,0.18,0.993,0.324,0.969,0.583,0.492,0.431,0.063,0.129,0.29,0.935,0.294,0.42,0.179,0.83,0.944,0.316,0.82,0.206,0.221,0.22,0.928,0.722,0.488,0.736,0.493,0.43,0.559,0.677,0.801,0.425,0.703
0.0,0.525,0.678,0.689,0.885,0.639,0.999,0.068,0.608,0.642,0.457,0.641,0.424,0.94,0.004,0.72,0.625,0.366,0.794,0.221,0.435,0.127,0.629,0.937,0.244,0.89,0.833,0.862,0.757,0.376,0.386,0.534,0.285,0.592,0.695,0.206,0.821,0.032,0.413,0.702,0.464
0.0,0.272,0.853,0.098,0.374,0.248,0.506,0.35,0.982,0.203,0.825,0.687,0.94,0.409,0.366,0.668,0.618,0.458,0.106,0.095,0.36,0.076,0.9,0.897,0.855,0.779,0.156,0.225,0.507,0.821,0.044,0.826,0.091,0.989,0.909,0.103,0.112,0.412,0.482,0.905,0.466
0.0,0.842,0.758,0.631,0.271,0.615,0.726,0.775,0.116,0.579,0.225,0.608,0.942,0.807,0.069,0.612,0.595,0.657,0.014,0.88,0.8,0.408,0.32,0.669,0.408,0.572,0.34,0.305,0.674,0.42,0.082,0.755,0.208,0.438,0.133,0.432,0.229,0.993,0.873,0.22,0.798
1.0,0.274,0.006,0.204,0.365,0.687,0.796,0.037,0.544,0.906,0.537,0.028,0.119,0.75,0.311,0.311,0.325,0.241,0.814,0.173,0.516,0.459,0.383,0.548,0.553,0.575,0.216,0.42,0.541,0.333,0.009,0.364,0.785,0.651,0.29,0.269,0.27,0.988,0.483,0.372,0.075
1.0,0.998,0.965,0.624,0.02,0.99,0.405,0.282,0.04,0.781,0.364,0.15,0.818,0.152,0.31,0.052,0.465,0.273,0.2,0.427,0.957,0.774,0.495,0.624,0.944,0.814,0.407,0.649,0.76,0.97,0.088,0.203,0.553,0.29,0.74,0.689,0.42,0.777,0.399,0.135,0.623
1.0,0.86,0.102,0.077,0.235,0.669,0.945,0.83,0.441,0.188,0.057,0.715,0.155,0.788,0.31,0.936,0.751,0.998,0.392,0.177,0.663,0.037,0.723,0.353,0.734,0.859,0.203,0.96,0.343,0.731,0.561,0.876,0.689,0.513,0.684,0.602,0.245,0.059,0.329,0.835,0.635
0.0,0.88,0.117,0.224,0.154,0.104,0.238,0.056,0.93,0.428,0.737,0.753,0.738,0.28,0.217,0.008,0.314,0.195,0.668,0.662,0.291,0.094,0.459,0.915,0.022,0.249,0.544,0.715,0.538,0.915,0.128,0.521,0.04,0.342,0.03,0.213,0.165,0.296,0.854,0.563,0.074
1.0,0.488,0.257,0.479,0.053,0.708,0.778,0.0,0.348,0.274,0.384,0.39,0.688,0.785,0.529,0.788,0.789,0.385,0.494,0.002,0.018,0.975,0.539,0.605,0.014,0.217,0.059,0.756,0.865,0.701,0.764,0.916,0.018,0.702,0.166,0.057,0.008,0.558,0.457,0.999,0.127
1.0,0.756,0.189,0.832,0.84,0.711,0.875,0.55,0.178,0.482,0.202,0.499,0.927,0.546,0.525,0.048,0.926,0.686,0.449,0.981,0.439,0.939,0.237,0.261,0.834,0.184,0.966,0.124,0.615,0.456,0.166,0.291,0.566,0.117,0.541,0.737,0.03,0.401,0.942,0.793,0.616
0.0,0.008,0.941,0.558,0.555,0.628,0.582,0.281,0.174,0.102,0.365,0.629,0.775,0.797,0.818,0.254,0.637,0.665,0.681,0.108,0.169,0.737,0.632,0.42,0.151,0.989,0.059,0.032,0.957,0.693,0.526,0.99,0.697,0.288,0.146,0.46,0.961,0.789,0.51,0.961,0.624
1.0,0.984,0.618,0.026,0.352,0.24,0.626,0.259,0.026,0.309,0.18,0.71,0.167,0.831,0.424,0.862,0.864,0.571,0.61,0.497,0.583,0.307,0.878,0.549,0.764,0.047,0.071,0.701,0.68,0.037,0.176,0.204,0.4,0.1,0.157,0.285,0.654,0.958,0.564,0.5,0.649
1.0,0.208,0.21,0.582,0.512,0.211,0.739,0.556,0.898,0.544,0.83,0.777,0.314,0.477,0.801,0.844,0.698,0.49,0.546,0.219,0.571,0.708,0.813,0.714,0.081,0.066,0.184,0.915,0.034,0.654,0.394,0.188,0.627,0.129,0.252,0.371,0.65,0.965,0.988,0.668,0.453
0.0,0.052,0.9,0.331,0.915,0.856,0.919,0.295,0.853,0.296,0.817,0.254,0.159,0.473,0.608,0.479,0.872,0.858,0.358,0.073,0.551,0.678,0.776,0.573,0.091,0.639,0.608,0.081,0.178,0.013,0.226,0.303,0.176,0.881,0.802,0.512,0.347,0.629,0.181,0.555,0.566
0.0,0.977,0.831,0.315,0.93,0.837,0.114,0.746,0.523,0.031,0.216,0.461,0.331,0.701,0.795,0.627,0.93,0.484,0.485,0.908,0.333,0.443,0.645,0.836,0.865,0.626,0.34,0.242,0.395,0.287,0.263,0.224,0.05,0.397,0.494,0.943,0.324,0.03,0.858,0.357,0.179
0.0,0.67,0.726,0.907,0.115,0.809,0.391,0.475,0.758,0.971,0.175,0.942,0.85,0.435,0.965,0.373,0.374,0.441,0.63,0.237,0.684,0.971,0.947,0.651,0.187,0.634,0.419,0.988,0.407,0.096,0.466,0.924,0.566,0.706,0.978,0.158,0.833,0.067,0.533,0.177,0.975
0.0,0.356,0.117,0.249,0.453,0.619,0.463,0.68,0.715,0.085,0.446,0.377,0.828,0.099,0.057,0.823,0.458,0.645,0.664,0.781,0.513,0.34,0.659,0.368,0.398,0.528,0.502,0.657,0.051,0.56,0.627,0.277,0.953,0.393,0.246,0.171,0.326,0.397,0.228,0.061,0.082
1.0,0.476,0.772,0.962,0.08,0.306,0.284,0.112,0.5,0.599,0.397,0.937,0.719,0.305,0.423,0.273,0.791,0.82,0.908,0.845,0.724,0.527,0.186,0.425,0.137,0.583,0.318,0.21,0.464,0.682,0.56,0.105,0.315,0.326,0.758,0.771,0.181,0.974,0.998,0.584,0.246
1.0,0.838,0.759,0.592,0.208,0.343,0.488,0.25,0.757,0.137,0.575,0.271,0.129,0.497,0.82,0.769,0.448,0.702,0.941,0.146,0.276,0.191,0.895,0.265,0.867,0.271,0.941,0.498,0.157,0.869,0.801,0.772,0.711,0.73,0.983,0.513,0.379,0.702,0.849,0.92,0.15
1.0,0.925,0.561,0.939,0.683,0.014,0.308,0.123,0.511,0.888,0.027,0.762,0.394,0.667,0.962,0.666,0.805,0.989,0.32,0.634,0.057,0.965,0.184,0.714,0.889,0.778,0.081,0.821,0.363,0.755,0.549,0.238,0.491,0.89,0.829,0.595,0.665,0.085,0.383,0.172,0.684
1.0,0.833,0.567,0.688,0.203,0.39,0.278,0.519,0.658,0.019,0.069,0.057,0.735,0.235,0.4,0.973,0.595,0.14,0.451,0.522,0.932,0.596,0.085,0.648,0.412,0.714,0.649,0.525,0.671,0.852,0.948,0.216,0.667,0.296,0.993,0.308,0.211,0.615,0.887,0.041,0.556
0.0,0.431,0.962,0.051,0.042,0.62,0.776,0.921,0.808,0.75,0.303,0.682,0.717,0.452,0.791,0.65,0.102,0.781,0.369,0.706,0.441,0.437,0.193,0.41,0.329,0.434,0.335,0.598,0.377,0.291,0.001,0.967,0.701,0.131,0.46,0.331,0.497,0.851,0.77,0.735,0.769
0.0,0.402,0.598,0.548,0.314,0.868,0.409,0.706,0.27,0.772,0.953,0.554,0.737,0.654,0.962,0.59,0.596,0.421,0.503,0.348,0.838,0.296,0.697,0.1,0.462,0.521,0.279,0.135,0.689,0.199,0.487,0.587,0.157,0.309,0.024,0.171,0.006,0.544,0.494,0.183,0.216
1.0,0.47,0.478,0.581,0.943,0.509,0.068,0.96,0.8,0.999,0.027,0.556,0.368,0.072,0.56,0.339,0.186,0.093,0.251,0.067,0.629,0.826,0.087,0.121,0.992,0.375,0.699,0.62,0.028,0.448,0.99,0.595,0.082,0.85,0.316,0.93,0.896,0.463,0.669,0.106,0.489
0.0,0.901,0.065,0.499,0.431,0.875,0.504,0.027,0.02,0.379,0.518,0.261,0.085,0.918,0.557,0.956,0.506,0.504,0.4,0.634,0.826,0.587,0.259,0.203,0.393,0.594,0.429,0.839,0.026,0.356,0.684,0.816,0.039,0.435,0.717,0.709,0.673,0.831,0.043,0.261,0.882
0.0,0.405,0.646,0.899,0.734,0.845,0.045,0.399,0.618,0.678,0.509,0.928,0.25,0.339,0.072,0.591,0.648,0.448,0.98,0.779,0.247,0.731,0.871,0.933,0.872,0.753,0.621,0.982,0.45,0.543,0.335,0.097,0.76,0.629,0.768,0.54,0.54,0.462,0.093,0.293,0.263
1.0,0.489,0.227,0.16,0.057,0.012,0.585,0.549,0.231,0.876,0.725,0.91,0.44,0.322,0.751,0.506,0.426,0.03,0.491,0.079,0.577,0.495,0.844,0.172,0.094,0.153,0.32,0.295,0.73,0.153,0.15,0.488,0.36,0.254,0.476,0.28,0.497,0.337,0.387,0.933,0.841
0.0,0.279,0.723,0.6,0.717,0.591,0.766,0.309,0.568,0.095,0.448,0.911,0.559,0.466,0.491,0.232,0.247,0.899,0.417,0.462,0.272,0.911,0.638,0.85,0.873,0.938,0.599,0.594,0.605,0.058,0.494,0.688,0.816,0.689,0.043,0.861,0.967,0.789,0.879,0.354,0.755
0.0,0.407,0.704,0.083,0.287,0.522,0.273,0.801,0.809,0.83,0.232,0.351,0.301,0.1,0.426,0.714,0.89,0.296,0.768,0.955,0.841,0.507,0.727,0.993,0.198,0.649,0.95,0.496,0.598,0.168,0.449,0.496,0.57,0.22,0.312,0.542,0.096,0.361,0.873,0.036,0.254
0.0,0.559,0.43,0.288,0.731,0.623,0.463,0.913,0.657,0.088,0.715,0.398,0.834,0.155,0.611,0.239,0.924,0.25,0.326,0.492,0.638,0.637,0.287,0.539,0.479,0.388,0.995,0.759,0.085,0.699,0.744,0.929,0.348,0.784,0.018,0.196,0.874,0.263,0.214,0.27,0.363
0.0,0.709,0.399,0.155,0.075,0.849,0.159,0.481,0.319,0.524,0.514,0.037,0.483,0.991,0.885,0.134,0.535,0.712,0.163,0.001,0.494,0.732,0.97,0.678,0.892,0.375,0.222,0.942,0.933,0.921,0.029,0.818,0.635,0.828,0.636,0.375,0.598,0.616,0.386,0.284,0.556
0.0,0.49,0.639,0.078,0.795,0.166,0.008,0.468,0.381,0.004,0.542,0.951,0.792,0.41,0.867,0.981,0.744,0.83,0.964,0.107,0.684,0.091,0.612,0.768,0.895,0.931,0.961,0.732,0.285,0.721,0.627,0.095,0.121,0.525,0.727,0.954,0.585,0.76,0.184,0.815,0.074
0.0,0.0,0.515,0.356,0.926,0.909,0.327,0.328,0.368,0.639,0.446,0.13,0.509,0.739,0.71,0.122,0.051,0.782,0.67,0.723,0.648,0.447,0.375,0.452,0.638,0.442,0.234,0.36,0.822,0.897,0.434,0.146,0.722,0.98,0.883,0.027,0.73,0.878,0.301,0.759,0.995
1.0,0.21,0.653,0.129,0.539,0.641,0.001,0.749,0.777,0.219,0.849,0.37,0.008,0.367,0.521,0.739,0.849,0.525,0.391,0.938,0.514,0.385,0.602,0.37,0.322,0.576,0.287,0.283,0.294,0.112,0.018,0.284,0.512,0.813,0.676,0.909,0.664,0.863,0.564,0.625,0.976
0.0,0.459,0.94,0.577,0.821,0.888,0.555,0.806,0.928,0.003,0.85,0.411,0.126,0.302,0.26,0.557,0.9,0.776,0.398,0.992,0.946,0.36,0.764,0.749,0.361,0.486,0.506,0.462,0.758,0.742,0.457,0.389,0.971,0.273,0.021,0.102,0.629,0.713,0.664,0.002,0.385
1.0,0.473,0.736,0.882,0.704,0.467,0.198,0.238,0.253,0.98,0.527,0.11,0.47,0.858,0.294,0.149,0.585,0.194,0.844,0.23,0.186,0.998,0.491,0.506,0.474,0.436,0.62,0.138,0.039,0.27,0.439,0.871,0.355,0.93,0.557,0.458,0.795,0.187,0.269,0.399,0.96
1.0,0.482,0.51,0.534,0.707,0.748,0.921,0.912,0.572,0.974,0.87,0.636,0.756,0.835,0.397,0.006,0.69,0.752,0.683,0.542,0.236,0.007,0.298,0.285,0.93,0.411,0.099,0.97,0.278,0.403,0.201,0.841,0.293,0.633,0.176,0.918,0.856,0.849,0.48,0.287,0.212
0.0,0.141,0.264,0.124,0.351,0.54,0.38,0.703,0.068,0.679,0.123,0.445,0.842,0.57,0.406,0.686,0.85,0.435,0.198,0.351,0.984,0.792,0.355,0.665,0.425,0.598,0.775,0.047,0.6,0.755,0.808,0.594,0.997,0.345,0.12,0.856,0.287,0.562,0.288,0.797,0.552
0.0,0.343,0.539,0.79,0.558,0.037,0.34,0.82,0.319,0.655,0.863,0.001,0.868,0.906,0.176,0.664,0.987,0.437,0.055,0.174,0.803,0.157,0.558,0.564,0.371,0.474,0.362,0.56,0.113,0.031,0.334,0.676,0.98,0.494,0.679,0.614,0.864,0.717,0.996,0.748,0.64
0.0,0.629,0.842,0.619,0.399,0.491,0.997,0.672,0.349,0.119,0.773,0.18,0.804,0.329,0.568,0.355,0.859,0.928,0.874,0.03,0.79,0.913,0.857,0.596,0.751,0.099,0.625,0.75,0.405,0.02,0.275,0.681,0.254,0.396,0.214,0.69,0.764,0.077,0.593,0.956,0.58
1.0,0.918,0.21,0.148,0.972,0.586,0.428,0.073,0.909,0.829,0.602,0.938,0.074,0.927,0.719,0.395,0.99,0.952,0.714,0.85,0.376,0.067,0.434,0.131,0.211,0.722,0.258,0.093,0.228,0.734,0.675,0.882,0.426,0.422,0.296,0.655,0.194,0.204,0.359,0.843,0.077
1.0,0.291,0.44,0.692,0.437,0.29,0.249,0.167,0.166,0.981,0.822,0.177,0.657,0.929,0.554,0.512,0.049,0.993,0.049,0.934,0.239,0.952,0.848,0.124,0.25,0.711,0.409,0.761,0.905,0.735,0.807,0.578,0.774,0.935,0.33,0.719,0.25,0.585,0.952,0.467,0.583
0.0,0.514,0.844,0.441,0.844,0.597,0.807,0.336,0.153,0.973,0.586,0.668,0.845,0.788,0.513,0.649,0.527,0.521,0.983,0.733,0.294,0.821,0.15,0.592,0.037,0.137,0.688,0.944,0.422,0.203,0.431,0.894,0.391,0.59,0.472,0.31,0.989,0.769,0.489,0.6,0.502
1.0,0.817,0.804,0.222,0.64,0.657,0.744,0.924,0.14,0.964,0.118,0.705,0.514,0.584,0.113,0.245,0.575,0.47,0.986,0.767,0.709,0.948,0.708,0.579,0.295,0.329,0.182,0.696,0.405,0.193,0.086,0.099,0.471,0.338,0.741,0.9,0.921,0.603,0.885,0.319,0.477
1.0,0.095,0.794,0.823,0.558,0.315,0.331,0.283,0.861,0.01,0.931,0.364,0.228,0.71,0.154,0.014,0.937,0.356,0.598,0.847,0.621,0.576,0.674,0.573,0.389,0.155,0.814,0.993,0.03,0.014,0.207,0.751,0.666,0.328,0.865,0.184,0.137,0.528,0.214,0.791,0.662
1.0,0.485,0.063,0.492,0.263,0.462,0.561,0.225,0.942,0.782,0.211,0.554,0.872,0.788,0.203,0.39,0.817,0.926,0.566,0.572,0.921,0.18,0.393,0.834,0.249,0.044,0.389,0.503,0.864,0.235,0.126,0.141,0.163,0.636,0.285,0.914,0.995,0.125,0.718,0.883,0.911
0.0,0.563,0.809,0.983,0.825,0.221,0.863,0.892,0.45,0.668,0.652,0.696,0.953,0.682,0.427,0.557,0.027,0.607,0.29,0.177,0.94,0.286,0.984,0.487,0.22,0.553,0.457,0.341,0.91,0.409,0.386,0.455,0.563,0.079,0.076,0.35,0.538,0.923,0.567,0.998,0.244
0.0,0.016,0.739,0.025,0.262,0.64,0.84,0.722,0.331,0.486,0.427,0.427,0.822,0.206,0.73,0.623,0.656,0.277,0.042,0.703,0.84,0.529,0.069,0.146,0.497,0.661,0.138,0.494,0.608,0.717,0.169,0.705,0.489,0.107,0.887,0.421,0.603,0.251,0.752,0.5,0.006
1.0,0.481,0.303,0.6,0.456,0.708,0.571,0.805,0.684,0.517,0.543,0.642,0.385,0.676,0.656,0.774,0.514,0.372,0.033,0.495,0.308,0.362,0.076,0.736,0.096,0.935,0.423,0.141,0.438,0.725,0.873,0.369,0.732,0.304,0.136,0.025,0.808,0.314,0.107,0.216,0.937
0.0,0.613,0.584,0.424,0.797,0.039,0.329,0.367,0.579,0.764,0.437,0.105,0.448,0.141,0.512,0.972,0.049,0.74,0.172,0.122,0.418,0.173,0.033,0.97,0.602,0.561,0.917,0.617,0.498,0.208,0.4,0.362,0.532,0.38,0.191,0.292,0.765,0.672,0.568,0.665,0.271
1.0,0.112,0.307,0.499,0.063,0.09,0.878,0.713,0.681,0.454,0.425,0.956,0.126,0.365,0.633,0.476,0.44,0.151,0.966,0.67,0.409,0.382,0.116,0.014,0.925,0.664,0.767,0.164,0.208,0.161,0.828,0.626,0.625,0.957,0.101,0.135,0.149,0.839,0.516,0.34,0.027
0.0,0.051,0.154,0.929,0.255,0.539,0.896,0.217,0.37,0.716,0.998,0.267,0.379,0.983,0.711,0.384,0.558,0.005,0.82,0.761,0.358,0.337,0.755,0.961,0.225,0.361,0.588,0.44,0.323,0.481,0.35,0.961,0.631,0.937,0.893,0.261,0.389,0.631,0.613,0.895,0.665
1.0,0.73,0.302,0.084,0.647,0.376,0.898,0.408,0.474,0.323,0.277,0.703,0.362,0.432,0.373,0.997,0.299,0.58,0.142,0.225,0.348,0.352,0.919,0.631,0.762,0.558,0.123,0.2,0.155,0.219,0.558,0.661,0.507,0.811,0.334,0.931,0.641,0.272,0.241,0.958,0.474
0.0,0.268,0.465,0.111,0.157,0.912,0.384,0.983,0.036,0.397,0.826,0.974,0.765,0.618,0.85,0.953,0.166,0.818,0.178,0.962,0.528,0.34,0.567,0.368,0.664,0.744,0.507,0.063,0.561,0.516,0.488,0.172,0.24,0.94,0.319,0.75,0.98,0.042,0.411,0.517,0.582
0.0,0.263,0.69,0.931,0.985,0.672,0.826,0.583,0.891,0.278,0.35,0.539,0.161,0.175,0.19,0.461,0.674,0.102,0.649,0.235,0.454,0.341,0.82,0.93,0.321,0.823,0.288,0.799,0.506,0.215,0.819,0.275,0.406,0.635,0.955,0.373,0.388,0.748,0.408,0.607,0.265
1.0,0.737,0.65,0.018,0.621,0.834,0.499,0.839,0.577,0.113,0.594,0.95,0.438,0.006,0.12,0.517,0.163,0.783,0.524,0.726,0.503,0.292,0.218,0.058,0.198,0.663,0.866,0.372,0.091,0.534,0.979,0.297,0.957,0.124,0.085,0.157,0.092,0.447,0.564,0.246,0.849
1.0,0.086,0.786,0.482,0.694,0.811,0.045,0.377,0.986,0.124,0.035,0.423,0.39,0.99,0.585,0.891,0.62,0.133,0.265,0.2,0.277,0.842,0.564,0.58,0.483,0.529,0.461,0.443,0.887,0.783,0.003,0.452,0.293,0.649,0.557,0.481,0.587,0.309,0.77,0.544,0.159
1.0,0.557,0.675,0.763,0.138,0.452,0.535,0.085,0.33,0.055,0.137,0.672,0.486,0.152,0.951,0.333,0.621,0.054,0.089,0.924,0.466,0.281,0.324,0.765,0.915,0.008,0.688,0.432,0.179,0.864,0.649,0.973,0.995,0.537,0.426,0.124,0.621,0.091,0.499,0.018,0.934
0.0,0.89,0.304,0.338,0.528,0.408,0.242,0.926,0.961,0.933,0.391,0.616,0.954,0.81,0.441,0.549,0.482,0.634,0.757,0.981,0.048,0.359,0.414,0.924,0.617,0.196,0.813,0.403,0.995,0.534,0.298,0.293,0.889,0.749,0.115,0.964,0.796,0.148,0.086,0.066,0.287
1.0,0.129,0.609,0.587,0.39,0.485,0.113,0.842,0.096,0.731,0.602,0.484,0.672,0.508,0.631,0.292,0.345,0.152,0.032,0.626,0.36,0.091,0.007,0.076,0.88,0.086,0.856,0.527,0.337,0.721,0.128,0.648,0.374,0.354,0.791,0.016,0.18,0.562,0.526,0.297,0.853
1.0,0.524,0.097,0.08,0.103,0.031,0.441,0.541,0.412,0.688,0.005,0.581,0.247,0.737,0.898,0.213,0.169,0.01,0.819,0.794,0.731,0.682,0.446,0.081,0.168,0.535,0.289,0.304,0.807,0.339,0.996,0.964,0.88,0.566,0.097,0.219,0.538,0.361,0.559,0.809,0.991
1.0,0.708,0.925,0.728,0.885,0.252,0.437,0.602,0.893,0.456,0.776,0.931,0.038,0.502,0.975,0.736,0.797,0.025,0.274,0.924,0.465,0.305,0.828,0.567,0.817,0.729,0.169,0.613,0.669,0.571,0.154,0.244,0.336,0.345,0.41,0.922,0.1,0.483,0.911,0.5,0.029
0.0,0.891,0.656,0.31,0.81,0.593,0.909,0.186,0.778,0.397,0.077,0.456,0.735,0.029,0.977,0.805,0.851,0.334,0.687,0.002,0.669,0.908,0.648,0.979,0.32,0.178,0.671,0.968,0.953,0.325,0.591,0.289,0.448,0.522,0.075,0.622,0.921,0.751,0.234,0.824,0.107
0.0,0.13,0.061,0.787,0.341,0.893,0.539,0.832,0.039,0.949,0.365,0.639,0.808,0.588,0.092,0.794,0.329,0.45,0.303,0.479,0.913,0.729,0.563,0.476,0.715,0.948,0.275,0.715,0.282,0.965,0.243,0.436,0.766,0.476,0.378,0.048,0.613,0.756,0.239,0.292,0.843
0.0,0.969,0.875,0.16,0.736,0.447,0.336,0.072,0.997,0.804,0.008,0.79,0.097,0.18,0.824,0.835,0.97,0.111,0.148,0.63,0.542,0.039,0.522,0.162,0.477,0.425,0.912,0.63,0.865,0.153,0.838,0.02,0.957,0.525,0.832,0.304,0.142,0.457,0.935,0.458,0.933
0.0,0.318,0.427,0.304,0.447,0.387,0.131,0.664,0.634,0.492,0.657,0.007,0.898,0.271,0.072,0.909,0.595,0.861,0.618,0.746,0.896,0.282,0.728,0.654,0.198,0.534,0.635,0.223,0.996,0.751,0.645,0.879,0.667,0.863,0.119,0.383,0.751,0.861,0.465,0.428,0.899
0.0,0.347,0.917,0.897,0.2,0.528,0.057,0.178,0.834,0.704,0.937,0.931,0.424,0.47,0.936,0.768,0.879,0.099,0.703,0.084,0.126,0.325,0.847,0.573,0.786,0.767,0.597,0.094,0.669,0.375,0.27,0.795,0.198,0.614,0.52,0.106,0.641,0.238,0.778,0.901,0.333
1.0,0.77,0.495,0.318,0.787,0.296,0.814,0.161,0.367,0.014,0.89,0.781,0.77,0.542,0.204,0.467,0.5,0.301,0.871,0.088,0.144,0.838,0.91,0.237,0.523,0.911,0.742,0.542,0.558,0.598,0.844,0.759,0.185,0.019,0.988,0.587,0.817,0.692,0.593,0.188,0.402
0.0,0.515,0.454,0.832,0.926,0.969,0.254,0.334,0.474,0.285,0.684,0.563,0.276,0.11,0.01,0.678,0.738,0.929,0.916,0.501,0.497,0.003,0.389,0.388,0.339,0.962,0.564,0.096,0.99,0.095,0.811,0.625,0.482,0.989,0.404,0.794,0.621,0.669,0.516,0.902,0.666
0.0,0.3,0.232,0.767,0.645,0.887,0.27,0.593,0.53,0.733,0.627,0.818,0.709,0.606,0.66,0.007,0.788,0.653,0.46,0.267,0.269,0.893,0.104,0.454,0.177,0.783,0.698,0.776,0.664,0.648,0.951,0.612,0.215,0.732,0.495,0.931,0.016,0.505,0.483,0.787,0.712
1.0,0.211,0.644,0.552,0.887,0.947,0.362,0.269,0.31,0.244,0.971,0.48,0.794,0.84,0.147,0.178,0.821,0.221,0.922,0.553,0.021,0.285,0.755,0.286,0.277,0.12,0.477,0.067,0.405,0.119,0.715,0.469,0.156,0.007,0.145,0.831,0.363,0.293,0.122,0.685,0.06
0.0,0.792,0.981,0.934,0.152,0.513,0.841,0.202,0.102,0.881,0.529,0.539,0.966,0.45,0.818,0.346,0.132,0.4,0.114,0.541,0.175,0.587,0.773,0.783,0.93,0.275,0.868,0.661,0.999,0.903,0.431,0.027,0.818,0.325,0.748,0.097,0.058,0.328,0.978,0.697,0.182
0.0,0.776,0.853,0.286,0.964,0.39,0.916,0.563,0.429,0.173,0.252,0.012,0.1,0.716,0.906,0.304,0.223,0.926,0.749,0.061,0.654,0.928,0.477,0.971,0.911,0.51,0.924,0.311,0.137,0.179,0.257,0.565,0.345,0.977,0.856,0.052,0.274,0.827,0.075,0.899,0.304
0.0,0.386,0.288,0.922,0.084,0.965,0.574,0.084,0.37,0.672,0.832,0.555,0.359,0.36,0.189,0.188,0.769,0.293,0.663,0.486,0.353,0.739,0.353,0.623,0.782,0.454,0.857,0.202,0.073,0.195,0.844,0.963,0.898,0.478,0.009,0.351,0.894,0.65,0.083,0.901,0.44
0.0,0.892,0.595,0.582,0.78,0.753,0.083,0.625,0.844,0.744,0.837,0.997,0.841,0.421,0.701,0.457,0.978,0.733,0.94,0.949,0.133,0.751,0.488,0.779,0.993,0.752,0.731,0.841,0.595,0.748,0.16,0.21,0.553,0.46,0.825,0.854,0.963,0.626,0.934,0.654,0.317
0.0,0.931,0.602,0.127,0.498,0.919,0.834,0.817,0.543,0.357,0.133,0.024,0.925,0.079,0.84,0.401,0.895,0.92,0.069,0.02,0.974,0.69,0.737,0.795,0.33,0.532,0.721,0.425,0.479,0.339,0.011,0.378,0.889,0.884,0.045,0.169,0.701,0.751,0.475,0.334,0.412
1.0,0.484,0.941,0.127,0.974,0.447,0.835,0.184,0.811,0.85,0.617,0.428,0.013,0.217,0.863,0.547,0.307,0.229,0.883,0.706,0.85,0.61,0.778,0.401,0.571,0.338,0.154,0.267,0.227,0.227,0.74,0.677,0.209,0.32,0.876,0.142,0.499,0.658,0.625,0.858,0.261
0.0,0.291,0.411,0.862,0.649,0.369,0.647,0.411,0.356,0.582,0.632,0.521,0.799,0.268,0.055,0.841,0.6,0.358,0.998,0.561,0.132,0.979,0.06,0.879,0.715,0.709,0.843,0.386,0.83,0.411,0.245,0.132,0.807,0.609,0.399,0.614,0.159,0.353,0.722,0.993,0.105
0.0,0.638,0.064,0.392,0.683,0.97,0.233,0.053,0.6,0.595,0.03,0.832,0.097,0.977,0.094,0.453,0.138,0.593,0.437,0.188,0.542,0.126,0.953,0.71,0.56,0.125,0.131,0.331,0.144,0.507,0.964,0.312,0.128,0.401,0.772,0.374,0.132,0.064,0.964,0.084,0.648
0.0,0.96,0.265,0.609,0.194,0.646,0.018,0.116,0.89,0.104,0.925,0.138,0.869,0.63,0.463,0.14,0.232,0.849,0.469,0.699,0.466,0.192,0.898,0.201,0.979,0.681,0.305,0.693,0.188,0.184,0.714,0.493,0.599,0.467,0.522,0.039,0.747,0.338,0.449,0.88,0.694
1.0,0.86,0.791,0.226,0.498,0.087,0.367,0.128,0.503,0.621,0.287,0.393,0.054,0.199,0.826,0.981,0.846,0.708,0.751,0.245,0.777,0.254,0.637,0.221,0.154,0.528,0.584,0.632,0.668,0.292,0.381,0.738,0.121,0.347,0.317,0.612,0.761,0.798,0.681,0.444,0.045
0.0,0.746,0.596,0.475,0.315,0.011,0.893,0.753,0.246,0.799,0.192,0.715,0.883,0.149,0.108,0.739,0.854,0.65,0.305,0.091,0.957,0.243,0.092,0.874,0.855,0.295,0.41,0.264,0.62,0.207,0.422,0.414,0.091,0.828,0.978,0.985,0.529,0.328,0.053,0.972,0.348
0.0,0.054,0.008,0.978,0.275,0.633,0.147,0.244,0.136,0.211,0.162,0.403,0.117,0.578,0.687,0.764,0.003,0.587,0.718,0.868,0.897,0.487,0.458,0.745,0.63,0.823,0.183,0.945,0.839,0.519,0.941,0.341,0.36,0.159,0.195,0.007,0.533,0.114,0.459,0.539,0.014
1.0,0.981,0.039,0.082,0.385,0.672,0.082,0.68,0.595,0.14,0.552,0.498,0.619,0.443,0.017,0.475,0.231,0.051,0.424,0.53,0.016,0.017,0.162,0.292,0.091,0.75,0.582,0.321,0.252,0.44,0.376,0.253,0.225,0.009,0.218,0.936,0.319,0.436,0.425,0.883,0.107
0.0,0.02,0.446,0.126,0.064,0.212,0.827,0.161,0.389,0.938,0.573,0.164,0.628,0.796,0.34,0.978,0.114,0.546,0.697,0.083,0.908,0.239,0.65,0.679,0.095,0.823,0.503,0.323,0.29,0.315,0.586,0.368,0.361,0.682,0.116,0.183,0.608,0.588,0.348,0.845,0.906
0.0,0.351,0.755,0.969,0.505,0.305,0.615,0.939,0.228,0.964,0.286,0.749,0.137,0.872,0.737,0.203,0.893,0.106,0.594,0.586,0.123,0.34,0.466,0.802,0.977,0.328,0.134,0.779,0.484,0.725,0.684,0.059,0.385,0.974,0.936,0.085,0.468,0.795,0.927,0.254,0.188
1.0,0.016,0.305,0.172,0.781,0.496,0.259,0.766,0.486,0.714,0.128,0.207,0.635,0.699,0.525,0.942,0.738,0.774,0.676,0.7,0.329,0.352,0.466,0.127,0.152,0.554,0.252,0.054,0.906,0.488,0.849,0.076,0.337,0.745,0.265,0.39,0.962,0.555,0.504,0.671,0.112
0.0,0.841,0.032,0.979,0.677,0.544,0.163,0.751,0.485,0.145,0.707,0.488,0.87,0.896,0.309,0.218,0.593,0.767,0.438,0.662,0.459,0.916,0.879,0.272,0.097,0.898,0.587,0.747,0.662,0.83,0.494,0.181,0.298,0.511,0.613,0.095,0.805,0.702,0.095,0.384,0.007
1.0,0.902,0.71,0.718,0.131,0.416,0.901,0.055,0.159,0.668,0.82,0.15,0.307,0.635,0.153,0.369,0.158,0.106,0.764,0.257,0.383,0.745,0.837,0.479,0.265,0.347,0.753,0.47,0.124,0.746,0.947,0.146,0.833,0.539,0.695,0.763,0.114,0.817,0.235,0.708,0.72
1.0,0.952,0.58,0.015,0.02,0.521,0.905,0.605,0.21,0.288,0.939,0.267,0.295,0.755,0.757,0.546,0.407,0.794,0.605,0.573,0.032,0.4,0.894,0.417,0.498,0.853,0.683,0.103,0.019,0.23,0.262,0.492,0.946,0.332,0.017,0.316,0.991,0.556,0.254,0.213,0.887
0.0,0.606,0.484,0.846,0.836,0.398,0.919,0.948,0.41,0.487,0.081,0.806,0.165,0.973,0.106,0.882,0.334,0.434,0.729,0.488,0.678,0.672,0.277,0.8,0.169,0.606,0.71,0.078,0.016,0.56,0.904,0.098,0.672,0.037,0.592,0.821,0.741,0.759,0.861,0.548,0.84
0.0,0.104,0.997,0.392,0.842,0.447,0.67,0.997,0.298,0.05,0.084,0.059,0.884,0.618,0.904,0.408,0.733,0.65,0.339,0.407,0.85,0.49,0.677,0.946,0.366,0.929,0.293,0.793,0.536,0.001,0.419,0.325,0.27,0.753,0.791,0.533,0.952,0.492,0.431,0.001,0.107
1.0,0.762,0.586,0.57,0.854,0.534,0.757,0.814,0.229,0.834,0.527,0.226,0.934,0.006,0.304,0.666,0.51,0.896,0.577,0.479,0.373,0.561,0.841,0.224,0.628,0.844,0.341,0.556,0.354,0.801,0.921,0.641,0.417,0.94,0.197,0.058,0.864,0.801,0.215,0.725,0.596
1.0,0.946,0.836,0.452,0.549,0.459,0.494,0.358,0.474,0.98,0.786,0.4,0.603,0.521,0.358,0.603,0.24,0.134,0.617,0.417,0.557,0.435,0.48,0.509,0.555,0.076,0.991,0.385,0.2,0.83,0.625,0.193,0.216,0.601,0.444,0.972,0.155,0.054,0.742,0.355,0.807
1.0,0.202,0.738,0.749,0.962,0.465,0.119,0.492,0.082,0.265,0.109,0.05,0.207,0.446,0.297,0.641,0.187,0.863,0.899,0.516,0.845,0.91,0.864,0.373,0.992,0.424,0.36,0.997,0.02,0.604,0.212,0.058,0.572,0.3,0.352,0.045,0.023,0.652,0.274,0.267,0.858
1.0,0.365,0.433,0.409,0.461,0.259,0.645,0.962,0.829,0.457,0.81,0.451,0.655,0.203,0.193,0.766,0.691,0.055,0.413,0.793,0.562,0.173,0.918,0.172,0.249,0.637,0.845,0.165,0.871,0.372,0.161,0.599,0.913,0.171,0.445,0.474,0.048,0.983,0.839,0.754,0.448
0.0,0.574,0.668,0.246,0.643,0.909,0.81,0.193,0.14,0.192,0.018,0.401,0.237,0.24,0.979,0.277,0.051,0.978,0.689,0.002,0.313,0.945,0.141,0.736,0.769,0.11,0.956,0.155,0.668,0.513,0.256,0.381,0.836,0.654,0.538,0.769,0.313,0.442,0.714,0.556,0.378
0.0,0.67,0.796,0.856,0.902,0.842,0.589,0.307,0.091,0.774,0.663,0.145,0.385,0.718,0.521,0.356,0.484,0.074,0.194,0.892,0.925,0.801,0.816,0.605,0.861,0.215,0.086,0.177,0.896,0.218,0.146,0.989,0.947,0.356,0.42,0.599,0.067,0.638,0.31,0.06,0.836
1.0,0.731,0.846,0.016,0.63,0.005,0.025,0.318,0.819,0.16,0.171,0.375,0.327,0.668,0.303,0.481,0.391,0.979,0.205,0.429,0.999,0.596,0.919,0.56,0.618,0.457,0.241,0.631,0.043,0.073,0.983,0.201,0.539,0.192,0.755,0.78,0.812,0.731,0.553,0.192,0.132
1.0,0.321,0.768,0.923,0.391,0.169,0.9,0.821,0.526,0.141,0.615,0.113,0.068,0.848,0.355,0.109,0.981,0.127,0.693,0.22,0.526,0.787,0.211,0.977,0.954,0.315,0.177,0.474,0.786,0.845,0.938,0.609,0.576,0.765,0.165,0.327,0.439,0.871,0.624,0.938,0.167
0.0,0.841,0.391,0.548,0.973,0.623,0.001,0.481,0.688,0.865,0.194,0.18,0.907,0.47,0.564,0.777,0.127,0.686,0.692,0.082,0.56,0.015,0.31,0.247,0.894,0.135,0.704,0.188,0.57,0.794,0.935,0.024,0.061,0.129,0.434,0.989,0.1,0.852,0.881,0.581,0.504
1.0,0.159,0.069,0.106,0.096,0.034,0.918,0.981,0.827,0.517,0.063,0.11,0.089,0.944,0.353,0.716,0.979,0.014,0.62,0.012,0.918,0.789,0.49,0.364,0.059,0.252,0.883,0.84,0.276,0.645,0.375,0.921,0.732,0.597,0.545,0.872,0.669,0.473,0.506,0.565,0.334
0.0,0.113,0.104,0.644,0.919,0.725,0.194,0.891,0.913,0.707,0.244,0.705,0.522,0.243,0.535,0.339,0.301,0.236,0.184,0.271,0.144,0.63,0.762,0.938,0.529,0.869,0.859,0.858,0.207,0.319,0.134,0.39,0.956,0.392,0.389,0.99,0.988,0.307,0.104,0.227,0.548
0.0,0.126,0.31,0.561,0.213,0.685,0.943,0.791,0.447,0.207,0.281,0.194,0.548,0.262,0.384,0.635,0.537,0.784,0.115,0.2,0.062,0.038,0.327,0.887,0.838,0.324,0.065,0.981,0.3,0.002,0.826,0.1,0.071,0.932,0.078,0.096,0.482,0.69,0.015,0.01,0.21
0.0,0.392,0.952,0.735,0.731,0.609,0.91,0.467,0.308,0.981,0.894,0.313,0.816,0.299,0.663,0.091,0.802,0.811,0.407,0.741,0.462,0.284,0.352,0.334,0.453,0.551,0.386,0.999,0.339,0.986,0.935,0.07,0.433,0.822,0.376,0.878,0.962,0.208,0.671,0.664,0.871
0.0,0.974,0.893,0.555,0.775,0.683,0.791,0.945,0.114,0.749,0.908,0.405,0.228,0.41,0.079,0.541,0.527,0.175,0.473,0.738,0.192,0.069,0.24,0.981,0.247,0.719,0.787,0.443,0.966,0.393,0.461,0.965,0.566,0.699,0.925,0.143,0.042,0.89,0.353,0.995,0.417
0.0,0.99,0.848,0.408,0.793,0.991,0.877,0.04,0.243,0.063,0.669,0.846,0.019,0.619,0.237,0.837,0.568,0.397,0.401,0.223,0.75,0.956,0.29,0.673,0.466,0.111,0.756,0.22,0.975,0.832,0.059,0.814,0.552,0.446,0.409,0.537,0.189,0.544,0.5,0.951,0.832
0.0,0.793,0.587,0.91,0.407,0.911,0.399,0.263,0.826,0.58,0.204,0.593,0.482,0.527,0.938,0.05,0.291,0.471,0.412,0.057,0.655,0.593,0.262,0.411,0.462,0.282,0.825,0.288,0.882,0.118,0.922,0.922,0.884,0.184,0.632,0.994,0.246,0.909,0.135,0.881,0.191
0.0,0.35,0.922,0.172,0.366,0.343,0.791,0.955,0.085,0.79,0.671,0.667,0.39,0.011,0.641,0.788,0.488,0.134,0.306,0.067,0.884,0.017,0.801,0.94,0.882,0.344,0.808,0.841,0.812,0.287,0.75,0.778,0.82,0.095,0.065,0.335,0.406,0.707,0.191,0.459,0.107
0.0,0.989,0.547,0.391,0.734,0.696,0.2,0.684,0.071,0.425,0.565,0.107,0.968,0.15,0.258,0.121,0.806,0.813,0.791,0.582,0.225,0.85,0.62,0.631,0.561,0.01,0.684,0.062,0.246,0.351,0.513,0.424,0.498,0.399,0.221,0.306,0.821,0.617,0.651,0.53,0.773
0.0,0.872,0.134,0.697,0.667,0.576,0.735,0.087,0.983,0.448,0.752,0.996,0.556,0.779,0.914,0.045,0.003,0.757,0.788,0.968,0.03,0.76,0.274,0.649,1.0,0.013,0.709,0.28,0.329,0.012,0.314,0.152,0.545,0.779,0.85,0.193,0.129,0.652,0.978,0.671,0.886
0.0,0.019,0.309,0.496,0.56,0.138,0.864,0.379,0.976,0.332,0.101,0.968,0.503,0.769,0.929,0.9,0.863,0.93,0.384,0.965,0.002,0.666,0.082,0.983,0.329,0.096,0.986,0.216,0.633,0.673,0.57,0.019,0.449,0.84,0.156,0.055,0.556,0.837,0.843,0.145,0.072
0.0,0.571,0.282,0.655,0.758,0.088,0.617,0.503,0.244,0.362,0.142,0.317,0.315,0.841,0.441,0.172,0.452,0.258,0.811,0.954,0.707,0.585,0.359,0.977,0.196,0.527,0.357,0.913,0.299,0.12,0.151,0.729,0.977,0.285,0.417,0.772,0.655,0.316,0.703,0.656,0.552
0.0,0.887,0.025,0.246,0.967,0.266,0.082,0.785,0.579,0.01,0.263,0.836,0.938,0.561,0.192,0.687,0.49,0.354,0.472,0.745,0.226,0.864,0.36,0.542,0.416,0.27,0.388,0.624,0.918,0.925,0.129,0.927,0.865,0.64,0.923,0.373,0.209,0.728,0.265,0.676,0.239
1.0,0.944,0.425,0.507,0.852,0.089,0.186,0.563,0.174,0.168,0.269,0.478,0.365,0.908,0.023,0.199,0.851,0.216,0.767,0.613,0.384,0.022,0.41,0.575,0.092,0.092,0.958,0.323,0.954,0.174,0.867,0.785,0.668,0.274,0.534,0.917,0.526,0.902,0.086,0.497,0.745
1.0,0.528,0.8,0.958,0.373,0.743,0.703,0.916,0.086,0.34,0.689,0.782,0.496,0.406,0.942,0.396,0.499,0.196,0.517,0.614,0.807,0.271,0.621,0.743,0.096,0.324,0.291,0.269,0.479,0.182,0.375,0.069,0.818,0.234,0.935,0.695,0.146,0.937,0.586,0.911,0.64
1.0,0.083,0.306,0.566,0.754,0.472,0.659,0.182,0.005,0.381,0.202,0.543,0.074,0.564,0.866,0.251,0.738,0.84,0.146,0.419,0.839,0.573,0.887,0.034,0.891,0.133,0.309,0.768,0.131,0.809,0.995,0.199,0.416,0.709,0.217,0.332,0.12,0.153,0.717,0.099,0.656
1.0,0.782,0.513,0.098,0.275,0.774,0.264,0.855,0.408,0.152,0.286,0.361,0.766,0.564,0.938,0.23,0.348,0.737,0.692,0.963,0.892,0.373,0.362,0.776,0.105,0.402,0.969,0.025,0.965,0.487,0.351,0.858,0.023,0.323,0.74,0.161,0.61,0.106,0.296,0.367,0.895
1.0,0.072,0.761,0.406,0.451,0.435,0.917,0.177,0.994,0.655,0.459,0.297,0.624,0.724,0.413,0.801,0.861,0.821,0.772,0.451,0.641,0.17,0.387,0.412,0.618,0.301,0.927,0.058,0.607,0.834,0.28,0.194,0.28,0.58,0.817,0.04,0.961,0.908,0.344,0.361,0.109
0.0,0.325,0.356,0.965,0.019,0.949,0.412,0.229,0.442,0.328,0.182,0.464,0.7,0.817,0.137,0.809,0.333,0.499,0.017,0.997,0.937,0.045,0.269,0.158,0.667,0.388,0.642,0.473,0.309,0.094,0.039,0.393,0.106,0.653,0.749,0.787,0.259,0.725,0.512,0.132,0.311
1.0,0.261,0.391,0.646,0.063,0.339,0.618,0.723,0.471,0.001,0.229,0.939,0.494,0.516,0.871,0.029,0.471,0.938,0.468,0.615,0.67,0.208,0.388,0.147,0.505,0.144,0.114,0.93,0.648,0.576,0.121,0.918,0.887,0.926,0.118,0.95,0.673,0.211,0.481,0.575,0.986
0.0,0.001,0.386,0.762,0.884,0.316,0.241,0.857,0.513,0.706,0.884,0.394,0.237,0.343,0.182,0.475,0.4,0.626,0.956,0.586,0.271,0.289,0.809,0.983,0.519,0.309,0.515,0.773,0.771,0.77,0.2,0.402,0.573,0.488,0.456,0.963,0.344,0.177,0.888,0.379,0.044
0.0,0.982,0.178,0.041,0.535,0.301,0.918,0.665,0.38,0.42,0.317,0.265,0.481,0.78,0.36,0.337,0.488,0.12,0.689,0.463,0.605,0.072,0.17,0.994,0.308,0.86,0.907,0.499,0.035,0.704,0.145,0.233,0.001,0.24,0.548,0.042,0.003,0.604,0.728,0.379,0.848
1.0,0.56,0.741,0.126,0.425,0.39,0.656,0.126,0.103,0.475,0.545,0.783,0.677,0.973,0.235,0.824,0.525,0.749,0.516,0.574,0.406,0.3,0.726,0.055,0.385,0.049,0.279,0.706,0.639,0.143,0.547,0.908,0.554,0.437,0.378,0.283,0.08,0.218,0.019,0.864,0.17
0.0,0.874,0.657,0.594,0.627,0.7,0.018,0.437,0.815,0.519,0.424,0.663,0.84,0.523,0.33,0.244,0.049,0.798,0.852,0.967,0.249,0.861,0.54,0.726,0.821,0.805,0.399,0.213,0.751,0.816,0.634,0.577,0.33,0.988,0.792,0.607,0.594,0.354,0.551,0.26,0.434
0.0,0.773,0.801,0.95,0.209,0.554,0.852,0.367,0.524,0.399,0.208,0.755,0.99,0.881,0.706,0.805,0.777,0.862,0.469,0.841,0.159,0.51,0.482,0.108,0.734,0.797,0.871,0.402,0.788,0.219,0.043,0.275,0.24,0.404,0.512,0.684,0.3,0.58,0.964,0.726,0.013
0.0,0.301,0.609,0.341,0.352,0.709,0.36,0.702,0.949,0.357,0.837,0.571,0.707,0.852,0.018,0.336,0.051,0.627,0.514,0.154,0.323,0.39,0.899,0.792,0.241,0.726,0.256,0.321,0.02,0.462,0.523,0.361,0.219,0.826,0.808,0.383,0.321,0.672,0.659,0.592,0.527
1.0,0.411,0.799,0.074,0.226,0.167,0.961,0.667,0.387,0.475,0.311,0.723,0.3,0.655,0.145,0.048,0.465,0.668,0.792,0.743,0.765,0.111,0.209,0.375,0.012,0.042,0.34,0.528,0.44,0.394,0.708,0.309,0.072,0.957,0.911,0.259,0.307,0.663,0.893,0.121,0.271
1.0,0.739,0.991,0.617,0.522,0.353,0.377,0.171,0.949,0.117,0.819,0.586,0.168,0.415,0.744,0.782,0.04,0.79,0.366,0.358,0.201,0.152,0.748,0.405,0.997,0.007,0.631,0.62,0.417,0.929,0.188,0.922,0.076,0.556,0.51,0.642,0.191,0.869,0.99,0.241,0.372
1.0,0.466,0.647,0.436,0.668,0.558,0.591,0.158,0.218,0.089,0.934,0.804,0.023,0.403,0.938,0.774,0.113,0.191,0.33,0.07,0.892,0.421,0.033,0.305,0.805,0.821,0.992,0.065,0.626,0.464,0.466,0.189,0.654,0.667,0.221,0.763,0.723,0.043,0.08,0.845,0.426
1.0,0.072,0.856,0.256,0.446,0.721,0.473,0.113,0.916,0.773,0.713,0.743,0.533,0.052,0.018,0.339,0.19,0.565,0.708,0.66,0.461,0.055,0.154,0.25,0.348,0.741,0.378,0.595,0.365,0.185,0.826,0.713,0.191,0.204,0.947,0.849,0.751,0.781,0.98,0.29,0.977
0.0,0.173,0.744,0.901,0.35,0.889,0.553,0.284,0.753,0.006,0.606,0.299,0.577,0.504,0.607,0.555,0.686,0.658,0.933,0.262,0.206,0.554,0.933,0.957,0.768,0.571,0.811,0.363,0.051,0.547,0.088,0.5,0.705,0.117,0.959,0.308,0.659,0.285,0.794,0.024,0.445
0.0,0.516,0.502,0.019,0.167,0.297,0.254,0.383,0.638,0.708,0.083,0.76,0.439,0.608,0.075,0.226,0.25,0.842,0.408,0.751,0.313,0.992,0.502,0.854,0.919,0.798,0.902,0.466,0.625,0.695,0.184,0.051,0.84,0.903,0.704,0.294,0.997,0.038,0.279,0.875,0.277
1.0,0.349,0.53,0.074,0.937,0.8,0.765,0.054,0.45,0.941,0.706,0.796,0.587,0.974,0.147,0.889,0.45,0.776,0.434,0.868,0.658,0.883,0.845,0.103,0.077,0.564,0.816,0.584,0.492,0.246,0.365,0.498,0.149,0.569,0.42,0.31,0.901,0.765,0.608,0.44,0.537
0.0,0.973,0.467,0.665,0.769,0.238,0.186,0.558,0.848,0.866,0.56,0.487,0.956,0.485,0.562,0.801,0.414,0.136,0.644,0.463,0.645,0.278,0.351,0.928,0.668,0.27,0.532,0.919,0.616,0.318,0.242,0.532,0.87,0.601,0.106,0.365,0.616,0.673,0.325,0.501,0.918
0.0,0.722,0.358,0.882,0.874,0.984,0.398,0.604,0.186,0.594,0.629,0.37,0.684,0.636,0.115,0.576,0.804,0.887,0.517,0.39,0.919,0.521,0.606,0.995,0.076,0.492,0.743,0.204,0.512,0.587,0.42,0.694,0.467,0.641,0.166,0.676,0.441,0.339,0.872,0.488,0.851
0.0,0.145,0.797,0.809,0.973,0.122,0.864,0.584,0.23,0.824,0.987,0.784,0.454,0.432,0.542,0.895,0.541,0.128,0.767,0.643,0.595,0.343,0.991,0.975,0.598,0.924,0.681,0.533,0.154,0.236,0.538,0.815,0.414,0.474,0.546,0.433,0.011,0.028,0.232,0.503,0.058
0.0,0.549,0.253,0.666,0.213,0.754,0.672,0.097,0.44,0.855,0.119,0.643,0.206,0.652,0.833,0.243,0.821,0.721,0.79,0.415,0.767,0.987,0.416,0.921,0.451,0.539,0.466,0.64,0.624,0.516,0.47,0.121,0.985,0.427,0.922,0.531,0.953,0.103,0.479,0.639,0.885
0.0,0.416,0.304,0.052,0.769,0.593,0.942,0.494,0.061,0.624,0.913,0.75,0.213,0.105,0.42,0.389,0.771,0.852,0.629,0.32,0.956,0.5,0.264,0.999,0.01,0.209,0.555,0.372,0.483,0.706,0.172,0.319,0.352,0.424,0.832,0.204,0.884,0.485,0.461,0.145,0.987
1.0,0.081,0.417,0.933,0.366,0.579,0.64,0.662,0.698,0.48,0.061,0.897,0.354,0.704,0.932,0.861,0.336,0.694,0.987,0.496,0.308,0.438,0.995,0.114,0.744,0.766,0.716,0.661,0.145,0.575,0.746,0.379,0.023,0.063,0.593,0.572,0.058,0.174,0.078,0.425,0.575
0.0,0.721,0.092,0.311,0.581,0.497,0.888,0.079,0.297,0.371,0.731,0.287,0.902,0.766,0.656,0.657,0.31,0.946,0.781,0.446,0.959,0.9,0.104,0.368,0.549,0.029,0.212,0.681,0.858,0.136,0.377,0.598,0.088,0.752,0.896,0.627,0.607,0.409,0.72,0.587,0.781
0.0,0.376,0.785,0.132,0.397,0.909,0.514,0.978,0.818,0.51,0.452,0.548,0.911,0.798,0.348,0.913,0.321,0.1,0.455,0.516,0.32,0.769,0.377,0.094,0.646,0.468,0.273,0.281,0.081,0.816,0.074,0.848,0.272,0.237,0.447,0.101,0.842,0.225,0.027,0.818,0.454
0.0,0.478,0.822,0.324,0.836,0.957,0.599,0.764,0.613,0.971,0.384,0.677,0.717,0.711,0.601,0.644,0.42,0.941,0.045,0.261,0.505,0.265,0.88,0.272,0.898,0.801,0.121,0.99,0.485,0.456,0.376,0.836,0.325,0.011,0.594,0.294,0.804,0.237,0.119,0.127,0.034
0.0,0.839,0.972,0.844,0.215,0.079,0.035,0.482,0.606,0.512,0.446,0.672,0.176,0.58,0.865,0.546,0.405,0.306,0.343,0.197,0.678,0.461,0.669,0.794,0.308,0.285,0.662,0.17,0.065,0.694,0.407,0.124,0.137,0.688,0.184,0.654,0.852,0.778,0.422,0.797,0.676
1.0,0.89,0.102,0.546,0.359,0.606,0.26,0.766,0.079,0.071,0.131,0.723,0.643,0.565,0.481,0.053,0.155,0.911,0.867,0.114,0.021,0.176,0.553,0.03,0.985,0.196,0.264,0.751,0.4,0.663,0.608,0.524,0.621,0.85,0.415,0.502,0.263,0.979,0.397,0.225,0.041
0.0,0.209,0.883,0.08,0.426,0.909,0.517,0.65,0.818,0.868,0.31,0.4,0.112,0.855,0.669,0.261,0.044,0.532,0.901,0.437,0.826,0.156,0.626,0.321,0.337,0.351,0.984,0.296,0.129,0.091,0.902,0.176,0.577,0.038,0.551,0.193,0.352,0.578,0.665,0.368,0.337
1.0,0.161,0.44,0.752,0.425,0.788,0.336,0.145,0.689,0.659,0.826,0.786,0.71,0.244,0.619,0.109,0.402,0.944,0.123,0.648,0.353,0.429,0.52,0.019,0.872,0.166,0.404,0.534,0.537,0.156,0.292,0.931,0.727,0.632,0.939,0.941,0.009,0.131,0.978,0.092,0.631
1.0,0.153,0.463,0.819,0.459,0.126,0.095,0.896,0.467,0.661,0.844,0.519,0.275,0.846,0.388,0.496,0.617,0.458,0.309,0.888,0.016,0.456,0.437,0.798,0.358,0.422,0.641,0.35,0.929,0.898,0.127,0.056,0.294,0.189,0.175,0.007,0.884,0.123,0.682,0.601,0.96
1.0,0.638,0.604,0.575,0.705,0.277,0.034,0.475,0.5,0.538,0.297,0.413,0.396,0.757,0.926,0.618,0.475,0.738,0.913,0.783,0.182,0.603,0.153,0.504,0.374,0.74,0.62,0.122,0.611,0.969,0.132,0.571,0.966,0.845,0.556,0.162,0.692,0.041,0.613,0.668,0.26
1.0,0.24,0.233,0.794,0.803,0.019,0.311,0.111,0.412,0.849,0.509,0.215,0.308,0.405,0.21,0.964,0.187,0.274,0.177,0.839,0.742,0.542,0.502,0.603,0.741,0.088,0.965,0.058,0.461,0.131,0.898,0.601,0.844,0.491,0.129,0.669,0.635,0.862,0.479,0.412,0.424
0.0,0.54,0.679,0.806,0.302,0.507,0.108,0.549,0.467,0.294,0.465,0.32,0.905,0.811,0.642,0.114,0.163,0.061,0.207,0.886,0.585,0.774,0.671,0.367,0.603,0.808,0.877,0.292,0.344,0.096,0.298,0.521,0.712,0.905,0.665,0.223,0.256,0.976,0.095,0.453,0.813
1.0,0.653,0.118,0.939,0.161,0.572,0.894,0.413,0.358,0.335,0.73,0.043,0.856,0.725,0.577,0.486,0.674,0.499,0.975,0.738,0.524,0.117,0.568,0.405,0.453,0.52,0.569,0.846,0.749,0.724,0.062,0.502,0.325,0.137,0.099,0.11,0.391,0.698,0.824,0.605,0.226
0.0,0.097,0.123,0.615,0.937,0.735,0.339,0.491,0.305,0.387,0.18,0.896,0.758,0.448,0.918,0.192,0.811,0.016,0.098,0.573,0.168,0.07,0.299,0.789,0.951,0.412,0.808,0.614,0.212,0.784,0.161,0.633,0.711,0.019,0.754,0.078,0.419,0.467,0.618,0.921,0.507
1.0,0.386,0.479,0.987,0.114,0.0,0.68,0.093,0.373,0.146,0.49,0.601,0.569,0.634,0.299,0.811,0.355,0.525,0.264,0.778,0.443,0.41,0.389,0.057,0.5,0.361,0.601,0.072,0.636,0.863,0.919,0.41,0.259,0.099,0.2,0.077,0.531,0.173,0.295,0.783,0.286
1.0,0.051,0.463,0.359,0.55,0.475,0.898,0.898,0.088,0.926,0.834,0.91,0.656,0.364,0.102,0.34,0.104,0.539,0.77,0.532,0.592,0.602,0.399,0.076,0.806,0.408,0.686,0.807,0.467,0.775,0.461,0.796,0.057,0.085,0.871,0.895,0.817,0.544,0.266,0.855,0.919
0.0,0.318,0.847,0.869,0.504,0.593,0.784,0.837,0.976,0.274,0.366,0.926,0.83,0.146,0.28,0.886,0.226,0.814,0.578,0.073,0.879,0.588,0.868,0.208,0.117,0.863,0.95,0.785,0.951,0.213,0.229,0.916,0.741,0.66,0.525,0.225,0.923,0.839,0.08,0.862,0.964
0.0,0.325,0.917,0.685,0.733,0.847,0.398,0.71,0.168,0.347,0.235,0.989,0.95,0.82,0.017,0.245,0.781,0.573,0.27,0.158,0.308,0.09,0.447,0.505,0.634,0.053,0.905,0.823,0.224,0.263,0.349,0.848,0.947,0.728,0.511,0.743,0.14,0.912,0.586,0.245,0.46
0.0,0.648,0.649,0.653,0.299,0.114,0.3,0.834,0.527,0.496,0.306,0.387,0.365,0.601,0.275,0.453,0.821,0.821,0.369,0.1,0.707,0.558,0.754,0.907,0.214,0.173,0.84,0.151,0.949,0.731,0.691,0.07,0.921,0.145,0.537,0.373,0.437,0.799,0.589,0.021,0.014
0.0,0.018,0.246,0.994,0.013,0.473,0.719,0.904,0.954,0.372,0.569,0.249,0.45,0.625,0.128,0.812,0.347,0.923,0.746,0.051,0.644,0.956,0.64,0.969,0.849,0.337,0.51,0.515,0.968,0.959,0.352,0.476,0.338,0.83,0.69,0.197,0.289,0.344,0.197,0.956,0.054
0.0,0.194,0.855,0.942,0.799,0.266,0.83,0.93,0.336,0.358,0.598,0.366,0.804,0.367,0.364,0.399,0.671,0.048,0.342,0.42,0.62,0.72,0.588,0.62,0.249,0.3,0.316,0.327,0.208,0.51,0.537,0.2,0.467,0.563,0.918,0.506,0.447,0.858,0.454,0.526,0.704
0.0,0.138,0.832,0.88,0.882,0.875,0.173,0.238,0.658,0.545,0.22,0.51,0.396,0.88,0.782,0.009,0.659,0.696,0.096,0.397,0.917,0.489,0.086,0.088,0.687,0.505,0.788,0.093,0.358,0.784,0.197,0.07,0.371,0.265,0.795,0.704,0.5,0.469,0.411,0.448,0.164
1.0,0.936,0.227,0.002,0.328,0.782,0.2,0.257,0.705,0.363,0.13,0.435,0.228,0.196,0.164,0.703,0.585,0.447,0.024,0.246,0.431,0.914,0.184,0.119,0.444,0.666,0.828,0.129,0.432,0.577,0.63,0.078,0.677,0.21,0.383,0.882,0.588,0.809,0.64,0.041,0.909
0.0,0.294,0.946,0.942,0.225,0.755,0.68,0.259,0.39,0.069,0.596,0.077,0.186,0.55,0.898,0.721,0.294,0.612,0.252,0.882,0.751,0.229,0.807,0.904,0.616,0.653,0.711,0.283,0.978,0.185,0.57,0.91,0.367,0.015,0.29,0.007,0.729,0.604,0.878,0.952,0.239
1.0,0.691,0.865,0.87,0.206,0.084,0.951,0.942,0.65,0.367,0.512,0.854,0.314,0.729,0.439,0.817,0.484,0.364,0.434,0.755,0.43,0.493,0.592,0.241,0.85,0.091,0.294,0.219,0.637,0.447,0.923,0.468,0.343,0.242,0.759,0.171,0.935,0.966,0.227,0.089,0.596
0.0,0.505,0.464,0.864,0.257,0.855,0.281,0.438,0.083,0.149,0.275,0.247,0.335,0.664,0.87,0.794,0.882,0.535,0.739,0.073,0.933,0.359,0.911,0.053,0.976,0.758,0.119,0.863,0.923,0.322,0.739,0.16,0.431,0.754,0.641,0.49,0.664,0.806,0.595,0.75,0.144
0.0,0.656,0.097,0.071,0.927,0.945,0.315,0.922,0.135,0.878,0.784,0.807,0.932,0.552,0.819,0.864,0.362,0.847,0.358,0.484,0.415,0.183,0.638,0.614,0.021,0.352,0.024,0.914,0.863,0.155,0.713,0.904,0.146,0.393,0.288,0.839,0.688,0.097,0.819,0.326,0.515
1.0,0.531,0.077,0.798,0.247,0.23,0.389,0.083,0.002,0.849,0.797,0.291,0.335,0.36,0.733,0.147,0.307,0.305,0.658,0.493,0.539,0.886,0.484,0.308,0.727,0.868,0.601,0.34,0.828,0.31,0.435,0.724,0.36,0.954,0.406,0.1,0.753,0.973,0.638,0.173,0.02
1.0,0.301,0.464,0.798,0.903,0.254,0.519,0.069,0.59,0.965,0.679,0.378,0.274,0.296,0.191,0.588,0.578,0.011,0.159,0.626,0.539,0.065,0.383,0.617,0.481,0.338,0.863,0.405,0.528,0.064,0.225,0.129,0.588,0.187,0.227,0.726,0.927,0.81,0.142,0.996,0.152
0.0,0.261,0.494,0.868,0.106,0.455,0.954,0.313,0.229,0.545,0.431,0.102,0.601,0.124,0.355,0.405,0.343,0.42,0.964,0.317,0.933,0.285,0.158,0.908,0.185,0.813,0.565,0.976,0.497,0.69,0.789,0.94,0.705,0.836,0.407,0.7,0.126,0.812,0.524,0.423,0.334
1.0,0.562,0.354,0.247,0.451,0.623,0.838,0.392,0.216,0.608,0.954,0.702,0.16,0.015,0.437,0.79,0.58,0.702,0.235,0.772,0.349,0.058,0.076,0.066,0.902,0.738,0.141,0.357,0.482,0.142,0.144,0.416,0.616,0.888,0.111,0.741,0.892,0.318,0.747,0.501,0.459
1.0,0.89,0.8,0.324,0.604,0.798,0.044,0.068,0.695,0.62,0.729,0.192,0.177,0.719,0.633,0.357,0.465,0.019,0.119,0.957,0.216,0.838,0.507,0.766,0.659,0.399,0.88,0.382,0.256,0.44,0.941,0.85,0.186,0.293,0.913,0.8,0.68,0.455,0.106,0.399,0.181
1.0,0.797,0.299,0.939,0.005,0.618,0.384,0.595,0.563,0.789,0.652,0.508,0.344,0.598,0.392,0.059,0.023,0.974,0.326,0.091,0.398,0.834,0.897,0.429,0.287,0.588,0.287,0.636,0.841,0.964,0.625,0.4,0.975,0.108,0.028,0.883,0.464,0.458,0.968,0.069,0.362
0.0,0.709,0.98,0.947,0.505,0.005,0.197,0.532,0.623,0.866,0.114,0.729,0.372,0.967,0.878,0.246,0.879,0.141,0.539,0.363,0.724,0.708,0.636,0.86,0.925,0.205,0.359,0.073,0.225,0.213,0.441,0.048,0.157,0.983,0.695,0.723,0.239,0.444,0.015,0.362,0.725
1.0,0.487,0.781,0.36,0.751,0.755,0.671,0.963,0.223,0.73,0.308,0.573,0.296,0.947,0.564,0.578,0.748,0.197,0.33,0.812,0.525,0.977,0.698,0.337,0.261,0.057,0.374,0.782,0.181,0.337,0.234,0.32,0.912,0.934,0.744,0.585,0.631,0.736,0.787,0.55,0.206
1.0,0.392,0.992,0.129,0.054,0.736,0.689,0.544,0.298,0.946,0.7,0.611,0.348,0.634,0.7,0.762,0.212,0.958,0.994,0.23,0.972,0.732,0.277,0.157,0.503,0.519,0.567,0.561,0.433,0.271,0.198,0.878,0.791,0.564,0.332,0.116,0.277,0.12,0.56,0.022,0.1
1.0,0.481,0.129,0.091,0.717,0.039,0.008,0.196,0.125,0.264,0.235,0.781,0.073,0.414,0.022,0.946,0.133,0.464,0.441,0.932,0.182,0.108,0.335,0.052,0.708,0.241,0.921,0.327,0.04,0.26,0.051,0.573,0.947,0.921,0.856,0.84,0.212,0.33,0.638,0.793,0.527
0.0,0.088,0.875,0.065,0.42,0.778,0.897,0.629,0.203,0.553,0.156,0.674,0.791,0.146,0.702,0.35,0.117,0.965,0.34,0.949,0.792,0.48,0.416,0.112,0.781,0.463,0.418,0.6,0.99,0.029,0.029,0.866,0.868,0.013,0.069,0.324,0.749,0.203,0.609,0.421,0.051
0.0,0.392,0.909,0.266,0.939,0.435,0.651,0.055,0.805,0.846,0.341,0.851,0.877,0.274,0.76,0.986,0.11,0.152,0.73,0.734,0.253,0.765,0.775,0.44,0.171,0.045,0.662,0.556,0.208,0.758,0.865,0.42,0.25,0.795,0.575,0.4,0.193,0.159,0.057,0.824,0.438
1.0,0.749,0.829,0.772,0.976,0.28,0.701,0.585,0.621,0.167,0.48,0.899,0.558,0.002,0.399,0.732,0.366,0.373,0.639,0.693,0.31,0.946,0.979,0.361,0.962,0.293,0.796,0.129,0.324,0.693,0.377,0.613,0.13,0.656,0.214,0.876,0.002,0.626,0.813,0.069,0.233
0.0,0.013,0.096,0.355,0.546,0.359,0.168,0.744,0.982,0.139,0.283,0.025,0.092,0.662,0.409,0.099,0.299,0.05,0.18,0.831,0.26,0.601,0.595,0.888,0.396,0.916,0.727,0.61,0.114,0.633,0.795,0.754,0.083,0.833,0.475,0.82,0.874,0.132,0.233,0.225,0.683
1.0,0.383,0.193,0.497,0.429,0.726,0.005,0.483,0.635,0.701,0.725,0.553,0.45,0.089,0.22,0.076,0.464,0.315,0.825,0.053,0.115,0.568,0.299,0.655,0.154,0.791,0.845,0.621,0.471,0.805,0.949,0.177,0.358,0.01,0.327,0.63,0.714,0.462,0.239,0.886,0.22
0.0,0.35,0.73,0.345,0.189,0.98,0.132,0.393,0.59,0.136,0.194,0.95,0.879,0.635,0.285,0.167,0.188,0.816,0.623,0.837,0.322,0.598,0.47,0.704,0.77,0.808,0.904,0.006,0.719,0.576,0.819,0.02,0.679,0.326,0.641,0.541,0.012,0.077,0.834,0.34,0.9
0.0,0.202,0.476,0.183,0.556,0.921,0.325,0.697,0.417,0.968,0.395,0.867,0.471,0.221,0.208,0.867,0.716,0.498,0.264,0.356,0.707,0.778,0.865,0.811,0.946,0.532,0.529,0.341,0.144,0.227,0.273,0.974,0.789,0.109,0.884,0.775,0.175,0.903,0.542,0.218,0.426
0.0,0.505,0.611,0.606,0.867,0.713,0.534,0.479,0.883,0.507,0.648,0.612,0.269,0.025,0.428,0.538,0.44,0.864,0.716,0.375,0.931,0.047,0.165,0.889,0.418,0.437,0.442,0.819,0.777,0.293,0.325,0.233,0.073,0.243,0.264,0.393,0.994,0.67,0.271,0.156,0.699
0.0,0.069,0.475,0.631,0.385,0.489,0.268,0.825,0.037,0.042,0.419,0.039,0.981,0.47,0.394,0.225,0.936,0.814,0.774,0.94,0.121,0.019,0.489,0.91,0.281,0.094,0.694,0.885,0.275,0.564,0.56,0.425,0.134,0.455,0.927,0.377,0.891,0.404,0.046,0.197,0.791
1.0,0.265,0.951,0.28,0.66,0.066,0.033,0.138,0.648,0.694,0.169,0.479,0.193,0.878,0.851,0.701,0.667,0.421,0.103,0.509,0.881,0.876,0.843,0.359,0.329,0.662,0.386,0.522,0.199,0.726,0.961,0.987,0.5,0.979,0.37,0.274,0.028,0.976,0.258,0.345,0.87
1.0,0.82,0.469,0.508,0.484,0.195,0.228,0.149,0.551,0.132,0.36,0.611,0.366,0.804,0.818,0.559,0.605,0.12,0.168,0.479,0.332,0.129,0.786,0.568,0.661,0.7,0.777,0.253,0.322,0.633,0.845,0.595,0.386,0.949,0.993,0.667,0.726,0.684,0.989,0.379,0.786
0.0,0.352,0.808,0.068,0.399,0.974,0.898,0.923,0.183,0.891,0.31,0.154,0.396,0.147,0.176,0.902,0.731,0.722,0.031,0.433,0.73,0.991,0.0,0.846,0.875,0.708,0.387,0.659,0.912,0.593,0.93,0.83,0.55,0.348,0.271,0.455,0.933,0.71,0.533,0.61,0.009
1.0,0.875,0.18,0.91,0.987,0.813,0.27,0.838,0.484,0.343,0.212,0.429,0.149,0.346,0.04,0.874,0.839,0.143,0.204,0.425,0.634,0.829,0.842,0.638,0.972,0.819,0.663,0.619,0.606,0.911,0.052,0.612,0.639,0.017,0.497,0.344,0.297,0.021,0.782,0.327,0.335
0.0,0.616,0.67,0.022,0.865,0.992,0.532,0.819,0.082,0.983,0.904,0.591,0.373,0.578,0.747,0.733,0.729,0.273,0.525,0.379,0.826,0.539,0.691,0.615,0.151,0.854,0.533,0.516,0.303,0.435,0.722,0.473,0.063,0.062,0.878,0.713,0.353,0.188,0.975,0.563,0.23
0.0,0.763,0.795,0.326,0.48,0.18,0.757,0.881,0.635,0.858,0.297,0.02,0.812,0.546,0.564,0.035,0.026,0.482,0.023,0.397,0.127,0.093,0.309,0.603,0.106,0.195,0.26,0.434,0.013,0.863,0.912,0.483,0.03,0.303,0.625,0.763,0.907,0.74,0.417,0.626,0.872
0.0,0.01,0.781,0.391,0.969,0.047,0.454,0.948,0.231,0.838,0.496,0.149,0.966,0.672,0.426,0.684,0.657,0.311,0.755,0.489,0.497,0.494,0.556,0.136,0.234,0.936,0.166,0.201,0.552,0.52,0.193,0.619,0.154,0.262,0.809,0.409,0.589,0.675,0.804,0.395,0.154
1.0,0.728,0.168,0.878,0.511,0.3,0.793,0.885,0.084,0.814,0.822,0.933,0.136,0.102,0.091,0.163,0.758,0.133,0.948,0.905,0.962,0.978,0.455,0.876,0.867,0.06,0.849,0.767,0.461,0.892,0.445,0.516,0.336,0.898,0.608,0.594,0.515,0.687,0.451,0.9,0.409
0.0,0.136,0.585,0.244,0.334,0.765,0.396,0.166,0.779,0.737,0.775,0.532,0.86,0.92,0.98,0.425,0.494,0.025,0.226,0.433,0.914,0.785,0.472,0.925,0.993,0.532,0.396,0.597,0.895,0.221,0.235,0.105,0.791,0.726,0.796,0.917,0.454,0.464,0.736,0.291,0.476
0.0,0.138,0.301,0.647,0.8,0.704,0.42,0.061,0.373,0.473,0.281,0.184,0.461,0.581,0.533,0.838,0.483,0.828,0.851,0.112,0.508,0.765,0.124,0.941,0.699,0.398,0.16,0.329,0.078,0.315,0.235,0.243,0.651,0.762,0.685,0.562,0.8,0.876,0.992,0.75,0.536
0.0,0.924,0.651,0.433,0.07,0.225,0.87,0.205,0.154,0.081,0.527,0.574,0.937,0.774,0.624,0.895,0.96,0.512,0.663,0.049,0.77,0.717,0.131,0.382,0.757,0.791,0.33,0.955,0.174,0.546,0.656,0.618,0.003,0.383,0.259,0.907,0.587,0.55,0.504,0.06,0.38
0.0,0.518,0.264,0.134,0.677,0.819,0.382,0.419,0.418,0.239,0.153,0.064,0.862,0.054,0.673,0.508,0.166,0.086,0.282,0.972,0.04,0.177,0.624,0.918,0.571,0.367,0.604,0.14,0.567,0.866,0.984,0.69,0.423,0.75,0.403,0.534,0.604,0.757,0.505,0.52,0.071
1.0,0.172,0.48,0.758,0.149,0.844,0.579,0.48,0.871,0.249,0.012,0.817,0.9,0.922,0.879,0.515,0.673,0.427,0.532,0.55,0.241,0.609,0.572,0.01,0.641,0.729,0.962,0.232,0.359,0.976,0.824,0.418,0.903,0.911,0.048,0.072,0.077,0.061,0.776,0.488,0.798
0.0,0.235,0.304,0.044,0.732,0.568,0.05,0.591,0.917,0.951,0.081,0.724,0.082,0.289,0.582,0.679,0.673,0.691,0.272,0.634,0.289,0.019,0.203,0.979,0.393,0.073,0.877,0.669,0.619,0.186,0.639,0.554,0.4,0.153,0.719,0.135,0.143,0.135,0.27,0.1,0.406
0.0,0.124,0.789,0.295,0.627,0.236,0.3,0.677,0.273,0.61,0.923,0.846,0.126,0.769,0.734,0.981,0.03,0.07,0.553,0.051,0.28,0.739,0.058,0.183,0.116,0.887,0.576,0.392,0.366,0.791,0.871,0.588,0.131,0.065,0.874,0.08,0.578,0.927,0.923,0.567,0.117
0.0,0.982,0.961,0.434,0.179,0.74,0.151,0.888,0.098,0.243,0.376,0.804,0.362,0.654,0.737,0.69,0.822,0.938,0.752,0.929,0.662,0.787,0.97,0.479,0.487,0.9,0.726,0.731,0.316,0.301,0.086,0.033,0.272,0.829,0.769,0.19,0.025,0.356,0.318,0.725,0.092
1.0,0.022,0.406,0.04,0.722,0.615,0.12,0.38,0.615,0.507,0.329,0.398,0.645,0.7,0.211,0.406,0.85,0.333,0.5,0.926,0.442,0.742,0.813,0.095,0.439,0.122,0.676,0.343,0.89,0.06,0.632,0.379,0.331,0.238,0.995,0.876,0.336,0.507,0.767,0.79,0.597
0.0,0.663,0.525,0.687,0.546,0.379,0.658,0.184,0.842,0.34,0.771,0.34,0.979,0.283,0.67,0.328,0.493,0.953,0.735,0.118,0.706,0.278,0.317,0.72,0.696,0.309,0.337,0.142,0.448,0.648,0.554,0.868,0.674,0.25,0.172,0.726,0.738,0.578,0.927,0.863,0.296
1.0,0.768,0.989,0.499,0.556,0.178,0.278,0.586,0.383,0.2,0.573,0.326,0.572,0.312,0.875,0.186,0.611,0.478,0.503,0.609,0.611,0.792,0.051,0.422,0.196,0.147,0.689,0.536,0.627,0.596,0.837,0.177,0.46,0.456,0.212,0.347,0.74,0.282,0.143,0.535,0.395
0.0,0.82,0.382,0.698,0.657,0.801,0.01,0.877,0.092,0.152,0.008,0.523,0.905,0.766,0.138,0.944,0.768,0.498,0.164,0.046,0.891,0.092,0.826,0.246,0.2,0.805,0.641,0.959,0.393,0.402,0.66,0.853,0.77,0.891,0.056,0.291,0.923,0.635,0.398,0.182,0.529
1.0,0.869,0.471,0.002,0.151,0.646,0.393,0.069,0.117,0.18,0.387,0.482,0.615,0.812,0.2,0.024,0.658,0.273,0.025,0.832,0.072,0.444,0.03,0.595,0.546,0.418,0.22,0.708,0.782,0.351,0.3,0.045,0.184,0.724,0.643,0.486,0.618,0.524,0.165,0.597,0.431
0.0,0.822,0.057,0.754,0.404,0.812,0.504,0.183,0.496,0.878,0.813,0.513,0.651,0.203,0.721,0.944,0.742,0.674,0.112,0.484,0.948,0.378,0.518,0.803,0.124,0.042,0.984,0.643,0.316,0.239,0.214,0.507,0.557,0.498,0.855,0.146,0.916,0.386,0.838,0.261,0.942
1.0,0.373,0.457,0.744,0.49,0.329,0.663,0.371,0.165,0.697,0.44,0.902,0.579,0.844,0.48,0.19,0.584,0.39,0.425,0.139,0.532,0.182,0.215,0.497,0.165,0.841,0.756,0.956,0.986,0.957,0.675,0.918,0.165,0.107,0.639,0.128,0.302,0.75,0.837,0.788,0.285
0.0,0.157,0.562,0.6,0.649,0.382,0.438,0.638,0.253,0.689,0.87,0.529,0.266,0.801,0.613,0.424,0.202,0.587,0.42,0.134,0.155,0.544,0.679,0.729,0.38,0.751,0.376,0.066,0.992,0.578,0.996,0.068,0.714,0.238,0.786,0.568,0.252,0.683,0.725,0.504,0.101
0.0,0.694,0.924,0.882,0.911,0.898,0.651,0.29,0.295,0.155,0.828,0.3,0.71,0.03,0.246,0.642,0.25,0.749,0.987,0.543,0.981,0.127,0.089,0.447,0.237,0.697,0.501,0.96,0.161,0.12,0.403,0.92,0.604,0.11,0.925,0.205,0.444,0.002,0.839,0.222,0.329
0.0,0.969,0.041,0.412,0.112,0.017,0.755,0.579,0.189,0.068,0.014,0.72,0.814,0.244,0.444,0.116,0.319,0.631,0.582,0.45,0.373,0.518,0.409,0.453,0.546,0.712,0.529,0.536,0.997,0.479,0.559,0.621,0.59,0.756,0.367,0.665,0.384,0.357,0.059,0.024,0.743
0.0,0.102,0.543,0.01,0.273,0.85,0.04,0.711,0.781,0.389,0.922,0.238,0.741,0.941,0.699,0.266,0.056,0.317,0.305,0.572,0.544,0.555,0.259,0.573,0.042,0.499,0.635,0.597,0.007,0.185,0.506,0.404,0.69,0.884,0.73,0.845,0.048,0.586,0.737,0.528,0.43
1.0,0.601,0.808,0.545,0.415,0.609,0.891,0.43,0.525,0.532,0.537,0.673,0.008,0.975,0.286,0.958,0.005,0.22,0.64,0.498,0.374,0.642,0.182,0.012,0.083,0.841,0.759,0.878,0.219,0.974,0.629,0.458,0.217,0.123,0.532,0.864,0.313,0.645,0.731,0.073,0.043
1.0,0.11,0.866,0.46,0.58,0.1,0.433,0.579,0.751,0.258,0.653,0.623,0.374,0.986,0.45,0.779,0.653,0.166,0.722,0.202,0.065,0.613,0.08,0.168,0.173,0.701,0.63,0.841,0.259,0.755,0.66,0.246,0.749,0.01,0.057,0.754,0.304,0.446,0.576,0.589,0.019
1.0,0.474,0.783,0.277,0.457,0.646,0.07,0.851,0.253,0.953,0.124,0.73,0.483,0.873,0.244,0.157,0.955,0.539,0.328,0.581,0.99,0.494,0.971,0.732,0.567,0.124,0.259,0.713,0.669,0.519,0.9,0.975,0.489,0.96,0.324,0.847,0.817,0.847,0.61,0.995,0.162
1.0,0.212,0.548,0.941,0.083,0.085,0.868,0.458,0.457,0.781,0.257,0.683,0.072,0.87,0.928,0.062,0.291,0.648,0.874,0.768,0.741,0.189,0.583,0.224,0.478,0.91,0.279,0.176,0.815,0.511,0.557,0.038,0.293,0.403,0.566,0.063,0.546,0.516,0.332,0.981,0.572
1.0,0.378,0.002,0.037,0.268,0.071,0.888,0.987,0.858,0.531,0.794,0.316,0.096,0.85,0.149,0.158,0.823,0.253,0.238,0.438,0.001,0.465,0.616,0.775,0.372,0.095,0.148,0.328,0.31,0.686,0.485,0.516,0.006,0.45,0.135,0.74,0.667,0.784,0.44,0.475,0.171
0.0,0.33,0.147,0.79,0.428,0.033,0.744,0.782,0.187,0.952,0.754,0.398,0.825,0.933,0.733,0.233,0.84,0.66,0.864,0.393,0.948,0.713,0.089,0.526,0.97,0.893,0.601,0.207,0.438,0.192,0.598,0.014,0.45,0.63,0.932,0.28,0.308,0.41,0.934,0.019,0.364
0.0,0.792,0.863,0.567,0.204,0.999,0.08,0.218,0.791,0.275,0.273,0.589,0.414,0.008,0.635,0.832,0.531,0.409,0.629,0.735,0.554,0.358,0.149,0.347,0.989,0.656,0.784,0.821,0.855,0.526,0.231,0.448,0.963,0.039,0.193,0.283,0.94,0.055,0.265,0.895,0.339
0.0,0.46,0.605,0.723,0.662,0.985,0.716,0.003,0.668,0.596,0.873,0.179,0.353,0.731,0.901,0.811,0.573,0.018,0.429,0.263,0.194,0.415,0.888,0.011,0.065,0.436,0.314,0.98,0.891,0.729,0.029,0.978,0.521,0.542,0.958,0.934,0.434,0.739,0.208,0.984,0.287
1.0,0.308,0.821,0.731,0.338,0.683,0.138,0.244,0.586,0.507,0.614,0.835,0.503,0.936,0.743,0.537,0.615,0.365,0.117,0.963,0.426,0.045,0.044,0.269,0.379,0.056,0.856,0.209,0.524,0.024,0.816,0.726,0.746,0.26,0.847,0.432,0.919,0.92,0.442,0.057,0.9
0.0,0.485,0.842,0.397,0.769,0.718,0.44,0.3,0.519,0.011,0.408,0.359,0.003,0.325,0.822,0.707,0.369,0.785,0.07,0.958,0.95,0.936,0.835,0.797,0.96,0.976,0.169,0.104,0.206,0.341,0.712,0.439,0.866,0.691,0.345,0.306,0.303,0.325,0.541,0.317,0.0
0.0,0.246,0.191,0.477,0.878,0.846,0.809,0.306,0.406,0.892,0.654,0.47,0.397,0.382,0.351,0.481,0.238,0.821,0.632,0.678,0.27,0.484,0.719,0.535,0.906,0.388,0.532,0.094,0.452,0.508,0.16,0.838,0.312,0.198,0.482,0.454,0.741,0.612,0.17,0.657,0.816
1.0,0.425,0.061,0.468,0.302,0.338,0.485,0.261,0.304,0.038,0.501,0.519,0.322,0.581,0.163,0.258,0.555,0.83,0.808,0.932,0.503,0.42,0.01,0.271,0.986,0.466,0.778,0.996,0.417,0.502,0.512,0.587,0.577,0.213,0.829,0.785,0.325,0.082,0.216,0.927,0.933
1.0,0.487,0.202,0.301,0.208,0.794,0.153,0.262,0.022,0.023,0.403,0.726,0.663,0.85,0.407,0.279,0.682,0.662,0.702,0.204,0.043,0.563,0.108,0.129,0.852,0.082,0.045,0.365,0.239,0.833,0.502,0.177,0.769,0.7,0.482,0.218,0.185,0.43,0.267,0.297,0.08
1.0,0.495,0.054,0.599,0.131,0.244,0.727,0.841,0.418,0.02,0.601,0.682,0.494,0.143,0.624,0.701,0.344,0.561,0.373,0.367,0.735,0.721,0.115,0.21,0.014,0.65,0.07,0.42,0.619,0.105,0.952,0.037,0.975,0.512,0.573,0.258,0.951,0.861,0.456,0.867,0.59
1.0,0.319,0.471,0.419,0.05,0.59,0.683,0.08,0.882,0.547,0.289,0.681,0.658,0.396,0.266,0.058,0.924,0.546,0.315,0.854,0.324,0.088,0.298,0.649,0.947,0.959,0.892,0.893,0.308,0.116,0.868,0.764,0.646,0.78,0.754,0.267,0.296,0.684,0.585,0.032,0.679
0.0,0.304,0.401,0.025,0.053,0.857,0.503,0.259,0.635,0.97,0.904,0.687,0.142,0.02,0.376,0.885,0.651,0.127,0.831,0.353,0.419,0.563,0.242,0.367,0.246,0.051,0.98,0.122,0.774,0.44,0.967,0.038,0.369,0.939,0.422,0.323,0.844,0.264,0.474,0.167,0.211
1.0,0.5,0.061,0.904,0.31,0.289,0.94,0.731,0.948,0.795,0.158,0.874,0.454,0.26,0.997,0.365,0.509,0.956,0.558,0.322,0.589,0.496,0.776,0.692,0.306,0.335,0.599,0.993,0.286,0.382,0.776,0.886,0.897,0.857,0.893,0.191,0.4,0.778,0.985,0.675,0.682
0.0,0.888,0.56,0.337,0.946,0.708,0.062,0.216,0.67,0.281,0.072,0.121,0.871,0.489,0.049,0.466,0.897,0.283,0.775,0.666,0.11,0.869,0.881,0.92,0.165,0.339,0.543,0.764,0.222,0.875,0.419,0.103,0.444,0.044,0.559,0.856,0.371,0.714,0.165,0.535,0.47
0.0,0.539,0.053,0.86,0.907,0.882,0.579,0.064,0.727,0.981,0.813,0.35,0.109,0.195,0.782,0.335,0.31,0.306,0.191,0.364,0.744,0.243,0.05,0.64,0.587,0.818,0.273,0.583,0.976,0.868,0.654,0.503,0.671,0.844,0.259,0.872,0.151,0.284,0.508,0.606,0.535
1.0,0.384,0.61,0.168,0.059,0.338,0.099,0.875,0.8,0.969,0.552,0.742,0.724,0.569,0.086,0.637,0.025,0.686,0.01,0.421,0.277,0.116,0.558,0.462,0.532,0.089,0.978,0.494,0.625,0.982,0.329,0.019,0.552,0.648,0.186,0.691,0.986,0.736,0.996,0.487,0.058
0.0,0.502,0.016,0.819,0.146,0.97,0.499,0.721,0.329,0.223,0.428,0.093,0.59,0.244,0.592,0.802,0.418,0.866,0.808,0.566,0.818,0.582,0.357,0.418,0.419,0.484,0.381,0.625,0.477,0.932,0.944,0.384,0.895,0.492,0.598,0.548,0.803,0.669,0.824,0.78,0.502
0.0,0.592,0.55,0.879,0.304,0.804,0.908,0.902,0.15,0.977,0.135,0.849,0.854,0.45,0.922,0.042,0.697,0.51,0.759,0.191,0.651,0.824,0.919,0.497,0.087,0.213,0.532,0.896,0.86,0.528,0.784,0.854,0.665,0.965,0.737,0.266,0.641,0.473,0.935,0.169,0.339
0.0,0.115,0.621,0.525,0.962,0.842,0.158,0.642,0.817,0.94,0.687,0.679,0.477,0.125,0.482,0.66,0.714,0.38,0.284,0.039,0.578,0.399,0.483,0.774,0.503,0.515,0.514,0.586,0.53,0.742,0.058,0.113,0.495,0.699,0.496,0.082,0.191,0.285,0.374,0.809,0.192
0.0,0.798,0.992,0.639,0.782,0.961,0.456,0.584,0.906,0.363,0.265,0.476,0.718,0.063,0.023,0.072,0.042,0.427,0.6,0.503,0.606,0.49,0.013,0.831,0.993,0.514,0.808,0.421,0.372,0.023,0.804,0.182,0.346,0.435,0.573,0.208,0.946,0.479,0.276,0.78,0.317
0.0,0.175,0.797,0.173,0.704,0.499,0.691,0.308,0.817,0.53,0.92,0.829,0.554,0.357,0.493,0.637,0.665,0.046,0.223,0.896,0.537,0.991,0.075,0.839,0.043,0.217,0.364,0.384,0.956,0.882,0.458,0.202,0.65,0.207,0.228,0.059,0.448,0.819,0.76,0.281,0.27
0.0,0.886,0.339,0.522,0.291,0.262,0.654,0.015,0.955,0.335,0.084,0.126,0.137,0.053,0.875,0.105,0.84,0.962,0.839,0.002,0.296,0.798,0.615,0.876,0.026,0.489,0.733,0.889,0.741,0.929,0.6,0.711,0.113,0.234,0.611,0.244,0.252,0.371,0.338,0.518,0.222
1.0,0.443,0.207,0.01,0.351,0.631,0.896,0.864,0.553,0.923,0.633,0.837,0.593,0.418,0.373,0.112,0.633,0.756,0.467,0.435,0.623,0.819,0.186,0.037,0.696,0.781,0.204,0.492,0.803,0.778,0.501,0.467,0.774,0.473,0.303,0.994,0.399,0.384,0.522,0.108,0.638
0.0,0.128,0.937,0.374,0.285,0.105,0.811,0.006,0.772,0.919,0.639,0.724,0.937,0.853,0.385,0.858,0.58,0.79,0.818,0.414,0.141,0.599,0.179,0.232,0.024,0.369,0.617,0.551,0.037,0.528,0.439,0.918,0.082,0.942,0.099,0.437,0.073,0.064,0.438,0.318,0.037
1.0,0.46,0.978,0.239,0.409,0.916,0.447,0.452,0.883,0.172,0.186,0.784,0.437,0.921,0.844,0.507,0.155,0.469,0.775,0.99,0.008,0.132,0.126,0.562,0.207,0.665,0.781,0.082,0.821,0.846,0.195,0.088,0.388,0.126,0.666,0.406,0.692,0.888,0.74,0.403,0.942
0.0,0.756,0.467,0.782,0.456,0.035,0.9,0.261,0.511,0.627,0.809,0.077,0.042,0.288,0.195,0.291,0.726,0.369,0.367,0.793,0.652,0.762,0.46,0.998,0.464,0.626,0.766,0.894,0.132,0.361,0.447,0.967,0.579,0.696,0.108,0.589,0.186,0.903,0.235,0.617,0.502
0.0,0.619,0.93,0.939,0.664,0.971,0.388,0.898,0.436,0.921,0.34,0.834,0.729,0.992,0.716,0.534,0.68,0.685,0.89,0.735,0.976,0.383,0.089,0.676,0.999,0.007,0.971,0.452,0.436,0.164,0.11,0.076,0.944,0.84,0.003,0.458,0.512,0.767,0.775,0.419,0.395
1.0,0.123,0.409,0.526,0.442,0.511,0.837,0.961,0.68,0.382,0.991,0.777,0.238,0.349,0.524,0.735,0.536,0.946,0.301,0.669,0.017,0.189,0.88,0.117,0.915,0.879,0.919,0.237,0.669,0.611,0.357,0.374,0.494,0.946,0.325,0.983,0.641,0.326,0.916,0.638,0.801
1.0,0.073,0.95,0.927,0.352,0.565,0.323,0.479,0.057,0.892,0.294,0.534,0.455,0.928,0.733,0.631,0.474,0.36,0.488,0.218,0.315,0.241,0.504,0.624,0.899,0.078,0.723,0.543,0.458,0.489,0.55,0.37,0.117,0.681,0.682,0.897,0.376,0.977,0.019,0.065,0.946
0.0,0.799,0.702,0.527,0.906,0.087,0.38,0.823,0.482,0.914,0.854,0.937,0.931,0.866,0.297,0.318,0.944,0.943,0.695,0.75,0.311,0.024,0.598,0.602,0.771,0.323,0.593,0.899,0.3,0.828,0.637,0.238,0.858,0.804,0.062,0.952,0.27,0.153,0.596,0.121,0.41
1.0,0.577,0.265,0.66,0.763,0.094,0.64,0.958,0.76,0.543,0.344,0.448,0.765,0.076,0.972,0.733,0.542,0.363,0.174,0.596,0.277,0.989,0.941,0.051,0.856,0.338,0.922,0.582,0.184,0.688,0.237,0.797,0.644,0.616,0.928,0.93,0.433,0.95,0.494,0.817,0.957
1.0,0.361,0.317,0.854,0.917,0.081,0.545,0.842,0.846,0.578,0.18,0.088,0.127,0.228,0.724,0.204,0.747,0.62,0.424,0.531,0.535,0.673,0.461,0.348,0.618,0.979,0.094,0.87,0.262,0.679,0.494,0.089,0.655,0.882,0.38,0.701,0.01,0.989,0.846,0.783,0.07
0.0,0.475,0.05,0.553,0.737,0.312,0.078,0.988,0.772,0.855,0.897,0.923,0.835,0.959,0.155,0.979,0.733,0.206,0.356,0.605,0.047,0.725,0.21,0.367,0.781,0.306,0.291,0.067,0.81,0.145,0.748,0.431,0.608,0.64,0.403,0.783,0.921,0.765,0.794,0.133,0.595
1.0,0.429,0.668,0.21,0.703,0.553,0.013,0.248,0.404,0.751,0.397,0.356,0.048,0.845,0.715,0.745,0.952,0.49,0.11,0.058,0.246,0.724,0.761,0.429,0.786,0.676,0.644,0.776,0.932,0.241,0.147,0.727,0.159,0.791,0.791,0.414,0.623,0.491,0.188,0.169,0.041
0.0,0.506,0.219,0.191,0.14,0.906,0.615,0.462,0.361,0.226,0.554,0.129,0.175,0.455,0.951,0.797,0.865,0.51,0.985,0.7,0.86,0.293,0.813,0.881,0.726,0.147,0.215,0.797,0.165,0.794,0.974,0.329,0.723,0.915,0.299,0.141,0.822,0.624,0.635,0.829,0.681
0.0,0.861,0.28,0.38,0.844,0.178,0.055,0.473,0.948,0.406,0.178,0.265,0.688,0.815,0.136,0.904,0.655,0.772,0.718,0.036,0.605,0.766,0.904,0.822,0.697,0.971,0.731,0.526,0.075,0.394,0.72,0.759,0.782,0.479,0.091,0.079,0.057,0.518,0.516,0.594,0.392
1.0,0.476,0.818,0.315,0.4,0.229,0.535,0.032,0.15,0.891,0.465,0.475,0.269,0.918,0.896,0.411,0.172,0.6,0.749,0.621,0.546,0.285,0.57,0.73,0.652,0.784,0.189,0.528,0.457,0.411,0.975,0.716,0.024,0.508,0.566,0.278,0.922,0.376,0.341,0.436,0.2
1.0,0.903,0.133,0.962,0.137,0.507,0.501,0.989,0.473,0.929,0.759,0.824,0.163,0.3,0.529,0.208,0.149,0.578,0.1,0.702,0.706,0.221,0.169,0.759,0.359,0.066,0.148,0.591,0.776,0.475,0.633,0.233,0.51,0.725,0.434,0.727,0.694,0.481,0.374,0.209,0.698
1.0,0.298,0.931,0.558,0.148,0.381,0.295,0.736,0.306,0.511,0.521,0.24,0.177,0.067,0.064,0.843,0.029,0.835,0.051,0.621,0.448,0.521,0.958,0.952,0.23,0.287,0.647,0.895,0.478,0.982,0.137,0.813,0.189,0.125,0.468,0.402,0.744,0.117,0.486,0.123,0.606
0.0,0.14,0.169,0.592,0.887,0.763,0.608,0.917,0.194,0.125,0.811,0.98,0.857,0.703,0.159,0.601,0.494,0.404,0.987,0.182,0.277,0.386,0.081,0.031,0.1,0.565,0.455,0.278,0.271,0.983,0.982,0.081,0.583,0.533,0.008,0.712,0.16,0.641,0.961,0.291,0.651
1.0,0.242,0.326,0.113,0.911,0.464,0.765,0.33,0.253,0.592,0.273,0.446,0.658,0.595,0.517,0.501,0.367,0.69,0.759,0.747,0.876,0.599,0.52,0.251,0.649,0.628,0.443,0.56,0.473,0.61,0.196,0.295,1.0,0.891,0.544,0.348,0.198,0.318,0.585,0.65,0.966
0.0,0.789,0.095,0.156,0.587,0.208,0.324,0.841,0.062,0.79,0.48,0.678,0.516,0.244,0.075,0.528,0.004,0.605,0.414,0.125,0.089,0.045,0.757,0.937,0.283,0.505,0.868,0.191,0.823,0.573,0.074,0.43,0.561,0.83,0.186,0.9,0.417,0.788,0.366,0.36,0.342
1.0,0.89,0.882,0.852,0.3,0.074,0.289,0.144,0.168,0.471,0.792,0.541,0.301,0.654,0.518,0.296,0.258,0.186,0.369,0.997,0.094,0.818,0.997,0.313,0.078,0.432,0.498,0.195,0.269,0.025,0.254,0.514,0.15,0.449,0.62,0.015,0.839,0.2,0.24,0.919,0.322
1.0,0.391,0.682,0.797,0.82,0.625,0.079,0.277,0.516,0.65,0.03,0.395,0.463,0.003,0.286,0.877,0.956,0.978,0.145,0.075,0.307,0.745,0.166,0.59,0.765,0.133,0.673,0.233,0.337,0.754,0.199,0.595,0.681,0.687,0.521,0.32,0.736,0.748,0.959,0.155,0.935
1.0,0.545,0.001,0.271,0.343,0.069,0.624,0.417,0.261,0.751,0.742,0.923,0.101,0.213,0.836,0.889,0.384,0.076,0.542,0.649,0.141,0.006,0.645,0.631,0.315,0.504,0.659,0.102,0.955,0.696,0.227,0.08,0.801,0.408,0.447,0.601,0.945,0.7,0.546,0.539,0.501
0.0,0.629,0.609,0.836,0.176,0.621,0.167,0.66,0.571,0.095,0.655,0.365,0.921,0.145,0.813,0.953,0.653,0.28,0.244,0.406,0.48,0.525,0.909,0.831,0.594,0.156,0.444,0.435,0.051,0.442,0.145,0.401,0.992,0.965,0.853,0.522,0.684,0.73,0.736,0.606,0.231
1.0,0.596,0.548,0.635,0.307,0.62,0.333,0.905,0.361,0.655,0.689,0.963,0.435,0.681,0.442,0.737,0.551,0.079,0.488,0.531,0.51,0.102,0.075,0.62,0.754,0.448,0.383,0.523,0.954,0.402,0.447,0.41,0.314,0.286,0.246,0.231,0.976,0.794,0.898,0.42,0.77
0.0,0.239,0.165,0.281,0.95,0.937,0.593,0.11,0.392,0.226,0.188,0.776,0.765,0.852,0.857,0.06,0.434,0.278,0.731,0.648,0.985,0.85,0.676,0.932,0.825,0.431,0.445,0.844,0.984,0.603,0.091,0.214,0.791,0.793,0.884,0.265,0.574,0.138,0.595,0.059,0.488
1.0,0.486,0.642,0.914,0.015,0.544,0.294,0.618,0.662,0.663,0.281,0.684,0.493,0.238,0.003,0.771,0.962,0.482,0.283,0.022,0.554,0.526,0.846,0.093,0.594,0.13,0.128,0.66,0.954,0.7,0.303,0.033,0.306,0.24,0.236,0.403,0.743,0.632,0.703,0.034,0.043
0.0,0.09,0.435,0.041,0.127,0.546,0.473,0.271,0.8,0.32,0.599,0.605,0.567,0.462,0.418,0.946,0.549,0.242,0.459,0.151,0.052,0.641,0.529,0.823,0.963,0.115,0.298,0.13,0.175,0.11,0.725,0.891,0.015,0.318,0.489,0.733,0.302,0.055,0.714,0.121,0.98
1.0,0.454,0.199,0.144,0.537,0.088,0.118,0.124,0.324,0.035,0.977,0.642,0.365,0.575,0.743,0.338,0.213,0.04,0.066,0.931,0.014,0.46,0.328,0.108,0.829,0.568,0.529,0.732,0.096,0.093,0.568,0.718,0.696,0.962,0.172,0.312,0.448,0.064,0.328,0.17,0.535
0.0,0.931,0.692,0.396,0.534,0.685,0.626,0.875,0.749,0.354,0.475,0.696,0.892,0.108,0.053,0.043,0.894,0.102,0.454,0.029,0.883,0.023,0.103,0.691,0.435,0.09,0.608,0.545,0.78,0.777,0.406,0.45,0.736,0.497,0.417,0.383,0.485,0.579,0.396,0.278,0.974
1.0,0.075,0.89,0.67,0.637,0.515,0.791,0.32,0.644,0.488,0.409,0.871,0.366,0.436,0.349,0.413,0.201,0.764,0.579,0.553,0.576,0.212,0.541,0.074,0.11,0.237,0.545,0.489,0.263,0.532,0.27,0.5,0.244,0.051,0.88,0.605,0.713,0.003,0.815,0.5,0.308
1.0,0.695,0.993,0.414,0.497,0.695,0.843,0.138,0.609,0.22,0.347,0.187,0.423,0.843,0.313,0.112,0.101,0.441,0.184,0.817,0.819,0.94,0.164,0.514,0.289,0.358,0.923,0.738,0.183,0.613,0.459,0.21,0.54,0.619,0.364,0.159,0.852,0.34,0.401,0.433,0.22
0.0,0.804,0.939,0.595,0.877,0.949,0.517,0.781,0.306,0.415,0.237,0.033,0.225,0.093,0.578,0.158,0.305,0.995,0.853,0.968,0.606,0.603,0.912,0.87,0.433,0.309,0.091,0.059,0.777,0.217,0.592,0.429,0.875,0.963,0.415,0.253,0.95,0.573,0.459,0.332,0.542
1.0,0.02,0.476,0.25,0.93,0.788,0.107,0.993,0.083,0.466,0.413,0.991,0.548,0.528,0.891,0.764,0.069,0.68,0.909,0.873,0.183,0.9,0.449,0.267,0.77,0.322,0.269,0.295,0.544,0.653,0.874,0.754,0.713,0.114,0.062,0.334,0.578,0.7,0.161,0.206,0.188
0.0,0.053,0.507,0.139,0.279,0.221,0.524,0.215,0.531,0.779,0.861,0.841,0.063,0.685,0.431,0.975,0.055,0.925,0.762,0.988,0.417,0.756,0.001,0.732,0.822,0.263,0.803,0.099,0.74,0.029,0.368,0.359,0.521,0.112,0.291,0.4,0.159,0.891,0.329,0.171,0.055
0.0,0.953,0.362,0.762,0.727,0.307,0.072,0.485,0.235,0.345,0.745,0.858,0.787,0.567,0.814,0.123,0.791,0.312,0.141,0.652,0.318,0.361,0.02,0.079,0.607,0.503,0.24,0.735,0.73,0.191,0.085,0.259,0.925,0.085,0.385,0.103,0.75,0.492,0.157,0.213,0.478
0.0,0.464,0.373,0.259,0.437,0.991,0.68,0.163,0.104,0.785,0.958,0.936,0.721,0.012,0.539,0.198,0.661,0.542,0.856,0.653,0.043,0.538,0.376,0.89,0.815,0.573,0.744,0.683,0.718,0.166,0.361,0.36,0.266,0.866,0.299,0.442,0.827,0.209,0.853,0.274,0.575
1.0,0.664,0.11,0.897,0.522,0.704,0.59,0.094,0.351,0.82,0.876,0.126,0.459,0.544,0.656,0.442,0.031,0.854,0.503,0.333,0.65,0.617,0.811,0.176,0.773,0.56,0.198,0.081,0.593,0.752,0.833,0.001,0.223,0.29,0.597,0.832,0.016,0.525,0.499,0.093,0.959
0.0,0.076,0.443,0.154,0.649,0.884,0.696,0.473,0.702,0.612,0.858,0.44,0.224,0.184,0.968,0.257,0.497,0.205,0.349,0.453,0.774,0.476,0.923,0.617,0.709,0.349,0.352,0.637,0.727,0.269,0.138,0.696,0.736,0.256,0.604,0.397,0.363,0.339,0.492,0.585,0.583
1.0,0.479,0.149,0.42,0.861,0.229,0.469,0.309,0.065,0.5,0.191,0.919,0.308,0.782,0.384,0.416,0.832,0.32,0.426,0.904,0.622,0.04,0.165,0.229,0.293,0.727,0.894,0.724,0.69,0.688,0.14,0.848,0.552,0.623,0.516,0.368,0.13,0.097,0.075,0.808,0.857
1.0,0.152,0.165,0.863,0.342,0.61,0.98,0.78,0.607,0.055,0.75,0.622,0.42,0.103,0.088,0.914,0.459,0.27,0.675,0.892,0.273,0.599,0.444,0.268,0.155,0.995,0.611,0.846,0.952,0.931,0.827,0.542,0.496,0.968,0.042,0.687,0.9,0.171,0.412,0.402,0.617
0.0,0.332,0.457,0.668,0.753,0.927,0.272,0.697,0.132,0.877,0.589,0.722,0.374,0.086,0.709,0.016,0.687,0.49,0.745,0.825,0.966,0.454,0.688,0.321,0.58,0.331,0.686,0.808,0.356,0.234,0.328,0.841,0.718,0.064,0.983,0.316,0.589,0.375,0.175,0.179,0.564
0.0,0.704,0.789,0.95,0.617,0.225,0.282,0.708,0.973,0.007,0.523,0.265,0.118,0.671,0.137,0.292,0.408,0.671,0.751,0.064,0.728,0.355,0.372,0.887,0.379,0.83,0.899,0.136,0.12,0.532,0.063,0.383,0.761,0.147,0.581,0.584,0.252,0.76,0.91,0.474,0.539
0.0,0.122,0.563,0.607,0.396,0.744,0.149,0.708,0.496,0.946,0.374,0.956,0.871,0.833,0.463,0.822,0.006,0.424,0.11,0.183,0.614,0.832,0.625,0.28,0.989,0.438,0.234,0.394,0.135,0.082,0.905,0.088,0.634,0.99,0.371,0.566,0.705,0.922,0.102,0.295,0.608
1.0,0.481,0.139,0.813,0.308,0.477,0.341,0.475,0.999,0.711,0.248,0.833,0.064,0.197,0.098,0.593,0.318,0.828,0.521,0.074,0.294,0.46,0.437,0.475,0.891,0.125,0.716,0.042,0.177,0.682,0.115,0.813,0.51,0.903,0.106,0.567,0.095,0.36,0.559,0.377,0.255
0.0,0.33,0.117,0.472,0.448,0.077,0.819,0.042,0.375,0.426,0.184,0.95,0.626,0.263,0.538,0.614,0.767,0.197,0.466,0.817,0.166,0.525,0.645,0.877,0.144,0.602,0.56,0.977,0.778,0.459,0.73,0.738,0.987,0.071,0.642,0.371,0.523,0.587,0.99,0.449,0.498
1.0,0.967,0.201,0.806,0.668,0.234,0.234,0.977,0.167,0.355,0.598,0.167,0.661,0.723,0.872,0.476,0.372,0.601,0.538,0.968,0.366,0.981,0.562,0.366,0.884,0.934,0.88,0.195,0.489,0.091,0.694,0.978,0.777,0.853,0.709,0.748,0.858,0.627,0.953,0.435,0.8
0.0,0.54,0.847,0.683,0.12,0.004,0.245,0.731,0.943,0.396,0.276,0.869,0.833,0.261,0.602,0.329,0.744,0.236,0.893,0.495,0.771,0.643,0.279,0.676,0.307,0.642,0.995,0.583,0.18,0.469,0.512,0.537,0.444,0.959,0.052,0.874,0.93,0.691,0.352,0.494,0.831
0.0,0.569,0.483,0.631,0.951,0.709,0.744,0.984,0.512,0.67,0.409,0.046,0.973,0.824,0.238,0.063,0.407,0.635,0.924,0.437,0.108,0.094,0.129,0.074,0.619,0.128,0.592,0.458,0.906,0.303,0.119,0.068,0.168,0.067,0.59,0.134,0.676,0.656,0.649,0.3,0.53
0.0,0.918,0.697,0.279,0.164,0.244,0.876,0.754,0.108,0.603,0.117,0.788,0.026,0.855,0.842,0.85,0.853,0.624,0.649,0.031,0.762,0.947,0.068,0.815,0.96,0.391,0.145,0.505,0.258,0.412,0.11,0.344,0.262,0.134,0.866,0.099,0.998,0.606,0.181,0.794,0.487
0.0,0.494,0.31,0.382,0.419,0.496,0.481,0.751,0.812,0.277,0.764,0.77,0.858,0.798,0.409,0.548,0.842,0.264,0.635,0.025,0.652,0.629,0.801,0.35,0.32,0.937,0.258,0.486,0.655,0.057,0.175,0.789,0.333,0.953,0.553,0.279,0.486,0.86,0.878,0.015,0.462
1.0,0.901,0.903,0.058,0.845,0.534,0.007,0.28,0.434,0.437,0.956,0.119,0.113,0.608,0.543,0.854,0.277,0.277,0.705,0.151,0.948,0.234,0.602,0.622,0.815,0.496,0.394,0.38,0.382,0.879,0.286,0.101,0.597,0.795,0.371,0.839,0.189,0.662,0.647,0.429,0.849
0.0,0.666,0.267,0.007,0.817,0.5,0.945,0.397,0.974,0.69,0.483,0.681,0.924,0.75,0.316,0.405,0.779,0.053,0.625,0.561,0.188,0.41,0.658,0.829,0.295,0.752,0.49,0.017,0.93,0.657,0.963,0.084,0.784,0.944,0.531,0.758,0.833,0.922,0.096,0.342,0.502
0.0,0.797,0.891,0.894,0.943,0.432,0.895,0.142,0.199,0.861,0.161,0.763,0.556,0.649,0.015,0.798,0.321,0.397,0.84,0.817,0.978,0.823,0.225,0.833,0.971,0.873,0.087,0.527,0.16,0.779,0.918,0.393,0.652,0.734,0.499,0.018,0.127,0.145,0.195,0.897,0.666
0.0,0.1,0.802,0.726,0.82,0.276,0.465,0.73,0.811,0.256,0.453,0.657,0.546,0.774,0.323,0.176,0.774,0.248,0.604,0.468,0.849,0.03,0.44,0.983,0.983,0.253,0.801,0.973,0.352,0.408,0.223,0.452,0.375,0.392,0.179,0.157,0.29,0.183,0.877,0.621,0.481
0.0,0.506,0.324,0.164,0.459,0.799,0.319,0.907,0.557,0.599,0.216,0.305,0.199,0.219,0.792,0.612,0.768,0.092,0.228,0.072,0.869,0.538,0.929,0.848,0.799,0.045,0.586,0.635,0.929,0.4,0.942,0.3,0.699,0.573,0.117,0.119,0.413,0.772,0.428,0.672,0.026
1.0,0.598,0.657,0.121,0.419,0.323,0.631,0.77,0.747,0.453,0.994,0.869,0.833,0.656,0.83,0.818,0.001,0.681,0.018,0.673,0.199,0.927,0.304,0.327,0.669,0.304,0.258,0.556,0.167,0.476,0.351,0.457,0.067,0.635,0.43,0.938,0.719,0.709,0.394,0.626,0.84
0.0,0.431,0.072,0.974,0.734,0.055,0.897,0.011,0.129,0.211,0.541,0.013,0.989,0.713,0.97,0.175,0.166,0.28,0.645,0.961,0.205,0.543,0.672,0.433,0.682,0.994,0.685,0.838,0.703,0.688,0.581,0.754,0.925,0.84,0.092,0.133,0.441,0.896,0.995,0.027,0.649
1.0,0.473,0.125,0.977,0.638,0.004,0.631,0.325,0.054,0.087,0.845,0.624,0.491,0.035,0.185,0.68,0.22,0.328,0.33,0.425,0.973,0.685,0.812,0.123,0.741,0.644,0.496,0.361,0.426,0.623,0.909,0.102,0.386,0.755,0.507,0.919,0.952,0.323,0.878,0.144,0.856
1.0,0.834,0.184,0.213,0.131,0.506,0.284,0.348,0.352,0.345,0.936,0.36,0.549,0.152,0.45,0.139,0.703,0.587,0.231,0.345,0.385,0.448,0.037,0.309,0.59,0.967,0.121,0.486,0.681,0.162,0.734,0.757,0.695,0.555,0.086,0.373,0.847,0.54,0.62,0.092,0.396
1.0,0.753,0.804,0.884,0.507,0.947,0.415,0.5,0.95,0.607,0.155,0.351,0.038,0.805,0.719,0.117,0.06,0.79,0.358,0.779,0.242,0.327,0.73,0.752,0.848,0.999,0.108,0.853,0.619,0.625,0.775,0.758,0.412,0.377,0.639,0.459,0.587,0.664,0.004,0.561,0.663
0.0,0.742,0.844,0.916,0.747,0.59,0.011,0.222,0.894,0.004,0.547,0.351,0.048,0.437,0.168,0.238,0.371,0.052,0.785,0.612,0.94,0.932,0.105,0.934,0.372,0.816,0.691,0.368,0.285,0.283,0.07,0.603,0.226,0.216,0.352,0.792,0.689,0.048,0.426,0.43,0.455
1.0,0.808,0.21,0.994,0.342,0.953,0.556,0.732,0.194,0.204,0.497,0.727,0.113,0.818,0.266,0.36,0.253,0.236,0.421,0.828,0.954,0.647,0.616,0.233,0.7,0.158,0.41,0.471,0.808,0.669,0.982,0.905,0.452,0.123,0.473,0.897,0.745,0.103,0.659,0.063,0.94
0.0,0.011,0.393,0.339,0.517,0.061,0.71,0.42,0.149,0.481,0.268,0.879,0.816,0.646,1.0,0.952,0.005,0.499,0.129,0.138,0.614,0.088,0.828,0.733,0.945,0.494,0.766,0.972,0.574,0.279,0.131,0.587,0.617,0.378,0.33,0.455,0.985,0.419,0.381,0.226,0.629
1.0,0.716,0.399,0.183,0.558,0.175,0.067,0.698,0.51,0.391,0.458,0.536,0.581,0.081,0.307,0.767,0.357,0.651,0.02,0.189,0.699,0.642,0.072,0.338,0.987,0.743,0.311,0.9,0.795,0.997,0.245,0.481,0.608,0.304,0.245,0.455,0.138,0.982,0.478,0.1,0.449
1.0,0.275,0.561,0.085,0.495,0.472,0.663,0.332,0.043,0.095,0.972,0.397,0.421,0.252,0.973,0.387,0.783,0.274,0.392,0.903,0.951,0.17,0.454,0.467,0.175,0.061,0.377,0.683,0.169,0.156,0.745,0.333,0.022,0.201,0.775,0.916,0.406,0.799,0.749,0.416,0.889
0.0,0.762,0.916,0.586,0.667,0.012,0.712,0.409,0.483,0.183,0.312,0.835,0.862,0.454,0.003,0.052,0.396,0.926,0.91,0.371,0.479,0.109,0.139,0.915,0.155,0.133,0.232,0.583,0.752,0.716,0.965,0.405,0.747,0.997,0.83,0.264,0.048,0.312,0.07,0.843,0.947
0.0,0.346,0.423,0.28,0.004,0.862,0.271,0.707,0.2,0.298,0.896,0.349,0.999,0.857,0.151,0.904,0.134,0.375,0.2,0.872,0.392,0.701,0.598,0.594,0.365,0.209,0.859,0.725,0.996,0.64,0.817,0.721,0.668,0.555,0.799,0.187,0.853,0.273,0.832,0.273,0.603
1.0,0.752,0.365,0.597,0.255,0.111,0.621,0.268,0.669,0.953,0.298,0.762,0.017,0.492,0.372,0.654,0.738,0.27,0.192,0.348,0.5,0.287,0.646,0.625,0.603,0.278,0.48,0.935,0.709,0.795,0.219,0.946,0.571,0.586,0.868,0.097,0.927,0.227,0.754,0.703,0.1
0.0,0.235,0.751,0.516,0.616,0.037,0.365,0.395,0.099,0.209,0.925,0.106,0.889,0.264,0.249,0.173,0.246,0.229,0.358,0.492,0.499,0.687,0.196,0.296,0.822,0.863,0.542,0.875,0.591,0.335,0.596,0.175,0.386,0.206,0.41,0.525,0.844,0.913,0.141,0.36,0.692
0.0,0.073,0.589,0.059,0.043,0.375,0.618,0.055,0.013,0.765,0.489,0.224,0.242,0.648,0.591,0.251,0.319,0.88,0.949,0.733,0.428,0.855,0.976,0.623,0.843,0.976,0.453,0.955,0.683,0.314,0.689,0.758,0.804,0.721,0.284,0.113,0.567,0.117,0.478,0.711,0.747
0.0,0.838,0.809,0.602,0.311,0.886,0.542,0.147,0.222,0.3,0.107,0.945,0.81,0.984,0.048,0.04,0.487,0.473,0.318,0.707,0.669,0.637,0.03,0.82,0.394,0.295,0.911,0.41,0.554,0.432,0.117,0.01,0.211,0.355,0.999,0.442,0.177,0.572,0.79,0.094,0.557
1.0,0.0,0.364,0.997,0.036,0.86,0.257,0.496,0.425,0.546,0.055,0.911,0.463,0.244,0.912,0.611,0.184,0.506,0.438,0.838,0.297,0.031,0.625,0.099,0.762,0.206,0.147,0.067,0.413,0.461,0.15,0.268,0.118,0.899,0.706,0.008,0.6,0.184,0.428,0.644,0.957
1.0,0.714,0.027,0.923,0.721,0.494,0.811,0.415,0.634,0.871,0.125,0.322,0.029,0.579,0.552,0.219,0.979,0.08,0.872,0.171,0.471,0.977,0.418,0.434,0.547,0.836,0.509,0.976,0.991,0.288,0.537,0.872,0.858,0.192,0.509,0.632,0.477,0.151,0.541,0.366,0.353
1.0,0.673,0.811,0.541,0.724,0.223,0.468,0.926,0.148,0.191,0.664,0.631,0.374,0.855,0.917,0.949,0.163,0.068,0.426,0.614,0.184,0.445,0.83,0.244,0.144,0.478,0.106,0.947,0.056,0.07,0.432,0.016,0.546,0.408,0.31,0.947,0.284,0.924,0.417,0.855,0.959
1.0,0.887,0.104,0.462,0.393,0.986,0.991,0.165,0.365,0.037,0.784,0.779,0.612,0.103,0.714,0.587,0.866,0.722,0.278,0.983,0.256,0.298,0.831,0.953,0.587,0.163,0.997,0.794,0.36,0.393,0.488,0.933,0.443,0.667,0.139,0.718,0.092,0.325,0.294,0.159,0.731
1.0,0.239,0.03,0.835,0.611,0.035,0.958,0.583,0.023,0.224,0.124,0.576,0.534,0.745,0.755,0.965,0.704,0.561,0.763,0.674,0.633,0.754,0.103,0.523,0.537,0.304,0.193,0.438,0.407,0.255,0.499,0.375,0.211,0.701,0.317,0.152,0.523,0.767,0.618,0.39,0.2
0.0,0.519,0.621,0.931,0.461,0.226,0.464,0.327,0.6,0.325,0.122,0.806,0.861,0.483,0.574,0.381,0.667,0.736,0.647,0.647,0.741,0.454,0.936,0.935,0.049,0.27,0.589,0.698,0.688,0.25,0.58,0.713,0.709,0.644,0.892,0.217,0.106,0.364,0.995,0.325,0.099
1.0,0.919,0.291,0.913,0.705,0.297,0.139,0.379,0.17,0.072,0.514,0.808,0.609,0.991,0.215,0.184,0.157,0.532,0.429,0.788,0.26,0.231,0.026,0.772,0.282,0.207,0.468,0.052,0.439,0.355,0.768,0.857,0.521,0.94,0.554,0.665,0.357,0.588,0.423,0.752,0.882
0.0,0.824,0.929,0.295,0.837,0.411,0.294,0.513,0.397,0.026,0.242,0.962,0.17,0.385,0.286,0.444,0.248,0.471,0.789,0.945,0.563,0.154,0.543,0.964,0.584,0.213,0.468,0.064,0.242,0.98,0.898,0.268,0.092,0.585,0.145,0.198,0.21,0.277,0.749,0.094,0.695
0.0,0.027,0.207,0.237,0.337,0.475,0.897,0.056,0.241,0.195,0.163,0.971,0.836,0.18,0.038,0.821,0.609,0.424,0.757,0.328,0.784,0.124,0.246,0.726,0.869,0.131,0.901,0.59,0.814,0.661,0.274,0.83,0.858,0.403,0.455,0.697,0.536,0.352,0.979,0.919,0.812
0.0,0.413,0.158,0.424,0.366,0.475,0.012,0.94,0.961,0.458,0.821,0.096,0.095,0.284,0.36,0.152,0.479,0.174,0.625,0.845,0.841,0.906,0.863,0.941,0.724,0.069,0.138,0.369,0.818,0.033,0.623,0.284,0.91,0.231,0.181,0.195,0.697,0.306,0.486,0.524,0.74
1.0,0.037,0.195,0.841,0.471,0.737,0.283,0.522,0.104,0.62,0.725,0.271,0.725,0.845,0.593,0.632,0.544,0.399,0.073,0.079,0.446,0.476,0.493,0.398,0.07,0.17,0.598,0.66,0.997,0.974,0.713,0.265,0.038,0.278,0.592,0.068,0.63,0.128,0.051,0.892,0.119
1.0,0.071,0.293,0.631,0.129,0.751,0.291,0.083,0.829,0.507,0.558,0.819,0.199,0.678,0.554,0.063,0.488,0.929,0.764,0.274,0.265,0.577,0.899,0.16,0.506,0.903,0.404,0.187,0.404,0.141,0.142,0.589,0.394,0.38,0.105,0.879,0.825,0.305,0.567,0.253,0.645
1.0,0.871,0.283,0.738,0.851,0.475,0.377,0.323,0.898,0.233,0.12,0.27,0.429,0.457,0.538,0.079,0.083,0.774,0.216,0.127,0.252,0.653,0.786,0.673,0.137,0.089,0.894,0.924,0.615,0.275,0.512,0.323,0.059,0.568,0.837,0.074,0.811,0.519,0.299,0.238,0.996
0.0,0.831,0.22,0.412,0.766,0.922,0.257,0.05,0.005,0.554,0.473,0.822,0.844,0.172,0.126,0.149,0.277,0.732,0.036,0.135,0.741,0.659,1.0,0.855,0.175,0.371,0.742,0.876,0.655,0.615,0.527,0.16,0.618,0.396,0.975,0.88,0.704,0.19,0.203,0.738,0.917
0.0,0.932,0.994,0.072,0.373,0.444,0.86,0.946,0.883,0.178,0.782,0.084,0.146,0.787,0.444,0.566,0.706,0.576,0.206,0.695,0.528,0.628,0.193,0.975,0.633,0.443,0.156,0.66,0.373,0.653,0.973,0.948,0.221,0.355,0.082,0.694,0.634,0.089,0.814,0.263,0.446
1.0,0.698,0.785,0.611,0.638,0.312,0.569,0.599,0.848,0.639,0.016,0.589,0.553,0.319,0.772,0.754,0.801,0.171,0.243,0.533,0.669,0.204,0.763,0.69,0.007,0.609,0.418,0.592,0.6,0.007,0.297,0.015,0.328,0.371,0.625,0.971,0.224,0.382,0.829,0.618,0.22
0.0,0.675,0.384,0.447,0.96,0.517,0.863,0.299,0.52,0.318,0.085,0.498,0.069,0.153,0.027,0.313,0.992,0.16,0.383,0.139,0.833,0.438,0.554,0.861,0.217,0.225,0.014,0.004,0.646,0.249,0.815,0.666,0.725,0.687,0.713,0.356,0.846,0.814,0.806,0.07,0.874
1.0,0.419,0.25,0.508,0.293,0.611,0.25,0.196,0.18,0.04,0.606,0.988,0.318,0.942,0.615,0.355,0.058,0.719,0.126,0.211,0.98,0.806,0.827,0.351,0.863,0.837,0.647,0.921,0.192,0.302,0.859,0.192,0.464,0.612,0.413,0.942,0.34,0.977,0.666,0.172,0.756
0.0,0.977,0.667,0.445,0.642,0.271,0.709,0.472,0.598,0.756,0.395,0.726,0.928,0.945,0.78,0.172,0.718,0.615,0.641,0.883,0.245,0.267,0.113,0.715,0.831,0.585,0.619,0.815,0.898,0.499,0.164,0.043,0.113,0.905,0.252,0.303,0.014,0.381,0.91,0.247,0.668
0.0,0.598,0.992,0.123,0.668,0.297,0.717,0.058,0.658,0.625,0.839,0.038,0.407,0.944,0.786,0.502,0.36,0.411,0.999,0.828,0.017,0.017,0.078,0.981,0.876,0.218,0.223,0.828,0.229,0.16,0.568,0.28,0.606,0.205,0.883,0.878,0.583,0.497,0.419,0.862,0.721
0.0,0.024,0.992,0.087,0.623,0.511,0.788,0.093,0.713,0.514,0.246,0.237,0.406,0.783,0.268,0.182,0.682,0.575,0.631,0.154,0.684,0.877,0.902,0.986,0.927,0.717,0.132,0.6,0.387,0.452,0.412,0.006,0.629,0.523,0.978,0.795,0.184,1.0,0.137,0.166,0.973
1.0,0.053,0.994,0.864,0.559,0.622,0.032,0.428,0.156,0.662,0.88,0.252,0.525,0.691,0.472,0.369,0.767,0.147,0.54,0.319,0.675,0.095,0.211,0.487,0.771,0.785,0.399,0.162,0.358,0.714,0.697,0.667,0.233,0.706,0.315,0.839,0.561,0.119,0.132,0.757,0.754
1.0,0.031,0.173,0.186,0.573,0.4,0.348,0.933,0.369,0.38,0.72,0.086,0.248,0.047,0.042,0.882,0.372,0.498,0.079,0.705,0.857,0.97,0.069,0.782,0.495,0.385,0.819,0.554,0.972,0.048,0.09,0.159,0.45,0.353,0.109,0.137,0.68,0.261,0.261,0.344,0.493
1.0,0.197,0.825,0.033,0.419,0.662,0.155,0.077,0.386,0.739,0.555,0.768,0.206,0.373,0.406,0.877,0.195,0.147,0.238,0.951,0.861,0.177,0.357,0.173,0.33,0.23,0.895,0.623,0.058,0.93,0.049,0.806,0.863,0.525,0.033,0.441,0.984,0.469,0.045,0.327,0.619
0.0,0.953,0.662,0.836,0.948,0.888,0.55,0.647,0.702,0.332,0.626,0.157,0.296,0.927,0.709,0.867,0.369,0.721,0.188,0.969,0.311,0.976,0.474,0.559,0.121,0.827,0.881,0.866,0.663,0.473,0.282,0.902,0.019,0.446,0.283,0.937,0.231,0.743,0.611,0.786,0.77
1.0,0.113,0.595,0.194,0.622,0.626,0.192,0.278,0.683,0.204,0.643,0.408,0.33,0.022,0.711,0.703,0.312,0.259,0.556,0.574,0.366,0.205,0.428,0.423,0.48,0.711,0.822,0.034,0.736,0.713,0.367,0.786,0.847,0.798,0.731,0.906,0.041,0.419,0.879,0.041,0.931
1.0,0.229,0.364,0.424,0.993,0.475,0.646,0.156,0.133,0.727,0.693,0.182,0.361,0.366,0.783,0.812,0.928,0.92,0.523,0.91,0.914,0.372,0.051,0.883,0.031,0.393,0.157,0.483,0.965,0.63,0.673,0.997,0.391,0.934,0.977,0.278,0.133,0.512,0.067,0.605,0.949
0.0,0.619,0.487,0.709,0.045,0.193,0.378,0.007,0.045,0.687,0.29,0.496,0.552,0.392,0.608,0.542,0.362,0.035,0.957,0.765,0.549,0.101,0.74,0.941,0.204,0.256,0.835,0.304,0.527,0.932,0.1,0.906,0.233,0.993,0.411,0.524,0.688,0.878,0.136,0.335,0.616
1.0,0.86,0.493,0.204,0.403,0.7,0.083,0.823,0.921,0.639,0.685,0.904,0.457,0.719,0.716,0.351,0.925,0.34,0.823,0.029,0.648,0.905,0.223,0.535,0.711,0.443,0.27,0.753,0.005,0.175,0.435,0.408,0.447,0.938,0.313,0.991,0.034,0.517,0.425,0.447,0.295
1.0,0.871,0.635,0.67,0.438,0.168,0.449,0.391,0.938,0.351,0.123,0.34,0.591,0.563,0.285,0.637,0.529,0.948,0.835,0.175,0.603,0.507,0.047,0.143,0.1,0.328,0.935,0.308,0.947,0.635,0.577,0.756,0.202,0.517,0.791,0.236,0.645,0.565,0.257,0.059,0.802
1.0,0.736,0.867,0.308,0.554,0.735,0.426,0.912,0.482,0.665,0.197,0.779,0.75,0.072,0.774,0.414,0.396,0.484,0.254,0.109,0.676,0.434,0.142,0.778,0.242,0.901,0.983,0.841,0.282,0.359,0.402,0.631,0.071,0.154,0.779,0.979,0.322,0.028,0.171,0.047,0.281
0.0,0.531,0.659,0.507,0.363,0.475,0.392,0.867,0.237,0.668,0.38,0.071,0.919,0.462,0.747,0.371,0.413,0.549,0.205,0.769,0.456,0.724,0.184,0.82,0.428,0.051,0.217,0.364,0.62,0.376,0.615,0.712,0.344,0.681,0.2,0.821,0.989,0.223,0.116,0.658,0.111
1.0,0.596,0.995,0.693,0.586,0.506,0.724,0.311,0.679,0.891,0.997,0.501,0.126,0.048,0.087,0.036,0.975,0.662,0.374,0.924,0.092,0.353,0.225,0.653,0.719,0.695,0.961,0.25,0.54,0.701,0.673,0.027,0.988,0.56,0.547,0.627,0.68,0.542,0.418,0.166,0.886
0.0,0.346,0.765,0.403,0.749,0.24,0.481,0.709,0.945,0.415,0.145,0.043,0.938,0.309,0.219,0.166,0.809,0.166,0.574,0.406,0.438,0.044,0.288,0.86,0.243,0.3,0.751,0.042,0.699,0.637,0.095,0.562,0.788,0.921,0.035,0.527,0.925,0.689,0.157,0.595,0.19
0.0,0.436,0.811,0.122,0.816,0.329,0.873,0.136,0.137,0.238,0.495,0.696,0.899,0.284,0.653,0.721,0.669,0.522,0.627,0.378,0.157,0.49,0.858,0.488,0.834,0.575,0.805,0.681,0.528,0.783,0.049,0.096,0.15,0.632,0.416,0.691,0.398,0.43,0.088,0.09,0.153
0.0,0.959,0.567,0.15,0.659,0.761,0.123,0.896,0.269,0.064,0.379,0.292,0.154,0.443,0.991,0.968,0.208,0.866,0.905,0.401,0.012,0.38,0.29,0.842,0.202,0.247,0.104,0.432,0.457,0.363,0.704,0.904,0.672,0.853,0.862,0.021,0.283,0.712,0.529,0.627,0.786
0.0,0.701,0.258,0.733,0.25,0.212,0.688,0.681,0.046,0.475,0.007,0.725,0.951,0.586,0.638,0.331,0.139,0.539,0.806,0.708,0.006,0.255,0.942,0.067,0.833,0.928,0.159,0.573,0.769,0.116,0.624,0.891,0.033,0.028,0.453,0.168,0.593,0.26,0.952,0.797,0.934
1.0,0.706,0.924,0.166,1.0,0.511,0.64,0.563,0.977,0.497,0.369,0.4,0.575,0.911,0.074,0.581,0.698,0.739,0.064,0.667,0.981,0.89,0.395,0.598,0.982,0.642,0.529,0.246,0.469,0.503,0.713,0.161,0.853,0.403,0.413,0.794,0.654,0.787,0.143,0.165,0.283
0.0,0.84,0.825,0.704,0.69,0.166,0.285,0.959,0.4,0.215,0.305,0.273,0.889,0.058,0.778,0.085,0.512,0.669,0.476,0.561,0.713,0.983,0.837,0.381,0.294,0.381,0.932,0.889,0.399,0.996,0.7,0.768,0.116,0.049,0.429,0.418,0.619,0.642,0.368,0.896,0.714
1.0,0.361,0.422,0.321,0.366,0.653,0.318,0.158,0.971,0.517,0.786,0.473,0.57,0.741,0.699,0.15,0.635,0.483,0.487,0.233,0.409,0.556,0.822,0.75,0.903,0.642,0.308,0.238,0.482,0.168,0.095,0.158,0.086,0.811,0.323,0.273,0.299,0.735,0.28,0.934,0.255
1.0,0.305,0.32,0.303,0.829,0.211,0.68,0.418,0.877,0.328,0.027,0.247,0.758,0.761,0.558,0.273,0.387,0.524,0.696,0.263,0.785,0.118,0.943,0.492,0.588,0.118,0.665,0.776,0.633,0.343,0.474,0.326,0.384,0.273,0.361,0.926,0.427,0.573,0.804,0.716,0.518
0.0,0.791,0.839,0.515,0.293,0.203,0.004,0.896,0.22,0.569,0.89,0.569,0.52,0.801,0.57,0.875,0.628,0.245,0.708,0.494,0.575,0.18,0.001,0.809,0.648,0.067,0.079,0.721,0.116,0.265,0.049,0.284,0.345,0.212,0.325,0.749,0.822,0.604,0.83,0.839,0.773
0.0,0.961,0.038,0.505,0.538,0.957,0.596,0.14,0.051,0.749,0.535,0.424,0.36,0.186,0.301,0.751,0.054,0.893,0.736,0.573,0.134,0.797,0.017,0.586,0.762,0.842,0.469,0.319,0.748,0.936,0.353,0.851,0.838,0.438,0.503,0.511,0.406,0.393,0.396,0.165,0.873
1.0,0.209,0.809,0.533,0.803,0.301,0.139,0.329,0.33,0.976,0.043,0.542,0.468,0.116,0.796,0.626,0.938,0.701,0.561,0.536,0.227,0.622,0.051,0.32,0.167,0.487,0.897,0.377,0.509,0.531,0.439,0.421,0.285,0.746,0.864,0.142,0.628,0.189,0.915,0.137,0.858
1.0,0.068,0.852,0.456,0.984,0.513,0.759,0.529,0.716,0.198,0.571,0.068,0.658,0.563,0.532,0.858,0.421,0.203,0.209,0.078,0.577,0.256,0.57,0.695,0.261,0.391,0.021,0.172,0.196,0.968,0.526,0.005,0.76,0.781,0.159,0.073,0.733,0.002,0.668,0.482,0.874
0.0,0.626,0.207,0.808,0.718,0.385,0.562,0.481,0.225,0.073,0.403,0.691,0.987,0.027,0.112,0.692,0.937,0.279,0.349,0.323,0.708,0.422,0.405,0.681,0.971,0.425,0.973,0.305,0.297,0.517,0.117,0.908,0.877,0.45,0.959,0.47,0.203,0.332,0.037,0.294,0.81
0.0,0.415,0.213,0.122,0.626,0.943,0.342,0.978,0.3,0.681,0.964,0.01,0.212,0.716,0.998,0.347,0.776,0.959,0.678,0.362,0.457,0.872,0.442,0.411,0.226,0.943,0.726,0.074,0.987,0.927,0.049,0.363,0.775,0.077,0.217,0.399,0.077,0.866,0.982,0.796,0.367
0.0,0.021,0.942,0.18,0.376,0.713,0.135,0.413,0.349,0.969,0.367,0.574,0.773,0.717,0.154,0.866,0.994,0.886,0.761,0.948,0.572,0.847,0.049,0.474,0.735,0.145,0.062,0.979,0.707,0.817,0.62,0.534,0.081,0.101,0.761,0.8,0.749,0.166,0.502,0.558,0.421
1.0,0.277,0.386,0.766,0.892,0.789,0.18,0.65,0.069,0.16,0.26,0.736,0.477,0.359,0.463,0.768,0.517,0.076,0.255,0.571,0.395,0.351,0.984,0.033,0.379,0.494,0.806,0.838,0.281,0.15,0.267,0.664,0.856,0.768,0.148,0.079,0.059,0.249,0.079,0.331,0.974
0.0,0.448,0.321,0.249,0.413,0.954,0.819,0.31,0.593,0.664,0.207,0.276,0.959,0.627,0.067,0.099,0.754,0.093,0.432,0.607,0.576,0.961,0.659,0.291,0.518,0.746,0.778,0.987,0.552,0.327,0.844,0.412,0.004,0.113,0.113,0.153,0.946,0.696,0.076,0.935,0.928
0.0,0.448,0.526,0.617,0.583,0.298,0.67,0.291,0.953,0.751,0.55,0.757,0.757,0.948,0.975,0.435,0.398,0.727,0.715,0.197,0.584,0.641,0.737,0.972,0.773,0.514,0.4,0.255,0.383,0.361,0.319,0.862,0.848,0.202,0.92,0.423,0.382,0.198,0.57,0.505,0.682
0.0,0.418,0.802,0.097,0.758,0.634,0.694,0.206,0.384,0.026,0.24,0.556,0.12,0.609,0.854,0.735,0.917,0.148,0.474,0.159,0.488,0.69,0.603,0.746,0.769,0.213,0.511,0.101,0.937,0.653,0.406,0.81,0.655,0.676,0.747,0.785,0.825,0.709,0.574,0.455,0.318
1.0,0.897,0.95,0.574,0.022,0.826,0.687,0.056,0.09,0.031,0.25,0.775,0.886,0.799,0.06,0.258,0.232,0.82,0.499,0.764,0.611,0.45,0.084,0.904,0.262,0.138,0.907,0.038,0.363,0.563,0.834,0.471,0.35,0.361,0.554,0.092,0.299,0.205,0.215,0.444,0.539
1.0,0.74,0.066,0.079,0.103,0.135,0.215,0.908,0.795,0.989,0.061,0.381,0.089,0.612,0.264,0.634,0.062,0.978,0.053,0.719,0.021,0.461,0.074,0.219,0.088,0.93,0.564,0.813,0.015,0.336,0.716,0.839,0.286,0.766,0.445,0.738,0.197,0.689,0.603,0.71,0.513
1.0,0.425,0.071,0.337,0.218,0.616,0.389,0.9,0.831,0.258,0.881,0.97,0.628,0.599,0.923,0.401,0.885,0.545,0.283,0.602,0.034,0.125,0.345,0.092,0.734,0.006,0.147,0.554,0.737,0.659,0.72,0.476,0.681,0.737,0.636,0.702,0.48,0.899,0.03,0.257,0.258
0.0,0.421,0.047,0.54,0.699,0.948,0.365,0.925,0.14,0.193,0.151,0.399,0.044,0.285,0.157,0.805,0.467,0.62,0.352,0.119,0.501,0.719,0.027,0.975,0.884,0.91,0.099,0.637,0.18,0.007,0.276,0.532,0.45,0.25,0.618,0.04,0.644,0.96,0.014,0.714,0.945
0.0,0.377,0.526,0.569,0.064,0.721,0.243,0.02,0.872,0.711,0.359,0.125,0.9,0.536,0.038,0.969,0.47,0.251,0.586,0.132,0.903,0.113,0.902,0.261,0.863,0.888,0.491,0.244,0.35,0.392,0.191,0.026,0.254,0.671,0.749,0.579,0.838,0.759,0.572,0.005,0.385
0.0,0.912,0.526,0.43,0.097,0.164,0.34,0.814,0.559,0.382,0.563,0.678,0.423,0.676,0.971,0.88,0.695,0.3,0.802,0.851,0.417,0.707,0.741,0.929,0.009,0.086,0.869,0.419,0.038,0.006,0.813,0.989,0.257,0.416,0.435,0.423,0.579,0.205,0.006,0.352,0.974
1.0,0.136,0.456,0.293,0.315,0.615,0.205,0.68,0.491,0.281,0.428,0.015,0.801,0.478,0.674,0.955,0.7,0.435,0.928,0.06,0.519,0.117,0.818,0.243,0.276,0.577,0.971,0.479,0.619,0.17,0.862,0.889,0.494,0.067,0.402,0.252,0.135,0.256,0.101,0.126,0.171
1.0,0.008,0.608,0.56,0.828,0.298,0.175,0.543,0.973,0.205,0.094,0.654,0.086,0.701,0.971,0.452,0.752,0.073,0.191,0.683,0.871,0.474,0.256,0.66,0.48,0.355,0.832,0.762,0.786,0.459,0.683,0.66,0.101,0.598,0.982,0.223,0.228,0.36,0.569,0.108,0.906
1.0,0.002,0.366,0.03,0.07,0.4,0.006,0.641,0.985,0.273,0.344,0.929,0.705,0.373,0.377,0.092,0.232,0.964,0.047,0.107,0.363,0.057,0.236,0.027,0.399,0.559,0.776,0.133,0.235,0.281,0.647,0.41,0.552,0.41,0.864,0.488,0.569,0.983,0.743,0.376,0.559
1.0,0.749,0.353,0.265,0.287,0.619,0.84,0.14,0.191,0.392,0.604,0.392,0.485,0.513,0.331,0.631,0.079,0.02,0.882,0.451,0.355,0.507,0.357,0.652,0.395,0.642,0.624,0.05,0.864,0.438,0.411,0.277,0.216,0.665,0.046,0.413,0.155,0.279,0.129,0.455,0.142
1.0,0.764,0.944,0.193,0.313,0.403,0.146,0.156,0.696,0.565,0.534,0.5,0.033,0.492,0.944,0.082,0.828,0.437,0.756,0.511,0.77,0.969,0.238,0.463,0.437,0.637,0.215,0.732,0.744,0.893,0.835,0.23,0.901,0.062,0.806,0.991,0.799,0.685,0.487,0.274,0.267
0.0,0.018,0.396,0.694,0.943,0.004,0.131,0.044,0.455,0.3,0.504,0.087,0.828,0.001,0.705,0.186,0.21,0.593,0.709,0.741,0.744,0.718,0.439,0.384,0.431,0.041,0.35,0.674,0.044,0.545,0.681,0.641,0.937,0.375,0.948,0.134,0.759,0.635,0.975,0.476,0.072
1.0,0.888,0.941,0.17,0.542,0.701,0.152,0.57,0.417,0.951,0.714,0.277,0.596,0.081,0.781,0.834,0.572,0.517,0.58,0.307,0.117,0.168,0.177,0.763,0.321,0.905,0.385,0.209,0.526,0.194,0.754,0.945,0.914,0.474,0.703,0.166,0.287,0.254,0.913,0.491,0.395
0.0,0.399,0.326,0.008,0.245,0.612,0.754,0.081,0.185,0.672,0.408,0.362,0.775,0.924,0.996,0.097,0.537,0.414,0.305,0.067,0.804,0.005,0.499,0.629,0.991,0.947,0.083,0.737,0.202,0.742,0.817,0.503,0.649,0.529,0.609,0.354,0.891,0.676,0.647,0.189,0.591
1.0,0.978,0.936,0.941,0.574,0.524,0.668,0.66,0.634,0.74,0.28,0.294,0.639,0.662,0.775,0.504,0.41,0.695,0.823,0.635,0.763,0.628,0.408,0.322,0.175,0.346,0.832,0.775,0.263,0.139,0.393,0.607,0.745,0.224,0.526,0.777,0.508,0.821,0.441,0.194,0.622
1.0,0.034,0.157,0.929,0.46,0.067,0.891,0.178,0.144,0.748,0.061,0.573,0.637,0.67,0.272,0.112,0.962,0.483,0.664,0.081,0.481,0.996,0.563,0.247,0.804,0.593,0.359,0.976,0.275,0.425,0.073,0.22,0.589,0.152,0.629,0.266,0.78,0.528,0.31,0.881,0.223
1.0,0.344,0.366,0.336,0.647,0.509,0.586,0.869,0.539,0.975,0.291,0.011,0.579,0.708,0.007,0.77,0.666,0.362,0.937,0.411,0.19,0.645,0.167,0.142,0.585,0.833,0.282,0.62,0.382,0.821,0.095,0.655,0.017,0.192,0.996,0.339,0.731,0.427,0.833,0.34,0.275
0.0,0.152,0.722,0.768,0.309,0.942,0.314,0.673,0.532,0.382,0.699,0.668,0.476,0.059,0.841,0.902,0.074,0.101,0.927,0.601,0.763,0.563,0.329,0.494,0.759,0.678,0.336,0.79,0.491,0.919,0.5,0.319,0.767,0.217,0.314,0.842,0.475,0.196,0.187,0.037,0.348
0.0,0.061,0.741,0.81,0.416,0.918,0.66,0.477,0.653,0.007,0.364,0.934,0.467,0.621,0.874,0.065,0.64,0.242,0.259,0.204,0.136,0.772,0.911,0.153,0.678,0.214,0.377,0.769,0.267,0.432,0.438,0.166,0.296,0.874,0.517,0.369,0.774,0.651,0.113,0.236,0.739
0.0,0.338,0.242,0.599,0.021,0.028,0.984,0.337,0.234,0.923,0.219,0.939,0.884,0.867,0.064,0.931,0.126,0.476,0.943,0.039,0.53,0.243,0.486,0.236,0.466,0.688,0.821,0.076,0.24,0.65,0.778,0.523,0.983,0.654,0.791,0.69,0.747,0.69,0.954,0.578,0.72
0.0,0.525,0.912,0.406,0.331,0.892,0.649,0.322,0.407,0.051,0.632,0.276,0.85,0.289,0.439,0.5,0.465,0.65,0.147,0.496,0.298,0.753,0.362,0.812,0.95,0.884,0.992,0.877,0.967,0.149,0.974,0.603,0.697,0.494,0.468,0.054,0.873,0.1,0.385,0.815,0.46
1.0,0.957,0.495,0.592,0.533,0.569,0.981,0.078,0.558,0.344,0.574,0.091,0.058,0.161,0.687,0.342,0.73,0.178,0.084,0.293,0.991,0.817,0.565,0.458,0.146,0.895,0.28,0.626,0.751,0.73,0.128,0.901,0.77,0.255,0.623,0.137,0.548,0.805,0.642,0.868,0.803
1.0,0.417,0.058,0.162,0.695,0.537,0.92,0.044,0.114,0.296,0.234,0.652,0.463,0.604,0.95,0.037,0.502,0.017,0.697,0.326,0.139,0.795,0.559,0.248,0.671,0.257,0.156,0.334,0.849,0.285,0.191,0.877,0.548,0.019,0.279,0.473,0.368,0.51,0.559,0.792,0.656
0.0,0.778,0.839,0.782,0.88,0.608,0.487,0.772,0.903,0.442,0.738,0.695,0.983,0.179,0.504,0.238,0.351,0.241,0.406,0.322,0.298,0.142,0.691,0.439,0.477,0.303,0.019,0.257,0.136,0.251,0.234,0.349,0.333,0.121,0.102,0.769,0.552,0.103,0.802,0.703,0.729
0.0,0.436,0.78,0.631,0.731,0.86,0.296,0.105,0.661,0.884,0.702,0.721,0.453,0.719,0.954,0.77,0.413,0.398,0.191,0.296,0.7,0.555,0.477,0.359,0.504,0.692,0.772,0.016,0.768,0.661,0.344,0.11,0.066,0.696,0.12,0.978,0.661,0.691,0.04,0.491,0.037
0.0,0.877,0.701,0.122,0.575,0.422,0.603,0.242,0.089,0.898,0.89,0.588,0.995,0.947,0.968,0.171,0.671,0.163,0.244,0.805,0.228,0.761,0.545,0.131,0.674,0.004,0.436,0.039,0.444,0.546,0.273,0.951,0.433,0.489,0.317,0.809,0.591,0.768,0.988,0.395,0.942
0.0,0.912,0.116,0.778,0.564,0.898,0.322,0.359,0.826,0.268,0.745,0.744,0.742,0.504,0.914,0.039,0.364,0.859,0.538,0.088,0.207,0.173,0.22,0.61,0.309,0.2,0.507,0.559,0.125,0.984,0.403,0.73,0.391,0.118,0.217,0.024,0.002,0.129,0.942,0.872,0.31
0.0,0.716,0.333,0.388,0.56,0.267,0.208,0.759,0.778,0.41,0.846,0.06,0.802,0.743,0.447,0.883,0.274,0.035,0.253,0.146,0.051,0.522,0.822,0.902,0.551,0.535,0.107,0.747,0.1,0.24,0.449,0.929,0.029,0.008,0.134,0.61,0.532,0.401,0.368,0.928,0.108
1.0,0.571,0.756,0.119,0.537,0.647,0.435,0.479,0.459,0.164,0.753,0.821,0.025,0.177,0.887,0.241,0.228,0.39,0.746,0.973,0.006,0.454,0.455,0.591,0.536,0.5,0.477,0.346,0.216,0.748,0.153,0.68,0.249,0.073,0.36,0.591,0.955,0.008,0.236,0.681,0.664
0.0,0.636,0.805,0.426,0.184,0.752,0.645,0.986,0.838,0.274,0.459,0.923,0.885,0.113,0.438,0.621,0.092,0.438,0.142,0.257,0.321,0.327,0.185,0.471,0.384,0.485,0.549,0.86,0.567,0.466,0.732,0.434,0.943,0.663,0.358,0.522,0.55,0.884,0.092,0.337,0.512
0.0,0.824,0.178,0.121,1.0,0.942,0.229,0.41,0.43,0.096,0.137,0.38,0.552,0.059,0.467,0.377,0.084,0.406,0.617,0.252,0.589,0.201,0.235,0.274,0.78,0.735,0.887,0.033,0.159,0.603,0.271,0.046,0.096,0.839,0.588,0.538,0.352,0.665,0.747,0.576,0.282
0.0,0.446,0.467,0.677,0.741,0.969,0.895,0.848,0.048,0.484,0.371,0.338,0.108,0.412,0.385,0.693,0.427,0.1,0.475,0.852,0.223,0.326,0.764,0.015,0.795,0.983,0.666,0.48,0.446,0.606,0.596,0.74,0.542,0.97,0.622,0.556,0.004,0.876,0.071,0.481,0.746
0.0,0.566,0.738,0.05,0.061,0.491,0.681,0.691,0.131,0.7,0.509,0.003,0.463,0.194,0.666,0.022,0.939,0.275,0.531,0.725,0.104,0.921,0.813,0.941,0.784,0.474,0.866,0.418,0.476,0.649,0.073,0.261,0.523,0.656,0.736,0.838,0.423,0.852,0.007,0.901,0.918
1.0,0.09,0.899,0.721,0.538,0.428,0.245,0.74,0.902,0.06,0.086,0.316,0.242,0.724,0.652,0.16,0.183,0.662,0.919,0.251,0.284,0.356,0.764,0.574,0.021,0.924,0.921,0.028,0.779,0.664,0.899,0.689,0.689,0.577,0.396,0.142,0.77,0.118,0.153,0.686,0.136
0.0,0.488,0.272,0.541,0.492,0.914,0.085,0.882,0.171,0.577,0.987,0.655,0.262,0.424,0.274,0.383,0.034,0.689,0.813,0.536,0.511,0.984,0.891,0.672,0.922,0.157,0.416,0.279,0.825,0.675,0.44,0.183,0.862,0.754,0.751,0.778,0.122,0.273,0.178,0.085,0.317
0.0,0.116,0.603,0.068,0.102,0.143,0.798,0.426,0.355,0.29,0.062,0.726,0.074,0.824,0.166,0.728,0.963,0.995,0.835,0.918,0.578,0.251,0.683,0.756,0.675,0.538,0.218,0.793,0.786,0.734,0.506,0.084,0.942,0.53,0.048,0.294,0.001,0.095,0.887,0.31,0.116
1.0,0.574,0.916,0.602,0.474,0.25,0.326,0.039,0.607,0.407,0.761,0.691,0.315,0.528,0.591,0.853,0.481,0.865,0.677,0.821,0.321,0.543,0.774,0.359,0.25,0.889,0.089,0.029,0.898,0.313,0.771,0.806,0.717,0.701,0.076,0.565,0.663,0.796,0.547,0.159,0.474
0.0,0.119,0.911,0.153,0.85,0.768,0.363,0.574,0.353,0.514,0.04,0.317,0.47,0.078,0.75,0.89,0.215,0.847,0.931,0.016,0.926,0.321,0.172,0.695,0.681,0.698,0.24,0.25,0.578,0.315,0.772,0.052,0.643,0.602,0.982,0.791,0.165,0.659,0.021,0.0,0.674
0.0,0.838,0.201,0.976,0.982,0.042,0.86,0.615,0.586,0.949,0.296,0.391,0.634,0.045,0.062,0.941,0.818,0.452,0.839,0.818,0.931,0.982,0.237,0.887,0.282,0.777,0.503,0.35,0.715,0.353,0.647,0.204,0.27,0.406,0.612,0.203,0.647,0.576,0.307,0.431,0.541
0.0,0.244,0.098,0.459,0.275,0.004,0.618,0.479,0.837,0.986,0.673,0.194,0.225,0.366,0.281,0.869,0.354,0.775,0.938,0.589,0.175,0.872,0.616,0.782,0.31,0.97,0.355,0.262,0.67,0.649,0.231,0.452,0.355,0.806,0.242,0.35,0.352,0.303,0.761,0.406,0.386
1.0,0.018,0.027,0.379,0.009,0.177,0.42,0.167,0.175,0.844,0.968,0.446,0.178,0.458,0.411,0.541,0.352,0.22,0.289,0.181,0.019,0.028,0.636,0.062,0.758,0.635,0.208,0.067,0.739,0.463,0.827,0.84,0.94,0.139,0.071,0.591,0.302,0.277,0.45,0.576,0.732
0.0,0.434,0.016,0.643,0.363,0.897,0.508,0.786,0.433,0.706,0.767,0.461,0.712,0.596,0.218,0.177,0.546,0.242,0.427,0.803,0.661,0.268,0.579,0.612,0.586,0.187,0.698,0.009,0.917,0.333,0.865,0.17,0.99,0.268,0.51,0.765,0.733,0.033,0.242,0.092,0.886
1.0,0.566,0.677,0.61,0.914,0.906,0.451,0.915,0.525,0.449,0.191,0.909,0.525,0.526,0.518,0.341,0.308,0.078,0.027,0.609,0.78,0.704,0.741,0.255,0.952,0.378,0.096,0.019,0.488,0.874,0.055,0.205,0.359,0.872,0.592,0.917,0.161,0.04,0.556,0.271,0.788
1.0,0.836,0.539,0.015,0.402,0.557,0.568,0.333,0.961,0.253,0.478,0.443,0.673,0.68,0.815,0.88,0.133,0.051,0.569,0.185,0.103,0.056,0.18,0.69,0.459,0.471,0.886,0.158,0.0,0.435,0.243,0.504,0.411,0.322,0.726,0.535,0.638,0.184,0.592,0.396,0.526
1.0,0.358,0.061,0.717,0.705,0.551,0.819,0.505,0.633,0.7,0.194,0.043,0.203,0.452,0.008,0.514,0.373,0.452,0.623,0.351,0.736,0.81,0.811,0.202,0.042,0.075,0.48,0.987,0.285,0.695,0.405,1.0,0.945,0.878,0.431,0.455,0.013,0.993,0.921,0.198,0.077
1.0,0.701,0.407,0.949,0.952,0.769,0.763,0.658,0.54,0.235,0.025,0.269,0.069,0.406,0.517,0.64,0.314,0.389,0.142,0.477,0.161,0.852,0.258,0.478,0.497,0.457,0.997,0.07,0.694,0.805,0.635,0.011,0.471,0.636,0.931,0.307,0.111,0.79,0.604,0.002,0.616
1.0,0.809,0.114,0.234,0.338,0.245,0.55,0.051,0.271,0.94,0.552,0.164,0.057,0.373,0.022,0.218,0.34,0.161,0.563,0.851,0.321,0.369,0.477,0.223,0.419,0.948,0.831,0.683,0.713,0.526,0.408,0.895,0.006,0.501,0.683,0.909,0.253,0.299,0.993,0.205,0.023
1.0,0.317,0.546,0.344,0.426,0.3,0.828,0.748,0.382,0.344,0.951,0.751,0.453,0.914,0.205,0.504,0.07,0.328,0.243,0.055,0.183,0.883,0.718,0.656,0.199,0.141,0.05,0.679,0.48,0.168,0.512,0.647,0.521,0.247,0.505,0.659,0.854,0.964,0.866,0.17,0.042
1.0,0.614,0.394,0.089,0.997,0.608,0.106,0.999,0.923,0.629,0.487,0.326,0.08,0.996,0.196,0.994,0.886,0.155,0.792,0.26,0.388,0.973,0.068,0.117,0.804,0.971,0.29,0.381,0.534,0.889,0.523,0.294,0.178,0.683,0.263,0.971,0.962,0.254,0.443,0.766,0.516
1.0,0.287,0.981,0.337,0.129,0.422,0.39,0.51,0.255,0.003,0.456,0.861,0.467,0.67,0.083,0.142,0.637,0.359,0.297,0.51,0.106,0.424,0.95,0.109,0.667,0.953,0.496,0.83,0.461,0.198,0.987,0.242,0.529,0.731,0.052,0.842,0.716,0.128,0.966,0.334,0.008
0.0,0.339,0.843,0.438,0.894,0.736,0.068,0.149,0.85,0.751,0.59,0.004,0.882,0.331,0.108,0.348,0.014,0.979,0.416,0.822,0.311,0.824,0.51,0.143,0.069,0.439,0.796,0.604,0.969,0.381,0.186,0.548,0.932,0.426,0.989,0.219,0.382,0.723,0.806,0.907,0.987
0.0,0.245,0.665,0.628,0.097,0.191,0.544,0.571,0.321,0.302,0.737,0.966,0.91,0.032,0.99,0.691,0.755,0.091,0.19,0.167,0.259,0.127,0.361,0.157,0.198,0.645,0.812,0.717,0.284,0.417,0.253,0.032,0.618,0.584,0.889,0.698,0.015,0.648,0.33,0.583,0.108
0.0,0.654,0.025,0.2,0.101,0.533,0.701,0.29,0.58,0.606,0.88,0.491,0.378,0.571,0.292,0.768,0.468,0.895,0.37,0.882,0.611,0.584,0.137,0.845,0.231,0.987,0.568,0.138,0.096,0.349,0.951,0.467,0.543,0.434,0.963,0.973,0.473,0.232,0.854,0.173,0.17
1.0,0.709,0.643,0.697,0.411,0.697,0.911,0.801,0.468,0.52,0.83,0.628,0.256,0.685,0.873,0.244,0.891,0.537,0.49,0.027,0.737,0.081,0.278,0.073,0.25,0.354,0.931,0.984,0.059,0.903,0.215,0.745,0.301,0.323,0.602,0.404,0.806,0.09,0.576,0.314,0.04
1.0,0.529,0.615,0.268,0.174,0.463,0.795,0.659,0.448,0.911,0.615,0.101,0.569,0.687,0.197,0.303,0.872,0.545,0.068,0.624,0.908,0.075,0.8,0.183,0.105,0.256,0.832,0.779,0.582,0.108,0.908,0.882,0.084,0.633,0.341,0.003,0.706,0.281,0.026,0.524,0.965
1.0,0.154,0.705,0.058,0.389,0.11,0.089,0.586,0.072,0.096,0.352,0.277,0.142,0.606,0.935,0.404,0.638,0.77,0.695,0.993,0.399,0.25,0.616,0.29,0.509,0.167,0.474,0.709,0.713,0.197,0.394,0.01,0.245,0.081,0.09,0.114,0.331,0.503,0.856,0.367,0.65
0.0,0.898,0.013,0.428,0.943,0.146,0.348,0.072,0.226,0.413,0.775,0.069,0.958,0.192,0.619,0.569,0.538,0.303,0.496,0.892,0.044,0.433,0.22,0.624,0.724,0.392,0.268,0.881,0.169,0.565,0.643,0.264,0.48,0.543,0.824,0.948,0.327,0.649,0.03,0.318,0.142
1.0,0.302,0.837,0.151,0.65,0.034,0.722,0.292,0.45,0.266,0.293,0.584,0.371,0.26,0.799,0.042,0.143,0.428,0.691,0.99,0.293,0.846,0.893,0.715,0.102,0.588,0.97,0.079,0.781,0.103,0.261,0.452,0.01,0.916,0.396,0.543,0.229,0.141,0.086,0.085,0.354
1.0,0.765,0.596,0.886,0.111,0.219,0.708,0.71,0.608,0.726,0.868,0.281,0.431,0.09,0.944,0.059,0.018,0.969,0.31,0.503,0.995,0.802,0.377,0.095,0.49,0.786,0.173,0.32,0.361,0.096,0.31,0.55,0.401,0.269,0.941,0.769,0.965,0.015,0.389,0.767,0.652
1.0,0.09,0.747,0.988,0.532,0.443,0.473,0.09,0.4,0.497,0.027,0.206,0.529,0.889,0.163,0.763,0.356,0.203,0.778,0.564,0.413,0.93,0.567,0.313,0.543,0.678,0.277,0.111,0.643,0.837,0.743,0.953,0.104,0.106,0.997,0.635,0.071,0.278,0.279,0.874,0.637
1.0,0.562,0.149,0.201,0.945,0.205,0.703,0.856,0.1,0.749,0.683,0.667,0.293,0.036,0.144,0.913,0.41,0.732,0.083,0.086,0.988,0.439,0.556,0.172,0.053,0.181,0.902,0.955,0.944,0.786,0.19,0.366,0.559,0.269,0.582,0.455,0.079,0.151,0.293,0.305,0.717
1.0,0.288,0.306,0.736,0.911,0.06,0.049,0.296,0.756,0.195,0.588,0.947,0.535,0.382,0.886,0.242,0.907,0.89,0.169,0.246,0.053,0.327,0.46,0.736,0.835,0.765,0.356,0.418,0.569,0.229,0.709,0.835,0.558,0.902,0.962,0.45,0.321,0.868,0.987,0.288,0.147
1.0,0.802,0.736,0.544,0.756,0.36,0.99,0.162,0.051,0.579,0.042,0.932,0.73,0.325,0.536,0.151,0.508,0.573,0.864,0.973,0.636,0.826,0.123,0.049,0.599,0.918,0.656,0.197,0.423,0.038,0.32,0.219,0.063,1.0,0.907,0.309,0.377,0.276,0.572,0.781,0.644
1.0,0.44,0.151,0.381,0.142,0.571,0.542,0.05,0.353,0.797,0.562,0.766,0.335,0.757,0.719,0.067,0.954,0.464,0.707,0.182,0.563,0.345,0.987,0.078,0.591,0.804,0.809,0.884,0.055,0.491,0.7,0.439,0.679,0.956,0.593,0.837,0.683,0.38,0.389,0.135,0.779
0.0,0.412,0.411,0.144,0.183,0.499,0.592,0.737,0.639,0.823,0.368,0.266,0.346,0.983,0.925,0.052,0.947,0.806,0.16,0.248,0.614,0.554,0.355,0.869,0.178,0.617,0.39,0.769,0.099,0.142,0.677,0.758,0.542,0.811,0.431,0.843,0.679,0.275,0.045,0.349,0.374
1.0,0.405,0.538,0.818,0.088,0.325,0.963,0.837,0.207,0.554,0.474,0.55,0.62,0.364,0.722,0.146,0.011,0.02,0.053,0.095,0.79,0.551,0.52,0.56,0.922,0.582,0.936,0.589,0.007,0.704,0.966,0.706,0.009,0.957,0.041,0.907,0.118,0.939,0.99,0.22,0.771
0.0,0.74,0.026,0.789,0.073,0.154,0.43,0.404,0.523,0.756,0.556,0.328,0.842,0.774,0.152,0.294,0.761,0.776,0.142,0.02,0.537,0.255,0.74,0.419,0.053,0.418,0.766,0.717,0.391,0.366,0.678,0.347,0.824,0.994,0.796,0.679,0.273,0.524,0.935,0.688,0.545
1.0,0.132,0.974,0.707,0.243,0.017,0.672,0.158,0.861,0.69,0.617,0.523,0.235,0.694,0.616,0.276,0.181,0.641,0.667,0.428,0.55,0.216,0.209,0.255,0.973,0.718,0.546,0.075,0.461,0.207,0.338,0.727,0.338,0.08,0.464,0.545,0.241,0.821,0.98,0.901,0.388
0.0,0.256,0.237,0.771,0.553,0.923,0.494,0.417,0.807,0.445,0.709,0.555,0.064,0.542,0.88,0.934,0.768,0.908,0.386,0.862,0.095,0.738,0.023,0.724,0.725,0.08,0.878,0.967,0.197,0.832,0.007,0.442,0.004,0.299,0.75,0.211,0.326,0.275,0.002,0.549,0.74
0.0,0.578,0.9,0.787,0.33,0.239,0.135,0.91,0.27,0.216,0.618,0.991,0.883,0.341,0.141,0.377,0.666,0.123,0.935,0.838,0.788,0.763,0.894,0.066,0.635,0.739,0.117,0.595,0.27,0.175,0.338,0.303,0.529,0.89,0.196,0.455,0.353,0.757,0.067,0.691,0.321
0.0,0.714,0.075,0.337,0.328,0.881,0.505,0.144,0.392,0.997,0.273,0.971,0.432,0.236,0.983,0.926,0.06,0.08,0.992,0.481,0.311,0.463,0.178,0.033,0.857,0.639,0.668,0.472,0.971,0.015,0.629,0.132,0.415,0.395,0.079,0.261,0.087,0.247,0.658,0.765,0.533
1.0,0.42,0.473,0.903,0.953,0.531,0.916,0.807,0.932,0.748,0.058,0.578,0.269,0.482,0.182,0.08,0.122,0.103,0.63,0.265,0.721,0.591,0.525,0.897,0.185,0.331,0.785,0.291,0.791,0.466,0.835,0.243,0.769,0.192,0.31,0.959,0.822,0.86,0.855,0.076,0.676
0.0,0.332,0.279,0.469,0.089,0.992,0.263,0.343,0.521,0.302,0.916,0.231,0.874,0.956,0.994,0.729,0.357,0.359,0.366,0.605,0.985,0.802,0.517,0.18,0.416,0.269,0.863,0.58,0.168,0.465,0.249,0.903,0.834,0.609,0.568,0.186,0.519,0.904,0.672,0.353,0.329
0.0,0.072,0.826,0.016,0.569,0.526,0.008,0.476,0.881,0.513,0.528,0.537,0.997,0.623,0.591,0.368,0.253,0.842,0.843,0.248,0.113,0.087,0.036,0.571,0.304,0.179,0.937,0.243,0.889,0.971,0.1,0.633,0.519,0.216,0.3,0.411,0.675,0.516,0.596,0.788,0.324
1.0,0.102,0.179,0.605,0.692,0.452,0.655,0.762,0.337,0.52,0.332,0.763,0.324,0.437,0.9,0.365,0.143,0.243,0.308,0.978,0.784,0.095,0.007,0.192,0.888,0.697,0.717,0.55,0.998,0.367,0.836,0.205,0.482,0.177,0.396,0.02,0.485,0.39,0.206,0.584,0.329
0.0,0.229,0.967,0.131,0.125,0.194,0.66,0.299,0.518,0.035,0.247,0.507,0.814,0.375,0.835,0.081,0.624,0.668,0.929,0.231,0.602,0.819,0.389,0.697,0.732,0.648,0.923,0.911,0.142,0.318,0.743,0.873,0.938,0.997,0.195,0.455,0.768,0.414,0.04,0.242,0.096
1.0,0.222,0.017,0.332,0.351,0.292,0.052,0.316,0.572,0.846,0.639,0.671,0.475,0.15,0.926,0.483,0.151,0.023,0.146,0.778,0.034,0.695,0.47,0.745,0.202,0.548,0.985,0.416,0.408,0.47,0.778,0.335,0.772,0.305,0.357,0.369,0.544,0.221,0.161,0.499,0.418
0.0,0.866,0.714,0.194,0.444,0.144,0.552,0.917,0.246,0.296,0.381,0.922,0.887,0.997,0.519,0.63,0.605,0.953,0.627,0.763,0.814,0.395,0.714,0.96,0.347,0.976,0.943,0.171,0.541,0.202,0.604,0.496,0.235,0.395,0.055,0.919,0.122,0.475,0.878,0.749,0.782
1.0,0.168,0.424,0.179,0.096,0.677,0.747,0.981,0.476,0.568,0.193,0.295,0.68,0.491,0.453,0.542,0.361,0.611,0.022,0.62,0.393,0.973,0.511,0.598,0.165,0.965,0.494,0.954,0.763,0.162,0.826,0.595,0.269,0.732,0.958,0.55,0.528,0.592,0.219,0.39,0.981
1.0,0.99,0.595,0.303,0.683,0.5,0.355,0.582,0.754,0.68,0.553,0.108,0.498,0.106,0.564,0.122,0.854,0.761,0.364,0.983,0.213,0.695,0.057,0.255,0.588,0.214,0.409,0.449,0.813,0.602,0.15,0.444,0.219,0.772,0.194,0.155,0.955,0.714,0.991,0.593,0.267
1.0,0.861,0.152,0.24,0.87,0.335,0.362,0.56,0.99,0.426,0.496,0.648,0.747,0.742,0.913,0.936,0.913,0.912,0.856,0.808,0.859,0.383,0.908,0.638,0.186,0.763,0.242,0.676,0.75,0.327,0.182,0.662,0.303,0.273,0.32,0.379,0.582,0.042,0.128,0.872,0.388
0.0,0.121,0.776,0.381,0.129,0.868,0.802,0.85,0.308,0.378,0.361,0.469,0.457,0.344,0.832,0.351,0.297,0.234,0.594,0.229,0.07,0.718,0.811,0.244,0.955,0.196,0.049,0.974,0.115,0.872,0.818,0.975,0.879,0.809,0.276,0.382,0.114,0.321,0.994,0.087,0.531
1.0,0.516,0.666,0.469,0.209,0.654,0.725,0.981,0.843,0.864,0.192,0.445,0.575,0.515,0.947,0.468,0.741,0.251,0.283,0.445,0.134,0.267,0.329,0.037,0.557,0.784,0.531,0.441,0.404,0.417,0.599,0.735,0.956,0.493,0.044,0.408,0.69,0.458,0.214,0.539,0.2
1.0,0.044,0.294,0.075,0.099,0.528,0.566,0.549,0.032,0.93,0.947,0.137,0.132,0.572,0.247,0.176,0.962,0.006,0.278,0.162,0.459,0.629,0.037,0.179,0.636,0.234,0.296,0.674,0.586,0.407,0.535,0.558,0.561,0.734,0.7,0.264,0.157,0.383,0.395,0.247,0.939
0.0,0.925,0.534,0.705,0.456,0.603,0.298,0.463,0.444,0.383,0.304,0.448,0.996,0.313,0.745,0.313,0.268,0.089,0.23,0.565,0.033,0.532,0.826,0.34,0.17,0.717,0.777,0.973,0.598,0.815,0.306,0.301,0.858,0.077,0.597,0.371,0.918,0.86,0.455,0.847,0.397
1.0,0.876,0.113,0.19,0.325,0.833,0.811,0.675,0.458,0.8,0.249,0.053,0.555,0.779,0.664,0.973,0.998,0.713,0.045,0.164,0.142,0.386,0.054,0.116,0.423,0.628,0.361,0.829,0.475,0.412,0.923,0.154,0.92,0.154,0.129,0.07,0.394,0.493,0.034,0.958,0.272
0.0,0.267,0.211,0.904,0.019,0.59,0.176,0.186,0.68,0.179,0.846,0.655,0.872,0.521,0.088,0.045,0.546,0.072,0.477,0.436,0.008,0.847,0.679,0.001,0.401,0.936,0.497,0.04,0.649,0.561,0.033,0.16,0.584,0.174,0.176,0.804,0.027,0.644,0.406,0.879,0.81
1.0,0.563,0.389,0.486,0.055,0.191,0.353,0.727,0.455,0.115,0.177,0.258,0.388,0.677,0.031,0.774,0.634,0.938,0.497,0.919,0.213,0.324,0.325,0.089,0.55,0.014,0.054,0.469,0.439,0.287,0.471,0.908,0.857,0.393,0.024,0.607,0.561,0.049,0.435,0.1,0.969
0.0,0.986,0.124,0.376,0.123,0.599,0.206,0.039,0.479,0.616,0.228,0.819,0.794,0.207,0.227,0.008,0.679,0.887,0.586,0.555,0.386,0.36,0.357,0.44,0.932,0.423,0.516,0.524,0.342,0.968,0.155,0.264,0.26,0.403,0.029,0.023,0.11,0.414,0.024,0.334,0.428
1.0,0.481,0.728,0.698,0.877,0.332,0.854,0.968,0.88,0.618,0.777,0.4,0.248,0.228,0.157,0.207,0.735,0.974,0.485,0.055,0.972,0.797,0.839,0.738,0.693,0.395,0.073,0.288,0.607,0.019,0.964,0.582,0.047,0.59,0.296,0.423,0.5,0.818,0.036,0.869,0.448
0.0,0.473,0.979,0.023,0.571,0.657,0.824,0.902,0.943,0.273,0.437,0.645,0.973,0.924,0.496,0.499,0.202,0.45,0.257,0.258,0.436,0.695,0.408,0.713,0.385,0.8,0.548,0.166,0.203,0.043,0.669,0.524,0.296,0.3,0.731,0.92,0.367,0.112,0.896,0.541,0.061
1.0,0.672,0.269,0.164,0.041,0.497,0.115,0.285,0.368,0.878,0.576,0.817,0.17,0.246,0.249,0.164,0.683,0.136,0.836,0.768,0.822,0.783,0.203,0.425,0.565,0.34,0.992,0.818,0.034,0.83,0.245,0.425,0.753,0.416,0.951,0.67,0.188,0.707,0.978,0.122,0.835
0.0,0.617,0.965,0.579,0.152,0.872,0.171,0.583,0.648,0.361,0.287,0.116,0.285,0.847,0.552,0.961,0.275,0.226,0.893,0.312,0.716,0.541,0.299,0.043,0.824,0.943,0.358,0.489,0.378,0.184,0.515,0.845,0.736,0.097,0.351,0.555,0.514,0.315,0.274,0.787,0.678
1.0,0.656,0.507,0.534,0.194,0.773,1.0,0.659,0.621,0.175,0.68,0.113,0.449,0.26,0.719,0.348,0.967,0.558,0.359,0.5,0.704,0.137,0.116,0.18,0.601,0.578,0.356,0.048,0.353,0.291,0.389,0.034,0.695,0.982,0.975,0.148,0.628,0.157,0.369,0.306,0.871
1.0,0.884,0.1,0.106,0.099,0.462,0.792,0.6,0.084,0.379,0.632,0.434,0.033,0.296,0.021,0.496,0.737,0.417,0.759,0.059,0.589,0.019,0.022,0.556,0.402,0.899,0.306,0.882,0.974,0.286,0.524,0.876,0.423,0.34,0.999,0.792,0.524,0.176,0.62,0.555,0.522
1.0,0.976,0.515,0.651,0.634,0.128,0.015,0.929,0.657,0.7,0.966,0.561,0.665,0.365,0.788,0.66,0.969,0.854,0.428,0.528,0.008,0.168,0.612,0.166,0.83,0.282,0.897,0.878,0.117,0.249,0.081,0.141,0.567,0.984,0.141,0.673,0.883,0.79,0.777,0.004,0.972
0.0,0.08,0.908,0.91,0.191,0.757,0.844,0.084,0.3,0.421,0.839,0.063,0.855,0.549,0.216,0.311,0.839,0.222,0.876,0.105,0.095,0.025,0.77,0.722,0.277,0.961,0.439,0.107,0.628,0.215,0.745,0.242,0.628,0.157,0.515,0.616,0.968,0.898,0.265,0.159,0.963
0.0,0.328,0.079,0.153,0.681,0.222,0.959,0.806,0.168,0.058,0.621,0.017,0.034,0.411,0.24,0.72,0.926,0.424,0.172,0.312,0.143,0.306,0.451,0.868,0.618,0.974,0.52,0.092,0.166,0.609,0.963,0.374,0.759,0.001,0.139,0.145,0.626,0.862,0.195,0.278,0.714
1.0,0.636,0.947,0.202,0.447,0.919,0.187,0.136,0.814,0.457,0.262,0.849,0.114,0.213,0.049,0.923,0.407,0.204,0.377,0.207,0.17,0.523,0.86,0.649,0.831,0.432,0.212,0.48,0.618,0.97,0.761,0.578,0.121,0.374,0.883,0.369,0.029,0.254,0.425,0.128,0.683
0.0,0.941,0.832,0.418,0.758,0.702,0.012,0.903,0.403,0.571,0.701,0.042,0.475,0.994,0.898,0.498,0.176,0.779,0.747,0.455,0.478,0.79,0.827,0.527,0.555,0.77,0.776,0.364,0.058,0.434,0.011,0.238,0.589,0.053,0.773,0.88,0.109,0.819,0.027,0.085,0.131
0.0,0.099,0.851,0.278,0.218,0.226,0.615,0.045,0.537,0.885,0.796,0.52,0.737,0.813,0.576,0.703,0.896,0.037,0.071,0.428,0.409,0.483,0.054,0.808,0.021,0.913,0.036,0.284,0.841,0.986,0.844,0.7,0.143,0.135,0.217,0.044,0.271,0.419,0.665,0.641,0.545
0.0,0.256,0.039,0.663,0.553,0.013,0.838,0.234,0.141,0.038,0.56,0.987,0.005,0.46,0.665,0.741,0.513,0.439,0.231,0.225,0.913,0.372,0.801,0.877,0.993,0.779,0.116,0.9,0.058,0.809,0.963,0.999,0.246,0.421,0.151,0.935,0.714,0.227,0.284,0.37,0.096
0.0,0.812,0.86,0.67,0.591,0.973,0.862,0.019,0.835,0.307,0.123,0.648,0.707,0.8,0.348,0.941,0.384,0.995,0.534,0.855,0.061,0.09,0.121,0.101,0.045,0.116,0.55,0.773,0.269,0.111,0.973,0.895,0.3,0.555,0.183,0.055,0.581,0.609,0.561,0.822,0.666
1.0,0.292,0.777,0.535,0.484,0.456,0.5,0.347,0.299,0.132,0.563,0.212,0.316,0.998,0.394,0.387,0.059,0.355,0.265,0.464,0.103,0.597,0.991,0.326,0.995,0.737,0.346,0.673,0.182,0.487,0.464,0.486,0.34,0.482,0.766,0.559,0.898,0.063,0.292,0.187,0.424
1.0,0.415,0.645,0.479,0.105,0.251,0.043,0.979,0.609,0.757,0.383,0.283,0.407,0.514,0.835,0.376,0.623,0.819,0.439,0.156,0.78,0.551,0.149,0.409,0.984,0.713,0.999,0.69,0.961,0.771,0.749,0.791,0.16,0.604,0.008,0.437,0.828,0.867,0.932,0.365,0.892
0.0,0.311,0.43,0.082,0.4,0.992,0.007,0.172,0.948,0.65,0.811,0.484,0.874,0.841,0.81,0.536,0.651,0.021,0.706,0.355,0.826,0.402,0.799,0.171,0.581,0.943,0.795,0.875,0.397,0.18,0.828,0.563,0.362,0.474,0.91,0.804,0.629,0.257,0.905,0.881,0.428
1.0,0.927,0.465,0.879,0.556,0.49,0.192,0.31,0.012,0.909,0.734,0.629,0.555,0.803,0.189,0.517,0.943,0.999,0.582,0.851,0.914,0.813,0.122,0.458,0.753,0.271,0.929,0.581,0.4,0.443,0.578,0.589,0.64,0.422,0.492,0.595,0.117,0.55,0.61,0.593,0.778
0.0,0.903,0.261,0.627,0.336,0.179,0.628,0.893,0.298,0.601,0.298,0.94,0.285,0.074,0.968,0.977,0.254,0.958,0.697,0.272,0.784,0.275,0.915,0.948,0.59,0.001,0.623,0.742,0.695,0.9,0.86,0.618,0.58,0.455,0.509,0.502,0.352,0.463,0.591,0.583,0.872
0.0,0.183,0.909,0.557,0.731,0.345,0.584,0.109,0.91,0.185,0.096,0.073,0.974,0.672,0.832,0.177,0.378,0.568,0.827,0.673,0.918,0.317,0.307,0.987,0.92,0.118,0.972,0.678,0.085,0.316,0.281,0.998,0.771,0.981,0.034,0.178,0.259,0.382,0.814,0.841,0.233
0.0,0.141,0.36,0.742,0.354,0.607,0.969,0.328,0.107,0.903,0.245,0.502,0.788,0.076,0.975,0.12,0.351,0.013,0.715,0.115,0.487,0.925,0.974,0.724,0.808,0.59,0.578,0.708,0.174,0.87,0.359,0.022,0.894,0.254,0.825,0.261,0.518,0.56,0.396,0.04,0.869
0.0,0.571,0.825,0.525,0.68,0.49,0.957,0.243,0.705,0.978,0.418,0.506,0.726,0.312,0.809,0.182,0.19,0.483,0.527,0.053,0.905,0.053,0.92,0.83,0.01,0.105,0.653,0.037,0.174,0.463,0.205,0.877,0.896,0.113,0.199,0.028,0.124,0.003,0.052,0.233,0.946
0.0,0.958,0.824,0.064,0.117,0.067,0.676,0.068,0.263,0.266,0.813,0.099,0.954,0.091,0.316,0.444,0.397,0.917,0.939,0.486,0.506,0.603,0.267,0.394,0.334,0.308,0.132,0.69,0.615,0.904,0.717,0.015,0.313,0.176,0.38,0.25,0.049,0.565,0.987,0.898,0.088
1.0,0.776,0.145,0.079,0.354,0.718,0.266,0.739,0.285,0.44,0.276,0.157,0.543,0.36,0.492,0.373,0.998,0.819,0.262,0.74,0.675,0.28,0.901,0.738,0.058,0.892,0.93,0.201,0.579,0.328,0.163,0.296,0.004,0.439,0.655,0.632,0.688,0.758,0.655,0.302,0.896
1.0,0.083,0.69,0.874,0.208,0.114,0.376,0.814,0.354,0.582,0.156,0.632,0.048,0.398,0.53,0.629,0.214,0.354,0.807,0.023,0.739,0.443,0.612,0.657,0.013,0.496,0.819,0.066,0.428,0.601,0.397,0.182,0.633,0.193,0.914,0.964,0.533,0.198,0.498,0.209,0.418
1.0,0.178,0.241,0.391,0.666,0.048,0.787,0.885,0.612,0.739,0.35,0.306,0.057,0.527,0.451,0.315,0.87,0.859,0.664,0.856,0.303,0.927,0.944,0.385,0.507,0.574,0.367,0.239,0.667,0.918,0.474,0.494,0.592,0.664,0.822,0.546,0.631,0.462,0.19,0.465,0.476
0.0,0.921,0.883,0.603,0.45,0.614,0.53,0.614,0.521,0.637,0.043,0.247,0.833,0.413,0.567,0.648,0.443,0.821,0.549,0.442,0.125,0.673,0.847,0.855,0.028,0.158,0.028,0.011,0.987,0.048,0.564,0.078,0.21,0.901,0.811,0.924,0.282,0.245,0.276,0.038,0.251
1.0,0.174,0.189,0.835,0.192,0.317,0.677,0.65,0.883,0.019,0.124,0.195,0.206,0.731,0.933,1.0,0.396,0.209,0.841,0.998,0.386,0.674,0.87,0.151,0.382,0.468,0.852,0.494,0.024,0.694,0.594,0.434,0.12,0.947,0.68,0.436,0.391,0.843,0.038,0.708,0.878
0.0,0.548,0.837,0.752,0.206,0.991,0.842,0.107,0.439,0.302,0.106,0.717,0.245,0.189,0.299,0.83,0.875,0.769,0.776,0.695,0.349,0.839,0.915,0.606,0.118,0.975,0.679,0.23,0.746,0.799,0.1,0.369,0.691,0.655,0.826,0.065,0.372,0.416,0.043,0.558,0.868
0.0,0.007,0.302,0.791,0.537,0.198,0.854,0.348,0.927,0.915,0.774,0.54,0.952,0.576,0.999,0.065,0.106,0.936,0.942,0.147,0.626,0.847,0.784,0.944,0.169,0.171,0.348,0.245,0.739,0.73,0.887,0.067,0.718,0.135,0.094,0.296,0.585,0.069,0.726,0.783,0.414
0.0,0.357,0.327,0.456,0.855,0.496,0.429,0.242,0.032,0.198,0.563,0.94,0.809,0.235,0.355,0.276,0.148,0.73,0.435,0.539,0.238,0.274,0.606,0.787,0.318,0.557,0.347,0.26,0.448,0.103,0.951,0.774,0.796,0.856,0.527,0.806,0.028,0.72,0.655,0.747,0.926
0.0,0.403,0.684,0.577,0.72,0.39,0.22,0.999,0.626,0.765,0.624,0.741,0.752,0.108,0.845,0.27,0.643,0.588,0.978,0.068,0.279,0.464,0.802,0.919,0.451,0.512,0.743,0.95,0.601,0.917,0.875,0.519,0.476,0.336,0.298,0.721,0.418,0.181,0.988,0.772,0.789
1.0,0.607,0.023,0.242,0.941,0.726,0.267,0.87,0.5,0.72,0.159,0.901,0.034,0.293,0.088,0.613,0.415,0.643,0.314,0.454,0.592,0.916,0.483,0.386,0.684,0.842,0.933,0.952,0.592,0.194,0.545,0.024,0.002,0.447,0.703,0.529,0.074,0.844,0.312,0.623,0.387
1.0,0.867,0.119,0.584,0.804,0.564,0.867,0.338,0.324,0.726,0.186,0.273,0.68,0.589,0.823,0.887,0.921,0.624,0.129,0.005,0.867,0.071,0.333,0.237,0.341,0.351,0.806,0.462,0.232,0.666,0.68,0.307,0.122,0.158,0.211,0.106,0.387,0.456,0.521,0.625,0.697
0.0,0.385,0.984,0.809,0.989,0.095,0.197,0.155,0.658,0.348,0.404,0.458,0.794,0.667,0.044,0.759,0.216,0.393,0.769,0.417,0.427,0.555,0.376,0.83,0.345,0.951,0.776,0.818,0.42,0.676,0.868,0.045,0.582,0.483,0.656,0.461,0.173,0.244,0.075,0.125,0.301
0.0,0.071,0.507,0.543,0.306,0.092,0.24,0.685,0.645,0.34,0.959,0.508,0.128,0.97,0.843,0.474,0.763,0.945,0.033,0.679,0.418,0.945,0.074,0.879,0.92,0.397,0.449,0.332,0.263,0.72,0.842,0.69,0.871,0.404,0.173,0.329,0.888,0.921,0.251,0.655,0.514
1.0,0.995,0.386,0.43,0.808,0.374,0.362,0.238,0.908,0.677,0.53,0.67,0.551,0.919,0.784,0.961,0.298,0.811,0.479,0.779,0.683,0.489,0.299,0.724,0.014,0.647,0.437,0.363,0.524,0.841,0.569,0.136,0.029,0.974,0.155,0.795,0.342,0.897,0.866,0.787,0.926
1.0,0.962,0.49,0.949,0.132,0.821,0.405,0.43,0.557,0.322,0.141,0.731,0.326,0.734,0.015,0.679,0.206,0.983,0.02,0.099,0.521,0.708,0.534,0.912,0.293,0.515,0.421,0.79,0.835,0.533,0.702,0.188,0.747,0.168,0.424,0.735,0.818,0.941,0.374,0.849,0.94
0.0,0.976,0.704,0.396,0.888,0.722,0.693,0.487,0.152,0.16,0.272,0.918,0.227,0.867,0.738,0.44,0.036,0.627,0.075,0.439,0.117,0.079,0.431,0.829,0.939,0.89,0.004,0.056,0.213,0.713,0.357,0.195,0.166,0.968,0.695,0.265,0.934,0.009,0.752,0.65,0.874
1.0,0.435,0.051,0.512,0.153,0.131,0.989,0.384,0.149,0.954,0.817,0.378,0.087,0.71,0.174,0.673,0.527,0.61,0.45,0.351,0.342,0.304,0.788,0.738,0.454,0.955,0.431,0.897,0.222,0.628,0.367,0.638,0.994,0.671,0.346,0.422,0.523,0.634,0.638,0.594,0.974
0.0,0.435,0.557,0.63,0.311,0.703,0.396,0.557,0.885,0.187,0.781,0.201,0.347,0.716,0.715,0.385,0.377,0.862,0.817,0.184,0.703,0.63,0.452,0.66,0.454,0.912,0.333,0.872,0.367,0.347,0.642,0.476,0.616,0.723,0.013,0.458,0.104,0.112,0.372,0.989,0.611
1.0,0.204,0.883,0.259,0.894,0.141,0.367,0.668,0.485,0.522,0.391,0.441,0.517,0.464,0.722,0.758,0.143,0.857,0.504,0.019,0.421,0.674,0.123,0.459,0.924,0.9,0.812,0.631,0.973,0.65,0.745,0.279,0.388,0.23,0.679,0.838,0.478,0.212,0.041,0.404,0.466
1.0,0.32,0.324,0.784,0.519,0.774,0.863,0.708,0.211,0.333,0.537,0.095,0.577,0.534,0.319,0.143,0.548,0.13,0.643,0.3,0.464,0.63,0.643,0.572,0.437,0.283,0.037,0.545,0.379,0.399,0.415,0.408,0.405,0.669,0.678,0.279,0.1,0.354,0.671,0.149,0.119
1.0,0.595,0.124,0.077,0.401,0.738,0.732,0.039,0.986,0.24,0.324,0.489,0.284,0.258,0.19,0.897,0.647,0.95,0.738,0.475,0.185,0.373,0.725,0.199,0.477,0.309,0.543,0.918,0.791,0.12,0.945,0.162,0.34,0.386,0.172,0.746,0.933,0.002,0.319,0.07,0.699
0.0,0.468,0.543,0.026,0.333,0.708,0.994,0.244,0.595,0.587,0.664,0.111,0.033,0.55,0.205,0.594,0.93,0.084,0.384,0.527,0.294,0.668,0.607,0.825,0.207,0.683,0.045,0.241,0.981,0.869,0.292,0.805,0.423,0.977,0.04,0.748,0.929,0.006,0.465,0.612,0.564
1.0,0.979,0.189,0.873,0.419,0.189,0.243,0.136,0.279,0.456,0.117,0.453,0.052,0.999,0.739,0.865,0.179,0.928,0.369,0.463,0.078,0.879,0.372,0.763,0.5,0.833,0.042,0.483,0.527,0.438,0.537,0.756,0.065,0.237,0.538,0.279,0.676,0.77,0.162,0.527,0.656
0.0,0.605,0.908,0.246,0.554,0.006,0.644,0.183,0.096,0.27,0.418,0.914,0.839,0.021,0.433,0.177,0.417,0.222,0.589,0.229,0.884,0.773,0.578,0.171,0.063,0.387,0.116,0.38,0.729,0.87,0.128,0.307,0.808,0.006,0.26,0.292,0.962,0.931,0.821,0.301,0.467
0.0,0.432,0.61,0.768,0.343,0.676,0.627,0.513,0.366,0.006,0.406,0.758,0.953,0.86,0.626,0.864,0.178,0.408,0.343,0.591,0.377,0.836,0.771,0.365,0.643,0.287,0.395,0.313,0.328,0.059,0.259,0.189,0.837,0.951,0.747,0.025,0.148,0.88,0.483,0.964,0.247
0.0,0.663,0.357,0.375,0.996,0.133,0.985,0.872,0.337,0.06,0.642,0.44,0.207,0.865,0.712,0.468,0.526,0.861,0.208,0.412,0.427,0.544,0.444,0.83,0.053,0.988,0.226,0.929,0.852,0.261,0.553,0.387,0.987,0.721,0.618,0.553,0.573,0.49,0.432,0.95,0.028
1.0,0.21,0.633,0.948,0.962,0.555,0.676,0.736,0.748,0.694,0.671,0.384,0.604,0.449,0.642,0.805,0.813,0.437,0.32,0.411,0.406,0.335,0.994,0.571,0.7,0.64,0.101,0.045,0.565,0.928,0.651,0.704,0.777,0.475,0.573,0.241,0.245,0.898,0.746,0.78,0.32
0.0,0.175,0.091,0.248,0.624,0.809,0.57,0.59,0.417,0.817,0.699,0.347,0.426,0.202,0.63,0.212,0.986,0.093,0.317,0.211,0.517,0.388,0.765,0.835,0.074,0.25,0.101,0.722,0.006,0.138,0.637,0.306,0.997,0.879,0.298,0.976,0.085,0.727,0.77,0.112,0.42
0.0,0.18,0.24,0.723,0.22,0.442,0.742,0.796,0.988,0.689,0.423,0.471,0.295,0.418,0.656,0.369,0.772,0.942,0.953,0.972,0.941,0.532,0.69,0.864,0.08,0.386,0.071,0.622,0.951,0.527,0.099,0.199,0.372,0.004,0.983,0.798,0.795,0.434,0.744,0.342,0.189
0.0,0.436,0.734,0.784,0.531,0.804,0.275,0.987,0.563,0.456,0.895,0.834,0.249,0.582,0.774,0.835,0.35,0.894,0.385,0.608,0.622,0.705,0.488,0.825,0.356,0.149,0.255,0.85,0.575,0.613,0.954,0.815,0.059,0.75,0.51,0.673,0.482,0.205,0.23,0.701,0.148
0.0,0.991,0.913,0.17,0.899,0.06,0.96,0.782,0.303,0.017,0.639,0.169,0.207,0.001,0.3,0.749,0.081,0.422,0.245,0.711,0.949,0.724,0.915,0.896,0.745,0.974,0.989,0.974,0.175,0.161,0.498,0.669,0.785,0.351,0.348,0.168,0.724,0.443,0.425,0.026,0.976
1.0,0.478,0.038,0.48,0.379,0.1,0.526,0.812,0.282,0.091,0.277,0.575,0.646,0.021,0.584,0.759,0.042,0.842,0.352,0.709,0.798,0.268,0.828,0.603,0.759,0.496,0.479,0.068,0.244,0.515,0.232,0.039,0.729,0.959,0.908,0.298,0.274,0.984,0.07,0.025,0.044
1.0,0.538,0.36,0.677,0.523,0.335,0.91,0.528,0.756,0.503,0.715,0.093,0.353,0.258,0.137,0.018,0.563,0.287,0.805,0.613,0.481,0.055,0.682,0.368,0.839,0.647,0.099,0.726,0.956,0.93,0.922,0.6,0.622,0.572,0.312,0.756,0.712,0.597,0.962,0.971,0.533
1.0,0.343,0.082,0.513,0.064,0.254,0.733,0.153,0.461,0.666,0.128,0.135,0.155,0.283,0.04,0.574,0.974,0.12,0.04,0.017,0.956,0.348,0.685,0.063,0.907,0.758,0.954,0.63,0.985,0.789,0.752,0.865,0.603,0.273,0.923,0.113,0.836,0.131,0.059,0.423,0.668
0.0,0.662,0.927,0.567,0.797,0.569,0.129,0.524,0.111,0.53,0.384,0.777,0.154,0.701,0.812,0.717,0.674,0.913,0.902,0.911,0.416,0.925,0.331,0.829,0.756,0.871,0.653,0.353,0.628,0.256,0.47,0.297,0.913,0.018,0.972,0.107,0.569,0.243,0.839,0.058,0.804
0.0,0.744,0.855,0.239,0.389,0.157,0.777,0.252,0.03,0.81,0.815,0.902,0.763,0.455,0.92,0.296,0.795,0.927,0.098,0.998,0.662,0.676,0.587,0.786,0.382,0.821,0.43,0.922,0.184,0.706,0.351,0.691,0.833,0.207,0.644,0.557,0.56,0.467,0.726,0.974,0.364
0.0,0.444,0.582,0.326,0.35,0.131,0.995,0.398,0.974,0.985,0.412,0.667,0.267,0.533,0.553,0.679,0.368,0.032,0.309,0.323,0.214,0.141,0.848,0.443,0.434,0.055,0.731,0.227,0.795,0.737,0.322,0.377,0.341,0.204,0.591,0.038,0.144,0.254,0.427,0.837,0.73
0.0,0.416,0.397,0.762,0.813,0.187,0.847,0.905,0.558,0.095,0.053,0.506,0.452,0.184,0.36,0.173,0.411,0.282,0.561,0.073,0.114,0.994,0.282,0.946,0.87,0.519,0.932,0.638,0.992,0.043,0.012,0.314,0.67,0.474,0.953,0.146,0.87,0.041,0.018,0.823,0.757
1.0,0.068,0.946,0.199,0.825,0.019,0.703,0.558,0.459,0.428,0.636,0.995,0.761,0.704,0.966,0.02,0.242,0.823,0.075,0.145,0.442,0.027,0.562,0.057,0.379,0.484,0.608,0.314,0.13,0.888,0.046,0.214,0.581,0.717,0.475,0.665,0.347,0.491,0.945,0.142,0.504
0.0,0.009,0.581,0.71,0.949,0.4,0.969,0.415,0.677,0.7,0.847,0.752,0.635,0.271,0.66,0.014,0.594,0.147,0.8,0.782,0.459,0.391,0.563,0.856,0.014,0.191,0.222,0.314,0.425,0.774,0.115,0.718,0.522,0.932,0.358,0.506,0.477,0.021,0.699,0.88,0.377
0.0,0.754,0.981,0.189,0.597,0.182,0.137,0.998,0.23,0.439,0.848,0.245,0.627,0.327,0.162,0.626,0.952,0.519,0.29,0.416,0.501,0.766,0.26,0.921,0.58,0.43,0.924,0.239,0.149,0.585,0.814,0.715,0.848,0.447,0.183,0.935,0.15,0.413,0.319,0.568,0.265
0.0,0.803,0.275,0.401,0.123,0.115,0.474,0.982,0.768,0.247,0.57,0.635,0.81,0.756,0.922,0.334,0.149,0.52,0.159,0.329,0.505,0.798,0.577,0.621,0.219,0.133,0.816,0.369,0.569,0.536,0.322,0.733,0.004,0.679,0.053,0.066,0.523,0.831,0.946,0.764,0.726
0.0,0.179,0.021,0.467,0.21,0.952,0.224,0.544,0.338,0.783,0.606,0.49,0.715,0.526,0.224,0.866,0.75,0.554,0.779,0.549,0.345,0.024,0.2,0.354,0.853,0.628,0.778,0.88,0.533,0.931,0.107,0.054,0.01,0.324,0.315,0.418,0.598,0.637,0.816,0.307,0.907
1.0,0.264,0.855,0.58,0.971,0.627,0.434,0.412,0.567,0.476,0.132,0.061,0.291,0.354,0.391,0.547,0.654,0.636,0.667,0.165,0.223,0.682,0.837,0.42,0.336,0.032,0.26,0.319,0.285,0.134,0.381,0.944,0.78,0.992,0.85,0.646,0.744,0.124,0.69,0.394,0.279
0.0,0.338,0.587,0.833,0.804,0.358,0.703,0.468,0.077,0.358,0.558,0.614,0.214,0.861,0.676,0.546,0.344,0.978,0.569,0.288,0.361,0.844,0.375,0.902,0.255,0.946,0.142,0.138,0.985,0.29,0.272,0.368,0.107,0.642,0.688,0.49,0.218,0.257,0.681,0.172,0.338
0.0,0.558,0.543,0.079,0.152,0.143,0.379,0.232,0.538,0.202,0.388,0.676,0.655,0.476,0.552,0.969,0.884,0.631,0.283,0.132,0.991,0.894,0.936,0.935,0.268,0.625,0.219,0.328,0.148,0.161,0.941,0.138,0.404,0.295,0.587,0.55,0.416,0.871,0.708,0.206,0.857
1.0,0.935,0.893,0.985,0.841,0.544,0.845,0.478,0.35,0.006,0.121,0.71,0.539,0.31,0.849,0.631,0.546,0.882,0.735,0.66,0.925,0.001,0.883,0.384,0.588,0.758,0.314,0.305,0.744,0.179,0.804,0.603,0.325,0.326,0.435,0.499,0.547,0.356,0.933,0.649,0.453
1.0,0.394,0.006,0.605,0.348,0.213,0.784,0.336,0.914,0.171,0.192,0.04,0.881,0.298,0.633,0.119,0.882,0.834,0.81,0.518,0.845,0.937,0.517,0.798,0.778,0.935,0.009,0.115,0.855,0.582,0.936,0.308,0.203,0.027,0.504,0.863,0.402,0.215,0.518,0.451,0.049
0.0,0.042,0.85,0.482,0.046,0.029,0.791,0.439,0.562,0.086,0.173,0.661,0.828,0.413,0.893,0.419,0.457,0.557,0.704,0.786,0.303,0.142,0.674,0.059,0.067,0.983,0.024,0.573,0.469,0.35,0.134,0.441,0.953,0.078,0.218,0.438,0.398,0.421,0.957,0.381,0.744
0.0,0.365,0.996,0.426,0.443,0.964,0.85,0.945,0.163,0.355,0.77,0.93,0.607,0.949,0.209,0.397,0.816,0.72,0.07,0.306,0.252,0.036,0.714,0.838,0.592,0.372,0.779,0.942,0.631,0.319,0.992,0.208,0.822,0.972,0.053,0.849,0.339,0.675,0.7,0.557,0.639
0.0,0.848,0.058,0.559,0.963,0.459,0.453,0.676,0.259,0.36,0.918,0.506,0.99,0.871,0.517,0.697,0.634,0.868,0.576,0.321,0.48,0.923,0.047,0.8,0.496,0.478,0.062,0.338,0.338,0.579,0.297,0.919,0.339,0.775,0.487,0.457,0.595,0.813,0.794,0.52,0.966
1.0,0.153,0.549,0.969,0.61,0.319,0.226,0.543,0.847,0.891,0.013,0.392,0.37,0.114,0.31,0.934,0.374,0.429,0.804,0.458,0.691,0.257,0.851,0.623,0.971,0.822,0.67,0.845,0.622,0.931,0.407,0.044,0.245,0.14,0.458,0.427,0.149,0.723,0.198,0.845,0.765
1.0,0.463,0.883,0.245,0.318,0.803,0.76,0.53,0.31,0.122,0.076,0.855,0.54,0.804,0.046,0.57,0.127,0.307,0.476,0.857,0.618,0.92,0.015,0.021,0.724,0.072,0.015,0.662,0.431,0.23,0.785,0.597,0.966,0.671,0.706,0.065,0.575,0.443,0.062,0.501,0.817
1.0,0.304,0.44,0.063,0.603,0.754,0.113,0.836,0.543,0.225,0.251,0.396,0.379,0.613,0.005,0.944,0.724,0.143,0.854,0.425,0.399,0.301,0.109,0.046,0.921,0.819,0.64,0.697,0.001,0.587,0.606,0.351,0.763,0.375,0.206,0.859,0.56,0.734,0.445,0.73,0.686
0.0,0.245,0.342,0.294,0.126,0.966,0.247,0.186,0.906,0.47,0.457,0.657,0.039,0.03,0.648,0.51,0.309,0.774,0.247,0.807,0.654,0.908,0.888,0.549,0.596,0.983,0.197,0.447,0.702,0.349,0.13,0.372,0.076,0.01,0.658,0.489,0.853,0.256,0.462,0.965,0.809
1.0,0.335,0.099,0.114,0.041,0.09,0.447,0.996,0.396,0.699,0.461,0.221,0.167,0.221,0.571,0.563,0.869,0.558,0.782,0.318,0.161,0.945,0.106,0.076,0.096,0.71,0.21,0.869,0.259,0.287,0.021,0.683,0.23,0.939,0.621,0.281,0.707,0.639,0.557,0.876,0.034
1.0,0.365,0.064,0.481,0.462,0.024,0.315,0.147,0.291,0.432,0.277,0.197,0.722,0.474,0.165,0.577,0.848,0.731,0.409,0.617,0.773,0.814,0.579,0.35,0.955,0.7,0.779,0.826,0.219,0.458,0.971,0.965,0.854,0.157,0.263,0.145,0.154,0.029,0.688,0.855,0.214
1.0,0.132,0.203,0.847,0.225,0.735,0.729,0.163,0.675,0.15,0.611,0.514,0.619,0.375,0.946,0.731,0.298,0.711,0.015,0.879,0.353,0.539,0.708,0.627,0.454,0.961,0.113,0.24,0.024,0.278,0.586,0.457,0.677,0.647,0.004,0.149,0.109,0.328,0.747,0.27,0.425
0.0,0.99,0.479,0.486,0.913,0.305,0.958,0.183,0.975,0.925,0.943,0.207,0.872,0.167,0.045,0.432,0.473,0.883,0.357,0.041,0.126,0.534,0.115,0.122,0.376,0.006,0.982,0.619,0.369,0.424,0.507,0.557,0.454,0.969,0.67,0.73,0.319,0.906,0.059,0.635,0.609
1.0,0.667,0.329,0.495,0.439,0.164,0.977,0.898,0.624,0.383,0.246,0.957,0.546,0.006,0.592,0.496,0.06,0.381,0.98,0.459,0.089,0.18,0.571,0.556,0.396,0.051,0.314,0.987,0.644,0.565,0.681,0.743,0.905,0.362,0.235,0.752,0.806,0.007,0.288,0.595,0.701
0.0,0.443,0.632,0.336,0.49,0.997,0.927,0.421,0.388,0.503,0.049,0.463,0.725,0.728,0.808,0.178,0.21,0.312,0.952,0.95,0.025,0.044,0.459,0.505,0.173,0.95,0.629,0.427,0.318,0.329,0.222,0.123,0.547,0.287,0.218,0.231,0.382,0.481,0.13,0.221,0.324
0.0,0.279,0.224,0.618,0.843,0.274,0.027,0.301,0.891,0.916,0.788,0.489,0.152,0.832,0.356,0.321,0.88,0.749,0.957,0.897,0.48,0.904,0.218,0.496,0.558,0.886,0.73,0.31,0.577,0.718,0.337,0.198,0.055,0.547,0.621,0.944,0.079,0.516,0.251,0.032,0.392
0.0,0.938,0.014,0.036,0.807,0.39,0.69,0.011,0.503,0.17,0.326,0.063,0.859,0.348,0.992,0.817,0.807,0.816,0.027,0.196,0.989,0.744,0.724,0.802,0.622,0.265,0.168,0.167,0.046,0.233,0.243,0.715,0.559,0.292,0.168,0.069,0.839,0.222,0.949,0.809,0.369
1.0,0.889,0.563,0.831,0.035,0.359,0.51,0.533,0.208,0.624,0.333,0.676,0.671,0.477,0.097,0.766,0.718,0.811,0.346,0.447,0.02,0.737,0.376,0.276,0.267,0.097,0.135,0.683,0.901,0.218,0.177,0.535,0.654,0.792,0.858,0.415,0.179,0.102,0.657,0.991,0.893
0.0,0.563,0.839,0.748,0.703,0.301,0.377,0.055,0.473,0.094,0.922,0.192,0.804,0.795,0.954,0.561,0.355,0.593,0.491,0.096,0.5,0.413,0.59,0.664,0.341,0.158,0.967,0.275,0.621,0.621,0.311,0.739,0.865,0.242,0.406,0.52,0.567,0.832,0.065,0.865,0.159
0.0,0.837,0.043,0.732,0.974,0.708,0.609,0.462,0.123,0.105,0.125,0.787,0.926,0.707,0.502,0.541,0.896,0.673,0.773,0.693,0.235,0.941,0.043,0.405,0.227,0.712,0.231,0.723,0.704,0.347,0.421,0.532,0.495,0.75,0.06,0.327,0.13,0.274,0.323,0.081,0.784
0.0,0.273,0.983,0.204,0.867,0.604,0.508,0.314,0.644,0.238,0.348,0.907,0.788,0.427,0.416,0.558,0.747,0.241,0.732,0.715,0.033,0.347,0.246,0.075,0.195,0.523,0.576,0.464,0.729,0.509,0.971,0.289,0.806,0.422,0.915,0.503,0.431,0.957,0.647,0.901,0.637
1.0,0.466,0.319,0.536,0.476,0.784,0.859,0.872,0.518,0.646,0.989,0.226,0.715,0.04,0.654,0.761,0.087,0.073,0.032,0.628,0.001,0.934,0.476,0.205,0.378,0.247,0.326,0.387,0.5,0.261,0.138,0.628,0.619,0.501,0.139,0.787,0.766,0.034,0.178,0.44,0.771
0.0,0.68,0.852,0.569,0.968,0.806,0.703,0.528,0.079,0.512,0.049,0.732,0.399,0.9,0.951,0.483,0.816,0.434,0.977,0.744,0.424,0.935,0.185,0.937,0.741,0.243,0.883,0.172,0.953,0.511,0.324,0.087,0.308,0.113,0.482,0.923,0.486,0.225,0.875,0.129,0.641
1.0,0.261,0.789,0.185,0.596,0.681,0.294,0.721,0.187,0.169,0.837,0.269,0.21,0.408,0.111,0.332,0.294,0.276,0.616,0.141,0.805,0.133,0.965,0.516,0.669,0.356,0.679,0.868,0.529,0.356,0.926,0.13,0.951,0.751,0.427,0.699,0.516,0.042,0.346,0.506,0.364
0.0,0.038,0.704,0.099,0.784,0.546,0.025,0.631,0.993,0.841,0.958,0.589,0.1,0.997,0.683,0.908,0.13,0.238,0.999,0.537,0.334,0.155,0.033,0.882,0.496,0.166,0.22,0.297,0.151,0.448,0.644,0.794,0.875,0.287,0.074,0.768,0.318,0.15,0.108,0.529,0.266
1.0,0.11,0.229,0.669,0.973,0.346,0.918,0.727,0.797,0.781,0.18,0.714,0.447,0.451,0.103,0.957,0.083,0.17,0.804,0.323,0.202,0.087,0.793,0.146,0.861,0.474,0.781,0.933,0.351,0.613,0.748,0.911,0.94,0.192,0.451,0.101,0.344,0.759,0.666,0.445,0.749
0.0,0.568,0.302,0.863,0.117,0.851,0.54,0.92,0.55,0.716,0.808,0.097,0.623,0.157,0.903,0.486,0.049,0.964,0.2,0.287,0.373,0.352,0.6,0.103,0.682,0.594,0.355,0.162,0.49,0.906,0.319,0.159,0.78,0.092,0.61,0.858,0.637,0.495,0.759,0.377,0.199
0.0,0.66,0.63,0.325,0.989,0.048,0.031,0.809,0.698,0.952,0.701,0.826,0.822,0.882,0.09,0.564,0.959,0.335,0.753,0.556,0.16,0.706,0.227,0.014,0.361,0.328,0.333,0.066,0.076,0.626,0.403,0.959,0.552,0.059,0.405,0.475,0.552,0.102,0.635,0.338,0.806
0.0,0.754,0.497,0.417,0.052,0.866,0.543,0.353,0.599,0.196,0.286,0.54,0.655,0.985,0.807,0.123,0.924,0.598,0.315,0.147,0.382,0.679,0.698,0.536,0.945,0.73,0.286,0.832,0.886,0.608,0.728,0.978,0.383,0.539,0.797,0.822,0.626,0.188,0.976,0.657,0.833
0.0,0.354,0.003,0.196,0.052,0.977,0.332,0.927,0.893,0.571,0.587,0.487,0.746,0.548,0.133,0.25,0.006,0.069,0.446,0.696,0.226,0.032,0.768,0.432,0.327,0.967,0.684,0.264,0.514,0.202,0.044,0.22,0.906,0.854,0.685,0.715,0.384,0.156,0.417,0.605,0.729
0.0,0.843,0.962,0.617,0.631,0.159,0.308,0.977,0.89,0.212,0.929,0.262,0.257,0.751,0.392,0.381,0.652,0.279,0.396,0.01,0.724,0.186,0.834,0.843,0.222,0.281,0.72,0.611,0.292,0.806,0.557,0.111,0.477,0.608,0.385,0.151,0.16,0.977,0.423,0.221,0.262
0.0,0.72,0.989,0.737,0.3,0.707,0.92,0.77,0.257,0.646,0.648,0.426,0.054,0.303,0.866,0.733,0.94,0.212,0.349,0.161,0.614,0.041,0.961,0.972,0.994,0.42,0.907,0.781,0.383,0.439,0.458,0.561,0.132,0.012,0.252,0.628,0.8,0.822,0.134,0.947,0.317
1.0,0.238,0.068,0.877,0.79,0.787,0.279,0.254,0.246,0.557,0.556,0.583,0.212,0.849,0.212,0.092,0.986,0.066,0.417,0.203,0.878,0.186,0.507,0.152,0.301,0.569,0.423,0.313,0.606,0.533,0.014,0.942,0.431,0.164,0.256,0.151,0.705,0.049,0.543,0.502,0.784
1.0,0.846,0.655,0.747,0.092,0.321,0.882,0.896,0.371,0.693,0.066,0.58,0.613,0.131,0.417,0.696,0.967,0.714,0.955,0.569,0.912,0.811,0.767,0.49,0.929,0.656,0.038,0.118,0.54,0.223,0.66,0.875,0.073,0.434,0.245,0.928,0.031,0.61,1.0,0.435,0.177
0.0,0.671,0.255,0.701,0.351,0.799,0.467,0.377,0.306,0.148,0.994,0.998,0.378,0.966,0.693,0.716,0.409,0.289,0.474,0.364,0.036,0.295,0.448,0.891,0.698,0.394,0.536,0.149,0.748,0.488,0.619,0.359,0.556,0.547,0.176,0.391,0.051,0.634,0.984,0.508,0.024
0.0,0.63,0.911,0.68,0.969,0.658,0.088,0.149,0.745,0.634,0.318,0.704,0.984,0.872,0.224,0.292,0.45,0.484,0.721,0.586,0.826,0.792,0.32,0.942,0.799,0.586,0.829,0.895,0.171,0.442,0.6,0.069,0.255,0.417,0.968,0.27,0.508,0.489,0.599,0.912,0.148
1.0,0.816,0.002,0.056,0.197,0.527,0.916,0.051,0.494,0.078,0.997,0.692,0.073,0.265,0.992,0.152,0.509,0.64,0.87,0.411,0.957,0.835,0.413,0.229,0.049,0.311,0.78,0.206,0.051,0.217,0.363,0.058,0.473,0.224,0.463,0.091,0.363,0.96,0.157,0.551,0.372
0.0,0.95,0.87,0.001,0.515,0.196,0.515,0.328,0.787,0.52,0.469,0.318,0.19,0.313,0.317,0.742,0.544,0.543,0.289,0.919,0.106,0.378,0.218,0.901,0.36,0.639,0.3,0.776,0.075,0.302,0.608,0.964,0.867,0.38,0.029,0.292,0.268,0.598,0.221,0.162,0.25
1.0,0.652,0.306,0.903,0.03,0.226,0.833,0.482,0.527,0.086,0.672,0.633,0.373,0.855,0.184,0.657,0.332,0.008,0.333,0.152,0.615,0.662,0.378,0.447,0.458,0.273,0.321,0.127,0.731,0.435,0.811,0.182,0.855,0.525,0.434,0.951,0.913,0.236,0.677,0.155,0.364
1.0,0.212,0.688,0.213,0.667,0.746,0.265,0.985,0.164,0.709,0.376,0.504,0.756,0.76,0.241,0.562,0.634,0.656,0.894,0.633,0.614,0.16,0.057,0.15,0.438,0.245,0.796,0.68,0.066,0.733,0.448,0.545,0.54,0.391,0.472,0.377,0.247,0.323,0.073,0.839,0.853
0.0,0.668,0.676,0.633,0.872,0.946,0.589,0.859,0.986,0.63,0.692,0.784,0.993,0.762,0.043,0.848,0.474,0.911,0.752,0.859,0.567,0.76,0.083,0.483,0.355,0.41,0.223,0.748,0.544,0.839,0.847,0.532,0.686,0.79,0.579,0.084,0.822,0.442,0.412,0.25,0.088
1.0,0.506,0.484,0.541,0.564,0.504,0.72,0.177,0.867,0.282,0.143,0.42,0.429,0.85,0.403,0.985,0.228,0.94,0.445,0.179,0.907,0.18,0.384,0.487,0.05,0.071,0.883,0.65,0.256,0.484,0.715,0.559,0.976,0.682,0.02,0.85,0.923,0.832,0.025,0.92,0.372
1.0,0.368,0.327,0.185,0.279,0.183,0.448,0.593,0.75,0.455,0.796,0.568,0.928,0.158,0.349,0.249,0.224,0.32,0.52,0.787,0.657,0.706,0.416,0.227,0.042,0.079,0.615,0.742,0.138,0.637,0.898,0.831,0.707,0.144,0.075,0.866,0.87,0.575,0.108,0.294,0.588
1.0,0.42,0.207,0.653,0.007,0.089,0.457,0.35,0.412,0.575,0.028,0.075,0.541,0.487,0.429,0.368,0.944,0.478,0.636,0.928,0.305,0.491,0.164,0.303,0.697,0.464,0.648,0.366,0.125,0.419,0.797,0.844,0.354,0.4,0.164,0.227,0.878,0.185,0.038,0.734,0.097
1.0,0.083,0.626,0.704,0.696,0.509,0.56,0.695,0.582,0.672,0.814,0.922,0.011,0.848,0.385,0.762,0.54,0.12,0.178,0.767,0.889,0.922,0.769,0.281,0.523,0.841,0.917,0.665,0.999,0.789,0.148,0.075,0.691,0.913,0.171,0.335,0.542,0.975,0.822,0.201,0.096
0.0,0.998,0.749,0.702,0.092,0.613,0.268,0.068,0.035,0.141,0.577,0.657,0.135,0.91,0.446,0.122,0.652,0.717,0.44,0.481,0.671,0.433,0.955,0.965,0.629,0.522,0.334,0.774,0.699,0.782,0.204,0.994,0.114,0.278,0.102,0.317,0.505,0.905,0.51,0.858,0.887
1.0,0.628,0.221,0.136,0.997,0.146,0.024,0.494,0.949,0.649,0.458,0.817,0.626,0.233,0.064,0.559,0.829,0.517,0.574,0.586,0.47,0.877,0.819,0.522,0.418,0.876,0.114,0.76,0.09,0.164,0.271,0.596,0.764,0.333,0.629,0.987,0.233,0.017,0.927,0.213,0.508
0.0,0.395,0.748,0.025,0.655,0.368,0.669,0.617,0.561,0.84,0.343,0.508,0.918,0.599,0.825,0.047,0.88,0.35,0.038,0.577,0.098,0.55,0.972,0.576,0.188,0.99,0.743,0.263,0.514,0.519,0.979,0.071,0.687,0.852,0.386,0.255,0.296,0.671,0.435,0.686,0.959
0.0,0.998,0.465,0.729,0.18,0.293,0.825,0.303,0.464,0.94,0.953,0.733,0.063,0.536,0.112,0.377,0.826,0.763,0.259,0.417,0.864,0.37,0.184,0.19,0.957,0.826,0.914,0.001,0.808,0.314,0.339,0.15,0.702,0.086,0.649,0.297,0.909,0.788,0.157,0.976,0.843
0.0,0.427,0.326,0.292,0.541,0.763,0.146,0.21,0.934,0.987,0.394,0.465,0.84,0.04,0.413,0.071,0.934,0.787,0.767,0.943,0.869,0.363,0.056,0.07,0.544,0.605,0.803,0.206,0.19,0.909,0.907,0.915,0.586,0.59,0.19,0.98,0.937,0.331,0.588,0.119,0.464
1.0,0.323,0.923,0.954,0.159,0.707,0.761,0.639,0.54,0.427,0.104,0.435,0.514,0.96,0.883,0.192,0.628,0.696,0.601,0.542,0.486,0.895,0.419,0.203,0.344,0.196,0.154,0.267,0.851,0.897,0.077,0.321,0.114,0.125,0.302,0.144,0.126,0.928,0.515,0.666,0.196
1.0,0.769,0.758,0.387,0.591,0.703,0.936,0.399,0.745,0.967,0.637,0.66,0.662,0.526,0.455,0.196,0.617,0.679,0.866,0.281,0.492,0.617,0.087,0.09,0.36,0.051,0.346,0.426,0.561,0.969,0.153,0.971,0.841,0.651,0.037,0.542,0.215,0.062,0.438,0.242,0.561
0.0,0.682,0.039,0.922,0.728,0.858,0.359,0.472,0.388,0.801,0.451,0.61,0.115,0.489,0.576,0.843,0.066,0.779,0.87,0.153,0.199,0.565,0.54,0.995,0.773,0.481,0.462,0.07,0.041,0.782,0.996,0.744,0.767,0.758,0.833,0.289,0.164,0.252,0.104,0.756,0.911
0.0,0.75,0.97,0.063,0.381,0.073,0.778,0.074,0.494,0.361,0.865,0.457,0.224,0.992,0.097,0.48,0.915,0.74,0.957,0.356,0.791,0.626,0.048,0.606,0.28,0.739,0.466,0.242,0.644,0.064,0.146,0.226,0.689,0.28,0.567,0.253,0.835,0.967,0.817,0.837,0.104
1.0,0.088,0.636,0.52,0.398,0.276,0.171,0.974,0.794,0.502,0.981,0.446,0.448,0.8,0.698,0.383,0.494,0.954,0.663,0.639,0.791,0.343,0.708,0.565,0.242,0.614,0.87,0.508,0.31,0.104,0.557,0.495,0.712,0.085,0.149,0.366,0.912,0.201,0.415,0.526,0.196
0.0,0.726,0.626,0.926,0.811,0.857,0.497,0.077,0.422,0.232,0.829,0.271,0.411,0.572,0.226,0.858,0.994,0.368,0.262,0.651,0.509,0.641,0.196,0.103,0.396,0.883,0.736,0.239,0.047,0.899,0.326,0.672,0.18,0.486,0.015,0.948,0.192,0.398,0.481,0.18,0.429
1.0,0.781,0.205,0.621,0.453,0.114,0.441,0.727,0.535,0.806,0.684,0.992,0.074,0.594,0.219,0.231,0.345,0.996,0.771,0.759,0.354,0.827,0.641,0.143,0.492,0.936,0.177,0.378,0.995,0.556,0.399,0.872,0.828,0.815,0.216,0.186,0.45,0.474,0.89,0.554,0.729
0.0,0.027,0.82,0.185,0.675,0.25,0.612,0.248,0.592,0.053,0.462,0.879,0.613,0.199,0.568,0.292,0.775,0.51,0.008,0.235,0.928,0.859,0.568,0.792,0.922,0.975,0.185,0.669,0.8,0.884,0.735,0.503,0.535,0.013,0.852,0.75,0.658,0.08,0.842,0.412,0.46
1.0,0.305,0.584,0.602,0.548,0.192,0.562,0.025,0.999,0.516,0.289,0.132,0.102,0.231,0.036,0.197,0.363,0.975,0.603,0.324,0.803,0.287,0.884,0.575,0.752,0.434,0.091,0.275,0.225,0.359,0.011,0.366,0.02,0.668,0.69,0.652,0.374,0.253,0.044,0.698,0.499
1.0,0.826,0.974,0.106,0.289,0.051,0.373,0.776,0.421,0.553,0.597,0.113,0.12,0.264,0.009,0.473,0.158,0.295,0.303,0.664,0.688,0.282,0.876,0.133,0.125,0.734,0.698,0.485,0.061,0.99,0.827,0.225,0.16,0.295,0.56,0.71,0.04,0.715,0.801,0.597,0.361
1.0,0.375,0.099,0.742,0.413,0.052,0.223,0.861,0.074,0.595,0.441,0.061,0.241,0.627,0.472,0.487,0.117,0.677,0.578,0.983,0.605,0.271,0.738,0.51,0.064,0.253,0.883,0.089,0.284,0.573,0.051,0.428,0.612,0.079,0.823,0.462,0.557,0.397,0.983,0.168,0.507
1.0,0.33,0.909,0.808,0.218,0.637,0.918,0.997,0.565,0.283,0.311,0.415,0.357,0.889,0.785,0.157,0.766,0.572,0.6,0.599,0.873,0.14,0.547,0.488,0.989,0.164,0.619,0.517,0.971,0.024,0.992,0.705,0.259,0.75,0.069,0.378,0.438,0.814,0.04,0.459,0.25
1.0,0.518,0.318,0.463,0.225,0.569,0.49,0.656,0.217,0.361,0.992,0.285,0.007,0.705,0.042,0.909,0.352,0.132,0.554,0.407,0.896,0.971,0.359,0.206,0.584,0.016,0.301,0.245,0.147,0.915,0.58,0.77,0.959,0.516,0.101,0.961,0.193,0.011,0.948,0.335,0.434
1.0,0.018,0.054,0.807,0.791,0.265,0.877,0.943,0.201,0.613,0.16,0.436,0.544,0.207,0.811,0.254,0.296,0.844,0.412,0.601,0.358,0.301,0.423,0.079,0.234,0.77,0.779,0.164,0.32,0.82,0.365,0.49,0.408,0.464,0.976,0.76,0.33,0.941,0.129,0.452,0.879
1.0,0.384,0.898,0.286,0.741,0.66,0.372,0.82,0.073,0.245,0.107,0.931,0.203,0.892,0.173,0.751,0.927,0.419,0.956,0.213,0.499,0.531,0.22,0.619,0.143,0.636,0.816,0.603,0.553,0.031,0.962,0.352,0.767,0.548,0.538,0.937,0.343,0.287,0.455,0.939,0.121
0.0,0.504,0.992,0.104,0.78,0.609,0.491,0.104,0.769,0.737,0.21,0.952,0.979,0.532,0.13,0.025,0.1,0.258,0.115,0.602,0.047,0.522,0.997,0.571,0.956,0.702,0.63,0.543,0.515,0.822,0.173,0.904,0.463,0.503,0.809,0.695,0.745,0.264,0.874,0.645,0.561
0.0,0.967,0.834,0.902,0.855,0.868,0.559,0.375,0.243,0.201,0.425,0.894,0.224,0.0,0.472,0.946,0.883,0.323,0.581,0.2,0.912,0.804,0.674,0.821,0.879,0.762,0.534,0.548,0.676,0.451,0.885,0.772,0.617,0.529,0.116,0.674,0.899,0.377,0.256,0.202,0.875
0.0,0.462,0.382,0.745,0.73,0.371,0.852,0.294,0.836,0.07,0.133,0.247,0.922,0.736,0.87,0.86,0.461,0.983,0.498,0.641,0.754,0.615,0.229,0.021,0.383,0.836,0.053,0.076,0.734,0.234,0.146,0.34,0.619,0.899,0.663,0.518,0.892,0.569,0.78,0.275,0.514
1.0,0.597,0.662,0.162,0.419,0.57,0.582,0.457,0.333,0.5,0.87,0.444,0.637,0.183,0.607,0.139,0.008,0.183,0.109,0.995,0.381,0.015,0.676,0.279,0.844,0.602,0.06,0.532,0.891,0.366,0.459,0.589,0.097,0.204,0.607,0.277,0.589,0.362,0.31,0.558,0.743
1.0,0.552,0.447,0.966,0.599,0.117,0.615,0.121,0.383,0.559,0.779,0.056,0.11,0.479,0.925,0.691,0.179,0.583,0.938,0.526,0.3,0.059,0.673,0.447,0.513,0.335,0.126,0.938,0.249,0.627,0.298,0.071,0.328,0.168,0.594,0.519,0.948,0.392,0.095,0.903,0.357
1.0,0.023,0.284,0.9,0.466,0.761,0.905,0.285,0.789,0.386,0.484,0.304,0.136,0.535,0.729,0.543,0.99,0.28,0.824,0.257,0.519,0.746,0.897,0.349,0.904,0.282,0.261,0.025,0.311,0.19,0.972,0.77,0.978,0.994,0.149,0.617,0.048,0.592,0.81,0.706,0.234
1.0,0.6,0.218,0.446,0.133,0.38,0.586,0.106,0.455,0.689,0.143,0.432,0.294,0.932,0.212,0.778,0.243,0.426,0.445,0.11,0.824,0.385,0.13,0.615,0.532,0.93,0.382,0.069,0.472,0.29,0.51,0.758,0.159,0.313,0.487,0.164,0.704,0.185,0.432,0.475,0.569
1.0,0.13,0.64,0.93,0.684,0.806,0.719,0.804,0.501,0.338,0.426,0.262,0.477,0.552,0.724,0.163,0.033,0.664,0.959,0.012,0.321,0.37,0.563,0.627,0.876,0.909,0.661,0.701,0.203,0.685,0.974,0.532,0.314,0.323,0.729,0.744,0.502,0.694,0.409,0.584,0.206
1.0,0.203,0.579,0.892,0.826,0.88,0.609,0.657,0.247,0.316,0.432,0.223,0.598,0.227,0.386,0.434,0.417,0.318,0.503,0.491,0.862,0.11,0.947,0.645,0.673,0.894,0.693,0.445,0.873,0.672,0.794,0.25,0.153,0.49,0.63,0.223,0.052,0.818,0.979,0.31,0.071
0.0,0.243,0.241,0.848,0.203,0.925,0.397,0.558,0.702,0.143,0.114,0.048,0.557,0.512,0.771,0.717,0.594,0.38,0.56,0.07,0.787,0.402,0.936,0.393,0.606,0.978,0.847,0.153,0.661,0.469,0.011,0.242,0.241,0.928,0.554,0.307,0.174,0.139,0.222,0.293,0.277
0.0,0.719,0.155,0.903,0.795,0.783,0.43,0.711,0.061,0.444,0.202,0.661,0.21,0.009,0.334,0.599,0.139,0.008,0.652,0.604,0.171,0.657,0.231,0.818,0.247,0.331,0.95,0.194,0.875,0.655,0.374,0.553,0.867,0.929,0.718,0.29,0.214,0.405,0.072,0.426,0.95
1.0,0.328,0.62,0.329,0.153,0.477,0.294,0.875,0.659,0.35,0.258,0.545,0.26,0.999,0.463,0.94,0.223,0.963,0.932,0.563,0.388,0.946,0.04,0.209,0.845,0.034,0.628,0.562,0.049,0.241,0.218,0.207,0.707,0.047,0.105,0.289,0.51,0.498,0.293,0.887,0.365
1.0,0.188,0.792,0.744,0.939,0.151,0.147,0.365,0.432,0.684,0.674,0.428,0.026,0.873,0.24,0.404,0.803,0.281,0.614,0.744,0.774,0.309,0.511,0.199,0.61,0.255,0.158,0.848,0.76,0.346,0.295,0.985,0.188,0.099,0.576,0.454,0.805,0.857,0.586,0.15,0.954
1.0,0.555,0.128,0.737,0.896,0.183,0.026,0.019,0.229,0.407,0.671,0.872,0.438,0.025,0.986,0.626,0.696,0.188,0.375,0.627,0.063,0.824,0.324,0.327,0.182,0.126,0.517,0.793,0.906,0.167,0.705,0.798,0.667,0.551,0.529,0.574,0.489,0.002,0.059,0.737,0.061
0.0,0.775,0.219,0.495,0.087,0.772,0.869,0.077,0.021,0.678,0.081,0.769,0.307,0.321,0.958,0.409,0.628,0.901,0.399,0.393,0.139,0.9,0.524,0.836,0.841,0.157,0.763,0.52,0.638,0.302,0.562,0.3,0.564,0.89,0.676,0.809,0.91,0.849,0.35,0.8,0.754
1.0,0.344,0.506,0.648,0.666,0.557,0.102,0.562,0.527,0.119,0.333,0.14,0.109,0.216,0.049,0.628,0.835,0.827,0.508,0.808,0.788,0.186,0.632,0.611,0.392,0.899,0.545,0.964,0.93,0.235,0.877,0.749,0.644,0.251,0.093,0.708,0.032,0.744,0.777,0.908,0.261
0.0,0.041,0.378,0.08,0.181,0.026,0.765,0.425,0.491,0.847,0.319,0.701,0.331,0.055,0.908,0.045,0.982,0.851,0.983,0.018,0.607,0.416,0.056,0.997,0.614,0.164,0.783,0.048,0.724,0.124,0.889,0.302,0.197,0.594,0.32,0.4,0.665,0.675,0.998,0.3,0.01
1.0,0.289,0.747,0.96,0.165,0.208,0.113,0.442,0.524,0.318,0.813,0.09,0.227,0.055,0.4,0.571,0.169,0.215,0.672,0.352,0.978,0.542,0.474,0.547,0.099,0.112,0.638,0.305,0.337,0.255,0.005,0.128,0.027,0.334,0.651,0.907,0.306,0.261,0.403,0.075,0.556
0.0,0.702,0.423,0.458,0.54,0.622,0.612,0.156,0.82,0.44,0.733,0.31,0.604,0.295,0.92,0.333,0.943,0.939,0.299,0.919,0.581,0.205,0.981,0.982,0.719,0.15,0.176,0.49,0.931,0.7,0.998,0.86,0.528,0.606,0.103,0.454,0.352,0.727,0.231,0.496,0.264
1.0,0.147,0.246,0.291,0.52,0.354,0.355,0.682,0.372,0.254,0.812,0.341,0.446,0.966,0.457,0.53,0.096,0.216,0.729,0.058,0.781,0.954,0.289,0.507,0.679,0.372,0.075,0.311,0.261,0.811,0.563,0.909,0.538,0.251,0.152,0.554,0.226,0.01,0.098,0.287,0.723
0.0,0.522,0.099,0.763,0.123,0.95,0.077,0.404,0.98,0.62,0.281,0.734,0.746,0.411,0.12,0.602,0.146,0.308,0.033,0.798,0.916,0.159,0.842,0.461,0.094,0.914,0.685,0.673,0.978,0.271,0.825,0.936,0.107,0.844,0.494,0.638,0.798,0.183,0.077,0.544,0.47
1.0,0.357,0.851,0.649,0.002,0.788,0.341,0.222,0.205,0.48,0.576,0.57,0.141,0.285,0.154,0.938,0.398,0.615,0.321,0.782,0.43,0.266,0.907,0.544,0.318,0.84,0.167,0.53,0.405,0.361,0.565,0.327,0.189,0.934,0.389,0.662,0.365,0.014,0.265,0.602,0.665
0.0,0.526,0.026,0.163,0.873,0.654,0.164,0.527,0.27,0.184,0.356,0.979,0.532,0.607,0.511,0.215,0.056,0.429,0.643,0.539,0.814,0.353,0.712,0.025,0.118,0.445,0.432,0.866,0.36,0.837,0.536,0.369,0.624,0.377,0.584,0.54,0.721,0.413,0.131,0.394,0.491
1.0,0.59,0.527,0.018,0.124,0.227,0.52,0.322,0.686,0.059,0.06,0.781,0.539,0.241,0.528,0.94,0.105,0.808,0.443,0.845,0.896,0.418,0.262,0.251,0.076,0.822,0.447,0.161,0.791,0.082,0.806,0.389,0.935,0.076,0.443,0.714,0.555,0.413,0.633,0.502,0.797
0.0,0.641,0.986,0.363,0.134,0.867,0.287,0.253,0.293,0.697,0.06,0.344,0.493,0.533,0.444,0.99,0.964,0.199,0.7,0.273,0.423,0.437,0.321,0.174,0.852,0.439,0.935,0.758,0.344,0.912,0.497,0.289,0.844,0.438,0.761,0.952,0.797,0.724,0.093,0.847,0.128
1.0,0.514,0.06,0.059,0.628,0.73,0.52,0.2,0.605,0.643,0.122,0.313,0.609,0.457,0.494,0.963,0.259,0.492,0.773,0.438,0.046,0.832,0.196,0.612,0.974,0.633,0.795,0.739,0.168,0.442,0.956,0.999,0.923,0.699,0.816,0.862,0.343,0.497,0.104,0.541,0.025
1.0,0.834,0.182,0.232,0.786,0.2,0.938,0.477,0.574,0.163,0.99,0.418,0.538,0.542,0.528,0.368,0.039,0.887,0.532,0.035,0.376,0.02,0.444,0.723,0.458,0.923,0.056,0.897,0.234,0.679,0.603,0.994,0.947,0.506,0.619,0.318,0.633,0.303,0.72,0.757,0.748
1.0,0.254,0.631,0.664,0.144,0.101,0.925,0.432,0.088,0.992,0.76,0.909,0.388,0.152,0.197,0.262,0.585,0.896,0.639,0.434,0.324,0.475,0.87,0.407,0.102,0.368,0.793,0.634,0.626,0.501,0.045,0.48,0.864,0.83,0.782,0.345,0.08,0.54,0.152,0.456,0.683
1.0,0.86,0.034,0.596,0.727,0.735,0.308,0.086,0.46,0.373,0.602,0.362,0.753,0.444,0.647,0.978,0.914,0.533,0.845,0.453,0.955,0.947,0.307,0.152,0.471,0.083,0.477,0.777,0.137,0.871,0.665,0.577,0.028,0.253,0.432,0.407,0.157,0.332,0.491,0.059,0.815
1.0,0.461,0.009,0.246,0.54,0.296,0.829,0.697,0.519,0.577,0.591,0.585,0.427,0.009,0.51,0.352,0.151,0.099,0.697,0.796,0.582,0.613,0.306,0.525,0.483,0.774,0.259,0.347,0.057,0.403,0.453,0.508,0.601,0.54,0.08,0.177,0.589,0.285,0.262,0.072,0.816
1.0,0.629,0.484,0.686,0.002,0.547,0.338,0.644,0.933,0.631,0.793,0.305,0.955,0.942,0.624,0.116,0.679,0.152,0.59,0.431,0.728,0.523,0.154,0.043,0.742,0.624,0.912,0.188,0.818,0.721,0.368,0.198,0.34,0.115,0.785,0.289,0.599,0.648,0.912,0.347,0.877
1.0,0.259,0.91,0.568,0.191,0.383,0.048,0.177,0.241,0.453,0.925,0.332,0.367,0.404,0.361,0.965,0.833,0.122,0.8,0.576,0.113,0.293,0.183,0.549,0.441,0.782,0.926,0.251,0.624,0.739,0.389,0.476,0.864,0.929,0.878,0.873,0.438,0.535,0.797,0.796,0.752
0.0,0.275,0.041,0.968,0.389,0.177,0.759,0.812,0.149,0.218,0.523,0.47,0.168,0.874,0.364,0.225,0.138,0.181,0.384,0.738,0.97,0.153,0.029,0.858,0.87,0.534,0.038,0.059,0.502,0.822,0.119,0.718,0.148,0.389,0.475,0.737,0.471,0.677,0.718,0.596,0.486
1.0,0.15,0.431,0.737,0.464,0.93,0.547,0.481,0.318,0.576,0.971,0.633,0.279,0.095,0.072,0.566,0.174,0.253,0.333,0.343,0.029,0.705,0.248,0.446,0.565,0.6,0.188,0.753,0.755,0.513,0.303,0.654,0.042,0.818,0.492,0.207,0.114,0.679,0.187,0.486,0.974
0.0,0.491,0.679,0.946,0.634,0.743,0.743,0.907,0.449,0.519,0.445,0.499,0.801,0.592,0.18,0.717,0.316,0.208,0.266,0.008,0.697,0.402,0.05,0.037,0.401,0.266,0.239,0.873,0.158,0.015,0.241,0.584,0.364,0.37,0.884,0.178,0.973,0.278,0.951,0.101,0.272
1.0,0.426,0.76,0.774,0.79,0.643,0.029,0.237,0.084,0.304,0.16,0.105,0.772,0.528,0.947,0.351,0.621,0.669,0.922,0.364,0.8,0.725,0.243,0.674,0.541,0.741,0.386,0.774,0.227,0.2,0.228,0.032,0.518,0.769,0.109,0.338,0.219,0.444,0.996,0.524,0.677
1.0,0.776,0.178,0.139,0.801,0.776,0.842,0.009,0.05,0.322,0.386,0.173,0.222,0.024,0.598,0.154,0.384,0.304,0.447,0.27,0.873,0.539,0.593,0.36,0.584,0.834,0.406,0.85,0.177,0.978,0.225,0.976,0.225,0.288,0.233,0.088,0.635,0.25,0.346,0.054,0.471
0.0,0.966,0.671,0.665,0.767,0.283,0.931,0.319,0.01,0.853,0.687,0.501,0.346,0.039,0.137,0.479,0.621,0.552,0.195,0.508,0.947,0.361,0.979,0.845,0.542,0.399,0.323,0.541,0.139,0.703,0.468,0.857,0.059,0.838,0.069,0.059,0.288,0.824,0.252,0.535,0.933
0.0,0.448,0.614,0.351,0.136,0.576,0.981,0.132,0.71,0.875,0.5,0.238,0.537,0.208,0.704,0.723,0.095,0.193,0.785,0.077,0.458,0.331,0.384,0.117,0.891,0.887,0.399,0.613,0.713,0.434,0.861,0.259,0.85,0.319,0.85,0.272,0.083,0.679,0.517,0.476,0.432
0.0,0.107,0.616,0.882,0.701,0.2,0.358,0.017,0.822,0.108,0.987,0.71,0.699,0.451,0.654,0.663,0.877,0.722,0.958,0.221,0.048,0.989,0.096,0.873,0.389,0.554,0.375,0.496,0.188,0.459,0.325,0.811,0.296,0.16,0.27,0.862,0.897,0.545,0.535,0.791,0.597
0.0,0.586,0.847,0.2,0.239,0.811,0.668,0.709,0.92,0.04,0.8,0.806,0.154,0.318,0.227,0.13,0.821,0.203,0.068,0.398,0.731,0.584,0.492,0.792,0.138,0.819,0.178,0.767,0.823,0.547,0.394,0.378,0.242,0.489,0.952,0.693,0.71,0.348,0.068,0.471,0.718
0.0,0.065,0.32,0.589,0.657,0.933,0.816,0.357,0.911,0.794,0.174,0.149,0.519,0.882,0.442,0.189,0.507,0.765,0.182,0.699,0.482,0.122,0.176,0.819,0.795,0.852,0.521,0.111,0.339,0.762,0.308,0.759,0.657,0.526,0.491,0.012,0.448,0.424,0.478,0.755,0.331
1.0,0.582,0.563,0.476,0.201,0.516,0.054,0.438,0.177,0.016,0.205,0.695,0.365,0.861,0.846,0.73,0.277,0.323,0.897,0.213,0.053,0.659,0.307,0.242,0.422,0.586,0.778,0.112,0.548,0.795,0.023,0.488,0.638,0.289,0.52,0.45,0.661,0.472,0.152,0.731,0.579
1.0,0.039,0.914,0.048,0.23,0.579,0.499,0.139,0.157,0.045,0.491,0.8,0.251,0.3,0.26,0.961,0.012,0.731,0.243,0.819,0.421,0.965,0.189,0.011,0.893,0.816,0.328,0.378,0.41,0.417,0.084,0.483,0.108,0.187,0.753,0.63,0.3,0.077,0.046,0.809,0.254
0.0,0.957,0.745,0.739,0.227,0.575,0.955,0.644,0.253,0.28,0.162,0.28,0.998,0.38,0.852,0.126,0.163,0.529,0.949,0.866,0.778,0.252,0.302,0.457,0.741,0.87,0.355,0.165,0.009,0.447,0.917,0.053,0.968,0.639,0.285,0.634,0.728,0.168,0.794,0.729,0.027
1.0,0.71,0.75,0.692,0.706,0.11,0.338,0.558,0.534,0.315,0.758,0.088,0.042,0.884,0.113,0.341,0.921,0.257,0.286,0.079,0.26,0.263,0.759,0.135,0.386,0.318,0.431,0.49,0.003,0.524,0.176,0.526,0.414,0.318,0.429,0.386,0.164,0.234,0.734,0.096,0.618
0.0,0.426,0.049,0.597,0.723,0.733,0.755,0.548,0.671,0.695,0.857,0.946,0.453,0.176,0.167,0.314,0.438,0.447,0.051,0.122,0.696,0.986,0.647,0.834,0.83,0.763,0.21,0.943,0.793,0.112,0.725,0.253,0.257,0.717,0.369,0.263,0.0,0.237,0.187,0.587,0.377
1.0,0.648,0.433,0.337,0.183,0.365,0.881,0.11,0.045,0.587,0.689,0.299,0.156,0.327,0.749,0.287,0.327,0.918,0.995,0.971,0.446,0.128,0.526,0.538,0.92,0.357,0.962,0.897,0.254,0.253,0.974,0.899,0.026,0.201,0.764,0.503,0.053,0.825,0.495,0.748,0.29
1.0,0.664,0.229,0.723,0.961,0.413,0.35,0.796,0.62,0.741,0.904,0.55,0.399,0.864,0.992,0.242,0.986,0.403,0.091,0.863,0.897,0.075,0.906,0.853,0.345,0.959,0.876,0.953,0.471,0.214,0.322,0.884,0.491,0.418,0.791,0.494,0.237,0.93,0.586,0.242,0.091
0.0,0.867,0.609,0.012,0.014,0.271,0.522,0.66,0.822,0.024,0.766,0.958,0.774,0.468,0.364,0.803,0.752,0.251,0.272,0.016,0.565,0.542,0.587,0.069,0.971,0.959,0.218,0.069,0.997,0.891,0.17,0.311,0.833,0.623,0.434,0.684,0.585,0.791,0.601,0.443,0.012
1.0,0.902,0.876,0.34,0.356,0.567,0.466,0.151,0.078,0.009,0.541,0.767,0.34,0.173,0.851,0.738,0.206,0.495,0.127,0.812,0.581,0.225,0.895,0.014,0.714,0.338,0.185,0.868,0.791,0.57,0.732,0.957,0.079,0.209,0.933,0.555,0.907,0.64,0.989,0.066,0.728
0.0,0.767,0.91,0.979,0.146,0.271,0.17,0.515,0.637,0.613,0.642,0.903,0.411,0.531,0.771,0.905,0.647,0.585,0.882,0.824,0.379,0.134,0.45,0.944,0.659,0.619,0.828,0.012,0.392,0.319,0.551,0.24,0.275,0.334,0.709,0.315,0.964,0.362,0.031,0.886,0.332
0.0,0.649,0.234,0.03,0.358,0.854,0.997,0.859,0.199,0.408,0.135,0.507,0.85,0.955,0.669,0.86,0.024,0.71,0.358,0.181,0.684,0.059,0.554,0.513,0.654,0.955,0.006,0.907,0.057,0.923,0.696,0.583,0.495,0.289,0.58,0.029,0.225,0.094,0.554,0.204,0.465
0.0,0.086,0.655,0.178,0.067,0.846,0.312,0.662,0.597,0.34,0.943,0.363,0.369,0.412,0.054,0.352,0.187,0.629,0.493,0.296,0.278,0.446,0.132,0.211,0.943,0.934,0.021,0.048,0.94,0.116,0.481,0.56,0.803,0.041,0.781,0.892,0.302,0.472,0.55,0.147,0.483
1.0,0.422,0.282,0.636,0.929,0.158,0.489,0.575,0.111,0.529,0.312,0.205,0.712,0.942,0.947,0.312,0.984,0.308,0.586,0.262,0.736,0.4,0.613,0.427,0.257,0.883,0.323,0.114,0.208,0.636,0.455,0.902,0.845,0.265,0.564,0.152,0.163,0.511,0.101,0.171,0.922
1.0,0.829,0.323,0.163,0.272,0.671,0.345,0.428,0.284,0.96,0.664,0.025,0.513,0.955,0.821,0.789,0.871,0.772,0.634,0.224,0.452,0.824,0.294,0.073,0.53,0.598,0.495,0.275,0.664,0.244,0.5,0.801,0.714,0.961,0.311,0.733,0.865,0.27,0.499,0.819,0.032
0.0,0.68,0.587,0.722,0.348,0.339,0.255,0.155,0.236,0.504,0.515,0.266,0.381,0.87,0.178,0.661,0.934,0.21,0.634,0.159,0.76,0.471,0.462,0.826,0.632,0.571,0.902,0.781,0.085,0.31,0.343,0.604,0.682,0.762,0.145,0.3,0.208,0.746,0.255,0.26,0.463
1.0,0.136,0.047,0.722,0.102,0.789,0.386,0.271,0.401,0.436,0.089,0.004,0.552,0.383,0.999,0.404,0.223,0.908,0.361,0.854,0.316,0.272,0.47,0.063,0.978,0.207,0.501,0.926,0.938,0.684,0.454,0.529,0.106,0.961,0.285,0.533,0.283,0.659,0.221,0.816,0.028
0.0,0.367,0.157,0.675,0.216,0.873,0.551,0.014,0.114,0.292,0.826,0.34,0.069,0.171,0.748,0.095,0.962,0.215,0.26,0.316,0.782,0.474,0.807,0.468,0.307,0.332,0.101,0.706,0.915,0.613,0.569,0.006,0.514,0.756,0.26,0.314,0.948,0.475,0.543,0.924,0.934
0.0,0.338,0.211,0.372,0.971,0.816,0.491,0.053,0.659,0.338,0.978,0.118,0.392,0.68,0.019,0.286,0.755,0.587,0.752,0.102,0.717,0.72,0.11,0.562,0.868,0.948,0.067,0.49,0.159,0.192,0.462,0.906,0.667,0.257,0.951,0.114,0.755,0.472,0.528,0.591,0.933
0.0,0.37,0.197,0.866,0.963,0.852,0.675,0.632,0.113,0.075,0.969,0.877,0.195,0.109,0.203,0.355,0.349,0.619,0.894,0.969,0.638,0.498,0.99,0.071,0.976,0.84,0.081,0.884,0.938,0.256,0.109,0.094,0.667,0.336,0.507,0.462,0.756,0.926,0.723,0.236,0.239
1.0,0.904,0.745,0.541,0.46,0.592,0.942,0.282,0.639,0.653,0.354,0.882,0.034,0.729,0.303,0.936,0.051,0.616,0.338,0.993,0.111,0.775,0.765,0.69,0.996,0.013,0.145,0.486,0.024,0.152,0.99,0.203,0.614,0.534,0.129,0.679,0.158,0.479,0.448,0.496,0.13
1.0,0.336,0.278,0.667,0.694,0.605,0.891,0.639,0.642,0.24,0.453,0.639,0.275,0.264,0.032,0.107,0.233,0.727,0.239,0.122,0.58,0.253,0.595,0.733,0.665,0.04,0.235,0.475,0.237,0.252,0.653,0.569,0.257,0.887,0.76,0.023,0.145,0.951,0.005,0.924,0.301
1.0,0.417,0.587,0.983,0.243,0.746,0.431,0.251,0.213,0.736,0.147,0.116,0.694,0.743,0.118,0.107,0.178,0.138,0.85,0.918,0.634,0.646,0.215,0.423,0.752,0.657,0.429,0.327,0.484,0.314,0.792,0.282,0.136,0.355,0.559,0.961,0.851,0.246,0.401,0.855,0.854
0.0,0.663,0.988,0.056,0.116,0.962,0.584,0.33,0.491,0.976,0.272,0.489,0.895,0.508,0.616,0.771,0.965,0.046,0.714,0.529,0.863,0.512,0.769,0.522,0.953,0.957,0.84,0.572,0.18,0.802,0.217,0.423,0.974,0.572,0.593,0.544,0.971,0.663,0.652,0.571,0.067
0.0,0.162,0.279,0.918,0.8,0.749,0.9,0.094,0.796,0.851,0.12,0.665,0.869,0.437,0.299,0.89,0.693,0.917,0.662,0.476,0.082,0.415,0.071,0.648,0.745,0.824,0.35,0.012,0.778,0.986,0.223,0.974,0.281,0.856,0.222,0.018,0.296,0.138,0.344,0.99,0.777
1.0,0.53,0.168,0.459,0.457,0.55,0.218,0.16,0.096,0.729,0.176,0.229,0.202,0.44,0.791,0.43,0.989,0.634,0.497,0.515,0.493,0.669,0.406,0.266,0.666,0.116,0.458,0.423,0.251,0.613,0.471,0.773,0.714,0.118,0.595,0.151,0.982,0.93,0.723,0.994,0.559
1.0,0.915,0.732,0.169,0.773,0.299,0.661,0.893,0.277,0.37,0.721,0.201,0.104,0.203,0.883,0.083,0.301,0.091,0.67,0.319,0.9,0.307,0.496,0.419,0.418,0.661,0.812,0.774,0.328,0.117,0.546,0.688,0.012,0.704,0.856,0.326,0.948,0.288,0.704,0.068,0.334
1.0,0.027,0.889,0.232,0.887,0.298,0.579,0.699,0.591,0.975,0.188,0.113,0.21,0.078,0.691,0.388,0.498,0.88,0.81,0.868,0.879,0.157,0.252,0.463,0.811,0.853,0.433,0.003,0.89,0.149,0.377,0.643,0.58,0.022,0.983,0.363,0.624,0.403,0.275,0.401,0.591
0.0,0.124,0.304,0.837,0.906,0.957,0.057,0.108,0.734,0.654,0.239,0.252,0.891,0.011,0.041,0.481,0.16,0.106,0.612,0.589,0.562,0.622,0.091,0.533,0.435,0.681,0.104,0.973,0.412,0.895,0.436,0.521,0.71,0.827,0.49,0.282,0.293,0.374,0.055,0.575,0.082
0.0,0.928,0.397,0.659,0.92,0.403,0.031,0.946,0.672,0.712,0.811,0.206,0.946,0.333,0.66,0.598,0.464,0.871,0.965,0.276,0.84,0.563,0.996,0.571,0.028,0.456,0.189,0.947,0.94,0.181,0.981,0.805,0.493,0.856,0.089,0.694,0.199,0.038,0.801,0.05,0.568
0.0,0.329,0.483,0.971,0.269,0.503,0.639,0.466,0.555,0.546,0.927,0.935,0.663,0.416,0.43,0.994,0.091,0.676,0.265,0.524,0.879,0.918,0.665,0.852,0.029,0.11,0.875,0.463,0.364,0.987,0.79,0.943,0.821,0.768,0.497,0.066,0.35,0.787,0.862,0.691,0.398
0.0,0.948,0.757,0.029,0.353,0.653,0.433,0.104,0.799,0.436,0.378,0.505,0.193,0.499,0.391,0.976,0.407,0.691,0.664,0.398,0.13,0.677,0.901,0.903,0.878,0.085,0.939,0.171,0.574,0.888,0.036,0.724,0.16,0.232,0.367,0.333,0.646,0.925,0.886,0.691,0.523
0.0,0.463,0.426,0.338,0.474,0.237,0.63,0.406,0.99,0.198,0.364,0.458,0.275,0.162,0.881,0.213,0.452,0.08,0.502,0.532,0.274,0.771,0.183,0.712,0.095,0.522,0.229,0.268,0.546,0.452,0.04,0.988,0.833,0.558,0.905,0.388,0.256,0.521,0.593,0.873,0.735
1.0,0.518,0.19,0.411,0.2,0.181,0.825,0.771,0.271,0.171,0.534,0.094,0.112,0.507,0.735,0.349,0.146,0.111,0.536,0.317,0.682,0.799,0.689,0.466,0.02,0.101,0.37,0.88,0.779,0.064,0.874,0.328,0.065,0.308,0.729,0.767,0.314,0.556,0.137,0.161,0.024
0.0,0.79,0.34,0.227,0.392,0.343,0.191,0.275,0.855,0.568,0.652,0.449,0.88,0.448,0.783,0.62,0.9,0.659,0.498,0.442,0.47,0.192,0.133,0.47,0.297,0.863,0.108,0.831,0.352,0.194,0.658,0.188,0.91,0.888,0.314,0.496,0.899,0.62,0.231,0.586,0.508
0.0,0.938,0.822,0.868,0.601,0.891,0.387,0.479,0.132,0.556,0.699,0.695,0.591,0.81,0.396,0.935,0.022,0.426,0.511,0.668,0.163,0.18,0.423,0.651,0.254,0.977,0.816,0.316,0.859,0.767,0.521,0.221,0.165,0.201,0.393,0.309,0.287,0.269,0.834,0.375,0.529
1.0,0.598,0.401,0.011,0.258,0.744,0.459,0.381,0.464,0.238,0.785,0.062,0.692,0.954,0.545,0.259,0.499,0.478,0.836,0.827,0.125,0.878,0.424,0.337,0.215,0.946,0.319,0.391,0.447,0.82,0.146,0.099,0.048,0.223,0.024,0.202,0.843,0.369,0.114,0.592,0.434
0.0,0.37,0.037,0.711,0.249,0.174,0.626,0.856,0.461,0.123,0.181,0.609,0.916,0.325,0.226,0.254,0.46,0.09,0.865,0.071,0.192,0.844,0.548,0.448,0.508,0.655,0.266,0.429,0.613,0.075,0.307,0.64,0.37,0.22,0.164,0.013,0.39,0.091,0.32,0.371,0.062
1.0,0.761,0.565,0.098,0.817,0.482,0.963,0.907,0.351,0.756,0.349,0.741,0.204,0.381,0.597,0.24,0.391,0.533,0.91,0.371,0.635,0.242,0.652,0.629,0.805,0.794,0.911,0.485,0.041,0.887,0.716,0.271,0.579,0.715,0.98,0.322,0.337,0.721,0.051,0.295,0.193
1.0,0.451,0.129,0.422,0.988,0.306,0.326,0.236,0.407,0.364,0.772,0.655,0.399,0.814,0.273,0.709,0.414,0.123,0.113,0.227,0.771,0.346,0.511,0.132,0.746,0.991,0.183,0.777,0.329,0.86,0.071,0.858,0.73,0.076,0.209,0.27,0.474,0.382,0.84,0.857,0.469
1.0,0.497,0.065,0.922,0.46,0.008,0.052,0.426,0.529,0.741,0.823,0.934,0.284,0.17,0.379,0.515,0.922,0.752,0.705,0.76,0.533,0.887,0.038,0.639,0.405,0.603,0.164,0.948,0.062,0.077,0.449,0.746,0.374,0.239,0.493,0.587,0.191,0.463,0.426,0.236,0.622
1.0,0.043,0.718,0.137,0.977,0.51,0.934,0.233,0.061,0.752,0.526,0.638,0.331,0.463,0.536,0.76,0.192,0.877,0.161,0.959,0.405,0.075,0.191,0.138,0.216,0.63,0.437,0.258,0.669,0.471,0.465,0.111,0.925,0.385,0.892,0.07,0.445,0.951,0.718,0.652,0.656
1.0,0.685,0.909,0.672,0.765,0.186,0.019,0.385,0.294,0.971,0.355,0.16,0.708,0.112,0.987,0.901,0.299,0.451,0.011,0.464,0.97,0.104,0.423,0.528,0.443,0.533,0.611,0.07,0.646,0.11,0.003,0.259,0.018,0.42,0.229,0.78,0.719,0.166,0.715,0.48,0.719
0.0,0.133,0.928,0.95,0.943,0.485,0.928,0.309,0.55,0.865,0.886,0.295,0.749,0.725,0.832,0.352,0.446,0.658,0.756,0.311,0.59,0.408,0.928,0.858,0.929,0.681,0.513,0.747,0.757,0.994,0.107,0.056,0.806,0.103,0.506,0.36,0.689,0.044,0.105,0.961,0.523
1.0,0.642,0.535,0.335,0.218,0.582,0.055,0.142,0.836,0.294,0.164,0.444,0.561,0.353,0.506,1.0,0.156,0.071,0.863,0.76,0.412,0.018,0.059,0.353,0.331,0.778,0.899,0.862,0.542,0.927,0.202,0.691,0.325,0.112,0.101,0.06,0.138,0.54,0.395,0.328,0.055
1.0,0.608,0.109,0.081,0.357,0.773,0.271,0.121,0.802,0.27,0.021,0.805,0.282,0.492,0.171,0.806,0.235,0.715,0.149,0.659,0.401,0.252,0.679,0.115,0.736,0.171,0.703,0.484,0.079,0.394,0.398,0.228,0.509,0.75,0.188,0.478,0.032,0.647,0.746,0.155,0.233
1.0,0.113,0.405,0.262,0.891,0.172,0.533,0.635,0.174,0.765,0.717,0.991,0.011,0.136,0.495,0.236,0.676,0.151,0.767,0.363,0.146,0.133,0.043,0.384,0.925,0.413,0.976,0.853,0.219,0.158,0.602,0.723,0.449,0.95,0.496,0.846,0.328,0.278,0.787,0.863,0.733
1.0,0.092,0.929,0.239,0.646,0.838,0.755,0.224,0.136,0.215,0.146,0.356,0.342,0.775,0.924,0.472,0.388,0.467,0.003,0.852,0.33,0.81,0.129,0.232,0.883,0.965,0.424,0.005,0.957,0.679,0.361,0.773,0.176,0.328,0.947,0.09,0.366,0.448,0.928,0.58,0.095
1.0,0.477,0.649,0.854,0.991,0.002,0.429,0.271,0.113,0.655,0.929,0.732,0.289,0.554,0.311,0.683,0.305,0.38,0.304,0.504,0.924,0.506,0.351,0.597,0.951,0.2,0.771,0.693,0.843,0.623,0.009,0.003,0.669,0.308,0.289,0.021,0.671,0.612,0.863,0.402,0.682
1.0,0.852,0.455,0.759,0.04,0.127,0.249,0.749,0.366,0.943,0.551,0.018,0.104,0.947,0.509,0.742,0.574,0.159,0.747,0.039,0.838,0.516,0.815,0.653,0.384,0.219,0.693,0.725,0.887,0.495,0.606,0.867,0.514,0.2,0.632,0.227,0.232,0.488,0.17,0.167,0.755
0.0,0.211,0.328,0.583,0.264,0.161,0.399,0.789,0.406,0.255,0.335,0.289,0.519,0.223,0.377,0.938,0.674,0.635,0.374,0.656,0.643,0.214,0.324,0.805,0.975,0.423,0.889,0.865,0.356,0.463,0.999,0.517,0.951,0.047,0.566,0.433,0.37,0.226,0.677,0.694,0.741
1.0,0.072,0.318,0.276,0.96,0.027,0.672,0.931,0.617,0.44,0.682,0.641,0.762,0.112,0.875,0.878,0.435,0.426,0.102,0.503,0.34,0.678,0.328,0.094,0.491,0.653,0.191,0.352,0.315,0.827,0.804,0.782,0.874,0.987,0.112,0.16,0.751,0.803,0.557,0.846,0.676
0.0,0.792,0.506,0.362,0.476,0.63,0.096,0.741,0.285,0.393,0.193,0.955,0.182,0.753,0.25,0.136,0.82,0.344,0.019,0.031,0.134,0.985,0.886,0.882,0.891,0.698,0.198,0.752,0.339,0.967,0.142,0.52,0.337,0.98,0.816,0.421,0.445,0.107,0.819,0.782,0.043
0.0,0.225,0.328,0.523,0.829,1.0,0.748,0.789,0.173,0.122,0.039,0.083,0.338,0.07,0.966,0.118,0.325,0.246,0.58,0.577,0.754,0.948,0.849,0.24,0.173,0.391,0.217,0.42,0.703,0.636,0.892,0.408,0.736,0.031,0.108,0.409,0.375,0.465,0.437,0.748,0.58
1.0,0.095,0.699,0.753,0.194,0.081,0.802,0.284,0.574,0.811,0.403,0.695,0.034,0.241,0.32,0.024,0.942,0.146,0.738,0.446,0.598,0.814,0.239,0.675,0.312,0.592,0.663,0.387,0.199,0.979,0.871,0.577,0.522,0.119,0.18,0.029,0.472,0.951,0.973,0.862,0.943
0.0,0.774,0.874,0.547,0.824,0.669,0.478,0.472,0.776,0.906,0.897,0.479,0.067,0.417,0.697,0.012,0.378,0.034,0.005,0.317,0.415,0.795,0.896,0.911,0.44,0.995,0.752,0.044,0.02,0.6,0.743,0.557,0.147,0.315,0.126,0.698,0.502,0.791,0.418,0.73,0.972
0.0,0.095,0.718,0.952,0.262,0.968,0.969,0.221,0.659,0.387,0.91,0.525,0.33,0.205,0.164,0.166,0.5,0.289,0.955,0.763,0.518,0.376,0.616,0.969,0.733,0.401,0.603,0.328,0.265,0.039,0.563,0.682,0.853,0.15,0.588,0.939,0.953,0.318,0.558,0.182,0.34
1.0,0.549,0.781,0.478,0.537,0.843,0.701,0.889,0.912,0.179,0.448,0.328,0.792,0.838,0.173,0.534,0.445,0.042,0.142,0.032,0.119,0.013,0.726,0.016,0.524,0.953,0.628,0.668,1.0,0.777,0.094,0.559,0.819,0.706,0.184,0.816,0.28,0.312,0.836,0.716,0.884
0.0,0.915,0.812,0.128,0.681,0.694,0.199,0.969,0.815,0.956,0.75,0.803,0.482,0.688,0.598,0.11,0.0,0.578,0.332,0.578,0.343,0.768,0.068,0.493,0.421,0.363,0.879,0.376,0.302,0.115,0.761,0.219,0.139,0.103,0.075,0.086,0.85,0.242,0.509,0.349,0.095
0.0,0.589,0.352,0.148,0.253,0.856,0.82,0.763,0.845,0.618,0.806,0.387,0.779,0.748,0.164,0.549,0.228,0.418,0.498,0.122,0.759,0.552,0.009,0.583,0.91,0.064,0.977,0.475,0.478,0.933,0.666,0.108,0.344,0.503,0.671,0.363,0.539,0.978,0.61,0.699,0.292
1.0,0.175,0.677,0.046,0.997,0.98,0.307,0.138,0.76,0.902,0.427,0.685,0.339,0.753,0.824,0.636,0.847,0.801,0.403,0.318,0.856,0.182,0.471,0.083,0.833,0.96,0.699,0.796,0.111,0.038,0.183,0.258,0.614,0.564,0.789,0.221,0.342,0.598,0.541,0.062,0.687
1.0,0.526,0.437,0.449,0.353,0.501,0.317,0.153,0.274,0.176,0.097,0.208,0.32,0.041,0.14,0.138,0.03,0.461,0.169,0.332,0.8,0.323,0.164,0.305,0.114,0.416,0.516,0.019,0.621,0.348,0.009,0.885,0.005,0.6,0.15,0.713,0.439,0.526,0.139,0.317,0.083
1.0,0.423,0.066,0.975,0.906,0.828,0.3,0.967,0.435,0.61,0.112,0.003,0.632,0.188,0.331,0.177,0.914,0.7,0.381,0.23,0.728,0.346,0.255,0.672,0.294,0.718,0.745,0.074,0.622,0.344,0.819,0.114,0.443,0.97,0.957,0.736,0.514,0.741,0.276,0.649,0.718
1.0,0.898,0.493,0.326,0.275,0.232,0.579,0.362,0.195,0.944,0.769,0.271,0.293,0.745,0.229,0.422,0.844,0.428,0.931,0.837,0.995,0.508,0.332,0.307,0.54,0.892,0.97,0.157,0.829,0.371,0.452,0.58,0.564,0.965,0.15,0.702,0.223,0.501,0.29,0.534,0.543
0.0,0.713,0.216,0.6,0.864,0.82,0.13,0.712,0.862,0.177,0.797,0.937,0.916,0.542,0.172,0.119,0.651,0.734,0.379,0.316,0.194,0.012,0.005,0.782,0.724,0.485,0.6,0.924,0.68,0.932,0.301,0.362,0.426,0.17,0.631,0.831,0.643,0.142,0.244,0.513,0.612
1.0,0.178,0.433,0.476,0.48,0.044,0.884,0.012,0.393,0.685,0.397,0.192,0.201,0.636,0.887,0.564,0.48,0.035,0.49,0.255,0.767,0.815,0.371,0.11,0.15,0.373,0.666,0.31,0.376,0.733,0.418,0.405,0.765,0.814,0.736,0.616,0.993,0.195,0.84,0.451,0.985
1.0,0.678,0.906,0.544,0.573,0.462,0.855,0.17,0.296,0.728,0.932,0.621,0.255,0.349,0.359,0.775,0.656,0.994,0.46,0.561,0.923,0.17,0.079,0.075,0.74,0.473,0.996,0.987,0.367,0.162,0.915,0.61,0.296,0.838,0.554,0.543,0.391,0.697,0.398,0.417,0.741
0.0,0.713,0.925,0.266,0.559,0.026,0.493,0.943,0.811,0.372,0.645,0.293,0.853,0.675,0.026,0.08,0.605,0.199,0.047,0.272,0.98,0.207,0.166,0.906,0.318,0.412,0.133,0.155,0.875,0.964,0.035,0.462,0.552,0.512,0.175,0.491,0.909,0.596,0.766,0.453,0.338
1.0,0.764,0.03,0.437,0.345,0.205,0.531,0.076,0.212,0.844,0.828,0.859,0.321,0.506,0.224,0.351,0.414,0.147,0.877,0.173,0.764,0.841,0.18,0.207,0.578,0.024,0.196,0.668,0.886,0.196,0.148,0.186,0.898,0.706,0.551,0.434,0.861,0.941,0.407,0.482,0.984
1.0,0.358,0.889,0.998,0.203,0.177,0.685,0.698,0.95,0.87,0.973,0.584,0.662,0.127,0.608,0.852,0.242,0.594,0.68,0.192,0.642,0.303,0.166,0.14,0.022,0.998,0.835,0.404,0.81,0.662,0.105,0.957,0.09,0.939,0.2,0.146,0.54,0.161,0.441,0.499,0.103
0.0,0.68,0.079,0.884,0.121,0.715,0.783,0.556,0.775,0.348,0.551,0.632,0.939,0.47,0.06,0.772,0.861,0.512,0.029,0.375,0.28,0.706,0.561,0.919,0.098,0.837,0.616,0.252,0.884,0.785,0.293,0.678,0.978,0.129,0.706,0.144,0.679,0.001,0.464,0.958,0.747
0.0,0.391,0.895,0.378,0.367,0.191,0.005,0.858,0.304,0.2,0.999,0.321,0.223,0.414,0.259,0.26,0.432,0.717,0.179,0.801,0.035,0.054,0.151,0.84,0.429,0.448,0.793,0.456,0.527,0.293,0.016,0.962,0.521,0.681,0.365,0.664,0.489,0.779,0.24,0.541,0.067
1.0,0.03,0.26,0.631,0.49,0.237,0.013,0.071,0.237,0.154,0.457,0.569,0.086,0.232,0.359,0.459,0.539,0.937,0.998,0.175,0.241,0.091,0.237,0.434,0.853,0.77,0.469,0.473,0.396,0.348,0.189,0.844,0.258,0.378,0.164,0.628,0.123,0.266,0.961,0.87,0.695
1.0,0.616,0.645,0.796,0.717,0.541,0.995,0.847,0.702,0.855,0.156,0.005,0.185,0.626,0.233,0.765,0.423,0.037,0.595,0.837,0.849,0.666,0.925,0.704,0.084,0.287,0.42,0.74,0.501,0.102,0.742,0.524,0.735,0.479,0.3,0.426,0.948,0.099,0.152,0.959,0.789
1.0,0.819,0.309,0.436,0.814,0.433,0.615,0.003,0.82,0.492,0.539,0.83,0.734,0.28,0.507,0.271,0.436,0.238,0.054,0.738,0.621,0.556,0.686,0.054,0.317,0.971,0.196,0.29,0.714,0.704,0.362,0.196,0.762,0.657,0.784,0.003,0.368,0.231,0.265,0.1,0.081
1.0,0.485,0.101,0.712,0.849,0.661,0.933,0.713,0.914,0.326,0.706,0.989,0.749,0.709,0.917,0.633,0.412,0.018,0.995,0.523,0.56,0.254,0.558,0.278,0.634,0.853,0.048,0.187,0.264,0.105,0.497,0.599,0.02,0.187,0.831,0.933,0.174,0.418,0.663,0.211,0.198
1.0,0.685,0.333,0.247,0.643,0.557,0.553,0.398,0.368,0.312,0.616,0.133,0.051,0.167,0.311,0.014,0.438,0.889,0.611,0.569,0.14,0.574,0.392,0.206,0.001,0.748,0.313,0.356,0.419,0.114,0.437,0.245,0.112,0.306,0.995,0.648,0.142,0.925,0.024,0.518,0.146
0.0,0.452,0.632,0.27,0.16,0.996,0.56,0.995,0.157,0.178,0.853,0.513,0.409,0.22,0.414,0.189,0.552,0.52,0.953,0.044,0.842,0.653,0.225,0.082,0.193,0.981,0.468,0.813,0.65,0.059,0.63,0.994,0.551,0.2,0.548,0.924,0.261,0.354,0.436,0.498,0.318
0.0,0.397,0.76,0.061,0.921,0.451,0.903,0.973,0.657,0.878,0.808,0.907,0.806,0.467,0.71,0.622,0.887,0.869,0.005,0.615,0.873,0.092,0.654,0.921,0.844,0.813,0.162,0.621,0.111,0.351,0.663,0.447,0.523,0.326,0.874,0.061,0.841,0.224,0.082,0.929,0.432
1.0,0.175,0.736,0.533,0.657,0.627,0.1,0.91,0.574,0.916,0.937,0.323,0.113,0.248,0.424,0.017,0.456,0.507,0.056,0.789,0.766,0.504,0.331,0.119,0.999,0.37,0.47,0.934,0.677,0.861,0.326,0.913,0.382,0.054,0.609,0.138,0.863,0.746,0.16,0.561,0.187
1.0,0.419,0.334,0.479,0.692,0.349,0.967,0.124,0.117,0.528,0.11,0.625,0.765,0.016,0.563,0.548,0.325,0.177,0.578,0.768,0.119,0.185,0.845,0.393,0.343,0.633,0.545,0.946,0.146,0.211,0.851,0.307,0.699,0.821,0.342,0.056,0.279,0.561,0.852,0.264,0.125
1.0,0.891,0.637,0.089,0.722,0.167,0.109,0.546,0.294,0.159,0.267,0.861,0.601,0.98,0.786,0.76,0.897,0.272,0.628,0.431,0.26,0.938,0.834,0.026,0.441,0.129,0.161,0.561,0.581,0.789,0.673,0.581,0.208,0.994,0.912,0.986,0.52,0.52,0.308,0.071,0.309
1.0,0.04,0.634,0.778,0.144,0.162,0.709,0.47,0.128,0.604,0.852,0.788,0.276,0.983,0.177,0.167,0.905,0.291,0.999,0.706,0.38,0.919,0.557,0.357,0.413,0.544,0.291,0.623,0.255,0.778,0.507,0.988,0.401,0.313,0.092,0.106,0.3,0.598,0.969,0.181,0.614
1.0,0.983,0.826,0.313,0.47,0.586,0.023,0.021,0.877,0.568,0.804,0.928,0.304,0.845,0.444,0.446,0.312,0.257,0.888,0.583,0.522,0.432,0.451,0.648,0.017,0.25,0.708,0.844,0.708,0.027,0.663,0.985,0.986,0.395,0.934,0.116,0.994,0.664,0.361,0.49,0.15
0.0,0.487,0.547,0.079,0.532,0.143,0.081,0.173,0.684,0.168,0.756,0.071,0.88,0.664,0.476,0.862,0.219,0.259,0.824,0.073,0.751,0.186,0.771,0.139,0.665,0.696,0.067,0.398,0.447,0.584,0.87,0.202,0.157,0.719,0.876,0.533,0.217,0.049,0.097,0.326,0.908
0.0,0.127,0.001,0.6,0.821,0.965,0.302,0.388,0.658,0.526,0.863,0.343,0.723,0.656,0.425,0.132,0.457,0.277,0.188,0.571,0.5,0.876,0.433,0.05,0.106,0.496,0.946,0.901,0.329,0.376,0.637,0.755,0.105,0.076,0.245,0.739,0.621,0.815,0.69,0.333,0.507
1.0,0.177,0.272,0.38,0.743,0.759,0.456,0.418,0.346,0.427,0.363,0.281,0.486,0.986,0.628,0.65,0.813,0.833,0.848,0.595,0.005,0.063,0.001,0.409,0.711,0.358,0.136,0.119,0.382,0.117,0.999,0.877,0.565,0.818,0.963,0.88,0.812,0.505,0.796,0.846,0.628
1.0,0.225,0.519,0.089,0.968,0.61,0.811,0.52,0.68,0.46,0.19,0.707,0.108,0.735,0.265,0.961,0.14,0.619,0.27,0.166,0.084,0.709,0.199,0.269,0.208,0.748,0.312,0.112,0.192,0.621,0.624,0.046,0.37,0.192,0.634,0.878,0.383,0.079,0.664,0.664,0.948
1.0,0.961,0.55,0.393,0.195,0.759,0.359,0.39,0.692,0.025,0.486,0.531,0.251,0.87,0.498,0.909,0.408,0.501,0.403,0.66,0.886,0.613,0.248,0.271,0.171,0.686,0.908,0.744,0.973,0.007,0.04,0.262,0.789,0.098,0.993,0.522,0.021,0.318,0.366,0.104,0.147
0.0,0.431,0.632,0.906,0.544,0.447,0.997,0.907,0.435,0.073,0.353,0.589,0.667,0.266,0.002,0.354,0.02,0.516,0.47,0.54,0.9,0.117,0.631,0.913,0.379,0.085,0.575,0.632,0.983,0.826,0.575,0.725,0.18,0.461,0.525,0.946,0.344,0.472,0.275,0.554,0.093
0.0,0.608,0.857,0.74,0.488,0.147,0.976,0.919,0.217,0.388,0.918,0.106,0.921,0.339,0.8,0.233,0.685,0.563,0.69,0.481,0.122,0.417,0.655,0.96,0.991,0.076,0.362,0.859,0.821,0.403,0.343,0.932,0.844,0.937,0.021,0.043,0.115,0.243,0.943,0.192,0.827
1.0,0.94,0.482,0.228,0.037,0.551,0.082,0.033,0.183,0.107,0.079,0.984,0.274,0.253,0.686,0.606,0.156,0.486,0.874,0.053,0.005,0.105,0.462,0.302,0.722,0.841,0.633,0.561,0.584,0.199,0.081,0.143,0.208,0.511,0.447,0.481,0.697,0.691,0.924,0.592,0.639
0.0,0.311,0.167,0.329,0.968,0.172,0.341,0.061,0.231,0.974,0.651,0.84,0.975,0.15,0.204,0.363,0.225,0.213,0.511,0.537,0.073,0.379,0.044,0.151,0.613,0.676,0.394,0.055,0.904,0.986,0.84,0.467,0.812,0.916,0.365,0.039,0.876,0.974,0.779,0.115,0.347
0.0,0.381,0.74,0.658,0.667,0.981,0.564,0.988,0.436,0.609,0.204,0.056,0.004,0.809,0.55,0.318,0.836,0.254,0.767,0.76,0.398,0.455,0.348,0.937,0.833,0.822,0.745,0.091,0.65,0.026,0.807,0.899,0.891,0.529,0.881,0.275,0.136,0.202,0.705,0.294,0.125
0.0,0.542,0.149,0.813,0.104,0.421,0.934,0.617,0.666,0.103,0.377,0.301,0.436,0.838,0.989,0.567,0.616,0.768,0.125,0.729,0.31,0.946,0.209,0.102,0.972,0.981,0.546,0.932,0.459,0.329,0.216,0.848,0.298,0.69,0.681,0.127,0.567,0.81,0.8,0.541,0.547
1.0,0.852,0.423,0.057,0.347,0.793,0.244,0.754,0.465,0.391,0.803,0.028,0.728,0.64,0.164,0.513,0.723,0.257,0.603,0.175,0.32,0.597,0.073,0.319,0.579,0.815,0.45,0.361,0.048,0.034,0.967,0.596,0.277,0.782,0.838,0.616,0.097,0.201,0.497,0.239,0.26
1.0,0.526,0.396,0.247,0.217,0.005,0.448,0.259,0.626,0.796,0.28,0.013,0.003,0.485,0.401,0.817,0.707,0.926,0.6,0.245,0.559,0.904,0.54,0.696,0.315,0.076,0.271,0.969,0.828,0.027,0.906,0.805,0.994,0.709,0.28,0.283,0.233,0.106,0.617,0.335,0.187
0.0,0.447,0.188,0.957,0.668,0.836,0.655,0.05,0.138,0.61,0.978,0.115,0.801,0.49,0.323,0.636,0.175,0.404,0.612,0.383,0.754,0.752,0.055,0.821,0.755,0.531,0.207,0.553,0.839,0.797,0.717,0.602,0.19,0.426,0.869,0.444,0.809,0.437,0.559,0.46,0.884
1.0,0.158,0.932,0.506,0.732,0.416,0.362,0.655,0.697,0.786,0.859,0.143,0.277,0.629,0.528,0.164,0.205,0.278,0.096,0.335,0.769,0.593,0.83,0.123,0.671,0.557,0.954,0.813,0.64,0.443,0.088,0.399,0.702,0.228,0.97,0.913,0.264,0.114,0.922,0.103,0.28
1.0,0.82,0.984,0.649,0.088,0.773,0.263,0.516,0.23,0.054,0.243,0.91,0.249,0.598,0.554,0.704,0.025,0.656,0.454,0.504,0.667,0.102,0.702,0.351,0.366,0.407,0.012,0.164,0.946,0.927,0.512,0.039,0.307,0.755,0.79,0.033,0.24,0.634,0.57,0.995,0.734
1.0,0.344,0.107,0.255,0.907,0.625,0.736,0.106,0.341,0.566,0.667,0.136,0.04,0.77,0.815,0.234,0.482,0.721,0.217,0.881,0.887,0.686,0.021,0.44,0.041,0.591,0.372,0.25,0.279,0.732,0.7,0.133,0.61,0.934,0.786,0.772,0.617,0.853,0.824,0.392,0.338
1.0,0.866,0.913,0.956,0.895,0.654,0.465,0.155,0.54,0.929,0.369,0.851,0.741,0.425,0.515,0.771,0.168,0.049,0.498,0.17,0.778,0.827,0.529,0.734,0.172,0.946,0.457,0.806,0.881,0.141,0.599,0.468,0.386,0.581,0.576,0.93,0.945,0.418,0.284,0.495,0.337
1.0,0.397,0.601,0.699,0.5,0.199,0.504,0.72,0.803,0.121,0.114,0.788,0.912,0.18,0.799,0.397,0.702,0.495,0.348,0.407,0.359,0.922,0.875,0.163,0.125,0.938,0.034,0.062,0.306,0.305,0.745,0.926,0.46,0.082,0.995,0.704,0.801,0.827,0.858,0.455,0.977
1.0,0.513,0.147,0.833,0.688,0.366,0.465,0.655,0.354,0.623,0.135,0.976,0.268,0.987,0.289,0.897,0.428,0.634,0.598,0.107,0.047,0.641,0.962,0.714,0.71,0.292,0.68,0.913,0.241,0.519,0.323,0.283,0.602,0.687,0.754,0.235,0.615,0.998,0.023,0.887,0.189
0.0,0.677,0.699,0.325,0.665,0.404,0.21,0.772,0.626,0.675,0.668,0.606,0.288,0.456,0.81,0.708,0.519,0.134,0.49,0.799,0.8,0.261,0.115,0.141,0.47,0.855,0.517,0.074,0.282,0.915,0.881,0.771,0.88,0.93,0.672,0.647,0.588,0.441,0.265,0.409,0.48
1.0,0.766,0.066,0.186,0.501,0.041,0.64,0.114,0.655,0.384,0.159,0.728,0.53,0.496,0.691,0.046,0.248,0.252,0.46,0.455,0.547,0.25,0.71,0.257,0.858,0.233,0.279,0.943,0.171,0.938,0.617,0.625,0.228,0.708,0.956,0.491,0.359,0.459,0.359,0.297,0.771
0.0,0.343,0.163,0.607,0.941,0.408,0.268,0.902,0.366,0.185,0.101,0.338,0.58,0.124,0.332,0.248,0.48,0.768,0.856,0.093,0.953,0.749,0.694,0.861,0.31,0.234,0.912,0.668,0.407,0.844,0.418,0.56,0.216,0.575,0.001,0.487,0.48,0.46,0.52,0.539,0.739
1.0,0.449,0.55,0.445,0.99,0.786,0.042,0.236,0.481,0.293,0.609,0.251,0.593,0.493,0.112,0.306,0.426,0.23,0.67,0.926,0.068,0.56,0.289,0.24,0.061,0.872,0.595,0.441,0.366,0.235,0.08,0.803,0.221,0.535,0.535,0.108,0.847,0.656,0.125,0.888,0.832
1.0,0.391,0.407,0.593,0.703,0.031,0.097,0.246,0.179,0.642,0.685,0.937,0.033,0.793,0.405,0.598,0.9,0.906,0.771,0.938,0.36,0.941,0.486,0.686,0.126,0.659,0.054,0.887,0.875,0.039,0.243,0.062,0.014,0.363,0.382,0.705,0.497,0.798,0.281,0.47,0.791
1.0,0.151,0.457,0.92,0.509,0.694,0.106,0.434,0.382,0.597,0.063,0.809,0.317,0.574,0.341,0.634,0.401,0.552,0.655,0.443,0.88,0.184,0.239,0.324,0.977,0.651,0.751,0.117,0.713,0.622,0.586,0.66,0.781,0.956,0.916,0.507,0.39,0.404,0.276,0.987,0.613
1.0,0.25,0.941,0.204,0.557,0.506,0.99,0.964,0.789,0.133,0.716,0.17,0.48,0.011,0.188,0.649,0.637,0.785,0.73,0.833,0.025,0.895,0.072,0.314,0.771,0.305,0.095,0.783,0.239,0.001,0.878,0.042,0.578,0.759,0.443,0.092,0.047,0.34,0.773,0.982,0.309
0.0,0.47,0.378,0.528,0.367,0.247,0.003,0.066,0.315,0.697,0.625,0.951,0.016,0.756,0.743,0.204,0.174,0.201,0.562,0.276,0.017,0.312,0.75,0.269,0.042,0.444,0.638,0.441,0.743,0.09,0.614,0.433,0.431,0.439,0.813,0.908,0.416,0.051,0.745,0.016,0.824
1.0,0.314,0.123,0.295,0.622,0.351,0.671,0.545,0.305,0.554,0.23,0.694,0.281,0.261,0.503,0.067,0.052,0.686,0.773,0.96,0.121,0.158,0.624,0.552,0.295,0.576,0.735,0.045,0.296,0.267,0.504,0.431,0.42,0.661,0.32,0.543,0.213,0.81,0.05,0.642,0.462
0.0,0.155,0.815,0.623,0.111,0.077,0.538,0.423,0.801,0.228,0.076,0.642,0.062,0.436,0.179,0.25,0.38,0.415,0.98,0.341,0.579,0.271,0.778,0.059,0.63,0.039,0.977,0.999,0.812,0.756,0.52,0.628,0.962,0.911,0.575,0.31,0.469,0.572,0.355,0.604,0.441
0.0,0.91,0.625,0.979,0.226,0.869,0.829,0.835,0.393,0.019,0.229,0.297,0.461,0.23,0.478,0.687,0.772,0.839,0.084,0.341,0.353,0.552,0.411,0.97,0.76,0.034,0.274,0.953,0.348,0.051,0.888,0.563,0.082,0.843,0.408,0.547,0.89,0.741,0.513,0.388,0.237
1.0,0.844,0.121,0.665,0.432,0.562,0.45,0.413,0.785,0.76,0.854,0.905,0.668,0.864,0.096,0.691,0.23,0.157,0.215,0.086,0.499,0.898,0.912,0.741,0.653,0.763,0.125,0.124,0.182,0.961,0.923,0.042,0.205,0.97,0.76,0.026,0.353,0.687,0.499,0.206,0.783
1.0,0.791,0.743,0.624,0.637,0.704,0.749,0.78,0.7,0.243,0.812,0.622,0.387,0.471,0.752,0.06,0.894,0.261,0.251,0.31,0.605,0.022,0.176,0.028,0.173,0.162,0.966,0.518,0.807,0.699,0.523,0.818,0.762,0.915,0.583,0.886,0.156,0.622,0.016,0.256,0.835
1.0,0.879,0.272,0.074,0.61,0.609,0.238,0.508,0.705,0.455,0.175,0.387,0.061,0.212,0.877,0.442,0.554,0.363,0.967,0.515,0.777,0.416,0.935,0.741,0.885,0.699,0.209,0.859,0.553,0.513,0.859,0.13,0.755,0.649,0.011,0.002,0.584,0.74,0.948,0.022,0.184
1.0,0.519,0.586,0.547,0.502,0.771,0.772,0.957,0.878,0.873,0.8,0.893,0.741,0.881,0.959,0.57,0.057,0.948,0.052,0.288,0.977,0.498,0.126,0.566,0.742,0.41,0.116,0.895,0.313,0.618,0.129,0.818,0.451,0.0,0.274,0.868,0.013,0.578,0.9,0.173,0.82
0.0,0.882,0.726,0.992,0.228,0.938,0.782,0.957,0.09,0.328,0.948,0.089,0.493,0.458,0.039,0.671,0.041,0.065,0.575,0.876,0.51,0.053,0.833,0.597,0.87,0.276,0.544,0.137,0.48,0.649,0.682,0.892,0.037,0.702,0.98,0.42,0.904,0.471,0.532,0.834,0.106
0.0,0.457,0.929,0.845,0.7,0.856,0.862,0.121,0.986,0.821,0.289,0.961,0.519,0.746,0.968,0.902,0.495,0.045,0.775,0.126,0.145,0.21,0.579,0.561,0.688,0.554,0.547,0.444,0.506,0.302,0.425,0.043,0.814,0.485,0.186,0.175,0.466,0.16,0.634,0.519,0.539
0.0,0.981,0.693,0.337,0.97,0.804,0.695,0.186,0.315,0.905,0.123,0.62,0.853,0.152,0.122,0.19,0.262,0.596,0.773,0.177,0.677,0.447,0.664,0.496,0.178,0.175,0.824,0.176,0.833,0.168,0.356,0.208,0.146,0.322,0.122,0.085,0.461,0.449,0.918,0.111,0.127
0.0,0.399,0.532,0.344,0.579,0.063,0.885,0.047,0.857,0.558,0.037,0.829,0.372,0.567,0.564,0.087,0.369,0.475,0.166,0.067,0.536,0.955,0.398,0.811,0.78,0.177,0.473,0.973,0.123,0.615,0.953,0.258,0.304,0.407,0.55,0.12,0.514,0.897,0.199,0.965,0.498
1.0,0.694,0.765,0.381,0.818,0.026,0.271,0.7,0.989,0.898,0.284,0.774,0.217,0.202,0.365,0.472,0.699,0.254,0.8,0.811,0.681,0.73,0.397,0.366,0.459,0.198,0.845,0.425,0.738,0.502,0.105,0.907,0.993,0.833,0.249,0.221,0.42,0.637,0.625,0.006,0.075
1.0,0.927,0.928,0.403,0.86,0.627,0.365,0.482,0.596,0.958,0.151,0.924,0.268,0.853,0.923,0.047,0.32,0.981,0.547,0.497,0.896,0.349,0.442,0.157,0.213,0.411,0.814,0.376,0.373,0.741,0.442,0.924,0.878,0.821,0.554,0.664,0.967,0.061,0.095,0.435,0.686
1.0,0.713,0.286,0.669,0.554,0.752,0.524,0.757,0.636,0.354,0.994,0.954,0.556,0.898,0.029,0.459,0.021,0.629,0.8,0.81,0.92,0.373,0.405,0.354,0.757,0.069,0.396,0.038,0.471,0.965,0.679,0.579,0.912,0.048,0.937,0.226,0.505,0.818,0.613,0.855,0.335
1.0,0.144,0.063,0.791,0.297,0.382,0.697,0.03,0.447,0.957,0.105,0.713,0.516,0.503,0.423,0.079,0.161,0.846,0.082,0.377,0.074,0.691,0.97,0.667,0.049,0.241,0.191,0.246,0.416,0.367,0.337,0.11,0.22,0.674,0.141,0.353,0.154,0.404,0.935,0.059,0.098
0.0,0.499,0.803,0.079,0.83,0.267,0.552,0.373,0.627,0.644,0.522,0.825,0.458,0.562,0.978,0.478,0.768,0.023,0.598,0.733,0.749,0.052,0.22,0.226,0.639,0.891,0.619,0.919,0.896,0.315,0.341,0.815,0.563,0.866,0.53,0.361,0.802,0.802,0.208,0.087,0.737
1.0,0.457,0.5,0.0,0.427,0.153,0.054,0.319,0.117,0.053,0.397,0.517,0.661,0.054,0.012,0.8,0.751,0.773,0.436,0.807,0.332,0.281,0.776,0.756,0.839,0.067,0.446,0.166,0.078,0.11,0.414,0.424,0.691,0.959,0.747,0.151,0.561,0.288,0.248,0.663,0.012
1.0,0.054,0.183,0.227,0.478,0.386,0.332,0.739,0.234,0.281,0.017,0.915,0.022,0.509,0.207,0.441,0.98,0.194,0.03,0.538,0.354,0.555,0.396,0.287,0.238,0.062,1.0,0.754,0.413,0.955,0.042,0.475,0.679,0.411,0.971,0.776,0.131,0.048,0.963,0.442,0.322
1.0,0.946,0.774,0.994,0.755,0.409,0.489,0.06,0.993,0.979,0.715,0.828,0.114,0.03,0.643,0.566,0.472,0.824,0.361,0.775,0.747,0.712,0.84,0.086,0.217,0.911,0.555,0.22,0.5,0.818,0.515,0.526,0.262,0.622,0.45,0.997,0.364,0.172,0.128,0.963,0.354
0.0,0.762,0.945,0.716,0.792,0.252,0.567,0.343,0.048,0.906,0.245,0.116,0.855,0.445,0.425,0.001,0.805,0.155,0.275,0.24,0.599,0.011,0.239,0.482,0.354,0.104,0.143,0.57,0.575,0.425,0.677,0.135,0.591,0.672,0.829,0.305,0.885,0.899,0.576,0.847,0.851
0.0,0.741,0.794,0.797,0.744,0.648,0.393,0.295,0.813,0.916,0.281,0.813,0.665,0.988,0.458,0.939,0.19,0.072,0.987,0.141,0.749,0.167,0.508,0.052,0.912,0.746,0.065,0.79,0.997,0.032,0.787,0.094,0.266,0.2,0.807,0.299,0.728,0.191,0.315,0.21,0.735
1.0,0.654,0.215,0.172,0.114,0.623,0.676,0.557,0.086,0.143,0.495,0.336,0.608,0.359,0.501,0.099,0.453,0.811,0.988,0.31,0.881,0.116,0.364,0.559,0.369,0.191,0.579,0.535,0.979,0.212,0.72,0.257,0.371,0.236,0.608,0.182,0.345,0.903,0.308,0.354,0.322
1.0,0.559,0.549,0.009,0.294,0.556,0.82,0.322,0.073,0.053,0.535,0.291,0.628,0.274,0.747,0.636,0.319,0.48,0.101,0.01,0.621,0.333,0.666,0.236,0.422,0.956,0.91,0.004,0.617,0.763,0.545,0.294,0.993,0.327,0.04,0.062,0.364,0.214,0.292,0.966,0.628
0.0,0.237,0.412,0.255,0.203,0.491,0.542,0.635,0.421,0.88,0.239,0.597,0.744,0.91,0.722,0.599,0.269,0.075,0.587,0.786,0.142,0.199,0.885,0.793,0.778,0.093,0.7,0.827,0.643,0.191,0.544,0.986,0.283,0.553,0.753,0.41,0.491,0.36,0.082,0.163,0.379
1.0,0.387,0.994,0.13,0.819,0.024,0.42,0.523,0.171,0.768,0.182,0.811,0.74,0.494,0.034,0.619,0.085,0.256,0.863,0.542,0.117,0.055,0.071,0.645,0.94,0.549,0.253,0.681,0.43,0.506,0.232,0.46,0.218,0.908,0.995,0.149,0.85,0.859,0.978,0.978,0.635
1.0,0.895,0.784,0.551,0.248,0.711,0.913,0.815,0.34,0.134,0.631,0.886,0.085,0.962,0.169,0.222,0.499,0.988,0.244,0.659,0.215,0.256,0.981,0.451,0.584,0.052,0.908,0.945,0.423,0.609,0.112,0.03,0.465,0.742,0.097,0.226,0.438,0.694,0.711,0.055,0.769
0.0,0.609,0.051,0.226,0.828,0.968,0.096,0.285,0.901,0.322,0.133,0.968,0.453,0.461,0.152,0.677,0.003,0.684,0.462,0.397,0.166,0.137,0.348,0.83,0.366,0.323,0.583,0.479,0.653,0.858,0.521,0.845,0.69,0.867,0.094,0.524,0.789,0.892,0.556,0.964,0.155
0.0,0.506,0.964,0.013,0.696,0.754,0.949,0.476,0.007,0.349,0.079,0.392,0.74,0.928,0.412,0.541,0.413,0.016,0.434,0.031,0.561,0.079,0.174,0.818,0.171,0.268,0.268,0.045,0.205,0.581,0.129,0.981,0.171,0.232,0.064,0.309,0.64,0.451,0.07,0.812,0.508
0.0,0.689,0.981,0.377,0.221,0.75,0.201,0.665,0.705,0.832,0.733,0.202,0.893,0.05,0.989,0.209,0.991,0.196,0.684,0.946,0.734,0.787,0.435,0.375,0.324,0.371,0.763,0.145,0.467,0.351,0.212,0.99,0.616,0.11,0.62,0.116,0.289,0.236,0.002,0.877,0.34
1.0,0.408,0.001,0.713,0.353,0.468,0.501,0.844,0.487,0.272,0.079,0.337,0.486,0.883,0.372,0.627,0.799,0.735,0.525,0.835,0.314,0.249,0.287,0.064,0.024,0.463,0.804,0.187,0.386,0.025,0.294,0.144,0.508,0.608,0.398,0.17,0.821,0.63,0.846,0.079,0.424
1.0,0.201,0.461,0.71,0.898,0.52,0.939,0.932,0.378,0.677,0.462,0.951,0.766,0.152,0.959,0.436,0.571,0.611,0.331,0.654,0.043,0.11,0.817,0.605,0.377,0.559,0.287,0.839,0.466,0.535,0.27,0.753,0.295,0.99,0.56,0.38,0.569,0.257,0.43,0.668,0.494
1.0,0.259,0.372,0.726,0.44,0.148,0.916,0.412,0.24,0.4,0.088,0.389,0.447,0.293,0.615,0.025,0.252,0.644,0.248,0.954,0.684,0.522,0.436,0.405,0.485,0.755,0.515,0.454,0.06,0.378,0.346,0.349,0.189,0.224,0.68,0.615,0.794,0.565,0.071,0.5,0.045
1.0,0.631,0.591,0.374,0.473,0.193,0.945,0.368,0.096,0.919,0.804,0.075,0.222,0.658,0.813,0.304,0.142,0.355,0.428,0.681,0.98,0.555,0.59,0.136,0.321,0.608,0.295,0.436,0.363,0.233,0.329,0.66,0.823,0.436,0.773,0.652,0.124,0.774,0.433,0.631,0.917
1.0,0.477,0.04,0.249,0.168,0.634,0.75,0.422,0.632,0.38,0.769,0.254,0.729,0.384,0.95,0.89,0.625,0.485,0.897,0.044,0.278,0.232,0.752,0.751,0.42,0.226,0.84,0.876,0.972,0.249,0.934,0.417,0.525,0.044,0.09,0.445,0.985,0.285,0.264,0.733,0.599
0.0,0.87,0.748,0.991,0.316,0.176,0.16,0.893,0.594,0.058,0.568,0.436,0.565,0.191,0.115,0.882,0.278,0.416,0.003,0.485,0.767,0.445,0.458,0.787,0.769,0.236,0.895,0.394,0.673,0.793,0.173,0.204,0.355,0.93,0.066,0.393,0.937,0.88,0.748,0.023,0.879
1.0,0.359,0.569,0.579,0.325,0.709,0.966,0.724,0.423,0.137,0.756,0.597,0.412,0.471,0.248,0.203,0.626,0.419,0.727,0.475,0.449,0.563,0.823,0.145,0.03,0.87,0.811,0.926,0.731,0.569,0.273,0.747,0.959,0.635,0.378,0.929,0.999,0.278,0.6,0.322,0.13
1.0,0.932,0.255,0.672,1.0,0.233,0.289,0.193,0.013,0.505,0.604,0.2,0.397,0.346,0.711,0.153,0.473,0.023,0.699,0.257,0.186,0.913,0.063,0.397,0.51,0.302,0.115,0.704,0.346,0.965,0.387,0.868,0.878,0.182,0.639,0.384,0.042,0.024,0.257,0.701,0.899
1.0,0.684,0.696,0.633,0.563,0.496,0.31,0.777,0.9,0.967,0.45,0.664,0.215,0.667,0.578,0.159,0.344,0.664,0.759,0.256,0.72,0.636,0.846,0.632,0.429,0.595,0.191,0.09,0.92,0.448,0.662,0.363,0.837,0.032,0.6,0.473,0.511,0.619,0.077,0.89,0.197
1.0,0.739,0.094,0.532,0.013,0.583,0.787,0.75,0.17,0.932,0.029,0.088,0.056,0.979,0.463,0.734,0.315,0.248,0.729,0.106,0.825,0.067,0.782,0.187,0.169,0.291,0.849,0.541,0.611,0.667,0.649,0.898,0.27,0.36,0.362,0.276,0.542,0.051,0.032,0.114,0.683
1.0,0.011,0.683,0.59,0.615,0.259,0.689,0.299,0.545,0.687,0.301,0.686,0.017,0.179,0.614,0.841,0.998,0.096,0.682,0.961,0.996,0.502,0.61,0.562,0.848,0.292,0.264,0.52,0.796,0.075,0.121,0.7,0.286,0.033,0.415,0.073,0.182,0.22,0.756,0.437,0.929
0.0,0.93,0.648,0.885,0.87,0.33,0.804,0.698,0.32,0.412,0.171,0.467,0.429,0.853,0.797,0.418,0.407,0.261,0.246,0.107,0.964,0.051,0.084,0.854,0.643,0.69,0.181,0.954,0.608,0.661,0.035,0.487,0.569,0.165,0.816,0.515,0.898,0.563,0.132,0.843,0.165
1.0,0.589,0.084,0.995,0.987,0.476,0.394,0.127,0.78,0.105,0.298,0.381,0.366,0.699,0.871,0.124,0.264,0.844,0.506,0.149,0.277,0.701,0.238,0.06,0.034,0.776,0.852,0.866,0.806,0.537,0.451,0.307,0.149,0.507,0.212,0.75,0.972,0.51,0.33,0.92,0.067
1.0,0.529,0.063,0.134,0.146,0.361,0.016,0.15,0.15,0.231,0.461,0.365,0.539,0.371,0.644,0.986,0.53,0.073,0.174,0.611,0.691,0.906,0.982,0.11,0.821,0.326,0.057,0.714,0.743,0.743,0.059,0.633,0.393,0.211,0.403,0.186,0.738,0.446,0.75,0.648,0.444
0.0,0.915,0.894,0.998,0.038,0.711,0.02,0.632,0.637,0.916,0.527,0.716,0.536,0.332,0.896,0.879,0.534,0.9,0.486,0.809,0.379,0.903,0.551,0.823,0.02,0.513,0.921,0.772,0.209,0.555,0.831,0.068,0.577,0.555,0.766,0.434,0.233,0.314,0.315,0.983,0.294
1.0,0.083,0.005,0.583,0.966,0.615,0.56,0.61,0.795,0.119,0.288,0.477,0.752,0.647,0.361,0.669,0.599,0.594,0.342,0.15,0.605,0.585,0.923,0.059,0.076,0.634,0.337,0.747,0.391,0.576,0.998,0.39,0.416,0.744,0.656,0.752,0.034,0.835,0.909,0.733,0.636
1.0,0.7,0.296,0.182,0.357,0.052,0.055,0.619,0.672,0.09,0.379,0.763,0.602,0.335,0.669,0.208,0.319,0.855,0.953,0.674,0.246,0.784,0.323,0.351,0.751,0.9,0.544,0.868,0.105,0.011,0.31,0.893,0.504,0.524,0.533,0.259,0.095,0.147,0.34,0.837,0.089
1.0,0.366,0.364,0.595,0.148,0.547,0.538,0.739,0.01,0.86,0.973,0.522,0.621,0.58,0.326,0.562,0.267,0.03,0.083,0.886,0.364,0.96,0.698,0.121,0.598,0.618,0.963,0.427,0.58,0.918,0.9,0.022,0.16,0.12,0.585,0.508,0.587,0.816,0.411,0.173,0.47
0.0,0.318,0.481,0.608,0.774,0.605,0.296,0.485,0.561,0.762,0.602,0.741,0.204,0.194,0.37,0.173,0.393,0.555,0.629,0.169,0.619,0.646,0.111,0.889,0.866,0.544,0.235,0.183,0.889,0.992,0.157,0.057,0.209,0.456,0.592,0.236,0.049,0.268,0.135,0.55,0.301
0.0,0.905,0.123,0.202,0.284,0.997,0.893,0.846,0.534,0.148,0.673,0.33,0.179,0.6,0.405,0.43,0.912,0.967,0.473,0.943,0.574,0.992,0.088,0.298,0.39,0.148,0.93,0.779,0.248,0.256,0.149,0.265,0.825,0.228,0.588,0.878,0.002,0.028,0.991,0.526,0.418
0.0,0.736,0.51,0.779,0.546,0.845,0.366,0.494,0.244,0.115,0.261,0.111,0.001,0.583,0.918,0.635,0.272,0.043,0.285,0.592,0.815,0.196,0.87,0.277,0.385,0.657,0.257,0.105,0.296,0.306,0.387,0.1,0.144,0.266,0.737,0.96,0.217,0.9,0.036,0.815,0.047
0.0,0.081,0.291,0.162,0.363,0.67,0.354,0.702,0.63,0.411,0.638,0.17,0.815,0.406,0.1,0.414,0.965,0.953,0.252,0.031,0.223,0.202,0.331,0.241,0.06,0.114,0.033,0.661,0.049,0.512,0.56,0.186,0.622,0.751,0.05,0.649,0.458,0.958,0.826,0.311,0.532
1.0,0.506,0.653,0.715,0.564,0.241,0.067,0.57,0.219,0.811,0.148,0.229,0.704,0.662,0.91,0.929,0.013,0.542,0.76,0.188,1.0,0.751,0.202,0.065,0.586,0.867,0.992,0.978,0.923,0.736,0.176,0.076,0.82,0.137,0.866,0.738,0.645,0.558,0.298,0.476,0.584
0.0,0.774,0.941,0.704,0.692,0.222,0.216,0.032,0.574,0.844,0.662,0.13,0.531,0.821,0.427,0.913,0.951,0.126,0.995,0.402,0.827,0.156,0.131,0.901,0.649,0.102,0.839,0.445,0.583,0.602,0.191,0.371,0.479,0.49,0.029,0.087,0.767,0.526,0.774,0.749,0.615
0.0,0.924,0.325,0.809,0.561,0.572,0.049,0.362,0.171,0.152,0.879,0.858,0.128,0.865,0.41,0.637,0.596,0.733,0.905,0.897,0.37,0.56,0.93,0.871,0.022,0.977,0.377,0.603,0.723,0.338,0.663,0.303,0.092,0.737,0.551,0.3,0.762,0.346,0.57,0.464,0.316
1.0,0.047,0.098,0.934,0.831,0.145,0.455,0.449,0.305,0.809,0.407,0.606,0.489,0.263,0.445,0.186,0.604,0.232,0.429,0.646,0.868,0.57,0.034,0.335,0.601,0.656,0.476,0.353,0.746,0.823,0.178,0.967,0.782,0.791,0.994,0.588,0.194,0.732,0.023,0.883,0.48
0.0,0.149,0.282,0.117,0.712,0.934,0.514,0.959,0.746,0.221,0.738,0.206,0.766,0.222,0.813,0.968,0.165,0.351,0.167,0.578,0.191,0.188,0.474,0.369,0.366,0.553,0.053,0.848,0.456,0.335,0.293,0.043,0.266,0.517,0.588,0.802,0.172,0.714,0.157,0.98,0.644
0.0,0.486,0.262,0.718,0.955,0.418,0.08,0.538,0.1,0.572,0.689,0.476,0.985,0.967,0.102,0.963,0.646,0.046,0.054,0.843,0.719,0.302,0.122,0.846,0.396,0.865,0.376,0.416,0.481,0.293,0.953,0.599,0.635,0.065,0.822,0.239,0.196,0.461,0.002,0.041,0.525
0.0,0.084,0.385,0.436,0.551,0.637,0.743,0.521,0.233,0.161,0.688,0.603,0.143,0.683,0.533,0.279,0.495,0.058,0.571,0.502,0.96,0.65,0.981,0.926,0.232,0.174,0.408,0.034,0.643,0.677,0.255,0.837,0.928,0.717,0.837,0.96,0.593,0.056,0.549,0.275,0.162
0.0,0.226,0.301,0.779,0.717,0.369,0.982,0.692,0.962,0.399,0.659,0.118,0.269,0.147,0.275,0.28,0.036,0.2,0.36,0.559,0.884,0.924,0.725,0.924,0.018,0.45,0.941,0.688,0.719,0.514,0.009,0.313,0.35,0.233,0.692,0.855,0.154,0.109,0.712,0.64,0.769
0.0,0.279,0.036,0.552,0.595,0.92,0.732,0.195,0.737,0.92,0.411,0.084,0.401,0.054,0.622,0.211,0.874,0.923,0.022,0.065,0.755,0.438,0.938,0.463,0.302,0.257,0.733,0.983,0.699,0.751,0.855,0.639,0.002,0.054,0.632,0.708,0.401,0.429,0.668,0.099,0.991
1.0,0.342,0.695,0.557,0.248,0.663,0.911,0.896,0.689,0.543,0.197,0.439,0.759,0.185,0.645,0.869,0.567,0.696,0.278,0.217,0.012,0.723,0.205,0.013,0.747,0.161,0.983,0.207,0.244,0.132,0.64,0.435,0.577,0.403,0.831,0.447,0.894,0.599,0.638,0.739,0.64
0.0,0.711,0.232,0.781,0.448,0.977,0.669,0.251,0.772,0.827,0.663,0.333,0.812,0.58,0.016,0.46,0.544,0.957,0.474,0.425,0.963,0.267,0.117,0.56,0.082,0.92,0.546,0.251,0.399,0.404,0.437,0.366,0.763,0.401,0.043,0.999,0.597,0.361,0.939,0.548,0.831
0.0,0.236,0.353,0.9,0.989,0.652,0.243,0.286,0.759,0.462,0.373,0.352,0.895,0.06,0.263,0.876,0.929,0.87,0.164,0.162,0.638,0.948,0.792,0.648,0.044,0.104,0.327,0.71,0.496,0.691,0.419,0.52,0.521,0.813,0.961,0.965,0.434,0.574,0.959,0.572,0.059
0.0,0.105,0.796,0.883,0.157,0.023,0.623,0.428,0.263,0.593,0.215,0.512,0.929,0.746,0.475,0.642,0.297,0.927,0.631,0.693,0.789,0.981,0.292,0.362,0.488,0.42,0.408,0.841,0.95,0.939,0.626,0.588,0.826,0.562,0.049,0.412,0.062,0.736,0.676,0.988,0.909
1.0,0.586,0.174,0.607,0.277,0.645,0.769,0.52,0.241,0.641,0.286,0.016,0.565,0.73,0.229,0.159,0.865,0.12,0.766,0.462,0.079,0.522,0.897,0.669,0.13,0.055,0.127,0.546,0.558,0.613,0.715,0.583,0.321,0.235,0.354,0.459,0.038,0.584,0.288,0.57,0.44
1.0,0.916,0.36,0.107,0.278,0.052,0.066,0.153,0.059,0.05,0.126,0.643,0.466,0.225,0.943,0.496,0.275,0.758,0.629,0.837,0.212,0.389,0.445,0.435,0.158,0.378,0.284,0.535,0.205,0.798,0.504,0.63,0.485,0.486,0.486,0.975,0.072,0.819,0.714,0.119,0.425
0.0,0.98,0.525,0.243,0.218,0.929,0.765,0.075,0.375,0.368,0.844,0.831,0.317,0.364,0.75,0.901,0.453,0.439,0.247,0.071,0.872,0.518,0.374,0.431,0.748,0.808,0.755,0.98,0.563,0.317,0.903,0.621,0.681,0.802,0.395,0.914,0.619,0.226,0.183,0.806,0.404
1.0,0.116,0.832,0.677,0.841,0.792,0.621,0.683,0.105,0.249,0.148,0.646,0.011,0.78,0.512,0.307,0.116,0.912,0.739,0.867,0.325,0.423,0.457,0.796,0.918,0.514,0.166,0.863,0.335,0.934,0.316,0.475,0.85,0.725,0.795,0.318,0.398,0.865,0.856,0.89,0.655
1.0,0.948,0.721,0.175,0.283,0.686,0.524,0.512,0.366,0.099,0.114,0.196,0.31,0.982,0.679,0.09,0.761,0.546,0.217,0.521,0.813,0.06,0.437,0.587,0.168,0.943,0.716,0.932,0.408,0.212,0.092,0.579,0.069,0.731,0.169,0.692,0.447,0.298,0.022,0.01,0.55
0.0,0.065,0.507,0.947,0.126,0.94,0.577,0.458,0.311,0.625,0.386,0.574,0.44,0.583,0.656,0.616,0.168,0.11,0.15,0.968,0.683,0.276,0.666,0.426,0.84,0.53,0.581,0.267,0.786,0.286,0.083,0.784,0.901,0.764,0.751,0.475,0.811,0.742,0.767,0.311,0.198
0.0,0.472,0.117,0.916,0.43,0.298,0.024,0.451,0.279,0.572,0.751,0.768,0.697,0.329,0.251,0.81,0.014,0.019,0.056,0.746,0.914,0.984,0.156,0.935,0.488,0.767,0.525,0.967,0.521,0.451,0.396,0.369,0.009,0.092,0.241,0.726,0.258,0.865,0.771,0.019,0.347
1.0,0.191,0.168,0.783,0.493,0.819,0.041,0.217,0.724,0.615,0.666,0.297,0.658,0.774,0.235,0.605,0.045,0.36,0.788,0.194,0.75,0.758,0.044,0.346,0.118,0.746,0.245,0.464,0.489,0.009,0.495,0.056,0.458,0.6,0.315,0.73,0.614,0.349,0.391,0.499,0.182
1.0,0.045,0.927,0.162,1.0,0.833,0.192,0.54,0.796,0.495,0.136,0.759,0.283,0.297,0.922,0.963,0.3,0.73,0.809,0.339,0.882,0.698,0.56,0.246,0.052,0.114,0.368,0.289,0.737,0.11,0.044,0.145,0.008,0.763,0.34,0.85,0.981,0.463,0.895,0.856,0.457
0.0,0.636,0.968,0.226,0.106,0.022,0.283,0.599,0.301,0.653,0.37,0.568,0.829,0.802,0.225,0.102,0.919,0.578,0.014,0.984,0.267,0.625,0.401,0.003,0.433,0.334,0.617,0.23,0.778,0.386,0.127,0.039,0.216,0.394,0.126,0.326,0.641,0.575,0.735,0.115,0.248
1.0,0.645,0.93,0.726,0.704,0.169,0.658,0.342,0.97,0.018,0.726,0.55,0.02,0.332,0.415,0.598,0.323,0.049,0.42,0.128,0.419,0.719,0.009,0.286,0.374,0.934,0.917,0.406,0.893,0.912,0.996,0.223,0.001,0.12,0.518,0.848,0.396,0.235,0.582,0.21,0.58
0.0,0.114,0.768,0.443,0.017,0.699,0.752,0.633,0.784,0.263,0.671,0.417,0.866,0.824,0.029,0.223,0.125,0.038,0.921,0.954,0.386,0.15,0.585,0.868,0.009,0.684,0.104,0.357,0.244,0.122,0.755,0.009,0.378,0.478,0.927,0.176,0.022,0.529,0.18,0.378,0.734
0.0,0.223,0.503,0.852,0.808,0.147,0.548,0.984,0.674,0.595,0.165,0.863,0.81,0.309,0.882,0.779,0.896,0.396,0.002,0.165,0.171,0.879,0.238,0.37,0.534,0.03,0.78,0.473,0.024,0.169,0.884,0.084,0.912,0.744,0.399,0.73,0.334,0.796,0.179,0.469,0.29
0.0,0.199,0.415,0.735,0.204,0.962,0.01,0.721,0.107,0.154,0.022,0.555,0.693,0.066,0.909,0.702,0.614,0.101,0.008,0.529,0.697,0.146,0.898,0.335,0.473,0.67,0.562,0.191,0.607,0.611,0.199,0.995,0.497,0.009,0.972,0.851,0.511,0.457,0.932,0.129,0.537
1.0,0.994,0.879,0.708,0.214,0.081,0.201,0.789,0.442,0.152,0.568,0.948,0.638,0.611,0.941,0.652,0.059,0.974,0.197,0.757,0.139,0.791,0.025,0.283,0.885,0.833,0.444,0.529,0.683,0.092,0.908,0.817,0.314,0.429,0.471,0.172,0.711,0.932,0.739,0.937,0.455
1.0,0.458,0.518,0.558,0.089,0.635,0.695,0.042,0.475,0.937,0.502,0.881,0.053,0.999,0.995,0.336,0.6,0.536,0.899,0.642,0.988,0.564,0.364,0.281,0.706,0.189,0.974,0.738,0.885,0.182,0.724,0.979,0.368,0.975,0.694,0.63,0.51,0.059,0.658,0.599,0.99
0.0,0.268,0.21,0.768,0.859,0.877,0.757,0.286,0.114,0.21,0.033,0.166,0.771,0.593,0.299,0.195,0.373,0.166,0.414,0.152,0.689,0.628,0.127,0.729,0.321,0.384,0.677,0.39,0.081,0.656,0.459,0.71,0.107,0.149,0.786,0.803,0.779,0.06,0.241,0.307,0.756
0.0,0.81,0.129,0.879,0.273,0.902,0.724,0.459,0.406,0.196,0.822,0.466,0.343,0.06,0.666,0.283,0.479,0.055,0.751,0.407,0.243,0.289,0.424,0.012,0.457,0.731,0.963,0.079,0.45,0.096,0.044,0.838,0.519,0.761,0.66,0.369,0.688,0.351,0.369,0.147,0.98
1.0,0.086,0.485,0.025,0.982,0.575,0.46,0.417,0.115,0.811,0.226,0.332,0.28,0.644,0.262,0.9,0.21,0.376,0.262,0.747,0.169,0.23,0.4,0.186,0.378,0.213,0.538,0.763,0.527,0.456,0.993,0.169,0.806,0.103,0.671,0.29,0.907,0.788,0.086,0.792,0.634
0.0,0.541,0.335,0.822,0.727,0.327,0.81,0.556,0.942,0.875,0.671,0.533,0.718,0.976,0.028,0.589,0.457,0.349,0.401,0.168,0.342,0.952,0.342,0.927,0.242,0.472,0.371,0.379,0.116,0.725,0.539,0.006,0.727,0.814,0.96,0.683,0.379,0.917,0.301,0.52,0.968
1.0,0.949,0.817,0.928,0.638,0.53,0.967,0.773,0.257,0.403,0.59,0.67,0.547,0.669,0.011,0.258,0.419,0.802,0.775,0.889,0.277,0.379,0.266,0.27,0.35,0.48,0.584,0.131,0.341,0.623,0.841,0.697,0.854,0.307,0.134,0.657,0.658,0.523,0.614,0.403,0.306
0.0,0.34,0.673,0.051,0.734,0.108,0.888,0.829,0.025,0.181,0.609,0.172,0.062,0.878,0.225,0.972,0.991,0.604,0.748,0.269,0.633,0.366,0.452,0.933,0.719,0.474,0.162,0.291,0.001,0.867,0.963,0.523,0.288,0.763,0.394,0.653,0.244,0.76,0.627,0.656,0.839
0.0,0.402,0.115,0.351,0.003,0.891,0.864,0.081,0.576,0.023,0.659,0.973,0.874,0.154,0.609,0.737,0.446,0.306,0.586,0.542,0.252,0.149,0.967,0.504,0.271,0.34,0.33,0.133,0.619,0.561,0.73,0.622,0.175,0.959,0.99,0.282,0.613,0.097,0.2,0.615,0.804
0.0,0.414,0.174,0.097,0.91,0.877,0.441,0.667,0.05,0.292,0.999,0.726,0.98,0.593,0.564,0.417,0.229,0.306,0.747,0.852,0.202,0.202,0.001,0.9,0.643,0.385,0.132,0.979,0.673,0.122,0.371,0.372,0.187,0.762,0.956,0.386,0.561,0.798,0.367,0.43,0.278
1.0,0.442,0.383,0.531,0.806,0.219,0.041,0.265,0.611,0.016,0.582,0.719,0.475,0.606,0.032,0.677,0.669,0.097,0.229,0.119,0.92,0.783,0.595,0.587,0.691,0.065,0.959,0.279,0.236,0.967,0.521,0.847,0.59,0.336,0.975,0.055,0.837,0.554,0.003,0.533,0.902
1.0,0.689,0.695,0.211,0.791,0.178,0.575,0.897,0.659,0.111,0.962,0.798,0.698,0.999,0.596,0.653,0.541,0.617,0.655,0.939,0.685,0.936,0.486,0.103,0.378,0.407,0.075,0.312,0.532,0.9,0.829,0.214,0.669,0.828,0.612,0.897,0.145,0.343,0.439,0.131,0.07
1.0,0.142,0.336,0.803,0.903,0.464,0.151,0.044,0.299,0.714,0.321,0.215,0.456,0.403,0.562,0.357,0.526,0.309,0.511,0.378,0.285,0.431,0.295,0.659,0.489,0.666,0.071,0.945,0.657,0.401,0.856,0.121,0.019,0.274,0.784,0.747,0.811,0.657,0.089,0.079,0.785
0.0,0.582,0.283,0.955,0.192,0.075,0.515,0.038,0.457,0.293,0.889,0.031,0.244,0.036,0.65,0.358,0.475,0.151,0.57,0.93,0.174,0.07,0.635,0.912,0.602,0.822,0.021,0.327,0.982,0.576,0.575,0.968,0.475,0.966,0.025,0.75,0.795,0.086,0.993,0.159,0.528
0.0,0.949,0.457,0.613,0.473,0.911,0.849,0.033,0.386,0.919,0.61,0.312,0.806,0.247,0.146,0.906,0.619,0.902,0.318,0.514,0.199,0.931,0.027,0.726,0.529,0.999,0.272,0.945,0.187,0.91,0.664,0.355,0.254,0.693,0.76,0.034,0.98,0.372,0.335,0.708,0.129
0.0,0.84,0.329,0.616,0.464,0.515,0.252,0.969,0.99,0.163,0.18,0.893,0.899,0.218,0.607,0.942,0.491,0.531,0.654,0.525,0.852,0.379,0.422,0.904,0.363,0.454,0.201,0.139,0.601,0.431,0.786,0.226,0.981,0.066,0.243,0.391,0.113,0.493,0.631,0.503,0.965
1.0,0.107,0.055,0.273,0.36,0.27,0.903,0.662,0.484,0.766,0.831,0.062,0.708,0.593,0.764,0.213,0.737,0.552,0.555,0.753,0.289,0.406,0.162,0.176,0.989,0.373,0.887,0.772,0.349,0.227,0.66,0.549,0.711,0.264,0.639,0.031,0.657,0.142,0.117,0.547,0.904
1.0,0.045,0.194,0.745,0.529,0.591,0.206,0.101,0.282,0.308,0.891,0.207,0.765,0.822,0.289,0.031,0.753,0.781,0.272,0.342,0.837,0.162,0.695,0.589,0.148,0.478,0.206,0.092,0.692,0.828,0.162,0.912,0.046,0.275,0.482,0.402,0.315,0.603,0.13,0.856,0.165
0.0,0.281,0.118,0.126,0.066,0.761,0.581,0.312,0.892,0.876,0.63,0.911,0.857,0.045,0.509,0.589,0.767,1.0,0.963,0.396,0.086,0.664,0.794,0.76,0.174,0.005,0.873,0.461,0.466,0.67,0.72,0.816,0.092,0.836,0.278,0.113,0.804,0.198,0.246,0.902,0.206
1.0,0.111,0.573,0.644,0.515,0.004,0.493,0.567,0.997,0.786,0.179,0.578,0.64,0.161,0.98,0.366,0.077,0.979,0.168,0.607,0.013,0.844,0.875,0.018,0.505,0.437,0.57,0.922,0.229,0.05,0.738,0.007,0.255,0.002,0.627,0.584,0.633,0.122,0.949,0.407,0.822
0.0,0.979,0.635,0.182,0.262,0.82,0.552,0.012,0.076,0.09,0.861,0.315,0.921,0.63,0.728,0.832,0.569,0.282,0.928,0.879,0.278,0.323,0.684,0.41,0.495,0.511,0.975,0.607,0.556,0.877,0.892,0.956,0.948,0.26,0.348,0.897,0.243,0.045,0.444,0.92,0.552
1.0,0.499,0.812,0.255,0.029,0.686,0.39,0.053,0.0,0.205,0.42,0.112,0.409,0.294,0.534,0.505,0.78,0.216,0.626,0.168,0.855,0.383,0.215,0.084,0.553,0.779,0.817,0.008,0.434,0.799,0.701,0.885,0.311,0.033,0.59,0.768,0.769,0.129,0.251,0.837,0.304
1.0,0.315,0.967,0.312,0.475,0.609,0.598,0.462,0.996,0.84,0.432,0.005,0.197,0.739,0.093,0.508,0.054,0.338,0.753,0.124,0.923,0.513,0.91,0.692,0.75,0.298,0.736,0.518,0.165,0.38,0.544,0.338,0.749,0.367,0.449,0.018,0.082,0.557,0.463,0.278,0.144
0.0,0.143,0.781,0.065,0.54,0.547,0.346,0.273,0.802,0.38,0.611,0.268,0.127,0.045,0.574,0.818,0.618,0.296,0.125,0.209,0.821,0.014,0.475,0.825,0.715,0.599,0.131,0.711,0.694,0.937,0.938,0.093,0.474,0.121,0.696,0.275,0.839,0.885,0.197,0.966,0.141
1.0,0.765,0.343,0.566,0.577,0.505,0.719,0.994,0.831,0.679,0.595,0.028,0.058,0.735,0.802,0.673,0.154,0.985,0.798,0.832,0.972,0.56,0.578,0.0,0.136,0.398,0.371,0.726,0.911,0.363,0.59,0.698,0.34,0.547,0.503,0.033,0.19,0.494,0.51,0.481,0.992
0.0,0.897,0.441,0.215,0.739,0.823,0.785,0.245,0.887,0.212,0.637,0.272,0.342,0.704,0.081,0.869,0.803,0.781,0.591,0.131,0.644,0.424,0.944,0.884,0.82,0.39,0.579,0.863,0.511,0.986,0.795,0.73,0.429,0.363,0.463,0.652,0.883,0.8,0.035,0.669,0.302
1.0,0.655,0.141,0.216,0.691,0.491,0.436,0.96,0.293,0.211,0.409,0.706,0.537,0.518,0.726,0.53,0.957,0.931,0.923,0.975,0.443,0.704,0.619,0.086,0.489,0.836,0.7,0.164,0.567,0.599,0.262,0.669,0.282,0.34,0.79,0.435,0.945,0.171,0.265,0.221,0.705
1.0,0.5,0.649,0.752,0.279,0.932,0.432,0.395,0.471,0.161,0.669,0.7,0.378,0.0,0.082,0.051,0.903,0.692,0.159,0.546,0.983,0.75,0.481,0.268,0.31,0.703,0.915,0.521,0.159,0.222,0.701,0.844,0.819,0.837,0.266,0.202,0.902,0.594,0.164,0.675,0.395
0.0,0.542,0.845,0.032,0.357,0.582,0.895,0.595,0.293,0.517,0.961,0.782,0.778,0.406,0.578,0.867,0.442,0.033,0.977,0.129,0.034,0.612,0.387,0.042,0.452,0.946,0.449,0.918,0.707,0.93,0.449,0.332,0.764,0.484,0.15,0.23,0.31,0.987,0.44,0.273,0.401
1.0,0.185,0.733,0.098,0.735,0.787,0.716,0.057,0.443,0.101,0.893,0.74,0.535,0.795,0.404,0.215,0.245,0.363,0.591,0.582,0.526,0.102,0.575,0.058,0.712,0.152,0.115,0.654,0.93,0.758,0.546,0.823,0.407,0.669,0.101,0.948,0.455,0.47,0.891,0.962,0.104
0.0,0.796,0.377,0.783,0.939,0.079,0.132,0.632,0.137,0.663,0.518,0.864,0.796,0.951,0.708,0.483,0.887,0.615,0.259,0.558,0.835,0.393,0.514,0.252,0.869,0.301,0.73,0.12,0.352,0.322,0.192,0.144,0.251,0.373,0.918,0.365,0.311,0.485,0.705,0.731,0.89
0.0,0.108,0.092,0.485,0.444,0.913,0.07,0.568,0.89,0.901,0.514,0.922,0.176,0.368,0.081,0.142,0.14,0.588,0.51,0.88,0.826,0.204,0.314,0.6,0.09,0.371,0.54,0.723,0.014,0.172,0.542,0.907,0.145,0.265,0.361,0.521,0.84,0.051,0.067,0.668,0.789
1.0,0.985,0.991,0.499,0.254,0.013,0.633,0.587,0.98,0.159,0.143,0.633,0.009,0.987,0.557,0.454,0.346,0.542,0.125,0.37,0.528,0.697,0.461,0.744,0.603,0.366,0.967,0.268,0.698,0.7,0.617,0.714,0.736,0.012,0.625,0.971,0.142,0.797,0.785,0.601,0.164
0.0,0.413,0.624,0.499,0.206,0.13,0.418,0.662,0.751,0.908,0.114,0.379,0.262,0.944,0.247,0.777,0.832,0.767,0.023,0.011,0.439,0.113,0.026,0.911,0.381,0.2,0.861,0.714,0.738,0.453,0.852,0.088,0.096,0.964,0.074,0.946,0.803,0.868,0.791,0.618,0.893
1.0,0.544,0.357,0.692,0.371,0.606,0.065,0.563,0.243,0.848,0.079,0.276,0.498,0.46,0.629,0.456,0.32,0.297,0.638,0.731,0.815,0.212,0.779,0.184,0.697,0.109,0.014,0.674,0.531,0.313,0.225,0.673,0.964,0.593,0.633,0.065,0.38,0.287,0.021,0.428,0.565
1.0,0.834,0.88,0.413,0.248,0.539,0.858,0.08,0.228,0.357,0.762,0.388,0.177,0.848,0.212,0.962,0.331,0.985,0.398,0.983,0.475,0.898,0.422,0.747,0.594,0.598,0.005,0.722,0.559,0.921,0.471,0.772,0.131,0.303,0.948,0.22,0.774,0.736,0.439,0.691,0.681
0.0,0.692,0.042,0.134,0.479,0.255,0.329,0.107,0.932,0.583,0.708,0.563,0.139,0.165,0.39,0.98,0.306,0.232,0.258,0.552,0.443,0.32,0.415,0.938,0.912,0.817,0.144,0.571,0.011,0.741,0.015,0.888,0.299,0.161,0.805,0.011,0.831,0.022,0.132,0.328,0.914
1.0,0.941,0.96,0.743,0.531,0.368,0.351,0.669,0.58,0.675,0.764,0.672,0.178,0.689,0.076,0.284,0.658,0.725,0.668,0.206,0.2,0.618,0.38,0.3,0.931,0.988,0.965,0.026,0.99,0.021,0.058,0.49,0.833,0.71,0.256,0.888,0.002,0.503,0.778,0.993,0.837
1.0,0.623,0.445,0.711,0.776,0.071,0.507,0.827,0.4,0.479,0.099,0.726,0.289,0.177,0.397,0.224,0.372,0.125,0.769,0.05,0.089,0.997,0.932,0.719,0.707,0.71,0.41,0.447,0.564,0.824,0.999,0.035,0.078,0.83,0.949,0.849,0.121,0.436,0.852,0.153,0.457
1.0,0.857,0.916,0.935,0.77,0.227,0.321,0.978,0.914,0.075,0.809,0.54,0.531,0.844,0.515,0.941,0.4,0.768,0.979,0.417,0.478,0.709,0.314,0.513,0.306,0.124,0.651,0.277,0.695,0.004,0.665,0.193,0.636,0.387,0.854,0.594,0.615,0.485,0.939,0.436,0.852
1.0,0.924,0.161,0.063,0.297,0.236,0.904,0.317,0.385,0.16,0.81,0.231,0.625,0.667,0.826,0.891,0.115,0.001,0.586,0.201,0.968,0.674,0.908,0.615,0.198,0.299,0.97,0.109,0.584,0.664,0.005,0.05,0.95,0.506,0.401,0.418,0.095,0.295,0.418,0.372,0.813
0.0,0.602,0.333,0.037,0.302,0.403,0.906,0.61,0.092,0.157,0.579,0.455,0.981,0.943,0.002,0.069,0.768,0.596,0.28,0.324,0.574,0.699,0.136,0.121,0.169,0.953,0.049,0.986,0.334,0.368,0.666,0.302,0.732,0.057,0.131,0.795,0.604,0.063,0.758,0.437,0.453
1.0,0.397,0.628,0.647,0.339,0.762,0.727,0.508,0.341,0.86,0.12,0.823,0.633,0.507,0.402,0.384,0.697,0.048,0.831,0.28,0.337,0.536,0.541,0.555,0.084,0.956,0.716,0.757,0.331,0.211,0.401,0.195,0.913,0.074,0.163,0.667,0.6,0.368,0.229,0.467,0.897
0.0,0.127,0.649,0.201,0.817,0.867,0.742,0.616,0.901,0.473,0.241,0.907,0.062,0.487,0.005,0.694,0.613,0.663,0.794,0.785,0.015,0.281,0.972,0.526,0.806,0.009,0.145,0.873,0.085,0.874,0.199,0.461,0.326,0.172,0.99,0.646,0.891,0.217,0.154,0.588,0.635
0.0,0.412,0.275,0.636,0.101,0.598,0.37,0.157,0.934,0.821,0.496,0.858,0.878,0.917,0.476,0.82,0.805,0.133,0.571,0.354,0.655,0.969,0.03,0.709,0.342,0.526,0.151,0.039,0.439,0.492,0.717,0.284,0.298,0.791,0.202,0.417,0.677,0.51,0.371,0.135,0.116
1.0,0.19,0.012,0.215,0.087,0.2,0.427,0.411,0.101,0.381,0.841,0.766,0.394,0.552,0.293,0.23,0.331,0.605,0.39,0.123,0.181,0.866,0.933,0.118,0.556,0.934,0.47,0.346,0.381,0.161,0.723,0.703,0.698,0.494,0.605,0.884,0.902,0.703,0.321,0.118,0.508
1.0,0.972,0.894,0.946,0.284,0.064,0.165,0.421,0.838,0.526,0.988,0.846,0.577,0.054,0.991,0.783,0.491,0.919,0.661,0.847,0.342,0.851,0.164,0.268,0.926,0.2,0.835,0.893,0.557,0.551,0.141,0.495,0.159,0.366,0.127,0.608,0.545,0.62,0.705,0.259,0.963
0.0,0.022,0.973,0.339,0.123,0.286,0.289,0.855,0.377,0.033,0.205,0.3,0.016,0.546,0.835,0.541,0.842,0.533,0.661,0.617,0.881,0.279,0.168,0.95,0.004,0.744,0.94,0.892,0.15,0.997,0.853,0.386,0.996,0.518,0.599,0.268,0.398,0.759,0.346,0.086,0.688
1.0,0.734,0.326,0.567,0.18,0.061,0.907,0.458,0.078,0.928,0.36,0.857,0.056,0.096,0.385,0.55,0.931,0.108,0.973,0.295,0.533,0.227,0.198,0.31,0.064,0.232,0.494,0.048,0.004,0.608,0.81,0.242,0.474,0.185,0.083,0.986,0.264,0.85,0.523,0.284,0.511
1.0,0.387,0.088,0.284,0.687,0.214,0.238,0.579,0.636,0.197,0.006,0.217,0.132,0.621,0.898,0.288,0.671,0.6,0.854,0.81,0.955,0.506,0.129,0.577,0.714,0.484,0.244,0.892,0.473,0.834,0.463,0.764,0.292,0.221,0.624,0.232,0.893,0.663,0.398,0.867,0.73
0.0,0.276,0.441,0.234,0.714,0.852,0.255,0.323,0.217,0.705,0.693,0.378,0.172,0.768,0.738,0.26,0.291,0.476,0.462,0.612,0.299,0.342,0.801,0.531,0.461,0.02,0.137,0.134,0.889,0.556,0.321,0.327,0.541,0.107,0.991,0.136,0.719,0.687,0.426,0.969,0.073
1.0,0.509,0.535,0.923,0.372,0.268,0.065,0.818,0.897,0.175,0.011,0.923,0.734,0.531,0.907,0.953,0.551,0.116,0.967,0.928,0.909,0.767,0.362,0.394,0.684,0.136,0.875,0.183,0.01,0.247,0.511,0.794,0.864,0.318,0.815,0.35,0.096,0.452,0.666,0.734,0.376
1.0,0.762,0.803,0.256,0.521,0.709,0.509,0.444,0.293,0.63,0.23,0.495,0.745,0.231,0.487,0.028,0.085,0.554,0.768,0.126,0.248,0.427,0.921,0.225,0.428,0.302,0.928,0.918,0.497,0.145,0.73,0.963,0.23,0.079,0.984,0.878,0.328,0.591,0.691,0.385,0.342
1.0,0.959,0.776,0.914,0.932,0.776,0.391,0.685,0.313,0.36,0.971,0.973,0.14,0.209,0.863,0.059,0.154,0.622,0.134,0.811,0.833,0.289,0.678,0.814,0.145,0.755,0.112,0.535,0.871,0.959,0.082,0.604,0.838,0.636,0.959,0.146,0.631,0.808,0.275,0.267,0.148
0.0,0.162,0.562,0.488,0.949,0.702,0.941,0.929,0.437,0.195,0.297,0.585,0.421,0.634,0.253,0.96,0.195,0.418,0.612,0.041,0.119,0.343,0.297,0.783,0.909,0.657,0.814,0.058,0.061,0.503,0.464,0.649,0.607,0.628,0.661,0.746,0.779,0.949,0.418,0.733,0.125
0.0,0.159,0.346,0.288,0.463,0.606,0.689,0.744,0.074,0.093,0.439,0.855,0.452,0.041,0.229,0.215,0.183,0.412,0.196,0.588,0.739,0.694,0.482,0.992,0.285,0.545,0.702,0.428,0.127,0.894,0.833,0.83,0.117,0.751,0.383,0.173,0.493,0.063,0.918,0.203,0.14
0.0,0.52,0.252,0.659,0.748,0.925,0.124,0.219,0.756,0.546,0.787,0.011,0.332,0.457,0.792,0.087,0.71,0.772,0.05,0.159,0.189,0.405,0.445,0.872,0.186,0.469,0.626,0.25,0.066,0.564,0.69,0.259,0.923,0.545,0.518,0.058,0.739,0.503,0.747,0.666,0.135
0.0,0.964,0.899,0.277,0.087,0.485,0.477,0.804,0.25,0.969,0.161,0.11,0.847,0.151,0.472,0.617,0.364,0.879,0.302,0.149,0.719,0.256,0.454,0.865,0.787,0.161,0.424,0.346,0.43,0.916,0.398,0.806,0.208,0.615,0.41,0.935,0.901,0.293,0.433,0.015,0.427
1.0,0.164,0.353,0.098,0.517,0.798,0.129,0.107,0.784,0.662,0.911,0.809,0.415,0.554,0.052,0.773,0.844,0.185,0.282,0.108,0.016,0.454,0.9,0.239,0.146,0.317,0.698,0.216,0.726,0.095,0.403,0.365,0.335,0.138,0.713,0.798,0.825,0.991,0.93,0.144,0.566
1.0,0.102,0.205,0.123,0.974,0.167,0.073,0.243,0.314,0.595,0.598,0.172,0.668,0.936,0.228,0.751,0.618,0.575,0.649,0.101,0.175,0.788,0.998,0.02,0.168,0.607,0.14,0.934,0.402,0.648,0.511,0.738,0.256,0.649,0.984,0.053,0.195,0.326,0.251,0.932,0.638
0.0,0.931,0.232,0.108,0.106,0.879,0.413,0.114,0.169,0.144,0.233,0.078,0.401,0.767,0.416,0.408,0.397,0.388,0.438,0.07,0.681,0.518,0.82,0.969,0.877,0.479,0.196,0.909,0.708,0.65,0.108,0.933,0.48,0.553,0.797,0.23,0.422,0.367,0.077,0.577,0.968
1.0,0.681,0.479,0.822,0.388,0.586,0.18,0.27,0.761,0.395,0.676,0.344,0.578,0.561,0.161,0.932,0.949,0.263,0.889,0.967,0.001,0.151,0.142,0.233,0.765,0.757,0.272,0.804,0.48,0.72,0.994,0.178,0.112,0.711,0.964,0.898,0.342,0.791,0.013,0.91,0.993
1.0,0.668,0.247,0.581,0.494,0.636,0.548,0.671,0.941,0.446,0.189,0.822,0.555,0.112,0.659,0.987,0.946,0.142,0.591,0.57,0.161,0.112,0.811,0.09,0.801,0.076,0.985,0.763,0.299,0.361,0.768,0.742,0.181,0.503,0.26,0.572,0.63,0.301,0.21,0.2,0.169
1.0,0.592,0.557,0.077,0.114,0.409,0.322,0.17,0.08,0.929,0.44,0.948,0.252,0.322,0.741,0.977,0.267,0.394,0.842,0.358,0.755,0.434,0.508,0.374,0.829,0.622,0.707,0.088,0.51,0.039,0.441,0.877,0.464,0.879,0.732,0.515,0.429,0.886,0.298,0.34,0.046
1.0,0.475,0.454,0.143,0.669,0.446,0.6,0.148,0.271,0.041,0.005,0.113,0.65,0.769,0.644,0.823,0.216,0.484,0.268,0.915,0.894,0.551,0.522,0.455,0.282,0.857,0.415,0.278,0.273,0.535,0.845,0.126,0.392,0.163,0.082,0.509,0.814,0.666,0.603,0.747,0.083
0.0,0.974,0.83,0.382,0.972,0.698,0.007,0.711,0.229,0.919,0.743,0.142,0.749,0.698,0.504,0.853,0.811,0.005,0.59,0.833,0.548,0.836,0.241,0.962,0.417,0.419,0.052,0.211,0.715,0.555,0.318,0.89,0.883,0.776,0.025,0.032,0.451,0.87,0.15,0.116,0.681
1.0,0.217,0.482,0.701,0.9,0.239,0.386,0.094,0.836,0.044,0.39,0.611,0.089,0.353,0.632,0.783,0.759,0.21,0.598,0.524,0.877,0.318,0.912,0.123,0.241,0.049,0.559,0.314,0.589,0.193,0.846,0.803,0.501,0.775,0.521,0.981,0.848,0.56,0.839,0.708,0.816
1.0,0.451,0.948,0.595,0.062,0.554,0.396,0.851,0.942,0.136,0.837,0.65,0.411,0.934,0.534,0.308,0.373,0.112,0.524,0.039,0.875,0.36,0.331,0.338,0.227,0.973,0.476,0.176,0.973,0.707,0.068,0.37,0.765,0.84,0.249,0.547,0.23,0.751,0.842,0.374,0.09
1.0,0.218,0.912,0.225,0.79,0.365,0.464,0.216,0.934,0.826,0.741,0.682,0.429,0.212,0.194,0.273,0.86,0.789,0.452,0.526,0.502,0.981,0.071,0.504,0.28,0.495,0.774,0.743,0.395,0.209,0.113,0.888,0.999,0.243,0.463,0.673,0.881,0.428,0.25,0.212,0.432
1.0,0.788,0.727,0.149,0.53,0.644,0.609,0.156,0.859,0.436,0.644,0.664,0.018,0.167,0.216,0.606,0.06,0.414,0.207,0.541,0.85,0.87,0.126,0.536,0.079,0.752,0.518,0.271,0.346,0.696,0.844,0.575,0.501,0.095,0.945,0.255,0.264,0.794,0.736,0.335,0.241
0.0,0.584,0.747,0.055,0.355,0.218,0.242,0.921,0.896,0.512,0.129,0.433,0.988,0.492,0.923,0.297,0.134,0.239,0.276,0.024,0.659,0.418,0.554,0.539,0.711,0.003,0.165,0.812,0.857,0.85,0.556,0.628,0.771,0.956,0.024,0.218,0.77,0.425,0.876,0.557,0.467
0.0,0.876,0.595,0.02,0.815,0.371,0.626,0.436,0.288,0.128,0.674,0.517,0.846,0.954,0.115,0.488,0.324,0.674,0.208,0.033,0.068,0.823,0.825,0.19,0.911,0.714,0.891,0.251,0.387,0.253,0.839,0.465,0.261,0.897,0.128,0.1,0.373,0.047,0.757,0.195,0.837
1.0,0.487,0.869,0.85,0.23,0.614,0.607,0.809,0.365,0.749,0.636,0.879,0.432,0.779,0.873,0.781,0.236,0.622,0.895,0.282,0.984,0.534,0.867,0.346,0.481,0.449,0.509,0.544,0.37,0.525,0.754,0.653,0.909,0.349,0.986,0.135,0.952,0.66,0.786,0.429,0.573
0.0,0.579,0.443,0.929,0.82,0.598,0.951,0.537,0.468,0.696,0.412,0.467,0.926,0.207,0.551,0.924,0.914,0.359,0.986,0.09,0.786,0.033,0.852,0.002,0.132,0.09,0.022,0.932,0.11,0.712,0.306,0.343,0.652,0.551,0.807,0.095,0.859,0.39,0.936,0.636,0.403
1.0,0.268,0.202,0.852,0.783,0.443,0.024,0.448,0.992,0.643,0.56,0.147,0.066,0.681,0.828,0.174,0.953,0.564,0.199,0.298,0.145,0.821,0.973,0.594,0.189,0.746,0.241,0.174,0.359,0.675,0.974,0.633,0.149,0.317,0.935,0.989,0.434,0.173,0.48,0.957,0.053
1.0,0.271,0.476,0.361,0.532,0.233,0.9,0.284,0.487,0.128,0.544,0.243,0.151,0.345,0.018,0.874,0.271,0.977,0.226,0.729,0.048,0.291,0.979,0.37,0.267,0.796,0.038,0.405,0.704,0.471,0.238,0.64,0.383,0.621,0.538,0.019,0.365,0.901,0.261,0.243,0.826
1.0,0.287,0.787,0.821,0.603,0.468,0.813,0.303,0.006,0.391,0.2,0.958,0.092,0.291,0.93,0.69,0.075,0.101,0.037,0.116,0.147,0.162,0.394,0.384,0.77,0.35,0.082,0.637,0.933,0.96,0.77,0.745,0.318,0.626,0.19,0.99,0.194,0.112,0.457,0.501,0.153
1.0,0.127,0.179,0.199,0.98,0.723,0.73,0.045,0.457,0.341,0.02,0.208,0.611,0.157,0.514,0.339,0.781,0.46,0.134,0.716,0.956,0.185,0.946,0.773,0.309,0.302,0.913,0.138,0.571,0.738,0.77,0.907,0.699,0.607,0.025,0.589,0.245,0.903,0.354,0.739,0.602
0.0,0.137,0.683,0.724,0.094,0.311,0.071,0.847,0.284,0.865,0.711,0.626,0.673,0.14,0.172,0.17,0.527,0.689,0.846,0.222,0.942,0.77,0.379,0.907,0.847,0.833,0.937,0.486,0.794,0.29,0.686,0.901,0.158,0.649,0.749,0.112,0.515,0.554,0.669,0.672,0.509
0.0,0.29,0.91,0.703,0.415,0.075,0.973,0.385,0.43,0.771,0.868,0.942,0.816,0.942,0.064,0.588,0.673,0.822,0.919,0.307,0.171,0.459,0.658,0.225,0.622,0.576,0.152,0.635,0.932,0.421,0.095,0.068,0.39,0.37,0.138,0.89,0.505,0.488,0.875,0.142,0.21
0.0,0.116,0.709,0.274,0.001,0.855,0.878,0.048,0.122,0.942,0.648,0.908,0.68,0.188,0.723,0.491,0.585,0.005,0.56,0.177,0.519,0.774,0.61,0.544,0.084,0.092,0.469,0.208,0.803,0.04,0.104,0.389,0.003,0.2,0.464,0.956,0.453,0.661,0.413,0.643,0.256
0.0,0.254,0.394,0.918,0.656,0.591,0.988,0.058,0.661,0.419,0.338,0.439,0.899,0.642,0.555,0.963,0.847,0.312,0.092,0.433,0.901,0.72,0.445,0.691,0.061,0.283,0.324,0.073,0.239,0.121,0.235,0.606,0.061,0.169,0.862,0.97,0.101,0.1,0.06,0.051,0.189
1.0,0.62,0.123,0.162,0.469,0.773,0.776,0.107,0.252,0.689,0.071,0.141,0.763,0.177,0.59,0.88,0.99,0.82,0.306,0.34,0.365,0.845,0.484,0.325,0.908,0.519,0.435,0.71,0.143,0.893,0.843,0.926,0.263,0.924,0.541,0.218,0.678,0.253,0.699,0.292,0.159
0.0,0.603,0.628,0.734,0.796,0.955,0.468,0.278,0.4,0.336,0.857,0.515,0.741,0.796,0.694,0.943,0.627,0.777,0.257,0.354,0.218,0.928,0.371,0.817,0.818,0.9,0.504,0.654,0.064,0.425,0.122,0.587,0.842,0.088,0.482,0.927,0.575,0.428,0.815,0.486,0.876
1.0,0.216,0.418,0.517,0.52,0.561,0.117,0.147,0.436,0.707,0.691,0.771,0.428,0.293,0.833,0.309,0.844,0.919,0.833,0.662,0.063,0.219,0.34,0.571,0.774,0.349,0.142,0.006,0.966,0.913,0.26,0.678,0.021,0.906,0.857,0.472,0.583,0.055,0.83,0.6,0.755
1.0,0.576,0.928,0.937,0.787,0.057,0.043,0.825,0.232,0.566,0.363,0.738,0.154,0.587,0.349,0.155,0.341,0.178,0.452,0.222,0.28,0.666,0.702,0.236,0.551,0.374,0.438,0.587,0.822,0.861,0.702,0.288,0.264,0.322,0.127,0.494,0.729,0.801,0.324,0.548,0.816
0.0,0.13,0.714,0.988,0.383,0.16,0.534,0.866,0.382,0.99,0.066,0.536,0.891,0.623,0.683,0.074,0.248,0.303,0.65,0.436,0.25,0.021,0.505,0.242,0.81,0.574,0.318,0.089,0.412,0.148,0.435,0.721,0.603,0.136,0.345,0.877,0.944,0.983,0.89,0.327,0.929
0.0,0.255,0.404,0.769,0.169,0.197,0.276,0.898,0.183,0.324,0.881,0.07,0.885,0.636,0.439,0.732,0.87,0.633,0.151,0.024,0.33,0.687,0.709,0.182,0.131,0.347,0.206,0.513,0.672,0.779,0.007,0.426,0.154,0.314,0.157,0.178,0.247,0.609,0.424,0.031,0.267
1.0,0.98,0.297,0.301,0.137,0.653,0.6,0.176,0.51,0.305,0.299,0.065,0.559,0.758,0.69,0.067,0.736,0.853,0.289,0.5,0.221,0.092,0.278,0.32,0.021,0.338,0.883,0.495,0.795,0.454,0.676,0.022,0.709,0.631,0.292,0.112,0.276,0.692,0.844,0.456,0.606
0.0,0.317,0.67,0.106,0.377,0.463,0.43,0.449,0.394,0.063,0.657,0.834,0.945,0.373,0.447,0.244,0.016,0.415,0.719,0.216,0.188,0.432,0.834,0.264,0.173,0.328,0.255,0.484,0.165,0.703,0.326,0.205,0.349,0.531,0.928,0.271,0.728,0.211,0.801,0.464,0.244
0.0,0.772,0.128,0.478,0.885,0.851,0.861,0.709,0.634,0.25,0.787,0.495,0.181,0.759,0.208,0.351,0.531,0.264,0.936,0.211,0.265,0.993,0.812,0.907,0.643,0.748,0.672,0.734,0.877,0.758,0.56,0.62,0.788,0.247,0.759,0.334,0.871,0.844,0.598,0.061,0.883
0.0,0.62,0.692,0.855,0.711,0.866,0.224,0.642,0.638,0.536,0.59,0.542,0.521,0.958,0.571,0.425,0.276,0.312,0.206,0.613,0.153,0.993,0.605,0.143,0.823,0.694,0.096,0.732,0.598,0.916,0.551,0.519,0.612,0.476,0.496,0.702,0.126,0.969,0.476,0.969,0.699
0.0,0.617,0.377,0.048,0.737,0.346,0.938,0.944,0.742,0.518,0.915,0.486,0.94,0.633,0.394,0.501,0.708,0.244,0.854,0.165,0.3,0.561,0.428,0.486,0.555,0.777,0.886,0.287,0.338,0.127,0.739,0.113,0.819,0.752,0.678,0.779,0.563,0.042,0.765,0.192,0.058
0.0,0.581,0.763,0.119,0.817,0.061,0.266,0.742,0.63,0.708,0.786,0.577,0.853,0.399,0.88,0.246,0.056,0.409,0.426,0.942,0.988,0.96,0.201,0.866,0.047,0.857,0.133,0.96,0.406,0.64,0.763,0.611,0.083,0.004,0.37,0.924,0.362,0.884,0.766,0.456,0.279
1.0,0.094,0.232,0.844,0.708,0.415,0.979,0.372,0.055,0.789,0.428,0.863,0.446,0.04,0.598,0.14,0.309,0.976,0.58,0.718,0.217,0.548,0.784,0.029,0.456,0.904,0.458,0.724,0.442,0.444,0.662,0.178,0.129,0.984,0.971,0.519,0.418,0.621,0.152,0.393,0.779
0.0,0.829,0.772,0.116,0.908,0.907,0.711,0.515,0.6,0.077,0.878,0.937,0.969,0.749,0.1,0.48,0.163,0.394,0.401,0.474,0.007,0.977,0.363,0.049,0.62,0.923,0.179,0.28,0.83,0.2,0.995,0.47,0.073,0.604,0.584,0.093,0.964,0.642,0.942,0.808,0.164
1.0,0.844,0.835,0.87,0.419,0.247,0.855,0.758,0.022,0.685,0.909,0.577,0.668,0.57,0.251,0.125,0.975,0.731,0.487,0.839,0.421,0.424,0.417,0.711,0.921,0.938,0.513,0.813,0.426,0.574,0.937,0.399,0.067,0.092,0.256,0.242,0.631,0.993,0.693,0.774,0.738
0.0,0.647,0.57,0.331,0.026,0.504,0.032,0.709,0.87,0.66,0.276,0.147,0.024,0.985,0.449,0.022,0.086,0.912,0.889,0.013,0.048,0.143,0.841,0.096,0.691,0.252,0.505,0.983,0.7,0.084,0.089,0.037,0.857,0.196,0.296,0.677,0.424,0.148,0.227,0.285,0.265
0.0,0.027,0.963,0.878,0.323,0.499,0.134,0.462,0.544,0.541,0.155,0.785,0.934,0.816,0.978,0.829,0.747,0.693,0.679,0.448,0.822,0.815,0.163,0.089,0.228,0.939,0.851,0.475,0.452,0.831,0.935,0.607,0.23,0.071,0.058,0.318,0.08,0.733,0.559,0.279,0.576
1.0,0.094,0.515,0.492,0.587,0.334,0.832,0.307,0.989,0.408,0.91,0.171,0.236,0.063,0.56,0.528,0.01,0.412,0.982,0.298,0.132,0.789,0.886,0.457,0.259,0.875,0.264,0.231,0.365,0.409,0.667,0.319,0.855,0.23,0.333,0.856,0.063,0.068,0.457,0.163,0.237
1.0,0.821,0.963,0.499,0.744,0.202,0.926,0.616,0.28,0.109,0.226,0.881,0.098,0.117,0.047,0.08,0.973,0.889,0.138,0.372,0.878,0.286,0.157,0.161,0.304,0.889,0.313,0.617,0.098,0.207,0.18,0.174,0.099,0.412,0.746,0.271,0.157,0.729,0.147,0.164,0.529
1.0,0.098,0.711,0.562,0.755,0.525,0.476,0.197,0.123,0.562,0.327,0.297,0.202,0.476,0.388,0.386,0.021,0.797,0.989,0.221,0.534,0.979,0.471,0.156,0.611,0.235,0.496,0.903,0.781,0.948,0.272,0.871,0.287,0.887,0.327,0.954,0.243,0.884,0.623,0.027,0.143
0.0,0.849,0.08,0.807,0.04,0.8,0.477,0.083,0.108,0.15,0.087,0.337,0.887,0.123,0.758,0.19,0.919,0.651,0.21,0.484,0.139,0.656,0.972,0.656,0.067,0.331,0.73,0.438,0.853,0.319,0.7,0.89,0.219,0.1,0.552,0.089,0.999,0.916,0.267,0.024,0.47
1.0,0.901,0.396,0.03,0.421,0.064,0.546,0.706,0.447,0.599,0.2,0.389,0.497,0.661,0.366,0.463,0.762,0.84,0.306,0.164,1.0,0.255,0.289,0.642,0.419,0.418,0.014,0.029,0.245,0.998,0.749,0.556,0.224,0.078,0.723,0.492,0.31,0.688,0.622,0.091,0.748
1.0,0.437,0.508,0.13,0.237,0.131,0.703,0.984,0.675,0.123,0.985,0.614,0.606,0.104,0.162,0.2,0.966,0.914,0.254,0.175,0.966,0.137,0.591,0.244,0.965,0.446,0.663,0.865,0.943,0.014,0.606,0.271,0.445,0.511,0.872,0.987,0.452,0.138,0.466,0.914,0.174
0.0,0.628,0.721,0.568,0.233,0.2,0.905,0.019,0.054,0.669,0.909,0.718,0.434,0.659,0.833,0.048,0.162,0.315,0.808,0.745,0.034,0.317,0.35,0.987,0.509,0.502,0.26,0.585,0.673,0.494,0.575,0.435,0.378,0.689,0.906,0.369,0.683,0.917,0.567,0.572,0.249
0.0,0.967,0.95,0.546,0.014,0.518,0.019,0.452,0.912,0.928,0.833,0.306,0.455,0.62,0.541,0.224,0.461,0.783,0.578,0.203,0.215,0.014,0.508,0.417,0.667,0.459,0.086,0.943,0.97,0.786,0.64,0.265,0.754,0.853,0.791,0.29,0.755,0.808,0.721,0.254,0.674
1.0,0.925,0.096,0.642,0.097,0.495,0.294,0.408,0.777,0.049,0.341,0.881,0.41,0.386,0.362,0.116,0.327,0.701,0.172,0.581,0.581,0.909,0.963,0.672,0.021,0.961,0.582,0.221,0.179,0.456,0.16,0.83,0.133,0.02,0.477,0.873,0.5,0.768,0.935,0.639,0.479
1.0,0.308,0.535,0.885,0.264,0.012,0.697,0.166,0.684,0.952,0.182,0.22,0.635,0.003,0.45,0.179,0.723,0.288,0.475,0.824,0.303,0.978,0.46,0.777,0.266,0.466,0.445,0.092,0.794,0.47,0.785,0.896,0.472,0.591,0.272,0.849,0.334,0.696,0.246,0.798,0.67
1.0,0.022,0.844,0.654,0.412,0.784,0.388,0.583,0.986,0.535,0.139,0.389,0.369,0.859,0.955,0.907,0.684,0.481,0.202,0.594,0.604,0.01,0.644,0.685,0.386,0.51,0.618,0.389,0.483,0.671,0.688,0.54,0.923,0.132,0.882,0.827,0.053,0.402,0.558,0.123,0.764
0.0,0.751,0.059,0.718,0.444,0.653,0.229,0.788,0.747,0.522,0.768,0.717,0.92,0.052,0.402,0.829,0.996,0.756,0.468,0.212,0.566,0.314,0.193,0.761,0.22,0.049,0.336,0.735,0.932,0.801,0.123,0.709,0.004,0.432,0.312,0.585,0.824,0.812,0.347,0.145,0.95
0.0,0.483,0.564,0.234,0.146,0.382,0.56,0.238,0.429,0.005,0.788,0.166,0.342,0.298,0.601,0.503,0.037,0.317,0.461,0.713,0.251,0.753,0.718,0.932,0.975,0.329,0.794,0.993,0.89,0.11,0.008,0.497,0.105,0.362,0.965,0.4,0.358,0.953,0.566,0.466,0.142
1.0,0.582,0.852,0.881,0.864,0.27,0.979,0.209,0.006,0.458,0.379,0.059,0.284,0.812,0.432,0.289,0.518,0.771,0.737,0.301,0.318,0.148,0.525,0.222,0.582,0.206,0.772,0.632,0.52,0.573,0.164,0.682,0.804,0.389,0.743,0.381,0.731,0.523,0.756,0.348,0.729
1.0,0.288,0.292,0.233,0.874,0.398,0.815,0.904,0.407,0.351,0.204,0.878,0.1,0.738,0.656,0.792,0.639,0.06,0.942,0.365,0.305,0.678,0.103,0.522,0.418,0.298,0.838,0.288,0.414,0.171,0.589,0.457,0.803,0.508,0.202,0.879,0.578,0.588,0.398,0.531,0.294
0.0,0.161,0.02,0.753,0.593,0.399,0.727,0.984,0.691,0.33,0.144,0.262,0.306,0.454,0.319,0.571,0.583,0.398,0.85,0.949,0.549,0.276,0.828,0.648,0.574,0.738,0.513,0.319,0.391,0.438,0.075,0.579,0.116,0.063,0.187,0.757,0.89,0.66,0.948,0.522,0.149
0.0,0.341,0.585,0.223,0.747,0.796,0.012,0.188,0.311,0.735,0.062,0.153,0.884,0.589,0.96,0.934,0.723,0.135,0.948,0.147,0.696,0.884,0.89,0.182,0.537,0.707,0.565,0.123,0.27,0.958,0.814,0.963,0.91,0.96,0.581,0.495,0.637,0.562,0.19,0.124,0.309
0.0,0.018,0.889,0.022,0.608,0.987,0.203,0.642,0.246,0.918,0.569,0.49,0.97,0.153,0.574,0.441,0.478,0.524,0.155,0.573,0.273,0.186,0.75,0.412,0.206,0.605,0.489,0.703,0.386,0.106,0.999,0.108,0.707,0.521,0.07,0.973,0.18,0.683,0.546,0.989,0.62
1.0,0.893,0.41,0.217,0.341,0.244,0.435,0.785,0.224,0.152,0.797,0.687,0.307,0.515,0.094,0.769,0.095,0.811,0.896,0.581,0.232,0.296,0.609,0.782,0.647,0.632,0.154,0.297,0.708,0.015,0.029,0.756,0.207,0.956,0.811,0.967,0.681,0.224,0.741,0.808,0.406
0.0,0.729,0.804,0.274,0.727,0.891,0.342,0.656,0.442,0.887,0.604,0.73,0.418,0.786,0.764,0.043,0.494,0.347,0.507,0.803,0.706,0.151,0.739,0.353,0.238,0.051,0.555,0.133,0.28,0.219,0.762,0.891,0.911,0.369,0.606,0.91,0.696,0.154,0.344,0.635,0.561
0.0,0.146,0.768,0.896,0.541,0.643,0.869,0.94,0.356,0.919,0.081,0.159,0.792,0.297,0.928,0.813,0.329,0.259,0.307,0.654,0.496,0.487,0.595,0.153,0.174,0.266,0.002,0.71,0.593,0.219,0.158,0.588,0.543,0.974,0.794,0.89,0.25,0.807,0.679,0.749,0.186
1.0,0.204,0.346,0.247,0.422,0.854,0.255,0.634,0.423,0.988,0.065,0.782,0.466,0.728,0.295,0.383,0.706,0.365,0.983,0.178,0.451,0.626,0.797,0.032,0.731,0.591,0.619,0.512,0.774,0.505,0.229,0.693,0.589,0.573,0.32,0.929,0.699,0.954,0.881,0.749,0.746
1.0,0.155,0.172,0.889,0.9,0.964,0.726,0.285,0.491,0.562,0.563,0.855,0.322,0.555,0.221,0.939,0.477,0.158,0.824,0.202,0.841,0.852,0.444,0.214,0.414,0.991,0.542,0.692,0.714,0.149,0.867,0.833,0.356,0.459,0.595,0.92,0.059,0.764,0.45,0.174,0.731
1.0,0.218,0.318,0.488,0.415,0.831,0.98,0.135,0.16,0.142,0.066,0.216,0.503,0.349,0.61,0.123,0.126,0.146,0.456,0.592,0.534,0.429,0.402,0.289,0.766,0.124,0.742,0.96,0.04,0.805,0.49,0.747,0.091,0.763,0.238,0.795,0.506,0.415,0.394,0.019,0.962
1.0,0.294,0.606,0.529,0.201,0.012,0.657,0.946,0.566,0.354,0.819,0.076,0.603,0.037,0.983,0.725,0.149,0.412,0.672,0.819,0.111,0.497,0.865,0.287,0.357,0.146,0.774,0.084,0.84,0.27,0.688,0.722,0.36,0.4,0.237,0.475,0.169,0.505,0.684,0.748,0.138
0.0,0.102,0.546,0.842,0.682,0.98,0.646,0.058,0.032,0.46,0.623,0.24,0.309,0.641,0.213,0.466,0.194,0.346,0.009,0.158,0.436,0.579,0.507,0.894,0.313,0.418,0.069,0.219,0.603,0.015,0.415,0.667,0.401,0.083,0.404,0.877,0.098,0.942,0.732,0.3,0.993
0.0,0.964,0.895,0.174,0.468,0.982,0.032,0.298,0.095,0.731,0.841,0.252,0.079,0.001,0.463,0.437,0.927,0.176,0.876,0.958,0.925,0.682,0.602,0.948,0.45,0.051,0.117,0.105,0.839,0.842,0.456,0.053,0.609,0.631,0.924,0.575,0.779,0.547,0.792,0.857,0.178
0.0,0.241,0.839,0.747,0.002,0.014,0.902,0.252,0.587,0.706,0.943,0.551,0.872,0.602,0.882,0.007,0.845,0.829,0.752,0.83,0.843,0.342,0.603,0.21,0.052,0.977,0.118,0.964,0.358,0.749,0.115,0.68,0.739,0.744,0.944,0.54,0.346,0.69,0.492,0.776,0.378
0.0,0.328,0.342,0.762,0.785,0.997,0.199,0.822,0.908,0.207,0.683,0.045,0.29,0.403,0.551,0.479,0.802,0.617,0.765,0.643,0.448,0.673,0.872,0.802,0.56,0.793,0.026,0.317,0.837,0.638,0.239,0.5,0.134,0.925,0.416,0.901,0.88,0.327,0.569,0.126,0.174
0.0,0.617,0.901,0.205,0.767,0.928,0.176,0.391,0.927,0.2,0.774,0.547,0.882,0.215,0.217,0.006,0.439,0.864,0.223,0.119,0.631,0.667,0.112,0.432,0.258,0.491,0.621,0.826,0.397,0.423,0.993,0.215,0.604,0.407,0.146,0.493,0.195,0.093,0.106,0.234,0.749
0.0,0.762,0.588,0.182,0.791,0.237,0.773,0.323,0.142,0.652,0.456,0.928,0.451,0.36,0.368,0.925,0.315,0.521,0.961,0.752,0.111,0.991,0.326,0.883,0.944,0.512,0.523,0.873,0.481,0.356,0.575,0.56,0.519,0.317,0.153,0.389,0.113,0.168,0.988,0.081,0.187
1.0,0.325,0.951,0.934,0.912,0.228,0.192,0.901,0.113,0.242,0.297,0.034,0.624,0.659,0.582,0.146,0.722,0.592,0.014,0.977,0.338,0.577,0.244,0.251,0.678,0.064,0.059,0.418,0.606,0.65,0.249,0.222,0.434,0.07,0.277,0.138,0.213,0.381,0.485,0.217,0.077
0.0,0.587,0.057,0.928,0.749,0.114,0.512,0.904,0.281,0.046,0.25,0.669,0.732,0.581,0.011,0.157,0.48,0.61,0.167,0.498,0.124,0.757,0.721,0.19,0.979,0.25,0.218,0.056,0.122,0.619,0.043,0.241,0.593,0.211,0.325,0.72,0.106,0.872,0.31,0.372,0.817
1.0,0.005,0.991,0.102,0.072,0.766,0.587,0.893,0.874,0.394,0.747,0.642,0.328,0.151,0.002,0.133,0.314,0.056,0.108,0.498,0.605,0.757,0.527,0.201,0.494,0.945,0.875,0.948,0.147,0.599,0.535,0.765,0.978,0.858,0.655,0.0,0.115,0.126,0.839,0.626,0.267
0.0,0.003,0.546,0.123,0.037,0.902,0.383,0.413,0.828,0.828,0.087,0.325,0.552,0.67,0.591,0.38,0.281,0.284,0.81,0.95,0.843,0.57,0.005,0.827,0.727,0.448,0.636,0.407,0.902,0.97,0.418,0.614,0.913,0.544,0.393,0.749,0.261,0.019,0.646,0.574,0.503
0.0,0.136,0.697,0.664,0.051,0.75,0.984,0.232,0.979,0.216,0.189,0.602,0.852,0.017,0.671,0.343,0.43,0.029,0.609,0.72,0.982,0.835,0.707,0.178,0.689,0.676,0.898,0.697,0.624,0.14,0.122,0.037,0.81,0.645,0.834,0.87,0.119,0.123,0.294,0.398,0.935
1.0,0.569,0.17,0.432,0.727,0.447,0.388,0.386,0.724,0.804,0.53,0.803,0.143,0.232,0.991,0.791,0.959,0.431,0.056,0.921,0.597,0.49,0.883,0.913,0.382,0.299,0.055,0.9,0.066,0.225,0.794,0.926,0.759,0.4,0.032,0.383,0.663,0.729,0.791,0.546,0.901
0.0,0.821,0.786,0.464,0.975,0.198,0.019,0.856,0.07,0.528,0.995,0.892,0.142,0.13,0.311,0.91,0.716,0.844,0.178,0.461,0.049,0.691,0.758,0.814,0.867,0.193,0.005,0.929,0.524,0.511,0.402,0.315,0.047,0.74,0.572,0.434,0.767,0.093,0.505,0.284,0.946
1.0,0.176,0.908,0.907,0.233,0.619,0.342,0.878,0.302,0.651,0.747,0.982,0.331,0.644,0.821,0.392,0.714,0.349,0.47,0.154,0.115,0.001,0.599,0.695,0.621,0.341,0.412,0.137,0.251,0.861,0.112,0.858,0.786,0.808,0.671,0.25,0.783,0.406,0.919,0.516,0.543
0.0,0.128,0.479,0.884,0.591,0.872,0.103,0.371,0.421,0.194,0.555,0.664,0.549,0.66,0.312,0.266,0.109,0.249,0.844,0.645,0.11,0.494,0.053,0.917,0.264,0.578,0.294,0.772,0.141,0.604,0.123,0.671,0.452,0.154,0.635,0.593,0.821,0.429,0.06,0.637,0.61
0.0,0.248,0.171,0.791,0.239,0.073,0.221,0.381,0.385,0.867,0.344,0.734,0.99,0.477,0.389,0.278,0.238,0.658,0.242,0.618,0.159,0.039,0.372,0.23,0.092,0.754,0.645,0.801,0.312,0.553,0.464,0.429,0.267,0.899,0.926,0.83,0.12,0.649,0.291,0.626,0.994
0.0,0.985,0.539,0.087,0.652,0.029,0.396,0.475,0.49,0.234,0.284,0.721,0.94,0.771,0.958,0.41,0.752,0.181,0.09,0.909,0.931,0.529,0.78,0.071,0.391,0.626,0.954,0.853,0.864,0.275,0.58,0.652,0.161,0.689,0.363,0.787,0.462,0.522,0.084,0.743,0.096
0.0,0.234,0.062,0.512,0.931,0.873,0.399,0.68,0.702,0.326,0.639,0.285,0.512,0.599,0.829,0.072,0.31,0.55,0.115,0.493,0.771,0.802,0.997,0.802,0.569,0.694,0.539,0.156,0.699,0.651,0.181,0.059,0.653,0.707,0.935,0.907,0.025,0.462,0.89,0.372,0.398
0.0,0.459,0.482,0.687,0.818,0.973,0.816,0.652,0.907,0.749,0.12,0.299,0.724,0.835,0.495,0.285,0.366,0.805,0.177,0.762,0.189,0.41,0.287,0.638,0.22,0.073,0.24,0.133,0.868,0.783,0.567,0.746,0.681,0.038,0.129,0.283,0.01,0.697,0.74,0.576,0.496
0.0,0.966,0.623,0.715,0.32,0.999,0.442,0.294,0.69,0.762,0.263,0.315,0.67,0.143,0.673,0.47,0.322,0.301,0.438,0.914,0.858,0.844,0.131,0.157,0.0,0.35,0.298,0.579,0.215,0.845,0.774,0.759,0.997,0.149,0.008,0.106,0.518,0.475,0.556,0.895,0.476
0.0,0.522,0.493,0.422,0.299,0.601,0.127,0.155,0.031,0.71,0.037,0.778,0.971,0.328,0.264,0.198,0.617,0.835,0.987,0.465,0.951,0.669,0.58,0.883,0.496,0.051,0.069,0.901,0.294,0.495,0.034,0.653,0.607,0.008,0.568,0.538,0.977,0.991,0.135,0.676,0.741
0.0,0.353,0.79,0.469,0.696,0.699,0.726,0.215,0.404,0.194,0.187,0.406,0.478,0.294,0.206,0.361,0.355,0.615,0.304,0.983,0.224,0.936,0.184,0.875,0.514,0.619,0.156,0.193,0.206,0.876,0.465,0.82,0.923,0.197,0.352,0.095,0.821,0.57,0.646,0.602,0.199
1.0,0.81,0.901,0.884,0.269,0.143,0.783,0.012,0.752,0.668,0.565,0.88,0.764,0.722,0.588,0.722,0.455,0.613,0.35,0.127,0.861,0.469,0.485,0.107,0.42,0.582,0.121,0.738,0.002,0.399,0.616,0.557,0.678,0.175,0.813,0.623,0.58,0.41,0.772,0.303,0.65
0.0,0.409,0.672,0.894,0.199,0.679,0.88,0.995,0.511,0.531,0.433,0.609,0.094,0.095,0.858,0.029,0.138,0.663,0.065,0.666,0.479,0.333,0.056,0.813,0.032,0.562,0.048,0.732,0.334,0.16,0.56,0.379,0.769,0.166,0.252,0.65,0.621,0.955,0.442,0.125,0.769
1.0,0.945,0.985,0.856,0.521,0.127,0.508,0.111,0.03,0.012,0.748,0.03,0.011,0.063,0.553,0.316,0.36,0.2,0.106,0.744,0.743,0.14,0.462,0.019,0.501,0.845,0.871,0.012,0.675,0.411,0.079,0.837,0.268,0.339,0.865,0.345,0.962,0.441,0.782,0.794,0.751
0.0,0.415,0.567,0.81,0.235,0.483,0.482,0.743,0.608,0.504,0.236,0.742,0.518,0.811,0.841,0.426,0.979,0.891,0.003,0.332,0.385,0.959,0.393,0.97,0.653,0.469,0.624,0.685,0.163,0.5,0.643,0.979,0.641,0.82,0.562,0.206,0.383,0.111,0.568,0.155,0.932
1.0,0.882,0.161,0.572,0.453,0.129,0.011,0.297,0.299,0.39,0.6,0.031,0.477,0.955,0.201,0.73,0.257,0.595,0.763,0.369,0.863,0.363,0.747,0.51,0.762,0.057,0.591,0.182,0.2,0.618,0.085,0.796,0.181,0.98,0.806,0.183,0.758,0.007,0.998,0.863,0.629
0.0,0.846,0.752,0.552,0.051,0.605,0.002,0.412,0.452,0.858,0.239,0.15,0.931,0.11,0.137,0.031,0.696,0.326,0.062,0.998,0.979,0.516,0.487,0.27,0.601,0.548,0.128,0.411,0.477,0.807,0.998,0.098,0.073,0.605,0.614,0.88,0.838,0.022,0.068,0.26,0.287
1.0,0.138,0.535,0.639,0.757,0.79,0.535,0.605,0.444,0.66,0.744,0.628,0.327,0.591,0.374,0.194,0.835,0.059,0.79,0.256,0.319,0.617,0.284,0.56,0.261,0.953,0.854,0.393,0.823,0.124,0.686,0.607,0.726,0.937,0.402,0.905,0.081,0.121,0.627,0.102,0.944
1.0,0.481,0.299,0.96,0.766,0.628,0.771,0.062,0.365,0.042,0.73,0.486,0.117,0.047,0.646,0.59,0.791,0.94,0.91,0.526,0.295,0.805,0.138,0.012,0.094,0.218,0.491,0.518,0.219,0.504,0.937,0.949,0.108,0.648,0.066,0.713,0.779,0.342,0.601,0.38,0.529
1.0,0.553,0.683,0.398,0.452,0.655,0.693,0.522,0.314,0.18,0.308,0.293,0.514,0.421,0.232,0.901,0.692,0.143,0.135,0.111,0.451,0.15,0.184,0.49,0.454,0.236,0.048,0.595,0.167,0.34,0.143,0.728,0.253,0.192,0.907,0.578,0.305,0.081,0.456,0.946,0.766
0.0,0.792,0.727,0.18,0.507,0.864,0.711,0.821,0.7,0.856,0.057,0.09,0.593,0.98,0.341,0.301,0.576,0.306,0.228,0.776,0.322,0.411,0.658,0.529,0.119,0.862,0.828,0.325,0.002,0.012,0.255,0.872,0.09,0.194,0.744,0.844,0.312,0.858,0.408,0.408,0.765
0.0,0.737,0.991,0.424,0.709,0.748,0.121,0.682,0.867,0.336,0.684,0.012,0.893,0.458,0.474,0.947,0.3,0.105,0.604,0.249,0.412,0.77,0.055,0.677,0.588,0.706,0.79,0.425,0.026,0.108,0.106,0.22,0.791,0.73,0.539,0.447,0.71,0.852,0.064,0.862,0.049
1.0,0.417,0.975,0.564,0.282,0.76,0.584,0.532,0.174,0.207,0.82,0.895,0.408,0.76,0.228,0.024,0.11,0.753,0.874,0.605,0.746,0.683,0.73,0.316,0.922,0.101,0.28,0.7,0.125,0.453,0.792,0.622,0.546,0.548,0.409,0.73,0.638,0.437,0.292,0.11,0.823
0.0,0.461,0.344,0.222,0.372,0.885,0.101,0.671,0.547,0.034,0.929,0.352,0.185,0.177,0.343,0.626,0.946,0.175,0.427,0.015,0.176,0.506,0.915,0.006,0.24,0.261,0.19,0.037,0.777,0.115,0.037,0.019,0.554,0.05,0.884,0.41,0.775,0.153,0.436,0.258,0.992
0.0,0.354,0.91,0.63,0.295,0.599,0.785,0.245,0.408,0.616,0.057,0.737,0.94,0.977,0.125,0.091,0.823,0.197,0.956,0.053,0.005,0.079,0.304,0.636,0.471,0.411,0.105,0.914,0.144,0.606,0.297,0.905,0.239,0.191,0.299,0.119,0.591,0.348,0.975,0.807,0.638
0.0,0.496,0.328,0.397,0.427,0.052,0.786,0.086,0.731,0.258,0.787,0.055,0.914,0.773,0.442,0.71,0.553,0.971,0.324,0.838,0.364,0.392,0.891,0.692,0.41,0.891,0.166,0.107,0.492,0.183,0.017,0.026,0.22,0.711,0.194,0.744,0.55,0.022,0.059,0.413,0.508
1.0,0.614,0.576,0.172,0.386,0.737,0.443,0.507,0.175,0.674,0.862,0.391,0.195,0.387,0.254,0.456,0.57,0.775,0.205,0.321,0.14,0.922,0.852,0.628,0.512,0.269,0.093,0.354,0.024,0.651,0.945,0.147,0.517,0.942,0.815,0.185,0.806,0.812,0.204,0.68,0.268
0.0,0.628,0.662,0.812,0.65,0.097,0.988,0.61,0.06,0.899,0.663,0.072,0.967,0.714,0.393,0.608,0.138,0.284,0.702,0.945,0.504,0.945,0.711,0.001,0.343,0.503,0.884,0.406,0.177,0.744,0.936,0.153,0.74,0.028,0.548,0.289,0.149,0.281,0.529,0.226,0.947
0.0,0.761,0.331,0.96,0.234,0.135,0.284,0.212,0.356,0.613,0.286,0.389,0.584,0.813,0.255,0.043,0.066,0.712,0.224,0.971,0.503,0.863,0.339,0.706,0.523,0.036,0.89,0.099,0.06,0.398,0.949,0.19,0.237,0.838,0.6,0.235,0.75,0.126,0.117,0.833,0.557
1.0,0.171,0.627,0.435,0.226,0.052,0.296,0.351,0.662,0.404,0.859,0.015,0.085,0.101,0.499,0.424,0.844,0.202,0.523,0.083,0.64,0.623,0.007,0.28,0.414,0.353,0.369,0.825,0.075,0.963,0.309,0.766,0.22,0.399,0.908,0.19,0.39,0.002,0.434,0.826,0.853
1.0,0.958,0.655,0.344,0.104,0.837,0.64,0.665,0.865,0.772,0.625,0.895,0.299,0.156,0.813,0.581,0.53,0.585,0.705,0.215,0.672,0.335,0.655,0.67,0.281,0.519,0.466,0.814,0.456,0.442,0.848,0.646,0.064,0.057,0.799,0.477,0.783,0.13,0.207,0.563,0.455
0.0,0.489,0.172,0.482,0.836,0.755,0.485,0.93,0.962,0.914,0.241,0.823,0.967,0.104,0.932,0.643,0.856,0.443,0.331,0.275,0.078,0.049,0.684,0.222,0.737,0.737,0.851,0.939,0.161,0.135,0.77,0.697,0.289,0.136,0.732,0.72,0.109,0.378,0.858,0.222,0.055
0.0,0.995,0.983,0.377,0.079,0.771,0.189,0.511,0.615,0.676,0.354,0.507,0.462,0.283,0.976,0.61,0.811,0.668,0.425,0.716,0.266,0.559,0.358,0.835,0.708,0.179,0.401,0.917,0.655,0.214,0.218,0.214,0.042,0.533,0.799,0.465,0.381,0.091,0.626,0.778,0.437
1.0,0.998,0.658,0.898,0.732,0.685,0.099,0.157,0.787,0.561,0.061,0.595,0.081,0.67,0.861,0.327,0.539,0.39,0.22,0.103,0.162,0.543,0.939,0.405,0.304,0.578,0.793,0.025,0.864,0.947,0.36,0.127,0.816,0.158,0.557,0.495,0.126,0.756,0.864,0.721,0.246
0.0,0.861,0.126,0.427,0.361,0.224,0.69,0.117,0.492,0.739,0.058,0.004,0.628,0.704,0.099,0.192,0.817,0.287,0.699,0.827,0.533,0.257,0.146,0.847,0.353,0.631,0.231,0.323,0.096,0.26,0.258,0.166,0.737,0.905,0.506,0.459,0.525,0.075,0.058,0.854,0.376
0.0,0.789,0.561,0.13,0.973,0.965,0.851,0.371,0.359,0.053,0.109,0.636,0.237,0.778,0.524,0.025,0.727,0.377,0.772,0.524,0.315,0.326,0.814,0.643,0.212,0.976,0.486,0.344,0.726,0.513,0.084,0.034,0.34,0.242,0.694,0.654,0.922,0.261,0.711,0.334,0.827
1.0,0.892,0.274,0.458,0.008,0.281,0.365,0.484,0.423,0.691,0.916,0.486,0.06,0.085,0.976,0.775,0.262,0.24,0.585,0.311,0.966,0.356,0.492,0.688,0.639,0.116,0.328,0.11,0.147,0.132,0.133,0.943,0.169,0.412,0.967,0.368,0.008,0.126,0.214,0.629,0.421
0.0,0.527,0.776,0.246,0.894,0.175,0.471,0.141,0.164,0.971,0.723,0.916,0.376,0.246,0.216,0.112,0.533,0.151,0.851,0.349,0.415,0.495,0.859,0.918,0.693,0.618,0.663,0.275,0.295,0.464,0.595,0.381,0.758,0.801,0.072,0.24,0.497,0.601,0.362,0.067,0.679
1.0,0.337,0.036,0.479,0.541,0.582,0.393,0.168,0.609,0.589,0.327,0.898,0.481,0.162,0.358,0.174,0.699,0.981,0.503,0.634,0.022,0.364,0.939,0.117,0.16,0.825,0.877,0.221,0.754,0.735,0.354,0.755,0.994,0.89,0.701,0.312,0.872,0.175,0.594,0.303,0.553
1.0,0.39,0.423,0.026,0.484,0.019,0.825,0.535,0.06,0.924,0.71,0.014,0.9,0.965,0.614,0.844,0.42,0.521,0.354,0.634,0.978,0.132,0.816,0.526,0.228,0.789,0.335,0.706,0.741,0.762,0.239,0.445,0.54,0.069,0.635,0.949,0.152,0.163,0.896,0.7,0.912
1.0,0.012,0.067,0.147,0.336,0.053,0.976,0.417,0.014,0.986,0.711,0.292,0.115,0.889,0.687,0.081,0.369,0.192,0.405,0.317,0.778,0.724,0.737,0.453,0.334,0.783,0.933,0.93,0.071,0.322,0.928,0.028,0.388,0.211,0.994,0.952,0.879,0.321,0.234,0.339,0.266
1.0,0.487,0.015,0.895,0.653,0.574,0.728,0.724,0.321,0.056,0.006,0.489,0.12,0.551,0.596,0.499,0.157,0.118,0.65,0.254,0.735,0.957,0.58,0.077,0.633,0.303,0.893,0.886,0.869,0.29,0.014,0.551,0.616,0.448,0.943,0.909,0.224,0.025,0.607,0.096,0.65
1.0,0.575,0.711,0.377,0.654,0.368,0.457,0.091,0.701,0.029,0.695,0.162,0.323,0.74,0.071,0.37,0.011,0.455,0.917,0.22,0.805,0.956,0.353,0.247,0.017,0.463,0.607,0.148,0.153,0.222,0.93,0.203,0.629,0.108,0.472,0.988,0.417,0.191,0.943,0.563,0.563
1.0,0.442,0.56,0.22,0.422,0.313,0.533,0.283,0.984,0.034,0.258,0.619,0.534,0.001,0.224,0.679,0.491,0.257,0.536,0.327,0.957,0.248,0.487,0.114,0.723,0.149,0.035,0.305,0.977,0.145,0.491,0.885,0.387,0.446,0.302,0.973,0.614,0.106,0.204,0.895,0.379
1.0,0.65,0.271,0.194,0.204,0.501,0.318,0.916,0.776,0.725,0.378,0.097,0.149,0.802,0.296,0.419,0.736,0.263,0.711,0.91,0.696,0.493,0.036,0.531,0.164,0.914,0.278,0.442,0.521,0.064,0.487,0.972,0.835,0.188,0.22,0.842,0.917,0.057,0.118,0.187,0.779
0.0,0.444,0.392,0.09,0.71,0.321,0.976,0.424,0.911,0.885,0.444,0.103,0.534,0.169,0.597,0.05,0.223,0.263,0.345,0.782,0.306,0.327,0.476,0.932,0.356,0.092,0.147,0.947,0.439,0.379,0.839,0.889,0.301,0.407,0.703,0.677,0.862,0.269,0.034,0.826,0.331
0.0,0.625,0.53,0.865,0.688,0.702,0.477,0.311,0.477,0.085,0.282,0.922,0.93,0.151,0.693,0.583,0.21,0.557,0.984,0.562,0.346,0.311,0.336,0.36,0.634,0.165,0.747,0.435,0.695,0.716,0.466,0.203,0.485,0.209,0.211,0.007,0.735,0.369,0.73,0.954,0.159
1.0,0.091,0.256,0.589,0.733,0.426,0.369,0.814,0.9,0.32,0.12,0.352,0.311,0.408,0.102,0.643,0.648,0.46,0.122,0.084,0.354,0.672,0.402,0.541,0.026,0.51,0.036,0.423,0.029,0.682,0.886,0.039,0.523,0.521,0.362,0.278,0.886,0.676,0.614,0.276,0.448
1.0,0.793,0.341,0.335,0.656,0.383,0.243,0.349,0.631,0.764,0.851,0.244,0.129,0.78,0.672,0.503,0.591,0.451,0.419,0.945,0.036,0.822,0.635,0.649,0.596,0.792,0.936,0.773,0.567,0.145,0.21,0.601,0.242,0.228,0.758,0.656,0.723,0.299,0.024,0.839,0.888
0.0,0.333,0.527,0.621,0.744,0.178,0.666,0.021,0.924,0.44,0.214,0.363,0.855,0.311,0.075,0.642,0.145,0.404,0.7,0.897,0.29,0.448,0.162,0.601,0.464,0.278,0.902,0.664,0.796,0.08,0.407,0.174,0.729,0.79,0.302,0.796,0.37,0.027,0.64,0.781,0.29
1.0,0.345,0.922,0.796,0.868,0.042,0.881,0.565,0.206,0.552,0.757,0.337,0.369,0.303,0.407,0.791,0.491,0.792,0.615,0.67,0.002,0.607,0.811,0.594,0.023,0.709,0.699,0.615,0.366,0.566,0.848,0.95,0.91,0.904,0.735,0.267,0.706,0.154,0.819,0.487,0.777
0.0,0.482,0.226,0.438,0.998,0.692,0.39,0.675,0.769,0.664,0.033,0.342,0.586,0.767,0.894,0.83,0.805,0.353,0.755,0.11,0.934,0.061,0.855,0.911,0.091,0.283,0.863,0.011,0.208,0.179,0.727,0.551,0.612,0.953,0.774,0.609,0.405,0.391,0.765,0.258,0.589
1.0,0.693,0.765,0.386,0.774,0.065,0.506,0.76,0.526,0.745,0.325,0.668,0.744,0.502,0.303,0.376,0.129,0.615,0.161,0.955,0.524,0.599,0.892,0.7,0.581,0.32,0.619,0.681,0.824,0.736,0.122,0.29,0.952,0.56,0.793,0.778,0.122,0.289,0.071,0.741,0.485
1.0,0.586,0.57,0.264,0.404,0.014,0.54,0.418,0.889,0.329,0.013,0.034,0.322,0.47,0.902,0.44,0.814,0.657,0.578,0.409,0.495,0.84,0.118,0.077,0.479,0.859,0.288,0.159,0.009,0.22,0.298,0.203,0.307,0.556,0.495,0.447,0.181,0.669,0.573,0.387,0.986
1.0,0.066,0.816,0.186,0.729,0.572,0.779,0.028,0.533,0.967,0.251,0.66,0.024,0.73,0.638,0.605,0.663,0.581,0.806,0.813,0.537,0.24,0.252,0.09,0.257,0.28,0.459,0.237,0.99,0.092,0.164,0.121,0.683,0.635,0.189,0.281,0.965,0.68,0.102,0.614,0.721
0.0,0.51,0.412,0.943,0.443,0.485,0.225,0.538,0.761,0.766,0.282,0.414,0.799,0.343,0.277,0.467,0.405,0.992,0.201,0.142,0.902,0.993,0.848,0.152,0.45,0.768,0.993,0.349,0.312,0.239,0.078,0.655,0.092,0.881,0.773,0.839,0.661,0.158,0.241,0.907,0.205
0.0,0.613,0.484,0.079,0.183,0.585,0.166,0.253,0.162,0.012,0.16,0.084,0.969,0.965,0.176,0.263,0.114,0.255,0.48,0.14,0.005,0.92,0.679,0.212,0.696,0.627,0.507,0.681,0.655,0.144,0.289,0.493,0.029,0.714,0.27,0.317,0.332,0.302,0.941,0.732,0.593
1.0,0.941,0.709,0.429,0.888,0.118,0.765,0.734,0.822,0.549,0.888,0.546,0.619,0.578,0.612,0.218,0.665,0.372,0.946,0.906,0.783,0.218,0.592,0.606,0.608,0.334,0.988,0.893,0.356,0.322,0.917,0.267,0.425,0.22,0.155,0.61,0.297,0.454,0.711,0.795,0.389
0.0,0.459,0.027,0.331,0.541,0.475,0.126,0.48,0.436,0.941,0.64,0.287,0.914,0.204,0.888,0.839,0.118,0.813,0.221,0.485,0.065,0.809,0.633,0.761,0.381,0.954,0.598,0.724,0.029,0.913,0.616,0.123,0.76,0.927,0.146,0.247,0.369,0.467,0.012,0.576,0.08
1.0,0.804,0.446,0.436,0.35,0.83,0.923,0.538,0.625,0.41,0.122,0.418,0.625,0.317,0.465,0.69,0.327,0.522,0.907,0.081,0.634,0.418,0.194,0.632,0.504,0.618,0.202,0.776,0.623,0.388,0.511,0.105,0.432,0.789,0.523,0.186,0.037,0.047,0.521,0.324,0.622
1.0,0.758,0.714,0.767,0.947,0.373,0.891,0.379,0.146,0.597,0.1,0.875,0.115,0.944,0.631,0.385,0.117,0.253,0.445,0.247,0.364,0.886,0.839,0.751,0.113,0.591,0.432,0.874,0.349,0.671,0.507,0.474,0.758,0.077,0.567,0.125,0.926,0.468,0.418,0.896,0.851
1.0,0.501,0.662,0.749,0.496,0.688,0.751,0.294,0.704,0.867,0.557,0.855,0.318,0.438,0.465,0.926,0.838,0.904,0.136,0.843,0.243,0.792,0.458,0.212,0.084,0.014,0.969,0.555,1.0,0.506,0.519,0.84,0.259,0.387,0.118,0.508,0.648,0.134,0.902,0.973,0.152
1.0,0.38,0.592,0.966,0.883,0.523,0.265,0.239,0.118,0.609,0.266,0.386,0.271,0.971,0.56,0.218,0.975,0.99,0.984,0.341,0.883,0.037,0.598,0.004,0.219,0.884,0.303,0.735,0.94,0.382,0.528,0.014,0.299,0.135,0.547,0.113,0.302,0.13,0.577,0.505,0.464
1.0,0.129,0.915,0.845,0.685,0.089,0.544,0.665,0.331,0.496,0.743,0.628,0.435,0.708,0.758,0.475,0.195,0.812,0.244,0.025,0.443,0.012,0.2,0.131,0.477,0.209,0.553,0.519,0.377,0.866,0.367,0.745,0.906,0.932,0.022,0.77,0.493,0.537,0.015,0.695,0.065
0.0,0.792,0.539,0.553,0.402,0.886,0.927,0.402,0.974,0.657,0.462,0.655,0.647,0.874,0.601,0.81,0.612,0.503,0.051,0.339,0.267,0.855,0.114,0.772,0.308,0.172,0.792,0.763,0.218,0.236,0.885,0.216,0.709,0.327,0.389,0.412,0.111,0.739,0.179,0.141,0.659
1.0,0.751,0.497,0.68,0.131,0.283,0.661,0.942,0.28,0.946,0.13,0.867,0.389,0.673,0.494,0.614,0.869,0.423,0.887,0.696,0.473,0.083,0.725,0.083,0.962,0.738,0.368,0.904,0.051,0.025,0.81,0.312,0.956,0.124,0.538,0.977,0.442,0.766,0.259,0.822,0.508
1.0,0.468,0.694,0.248,0.811,0.471,0.005,0.999,0.702,0.927,0.486,0.274,0.219,0.109,0.463,0.057,0.442,0.573,0.486,0.53,0.065,0.675,0.417,0.818,0.568,0.043,0.851,0.206,0.328,0.384,0.937,0.904,0.291,0.935,0.357,0.879,0.883,0.307,0.565,0.678,0.555
1.0,0.589,0.177,0.215,0.717,0.466,0.697,0.492,0.29,0.087,0.777,0.333,0.729,0.601,0.432,0.167,0.138,0.108,0.925,0.824,0.282,0.511,0.359,0.217,0.773,0.567,0.783,0.332,0.5,0.221,0.359,0.594,0.736,0.837,0.216,0.83,0.619,0.817,0.395,0.712,0.15
0.0,0.918,0.637,0.264,0.203,0.958,0.038,0.653,0.681,0.596,0.349,0.648,0.895,0.93,0.123,0.734,0.984,0.772,0.474,0.034,0.505,0.261,0.715,0.6,0.166,0.502,0.128,0.487,0.359,0.508,0.646,0.343,0.665,0.812,0.931,0.994,0.354,0.926,0.994,0.749,0.265
0.0,0.057,0.714,0.464,0.656,0.705,0.85,0.972,0.807,0.55,0.616,0.659,0.21,0.386,0.718,0.588,0.142,0.817,0.99,0.751,0.358,0.839,0.165,0.824,0.034,0.149,0.357,0.776,0.713,0.064,0.708,0.918,0.656,0.533,0.068,0.594,0.843,0.016,0.991,0.039,0.572
1.0,0.476,0.81,0.71,0.818,0.604,0.385,0.508,0.841,0.333,0.229,0.081,0.047,0.606,0.502,0.234,0.872,0.556,0.763,0.938,0.381,0.947,0.778,0.647,0.055,0.602,0.654,0.027,0.024,0.753,0.915,0.056,0.304,0.912,0.695,0.771,0.819,0.081,0.493,0.724,0.794
1.0,0.77,0.505,0.008,0.155,0.73,0.172,0.629,0.793,0.726,0.532,0.55,0.299,0.287,0.811,0.068,0.489,0.631,0.852,0.183,0.743,0.385,0.124,0.215,0.394,0.646,0.665,0.658,0.321,0.514,0.535,0.501,0.534,0.852,0.898,0.943,0.365,0.154,0.679,0.9,0.935
0.0,0.482,0.145,0.503,0.174,0.236,0.369,0.074,0.201,0.943,0.662,0.387,0.549,0.692,0.038,0.769,0.24,0.376,0.85,0.807,0.213,0.159,0.929,0.891,0.247,0.784,0.167,0.148,0.669,0.933,0.53,0.518,0.666,0.497,0.768,0.307,0.769,0.992,0.65,0.248,0.779
0.0,0.826,0.513,0.316,0.676,0.965,0.165,0.71,0.194,0.254,0.278,0.453,0.867,0.356,0.545,0.295,0.87,0.9,0.505,0.554,0.529,0.452,0.384,0.177,0.675,0.409,0.62,0.435,0.787,0.723,0.409,0.573,0.049,0.547,0.102,0.693,0.834,0.438,0.183,0.22,0.465
1.0,0.865,0.079,0.984,0.959,0.395,0.394,0.865,0.295,0.069,0.997,0.378,0.687,0.361,0.882,0.069,0.682,0.832,0.123,0.542,0.906,0.835,0.064,0.781,0.313,0.983,0.083,0.734,0.259,0.101,0.554,0.378,0.128,0.225,0.588,0.924,0.943,0.519,0.33,0.685,0.416
0.0,0.523,0.565,0.554,0.926,0.902,0.182,0.656,0.857,0.859,0.307,0.372,0.826,0.044,0.853,0.253,0.861,0.196,0.012,0.459,0.408,0.872,0.743,0.977,0.041,0.455,0.982,0.036,0.803,0.74,0.915,0.829,0.795,0.495,0.861,0.835,0.644,0.575,0.495,0.557,0.931
1.0,0.438,0.693,0.395,0.261,0.124,0.884,0.028,0.826,0.326,0.792,0.707,0.588,0.352,0.193,0.112,0.437,0.676,0.877,0.169,0.412,0.592,0.466,0.67,0.887,0.251,0.879,0.256,0.3,0.117,0.382,0.142,0.107,0.889,0.589,0.847,0.011,0.719,0.805,0.654,0.776
0.0,0.563,0.43,0.992,0.099,0.163,0.129,0.993,0.694,0.211,0.031,0.421,0.833,0.616,0.868,0.794,0.767,0.683,0.92,0.846,0.855,0.617,0.898,0.808,0.603,0.291,0.054,0.811,0.803,0.235,0.01,0.7,0.364,0.782,0.024,0.135,0.52,0.663,0.795,0.87,0.455
1.0,0.88,0.056,0.193,0.454,0.324,0.811,0.24,0.073,0.277,0.085,0.559,0.002,0.007,0.538,0.733,0.013,0.418,0.799,0.952,0.686,0.468,0.497,0.548,0.31,0.153,0.257,0.638,0.843,0.174,0.323,0.75,0.191,0.099,0.073,0.247,0.976,0.549,0.201,0.565,0.6
1.0,0.376,0.123,0.547,0.802,0.01,0.116,0.787,0.497,0.407,0.64,0.432,0.056,0.252,0.461,0.607,0.849,0.589,0.605,0.791,0.368,0.96,0.726,0.367,0.321,0.54,0.996,0.784,0.366,0.993,0.922,0.678,0.515,0.181,0.175,0.699,0.023,0.037,0.462,0.069,0.125
0.0,0.233,0.104,0.732,0.33,0.814,0.698,0.251,0.86,0.897,0.246,0.72,0.824,0.147,0.91,0.304,0.279,0.832,0.773,0.161,0.008,0.846,0.289,0.062,0.194,0.968,0.88,0.088,0.175,0.649,0.859,0.533,0.891,0.49,0.978,0.855,0.581,0.845,0.2,0.678,0.439
0.0,0.764,0.896,0.908,0.531,0.106,0.075,0.922,0.797,0.55,0.125,0.486,0.812,0.836,0.715,0.925,0.271,0.837,0.33,0.171,0.096,0.588,0.326,0.476,0.465,0.481,0.144,0.04,0.459,0.838,0.869,0.717,0.407,0.553,0.456,0.724,0.519,0.026,0.575,0.048,0.985
0.0,0.837,0.216,0.607,0.355,0.425,0.207,0.569,0.477,0.38,0.62,0.954,0.977,0.912,0.935,0.106,0.403,0.72,0.675,0.85,0.466,0.53,0.413,0.294,0.297,0.071,0.386,0.411,0.33,0.652,0.241,0.426,0.515,0.563,0.89,0.669,0.805,0.567,0.896,0.523,0.834
0.0,0.697,0.447,0.781,0.97,0.986,0.552,0.316,0.373,0.72,0.151,0.825,0.452,0.706,0.856,0.938,0.5,0.233,0.191,0.887,0.836,0.082,0.251,0.715,0.061,0.979,0.455,0.819,0.345,0.123,0.358,0.005,0.605,0.311,0.913,0.129,0.53,0.32,0.682,0.642,0.867
1.0,0.116,0.601,0.281,0.773,0.65,0.555,0.897,0.806,0.549,0.101,0.898,0.527,0.041,0.805,0.727,0.33,0.451,0.831,0.985,0.867,0.176,0.551,0.296,0.717,0.66,0.038,0.846,0.799,0.953,0.705,0.229,0.385,0.611,0.267,0.314,0.355,0.763,0.569,0.803,0.63
0.0,0.167,0.258,0.663,0.916,0.726,0.23,0.656,0.632,0.312,0.354,0.797,0.856,0.341,0.319,0.194,0.596,0.653,0.966,0.299,0.177,0.076,0.628,0.513,0.193,0.865,0.421,0.68,0.783,0.804,0.01,0.267,0.719,0.797,0.942,0.086,0.164,0.381,0.008,0.013,0.62
0.0,0.758,0.524,0.796,0.793,0.206,0.361,0.708,0.329,0.529,0.752,0.727,0.957,0.887,0.915,0.76,0.489,0.228,0.432,0.169,0.007,0.804,0.734,0.512,0.194,0.825,0.925,0.158,0.933,0.516,0.592,0.182,0.697,0.557,0.023,0.418,0.976,0.964,0.078,0.168,0.85
0.0,0.351,0.08,0.119,0.095,0.991,0.663,0.523,0.432,0.39,0.585,0.823,0.291,0.342,0.56,0.201,0.109,0.391,0.644,0.251,0.6,0.487,0.746,0.415,0.903,0.871,0.845,0.293,0.07,0.414,0.321,0.615,0.516,0.486,0.008,0.653,0.834,0.48,0.394,0.328,0.052
0.0,0.073,0.607,0.909,0.741,0.165,0.988,0.094,0.174,0.058,0.354,0.871,0.882,0.765,0.523,0.243,0.288,0.458,0.422,0.144,0.666,0.749,0.302,0.065,0.045,0.225,0.922,0.842,0.083,0.414,0.234,0.339,0.048,0.032,0.825,0.502,0.584,0.343,0.674,0.388,0.12
0.0,0.657,0.515,0.819,0.65,0.751,0.031,0.632,0.415,0.646,0.953,0.393,0.675,0.333,0.888,0.211,0.498,0.222,0.643,0.239,0.296,0.046,0.182,0.952,0.008,0.201,0.391,0.4,0.615,0.942,0.17,0.272,0.733,0.915,0.925,0.588,0.318,0.28,0.264,0.759,0.797
1.0,0.296,0.857,0.97,0.664,0.357,0.482,0.222,0.784,0.024,0.497,0.563,0.123,0.317,0.422,0.906,0.284,0.534,0.656,0.149,0.898,0.844,0.022,0.7,0.033,0.405,0.878,0.531,0.939,0.036,0.136,0.426,0.266,0.056,0.171,0.298,0.585,0.915,0.498,0.373,0.914
1.0,0.681,0.619,0.894,0.951,0.108,0.856,0.953,0.916,0.796,0.237,0.869,0.039,0.522,0.689,0.295,0.2,0.797,0.244,0.915,0.922,0.889,0.476,0.316,0.821,0.067,0.299,0.703,0.888,0.739,0.51,0.297,0.809,0.764,0.819,0.879,0.746,0.681,0.917,0.047,0.528
0.0,0.467,0.26,0.105,0.67,0.753,0.676,0.334,0.887,0.618,0.984,0.637,0.528,0.896,0.569,0.721,0.988,0.586,0.847,0.494,0.08,0.525,0.424,0.814,0.564,0.48,0.98,0.849,0.631,0.927,0.311,0.173,0.786,0.287,0.038,0.585,0.63,0.285,0.787,0.586,0.208
0.0,0.33,0.317,0.6,0.138,0.812,0.394,0.602,0.885,0.455,0.4,0.959,0.796,0.677,0.147,0.699,0.959,0.478,0.677,0.253,0.114,0.791,0.678,0.916,0.466,0.3,0.044,0.852,0.532,0.413,0.712,0.484,0.782,0.045,0.917,0.753,0.735,0.853,0.971,0.52,0.556
1.0,0.612,0.789,0.454,0.67,0.372,0.3,0.322,0.714,0.919,0.581,0.971,0.21,0.35,0.533,0.298,0.955,0.239,0.901,0.104,0.371,0.83,0.624,0.622,0.495,0.578,0.327,0.034,0.693,0.121,0.089,0.01,0.365,0.631,0.185,0.443,0.694,0.67,0.007,0.646,0.435
1.0,0.277,0.836,0.984,0.782,0.688,0.086,0.625,0.644,0.292,0.634,0.047,0.123,0.349,0.938,0.654,0.187,0.626,0.982,0.785,0.873,0.964,0.597,0.684,0.672,0.786,0.162,0.058,0.081,0.971,0.09,0.354,0.822,0.668,0.126,0.24,0.687,0.63,0.376,0.3,0.25
0.0,0.543,0.122,0.242,0.545,0.971,0.94,0.994,0.838,0.176,0.39,0.305,0.339,0.157,0.938,0.786,0.659,0.644,0.527,0.073,0.013,0.204,0.274,0.661,0.837,0.516,0.815,0.727,0.589,0.006,0.787,0.284,0.202,0.415,0.333,0.453,0.361,0.448,0.785,0.587,0.876
0.0,0.675,0.02,0.48,0.097,0.853,0.452,0.14,0.948,0.264,0.963,0.295,0.608,0.008,0.775,0.325,0.77,0.948,0.161,0.364,0.215,0.128,0.235,0.339,0.139,0.667,0.235,0.653,0.909,0.578,0.974,0.116,0.198,0.926,0.899,0.232,0.592,0.478,0.803,0.588,0.711
0.0,0.562,0.465,0.844,0.621,0.379,0.08,0.911,0.426,0.061,0.739,0.237,0.97,0.777,0.233,0.874,0.428,0.88,0.752,0.447,0.72,0.088,0.871,0.129,0.044,0.282,0.66,0.755,0.025,0.195,0.313,0.47,0.774,0.342,0.604,0.508,0.169,0.34,0.012,0.282,0.587
0.0,0.1,0.473,0.058,0.247,0.56,0.38,0.392,0.337,0.18,0.676,0.079,0.165,0.271,0.471,0.624,0.327,0.503,0.352,0.013,0.668,0.933,0.346,0.902,0.615,0.609,0.138,0.474,0.324,0.793,0.748,0.602,0.037,0.201,0.138,0.597,0.301,0.274,0.316,0.221,0.241
0.0,0.275,0.846,0.476,0.577,0.92,0.893,0.47,0.85,0.922,0.066,0.869,0.401,0.364,0.213,0.046,0.745,0.573,0.946,0.458,0.905,0.548,0.238,0.185,0.804,0.763,0.552,0.249,0.149,0.58,0.8,0.583,0.222,0.566,0.657,0.271,0.759,0.158,0.818,0.02,0.67
1.0,0.549,0.661,0.786,0.975,0.571,0.054,0.54,0.491,0.649,0.44,0.806,0.701,0.129,0.728,0.241,0.931,0.188,0.492,0.025,0.706,0.542,0.283,0.132,0.872,0.898,0.501,0.16,0.686,0.288,0.235,0.871,0.863,0.459,0.62,0.336,0.511,0.104,0.855,0.648,0.098
0.0,0.129,0.888,0.189,0.416,0.538,0.253,0.58,0.851,0.138,0.432,0.587,0.336,0.55,0.536,0.828,0.942,0.969,0.426,0.284,0.448,0.14,0.298,0.796,0.37,0.128,0.7,0.704,0.566,0.769,0.089,0.386,0.365,0.885,0.708,0.878,0.419,0.626,0.311,0.993,0.753
1.0,0.04,0.198,0.381,0.022,0.709,0.503,0.113,0.851,0.506,0.71,0.383,0.449,0.081,0.035,0.211,0.83,0.005,0.901,0.071,0.783,0.331,0.921,0.439,0.087,0.926,0.81,0.443,0.013,0.32,0.373,0.578,0.276,0.861,0.257,0.253,0.229,0.602,0.475,0.259,0.203
0.0,0.069,0.113,0.221,0.625,0.866,0.524,0.498,0.019,0.752,0.93,0.674,0.693,0.039,0.088,0.252,0.269,0.865,0.604,0.325,0.011,0.875,0.301,0.504,0.713,0.909,0.508,0.82,0.107,0.743,0.14,0.337,0.577,0.141,0.167,0.042,0.128,0.746,0.613,0.468,0.856
0.0,0.52,0.32,0.583,0.014,0.391,0.206,0.486,0.794,0.685,0.419,0.675,0.171,0.519,0.175,0.491,0.545,0.247,0.62,0.85,0.753,0.479,0.962,0.957,0.146,0.241,0.488,0.32,0.832,0.986,0.177,0.593,0.669,0.974,0.176,0.694,0.415,0.142,0.595,0.397,0.9
0.0,0.613,0.12,0.799,0.666,0.384,0.592,0.896,0.69,0.27,0.433,0.622,0.669,0.363,0.656,0.429,0.143,0.247,0.948,0.536,0.082,0.449,0.882,0.906,0.841,0.73,0.266,0.68,0.232,0.07,0.633,0.62,0.388,0.818,0.506,0.832,0.344,0.605,0.231,0.102,0.108
1.0,0.14,0.427,0.663,0.675,0.342,0.126,0.108,0.609,0.734,0.33,0.943,0.677,0.937,0.204,0.497,0.979,0.231,0.409,0.76,0.392,0.995,0.944,0.334,0.414,0.476,0.894,0.903,0.474,0.142,0.903,0.401,0.045,0.087,0.483,0.171,0.744,0.823,0.641,0.394,0.194
1.0,0.498,0.371,0.557,0.496,0.158,0.12,0.057,0.529,0.082,0.575,0.149,0.602,0.391,0.652,0.589,0.877,0.361,0.567,0.387,0.284,0.306,0.576,0.158,0.44,0.854,0.887,0.445,0.356,0.81,0.93,0.156,0.286,0.436,0.153,0.127,0.585,0.706,0.185,0.576,0.077
0.0,0.612,0.419,0.772,0.361,0.449,0.641,0.086,0.734,0.981,0.801,0.292,0.814,0.634,0.901,0.758,0.146,0.234,0.023,0.217,0.47,0.782,0.242,0.64,0.435,0.222,0.396,0.43,0.858,0.297,0.492,0.251,0.556,0.797,0.533,0.271,0.028,0.507,0.552,0.741,0.071
1.0,0.57,0.17,0.429,0.003,0.224,0.031,0.392,0.631,0.495,0.997,0.806,0.319,0.632,0.251,0.884,0.412,0.571,0.129,0.947,0.271,0.212,0.947,0.056,0.622,0.797,0.637,0.761,0.642,0.173,0.755,0.411,0.563,0.457,0.559,0.93,0.204,0.037,0.323,0.04,0.779
1.0,0.701,0.443,0.165,0.172,0.231,0.136,0.997,0.221,0.184,0.568,0.187,0.612,0.73,0.827,0.15,0.707,0.073,0.036,0.526,0.937,0.337,0.54,0.429,0.696,0.569,0.791,0.175,0.973,0.823,0.02,0.312,0.358,0.973,0.288,0.682,0.743,0.341,0.384,0.453,0.172
0.0,0.648,0.867,0.085,0.321,0.961,0.748,0.257,0.672,0.119,0.033,0.761,0.965,0.933,0.201,0.394,0.762,0.702,0.592,0.599,0.332,0.238,0.342,0.457,0.852,0.558,0.729,0.307,0.484,0.419,0.199,0.043,0.942,0.776,0.995,0.259,0.122,0.041,0.397,0.674,0.792
0.0,0.011,0.65,0.161,0.989,0.97,0.934,0.998,0.16,0.487,0.667,0.123,0.453,0.79,0.312,0.428,0.965,0.095,0.717,0.793,0.931,0.516,0.233,0.494,0.548,0.946,0.514,0.619,0.477,0.339,0.94,0.126,0.061,0.762,0.182,0.092,0.882,0.588,0.805,0.848,0.199
0.0,0.087,0.105,0.065,0.498,0.863,0.202,0.844,0.544,0.943,0.306,0.778,0.314,0.874,0.089,0.037,0.659,0.429,0.412,0.996,0.752,0.194,0.578,0.955,0.892,0.103,0.242,0.902,0.484,0.408,0.68,0.191,0.818,0.575,0.318,0.897,0.026,0.804,0.666,0.305,0.261
1.0,0.788,0.148,0.442,0.106,0.117,0.093,0.256,0.019,0.031,0.698,0.673,0.197,0.996,0.631,0.35,0.8,0.254,0.367,0.265,0.143,0.884,0.338,0.545,0.341,0.332,0.748,0.061,0.826,0.082,0.255,0.061,0.452,0.792,0.225,0.145,0.932,0.503,0.342,0.055,0.777
1.0,0.493,0.346,0.74,0.455,0.78,0.134,0.704,0.854,0.163,0.237,0.257,0.155,0.346,0.808,0.47,0.004,0.428,0.804,0.343,0.154,0.413,0.656,0.553,0.645,0.014,0.935,0.63,0.292,0.023,0.712,0.258,0.327,0.368,0.834,0.828,0.028,0.497,0.491,0.457,0.805
1.0,0.695,0.516,0.613,0.111,0.234,0.209,0.129,0.452,0.428,0.166,0.466,0.276,0.182,0.551,0.491,0.41,0.967,0.281,0.094,0.774,0.675,0.169,0.253,0.657,0.605,0.072,0.627,0.068,0.153,0.798,0.561,0.613,0.651,0.98,0.014,0.767,0.455,0.977,0.489,0.224
1.0,0.255,0.069,0.86,0.082,0.346,0.575,0.727,0.952,0.833,0.5,0.114,0.556,0.617,0.472,0.239,0.364,0.595,0.552,0.349,0.369,0.554,0.525,0.574,0.897,0.284,0.261,0.768,0.89,0.813,0.526,0.07,0.883,0.279,0.015,0.415,0.256,0.628,0.527,0.141,0.576
1.0,0.396,0.267,0.893,0.021,0.342,0.335,0.531,0.529,0.91,0.089,0.04,0.59,0.444,0.332,0.317,0.856,0.897,0.964,0.551,0.431,0.127,0.472,0.332,0.537,0.508,0.583,0.919,0.681,0.972,0.765,0.199,0.256,0.681,0.624,0.187,0.655,0.449,0.051,0.672,0.96
1.0,0.512,0.259,0.704,0.759,0.121,0.117,0.252,0.227,0.826,0.372,0.457,0.826,0.669,0.297,0.054,0.787,0.372,0.437,0.582,0.021,0.965,0.581,0.198,0.314,0.027,0.093,0.057,0.004,0.622,0.232,0.475,0.097,0.547,0.741,0.887,0.954,0.796,0.472,0.984,0.281
1.0,0.64,0.306,0.74,0.675,0.743,0.368,0.962,0.933,0.938,0.963,0.277,0.729,0.307,0.011,0.593,0.608,0.09,0.651,0.249,0.46,0.586,0.495,0.215,0.591,0.909,0.432,0.66,0.545,0.701,0.772,0.517,0.969,0.45,0.895,0.434,0.623,0.392,0.631,0.962,0.305
1.0,0.294,0.921,0.093,0.012,0.251,0.405,0.677,0.482,0.355,0.31,0.059,0.483,0.896,0.096,0.491,0.14,0.059,0.447,0.1,0.966,0.954,0.939,0.488,0.451,0.865,0.283,0.416,0.979,0.078,0.456,0.446,0.7,0.511,0.454,0.263,0.289,0.949,0.379,0.317,0.221
0.0,0.781,0.671,0.692,0.328,0.842,0.75,0.001,0.458,0.033,0.081,0.366,0.181,0.253,0.405,0.103,0.304,0.946,0.39,0.873,0.011,0.359,0.056,0.188,0.701,0.664,0.733,0.508,0.719,0.516,0.915,0.718,0.482,0.53,0.629,0.864,0.448,0.969,0.596,0.021,0.496
1.0,0.651,0.309,0.211,0.052,0.63,0.438,0.831,0.08,0.424,0.588,0.332,0.169,0.203,0.179,0.364,0.761,0.895,0.777,0.45,0.934,0.3,0.513,0.651,0.037,0.812,0.682,0.468,0.159,0.344,0.212,0.603,0.862,0.516,0.269,0.916,0.358,0.79,0.982,0.185,0.995
0.0,0.72,0.915,0.778,0.964,0.01,0.612,0.621,0.074,0.561,0.117,0.45,0.904,0.238,0.013,0.623,0.174,0.129,0.322,0.982,0.279,0.462,0.515,0.062,0.136,0.62,0.742,0.759,0.075,0.699,0.703,0.798,0.915,0.066,0.595,0.845,0.826,0.254,0.896,0.363,0.079
0.0,0.18,0.431,0.555,0.598,0.137,0.957,0.774,0.705,0.849,0.252,0.821,0.939,0.01,0.669,0.963,0.033,0.143,0.798,0.346,0.266,0.727,0.76,0.189,0.121,0.553,0.236,0.241,0.539,0.485,0.146,0.402,0.713,0.509,0.002,0.441,0.966,0.969,0.092,0.795,0.655
0.0,0.631,0.293,0.225,0.752,0.412,0.218,0.115,0.73,0.119,0.247,0.945,0.805,0.409,0.908,0.184,0.673,0.756,0.863,0.068,0.071,0.457,0.364,0.562,0.874,0.052,0.218,0.771,0.893,0.964,0.418,0.497,0.54,0.245,0.636,0.84,0.449,0.132,0.92,0.143,0.117
0.0,0.498,0.618,0.934,0.379,0.443,0.398,0.451,0.118,0.143,0.695,0.73,0.854,0.357,0.674,0.228,0.825,0.192,0.221,0.212,0.317,0.555,0.187,0.26,0.811,0.976,0.27,0.384,0.611,0.756,0.806,0.871,0.233,0.438,0.654,0.285,0.36,0.507,0.181,0.271,0.635
0.0,0.802,0.307,0.39,0.038,0.628,0.799,0.237,0.445,0.355,0.42,0.724,0.799,0.342,0.941,0.862,0.261,0.92,0.29,0.939,0.66,0.283,0.367,0.27,0.79,0.76,0.596,0.161,0.687,0.285,0.876,0.056,0.482,0.946,0.046,0.057,0.932,0.754,0.459,0.074,0.491
0.0,0.809,0.411,0.527,0.824,0.92,0.467,0.742,0.905,0.983,0.643,0.012,0.051,0.445,0.516,0.113,0.138,0.958,0.419,0.244,0.908,0.248,0.672,0.35,0.364,0.022,0.598,0.451,0.581,0.824,0.464,0.288,0.506,0.249,0.698,0.77,0.511,0.921,0.927,0.471,0.259
1.0,0.884,0.177,0.568,0.421,0.798,0.964,0.97,0.7,0.948,0.182,0.055,0.003,0.054,0.374,0.433,0.096,0.115,0.506,0.474,0.752,0.317,0.525,0.383,0.577,0.22,0.53,0.295,0.406,0.204,0.217,0.533,0.113,0.6,0.054,0.257,0.383,0.339,0.782,0.416,0.973
1.0,0.075,0.981,0.79,0.682,0.763,0.05,0.182,0.193,0.532,0.916,0.963,0.558,0.895,0.401,0.797,0.905,0.516,0.758,0.734,0.004,0.84,0.097,0.325,0.276,0.868,0.852,0.036,0.48,0.07,0.549,0.667,0.594,0.681,0.792,0.474,0.11,0.626,0.179,0.045,0.063
0.0,0.619,0.823,0.595,0.628,0.803,0.994,0.656,0.359,0.632,0.754,0.18,0.197,0.758,0.916,0.599,0.965,0.865,0.28,0.633,0.558,0.092,0.374,0.944,0.43,0.705,0.887,0.145,0.807,0.792,0.475,0.488,0.695,0.87,0.108,0.98,0.445,0.449,0.321,0.272,0.171
1.0,0.073,0.816,0.197,0.427,0.616,0.594,0.747,0.257,0.198,0.263,0.804,0.742,0.267,0.87,0.152,0.009,0.5,0.158,0.696,0.192,0.268,0.283,0.255,0.11,0.288,0.303,0.337,0.645,0.375,0.371,0.872,0.408,0.509,0.735,0.618,0.971,0.939,0.794,0.605,0.045
1.0,0.639,0.274,0.46,0.349,0.488,0.64,0.931,0.072,0.995,0.886,0.936,0.047,0.748,0.771,0.231,0.405,0.691,0.491,0.632,0.428,0.247,0.393,0.626,0.134,0.198,0.473,0.585,0.834,0.479,0.918,0.425,0.929,0.593,0.83,0.901,0.518,0.782,0.792,0.976,0.061
1.0,0.238,0.405,0.755,0.949,0.321,0.727,0.581,0.034,0.511,0.229,0.182,0.728,0.432,0.347,0.618,0.679,0.187,0.534,0.702,0.086,0.223,0.552,0.643,0.495,0.412,0.272,0.859,0.309,0.788,0.118,0.418,0.792,0.924,0.506,0.075,0.756,0.879,0.972,0.289,0.691
0.0,0.162,0.164,0.495,0.341,0.238,0.339,0.15,0.024,0.047,0.134,0.884,0.914,0.149,0.447,0.111,0.588,0.661,0.043,0.197,0.635,0.672,0.865,0.363,0.763,0.736,0.307,0.544,0.324,0.719,0.744,0.638,0.058,0.645,0.219,0.897,0.048,0.099,0.953,0.31,0.306
1.0,0.831,0.075,0.258,0.175,0.017,0.3,0.472,0.228,0.921,0.582,0.305,0.44,0.046,0.921,0.205,0.885,0.753,0.304,0.057,0.516,0.052,0.914,0.256,0.754,0.527,0.88,0.825,0.895,0.907,0.618,0.307,0.287,0.172,0.861,0.906,0.093,0.364,0.038,0.662,0.567
0.0,0.366,0.268,0.002,0.477,0.777,0.49,0.039,0.344,0.935,0.731,0.379,0.778,0.827,0.102,0.072,0.092,0.981,0.201,0.017,0.178,0.332,0.499,0.072,0.299,0.727,0.175,0.279,0.309,0.47,0.001,0.495,0.667,0.526,0.345,0.046,0.45,0.867,0.847,0.974,0.117
0.0,0.717,0.426,0.402,0.101,0.139,0.751,0.675,0.738,0.985,0.427,0.904,0.984,0.325,0.21,0.275,0.412,0.641,0.916,0.545,0.949,0.944,0.932,0.381,0.767,0.718,0.451,0.595,0.662,0.658,0.985,0.03,0.561,0.872,0.643,0.671,0.174,0.572,0.226,0.263,0.08
0.0,0.164,0.464,0.43,0.458,0.372,0.629,0.278,0.327,0.665,0.397,0.607,0.799,0.772,0.805,0.09,0.542,0.559,0.739,0.23,0.454,0.015,0.975,0.809,0.939,0.898,0.496,0.217,0.396,0.115,0.171,0.593,0.1,0.199,0.108,0.557,0.306,0.883,0.406,0.109,0.189
1.0,0.299,0.841,0.561,0.231,0.279,0.651,0.452,0.356,0.845,0.971,0.635,0.35,0.921,0.595,0.201,0.782,0.012,0.203,0.409,0.301,0.881,0.729,0.529,0.016,0.774,0.89,0.336,0.505,0.562,0.427,0.343,0.277,0.277,0.801,0.334,0.945,0.969,0.25,0.301,0.319
1.0,0.533,0.519,0.178,0.58,0.144,0.863,0.507,0.835,0.717,0.46,0.044,0.492,0.301,0.072,0.676,0.347,0.425,0.023,0.858,0.881,0.583,0.042,0.609,0.663,0.302,0.272,0.587,0.395,0.721,0.538,0.79,0.04,0.846,0.575,0.795,0.075,0.602,0.183,0.991,0.208
1.0,0.921,0.172,0.9,0.917,0.469,0.618,0.42,0.091,0.834,0.796,0.352,0.214,0.571,0.441,0.531,0.711,0.85,0.901,0.137,0.18,0.048,0.132,0.736,0.775,0.004,0.12,0.483,0.206,0.726,0.512,0.35,0.429,0.28,0.322,0.804,0.367,0.491,0.149,0.381,0.002
0.0,0.718,0.634,0.228,0.189,0.454,0.346,0.761,0.659,0.306,0.099,0.084,0.83,0.709,0.94,0.52,0.505,0.371,0.496,0.639,0.767,0.6,0.183,0.588,0.02,0.57,0.782,0.706,0.559,0.691,0.772,0.61,0.402,0.232,0.788,0.418,0.493,0.038,0.524,0.099,0.431
0.0,0.161,0.594,0.569,0.377,0.068,0.31,0.181,0.109,0.017,0.473,0.657,0.998,0.61,0.001,0.415,0.926,0.767,0.414,0.032,0.14,0.534,0.842,0.132,0.519,0.14,0.502,0.644,0.019,0.794,0.337,0.935,0.161,0.149,0.634,0.067,0.899,0.083,0.961,0.967,0.915
1.0,0.253,0.197,0.397,0.011,0.421,0.087,0.285,0.979,0.131,0.812,0.023,0.292,0.935,0.462,0.082,0.937,0.053,0.039,0.033,0.994,0.189,0.251,0.541,0.001,0.932,0.84,0.217,0.824,0.231,0.166,0.188,0.846,0.679,0.216,0.703,0.59,0.386,0.046,0.344,0.41
0.0,0.561,0.255,0.589,0.772,0.85,0.293,0.609,0.024,0.659,0.749,0.498,0.329,0.823,0.16,0.608,0.109,0.525,0.28,0.92,0.56,0.648,0.466,0.49,0.154,0.535,0.367,0.341,0.675,0.006,0.761,0.786,0.678,0.927,0.776,0.548,0.699,0.43,0.719,0.858,0.242
1.0,0.366,0.372,0.924,0.101,0.826,0.6,0.128,0.596,0.486,0.62,0.772,0.19,0.702,0.548,0.686,0.272,0.968,0.318,0.242,0.902,0.607,0.543,0.677,0.421,0.001,0.987,0.289,0.954,0.833,0.69,0.07,0.721,0.176,0.768,0.65,0.49,0.964,0.164,0.925,0.966
0.0,0.491,0.732,0.234,0.227,0.744,0.957,0.127,0.188,0.024,0.15,0.204,0.805,0.576,0.277,0.344,0.352,0.661,0.365,0.868,0.319,0.746,0.169,0.396,0.154,0.143,0.526,0.16,0.424,0.815,0.653,0.262,0.815,0.381,0.821,0.656,0.535,0.086,0.019,0.524,0.3
1.0,0.705,0.682,0.159,0.87,0.113,0.61,0.082,0.355,0.609,0.093,0.523,0.024,0.311,0.416,0.159,0.11,0.171,0.087,0.479,0.394,0.382,0.815,0.627,0.922,0.962,0.054,0.102,0.238,0.169,0.912,0.863,0.916,0.834,0.956,0.708,0.781,0.613,0.279,0.597,0.049
1.0,0.274,0.522,0.089,0.993,0.224,0.941,0.484,0.386,0.316,0.606,0.558,0.717,0.874,0.966,0.966,0.763,0.307,0.848,0.975,0.576,0.162,0.194,0.469,0.497,0.465,0.472,0.18,0.07,0.634,0.592,0.523,0.93,0.201,0.283,0.301,0.257,0.158,0.179,0.254,0.233
0.0,0.16,0.085,0.986,0.16,0.378,0.983,0.917,0.127,0.863,0.631,0.356,0.626,0.85,0.736,0.469,0.688,0.008,0.905,0.946,0.069,0.946,0.81,0.998,0.636,0.37,0.858,0.254,0.094,0.322,0.237,0.575,0.508,0.687,0.75,0.055,0.776,0.458,0.67,0.404,0.813
0.0,0.054,0.732,0.429,0.038,0.784,0.217,0.575,0.569,0.885,0.417,0.906,0.615,0.917,0.69,0.281,0.958,0.511,0.429,0.792,0.464,0.25,0.398,0.896,0.456,0.723,0.391,0.408,0.616,0.479,0.245,0.223,0.414,0.139,0.981,0.389,0.415,0.961,0.496,0.81,0.169
1.0,0.217,0.903,0.982,0.426,0.631,0.559,0.912,0.589,0.08,0.105,0.053,0.193,0.668,0.305,0.044,0.07,0.324,0.248,0.031,0.423,0.229,0.15,0.615,0.283,0.478,0.168,0.487,0.927,0.673,0.589,0.005,0.522,0.393,0.927,0.455,0.966,0.98,0.775,0.541,0.731
1.0,0.481,0.76,0.97,0.245,0.799,0.573,0.011,0.03,0.914,0.278,0.762,0.455,0.448,0.206,0.546,0.468,0.44,0.939,0.607,0.166,0.245,0.718,0.609,0.415,0.754,0.751,0.864,0.925,0.233,0.054,0.971,0.216,0.853,0.965,0.342,0.654,0.365,0.04,0.287,0.534
1.0,0.254,0.414,0.171,0.485,0.355,0.215,0.819,0.47,0.932,0.179,0.26,0.077,0.636,0.965,0.604,0.823,0.194,0.285,0.813,0.346,0.953,0.049,0.465,0.382,0.391,0.278,0.085,0.029,0.415,0.462,0.836,0.758,0.57,0.334,0.114,0.057,0.208,0.575,0.221,0.855
1.0,0.606,0.137,0.957,0.504,0.271,0.585,0.046,0.67,0.668,0.095,0.58,0.251,0.174,0.239,0.353,0.802,0.48,0.864,0.755,0.859,0.663,0.636,0.737,0.689,0.15,0.981,0.939,0.874,0.12,0.158,0.919,0.402,0.887,0.999,0.61,0.035,0.115,0.941,0.647,0.872
0.0,0.851,0.434,0.491,0.106,0.123,0.526,0.689,0.289,0.62,0.581,0.431,0.274,0.843,0.214,0.785,0.674,0.542,0.63,0.071,0.353,0.879,0.207,0.873,0.617,0.504,0.797,0.289,0.728,0.368,0.125,0.826,0.574,0.532,0.358,0.8,0.336,0.78,0.075,0.65,0.238
0.0,0.384,0.06,0.481,0.569,0.658,0.155,0.976,0.682,0.329,0.764,0.832,0.874,0.206,0.855,0.158,0.881,0.64,0.176,0.354,0.697,0.085,0.821,0.457,0.238,0.099,0.572,0.319,0.315,0.659,0.166,0.135,0.014,0.675,0.434,0.957,0.557,0.058,0.606,0.265,0.172
0.0,0.906,0.659,0.472,0.048,0.204,0.795,0.243,0.842,0.147,0.58,0.928,0.977,0.425,0.049,0.804,0.39,0.504,0.547,0.962,0.69,0.406,0.655,0.805,0.3,0.108,0.928,0.607,0.377,0.459,0.555,0.048,0.134,0.907,0.282,0.272,0.11,0.658,0.112,0.685,0.557
0.0,0.536,0.977,0.724,0.595,0.486,0.32,0.164,0.536,0.691,0.262,0.619,0.903,0.303,0.816,0.14,0.713,0.342,0.774,0.43,0.877,0.605,0.621,0.404,0.624,0.288,0.389,0.745,0.006,0.427,0.639,0.552,0.976,0.456,0.5,0.23,0.084,0.314,0.878,0.425,0.872
0.0,0.262,0.34,0.03,0.285,0.978,0.311,0.306,0.93,0.31,0.159,0.876,0.519,0.982,0.682,0.943,0.83,0.782,0.054,0.826,0.602,0.224,0.582,0.788,0.136,0.044,0.429,0.985,0.659,0.273,0.181,0.086,0.519,0.955,0.641,0.463,0.792,0.412,0.373,0.974,0.42
0.0,0.073,0.236,0.531,0.116,0.236,0.928,0.122,0.807,0.245,0.794,0.458,0.923,0.624,0.887,0.858,0.174,0.468,0.989,0.991,0.741,0.467,0.676,0.006,0.217,0.283,0.882,0.211,0.959,0.238,0.282,0.424,0.969,0.938,0.081,0.593,0.21,0.287,0.691,0.133,0.046
1.0,0.487,0.266,0.163,0.252,0.191,0.378,0.199,0.801,0.21,0.716,0.537,0.465,0.276,0.771,0.648,0.884,0.339,0.95,0.703,0.637,0.713,0.853,0.067,0.96,0.116,0.859,0.065,0.664,0.649,0.843,0.425,0.67,0.155,0.956,0.314,0.346,0.121,0.883,0.034,0.251
1.0,0.83,0.274,0.687,0.545,0.279,0.263,0.812,0.813,0.324,0.25,0.054,0.099,0.521,0.529,0.174,0.623,0.953,0.49,0.253,0.632,0.883,0.322,0.341,0.482,0.836,0.499,0.385,0.124,0.904,0.875,0.985,0.738,0.067,0.39,0.421,0.374,0.583,0.387,0.731,0.401
1.0,0.491,0.99,0.804,0.764,0.733,0.069,0.779,0.673,0.275,0.652,0.287,0.164,0.806,0.392,0.487,0.723,0.899,0.129,0.075,0.735,0.506,0.516,0.546,0.1,0.569,0.089,0.045,0.068,0.756,0.077,0.518,0.201,0.436,0.886,0.026,0.697,0.822,0.215,0.833,0.931
0.0,0.436,0.327,0.053,0.871,0.682,0.65,0.21,0.578,0.337,0.008,0.321,0.477,0.947,0.023,0.669,0.233,0.255,0.679,0.297,0.84,0.276,0.025,0.796,0.573,0.425,0.456,0.086,0.44,0.432,0.15,0.961,0.182,0.263,0.878,0.885,0.611,0.568,0.199,0.236,0.046
1.0,0.881,0.892,0.853,0.921,0.684,0.198,0.874,0.699,0.896,0.043,0.433,0.08,0.493,0.757,0.965,0.715,0.448,0.77,0.396,0.312,0.308,0.778,0.016,0.425,0.272,0.249,0.135,0.338,0.757,0.545,0.674,0.258,0.669,0.972,0.137,0.86,0.999,0.636,0.616,0.287
0.0,0.724,0.825,0.278,0.449,0.424,0.003,0.005,0.409,0.214,0.335,0.011,0.21,0.312,0.59,0.579,0.002,0.428,0.744,0.445,0.705,0.539,0.163,0.934,0.055,0.381,0.721,0.604,0.634,0.542,0.331,0.966,0.724,0.701,0.752,0.822,0.883,0.451,0.207,0.011,0.846
0.0,0.727,0.216,0.765,0.319,0.73,0.963,0.054,0.354,0.108,0.901,0.713,0.587,0.774,0.534,0.251,0.468,0.934,0.445,0.435,0.921,0.314,0.212,0.39,0.8,0.027,0.361,0.968,0.099,0.275,0.227,0.241,0.017,0.401,0.641,0.785,0.944,0.653,0.406,0.568,0.666
0.0,0.247,0.667,0.932,0.285,0.947,0.758,0.184,0.567,0.367,0.244,0.484,0.466,0.735,0.768,0.631,0.638,0.95,0.71,0.777,0.862,0.558,0.904,0.728,0.084,0.012,0.175,0.34,0.134,0.114,0.598,0.945,0.222,0.554,0.809,0.641,0.152,0.414,0.264,0.122,0.594
1.0,0.958,0.38,0.946,0.737,0.726,0.273,0.786,0.875,0.684,0.924,0.244,0.324,0.562,0.609,0.69,0.92,0.283,0.313,0.115,0.732,0.135,0.329,0.075,0.799,0.505,0.37,0.985,0.379,0.339,0.112,0.942,0.508,0.479,0.766,0.609,0.363,0.781,0.628,0.412,0.094
0.0,0.109,0.765,0.016,0.09,0.557,0.488,0.179,0.41,0.151,0.945,0.083,0.484,0.271,0.646,0.924,0.927,0.602,0.935,0.273,0.715,0.277,0.126,0.922,0.871,0.657,0.943,0.527,0.022,0.569,0.111,0.415,0.154,0.115,0.073,0.371,0.267,0.84,0.27,0.013,0.131
0.0,0.19,0.357,0.158,0.401,0.923,0.405,0.213,0.426,0.194,0.519,0.563,0.511,0.486,0.921,0.55,0.124,0.584,0.125,0.517,0.414,0.894,0.234,0.252,0.592,0.915,0.451,0.095,0.896,0.008,0.867,0.094,0.798,0.222,0.674,0.224,0.635,0.241,0.614,0.622,0.998
0.0,0.646,0.622,0.646,0.66,0.06,0.105,0.702,0.981,0.926,0.582,0.992,0.385,0.586,0.687,0.539,0.874,0.77,0.059,0.389,0.11,0.668,0.192,0.917,0.814,0.367,0.408,0.234,0.033,0.01,0.873,0.781,0.097,0.678,0.149,0.091,0.835,0.007,0.118,0.727,0.591
1.0,0.895,0.825,0.133,0.323,0.215,0.774,0.194,0.03,0.044,0.317,0.901,0.126,0.038,0.378,0.484,0.285,0.021,0.124,0.888,0.952,0.849,0.122,0.415,0.869,0.888,0.902,0.13,0.344,0.478,0.55,0.786,0.31,0.451,0.132,0.446,0.272,0.268,0.603,0.316,0.771
0.0,0.873,0.361,0.334,0.072,0.501,0.828,0.956,0.482,0.818,0.019,0.189,0.977,0.483,0.891,0.056,0.281,0.87,0.526,0.547,0.873,0.787,0.146,0.565,0.659,0.533,0.44,0.02,0.583,0.904,0.609,0.164,0.676,0.981,0.585,0.611,0.804,0.627,0.835,0.541,0.146
0.0,0.047,0.393,0.427,0.487,0.639,0.423,0.553,0.88,0.802,0.528,0.68,0.788,0.697,0.856,0.011,0.983,0.304,0.372,0.469,0.921,0.17,0.132,0.267,0.421,0.496,0.539,0.595,0.945,0.757,0.569,0.89,0.729,0.516,0.032,0.209,0.053,0.699,0.919,0.15,0.616
0.0,0.209,0.273,0.206,0.283,0.443,0.638,0.822,0.396,0.348,0.258,0.464,0.993,0.768,0.888,0.584,0.631,0.318,0.649,0.757,0.146,0.834,0.241,0.435,0.636,0.155,0.599,0.211,0.246,0.713,0.231,0.287,0.451,0.459,0.732,0.177,0.071,0.041,0.572,0.217,0.19
1.0,0.523,0.029,0.125,0.989,0.198,0.868,0.029,0.272,0.079,0.651,0.342,0.024,0.915,0.535,0.115,0.217,0.191,0.096,0.766,0.674,0.554,0.997,0.069,0.965,0.337,0.832,0.64,0.418,0.033,0.016,0.849,0.429,0.929,0.647,0.246,0.614,0.075,0.644,0.81,0.218
0.0,0.97,0.215,0.623,0.069,0.358,0.536,0.151,0.163,0.437,0.637,0.955,0.078,0.18,0.996,0.781,0.041,0.272,0.17,0.467,0.995,0.484,0.99,0.825,0.66,0.432,0.938,0.767,0.458,0.594,0.751,0.49,0.547,0.363,0.183,0.742,0.16,0.222,0.556,0.262,0.445
0.0,0.9,0.762,0.471,0.145,0.279,0.132,0.274,0.699,0.731,0.569,0.107,0.968,0.925,0.573,0.77,0.942,0.911,0.968,0.689,0.023,0.402,0.542,0.086,0.183,0.498,0.218,0.447,0.09,0.554,0.54,0.989,0.467,0.823,0.373,0.563,0.588,0.022,0.592,0.587,0.613
0.0,0.23,0.885,0.245,0.484,0.982,0.931,0.275,0.386,0.455,0.232,0.597,0.25,0.486,0.523,0.17,1.0,0.21,0.136,0.862,0.9,0.19,0.507,0.532,0.473,0.9,0.191,0.889,0.865,0.238,0.228,0.023,0.753,0.076,0.404,0.386,0.981,0.975,0.436,0.713,0.744
1.0,0.337,0.38,0.22,0.054,0.557,0.647,0.601,0.529,0.227,0.241,0.343,0.623,0.386,0.107,0.184,0.508,0.655,0.431,0.466,0.977,0.385,0.395,0.194,0.092,0.677,0.218,0.676,0.8,0.197,0.94,0.599,0.709,0.426,0.299,0.663,0.517,0.971,0.001,0.282,0.075
1.0,0.949,0.786,0.991,0.14,0.009,0.286,0.794,0.962,0.733,0.883,0.046,0.113,0.403,0.758,0.734,0.951,0.177,0.122,0.147,0.626,0.158,0.306,0.743,0.064,0.306,0.134,0.612,0.367,0.19,0.463,0.023,0.871,0.165,0.01,0.267,0.104,0.78,0.815,0.694,0.556
0.0,0.81,0.625,0.697,0.404,0.699,0.19,0.654,0.197,0.798,0.079,0.723,0.792,0.233,0.182,0.861,0.091,0.848,0.922,0.84,0.89,0.173,0.12,0.003,0.863,0.879,0.454,0.648,0.299,0.642,0.221,0.486,0.335,0.068,0.396,0.016,0.056,0.31,0.525,0.441,0.52
1.0,0.134,0.094,0.934,0.808,0.482,0.83,0.705,0.854,0.102,0.111,0.328,0.608,0.304,0.556,0.293,0.403,0.28,0.57,0.732,0.082,0.055,0.548,0.615,0.163,0.966,0.53,0.06,0.903,0.275,0.623,0.772,0.169,0.192,0.6,0.134,0.629,0.67,0.258,0.114,0.82
0.0,0.866,0.684,0.258,0.463,0.198,0.691,0.645,0.207,0.47,0.824,0.879,0.796,0.624,0.661,0.724,0.264,0.739,0.366,0.951,0.019,0.253,0.006,0.178,0.754,0.522,0.541,0.069,0.581,0.214,0.789,0.373,0.132,0.849,0.167,0.72,0.171,0.725,0.853,0.073,0.158
1.0,0.81,0.09,0.422,0.779,0.156,0.063,0.332,0.212,0.434,0.574,0.381,0.139,0.66,0.022,0.883,0.186,0.536,0.633,0.564,0.948,0.077,0.025,0.953,0.42,0.504,0.455,0.175,0.223,0.61,0.964,0.968,0.7,0.508,0.951,0.608,0.121,0.011,0.293,0.796,0.904
0.0,0.064,0.919,0.427,0.802,0.99,0.56,0.928,0.198,0.284,0.333,0.678,0.748,0.807,0.453,0.266,0.909,0.432,0.663,0.457,0.449,0.433,0.33,0.164,0.413,0.795,0.565,0.475,0.788,0.958,0.904,0.297,0.134,0.318,0.863,0.453,0.583,0.574,0.498,0.893,0.491
0.0,0.726,0.785,0.56,0.269,0.963,0.644,0.743,0.543,0.536,0.373,0.171,0.717,0.874,0.573,0.64,0.05,0.686,0.789,0.56,0.135,0.483,0.505,0.84,0.59,0.001,0.836,0.23,0.584,0.88,0.733,0.804,0.866,0.061,0.1,0.074,0.153,0.797,0.473,0.395,0.075
0.0,0.854,0.964,0.711,0.279,0.408,0.964,0.496,0.159,0.21,0.458,0.283,0.065,0.433,0.656,0.628,0.431,0.982,0.322,0.03,0.515,0.666,0.111,0.815,0.78,0.371,0.022,0.465,0.85,0.12,0.967,0.645,0.951,0.417,0.675,0.929,0.848,0.902,0.38,0.765,0.262
0.0,0.611,0.99,0.411,0.836,0.15,0.024,0.636,0.153,0.435,0.465,0.052,0.744,0.168,0.454,0.017,0.767,0.833,0.33,0.3,0.701,0.981,0.491,0.52,0.771,0.46,0.102,0.592,0.494,0.208,0.018,0.389,0.678,0.887,0.019,0.509,0.522,0.28,0.715,0.719,0.081
0.0,0.754,0.788,0.088,0.101,0.946,0.944,0.004,0.02,0.896,0.723,0.495,0.337,0.701,0.89,0.709,0.488,0.472,0.097,0.644,0.99,0.763,0.936,0.126,0.731,0.938,0.923,0.274,0.593,0.964,0.382,0.146,0.419,0.049,0.507,0.403,0.777,0.955,0.356,0.358,0.817
1.0,0.178,0.055,0.665,0.884,0.212,0.465,0.026,0.802,0.202,0.158,0.344,0.134,0.241,0.66,0.762,0.222,0.57,0.624,0.713,0.043,0.939,0.683,0.161,0.935,0.294,0.751,0.719,0.227,0.167,0.445,0.117,0.068,0.008,0.03,0.498,0.441,0.004,0.294,0.157,0.495
0.0,0.006,0.912,0.645,0.722,0.704,0.124,0.002,0.661,0.736,0.827,0.556,0.369,0.483,0.818,0.45,0.309,0.207,0.363,0.416,0.179,0.415,0.353,0.83,0.668,0.847,0.061,0.58,0.583,0.729,0.827,0.86,0.636,0.224,0.445,0.583,0.83,0.993,0.946,0.149,0.733
0.0,0.708,0.431,0.137,0.092,0.541,0.793,0.363,0.171,0.842,0.641,0.79,0.858,0.114,0.068,0.727,0.488,0.136,0.911,0.589,0.401,0.777,0.469,0.32,0.808,0.518,0.295,0.879,0.799,0.077,0.057,0.627,0.919,0.526,0.381,0.739,0.825,0.419,0.887,0.164,0.202
1.0,0.72,0.42,0.121,0.622,0.169,0.665,0.586,0.559,0.567,0.715,0.305,0.053,0.153,0.259,0.525,0.122,0.965,0.654,0.546,0.746,0.806,0.004,0.347,0.331,0.916,0.801,0.463,0.761,0.854,0.151,0.769,0.865,0.845,0.834,0.181,0.502,0.814,0.605,0.77,0.631
0.0,0.58,0.279,0.775,0.865,0.186,0.672,0.865,0.384,0.683,0.168,0.426,0.973,0.297,0.167,0.784,0.223,0.807,0.755,0.02,0.152,0.644,0.601,0.597,0.347,0.24,0.011,0.3,0.685,0.734,0.945,0.986,0.013,0.224,0.388,0.953,0.169,0.297,0.552,0.34,0.998
1.0,0.907,0.347,0.708,0.541,0.739,0.895,0.404,0.369,0.705,0.186,0.88,0.383,0.439,0.457,0.932,0.154,0.941,0.895,0.878,0.254,0.582,0.941,0.777,0.76,0.886,0.903,0.366,0.174,0.457,0.769,0.295,0.982,0.396,0.261,0.34,0.862,0.701,0.886,0.332,0.277
0.0,0.23,0.442,0.146,0.27,0.145,0.784,0.111,0.145,0.948,0.716,0.334,0.182,0.764,0.461,0.026,0.304,0.375,0.758,0.891,0.705,0.064,0.707,0.967,0.459,0.99,0.755,0.553,0.588,0.403,0.58,0.405,0.525,0.169,0.883,0.019,0.685,0.02,0.06,0.914,0.444
0.0,0.04,0.877,0.931,0.227,0.26,0.458,0.167,0.836,0.198,0.319,0.704,0.843,0.148,0.413,0.934,0.266,0.942,0.162,0.016,0.601,0.853,0.252,0.268,0.642,0.99,0.269,0.771,0.383,0.635,0.765,0.452,0.031,0.704,0.099,0.412,0.754,0.247,0.244,0.314,0.473
0.0,0.419,0.412,0.991,0.089,0.869,0.612,0.428,0.183,0.239,0.316,0.162,0.476,0.054,0.182,0.433,0.434,0.851,0.88,0.804,0.315,0.9,0.936,0.683,0.721,0.768,0.752,0.562,0.834,0.228,0.289,0.691,0.602,0.609,0.767,0.125,0.63,0.548,0.017,0.868,0.124
0.0,0.3,0.706,0.428,0.563,0.917,0.501,0.969,0.357,0.547,0.527,0.767,0.65,0.014,0.09,0.718,0.765,0.538,0.401,0.665,0.901,0.943,0.294,0.504,0.527,0.594,0.484,0.755,0.341,0.049,0.797,0.777,0.727,0.55,0.232,0.859,0.149,0.559,0.619,0.189,0.544
0.0,0.019,0.466,0.978,0.229,0.496,0.645,0.441,0.263,0.111,0.922,0.06,0.809,0.053,0.142,0.022,0.807,0.529,0.614,0.92,0.361,0.953,0.722,0.539,0.008,0.619,0.148,0.101,0.203,0.751,0.241,0.07,0.967,0.506,0.764,0.344,0.798,0.786,0.976,0.708,0.846
1.0,0.29,0.072,0.3,0.993,0.373,0.009,0.342,0.667,0.679,0.943,0.035,0.699,0.328,0.312,0.447,0.112,0.962,0.229,0.117,0.46,0.467,0.53,0.455,0.753,0.912,0.255,0.362,0.429,0.853,0.545,0.061,0.672,0.844,0.548,0.95,0.989,0.468,0.949,0.216,0.795
0.0,0.679,0.45,0.404,0.831,0.878,0.606,0.05,0.815,0.93,0.414,0.926,0.412,0.745,0.819,0.074,0.253,0.551,0.844,0.811,0.044,0.418,0.203,0.049,0.429,0.417,0.891,0.359,0.478,0.489,0.799,0.837,0.24,0.985,0.598,0.167,0.537,0.951,0.887,0.029,0.465
1.0,0.049,0.782,0.785,0.15,0.683,0.352,0.086,0.83,0.44,0.299,0.48,0.08,0.418,0.036,0.438,0.092,0.912,0.2,0.774,0.877,0.682,0.206,0.068,0.859,0.029,0.952,0.041,0.619,0.788,0.304,0.843,0.243,0.978,0.354,0.954,0.03,0.891,0.137,0.739,0.559
0.0,0.653,0.981,0.501,0.395,0.627,0.751,0.683,0.417,0.404,0.01,0.656,0.599,0.948,0.679,0.547,0.694,0.793,0.346,0.78,0.072,0.002,0.693,0.383,0.9,0.022,0.396,0.369,0.613,0.297,0.159,0.319,0.984,0.282,0.384,0.114,0.153,0.425,0.926,0.174,0.831
1.0,0.269,0.146,0.136,0.224,0.926,0.073,0.813,0.994,0.138,0.342,0.306,0.284,0.889,0.961,0.445,0.905,0.517,0.078,0.517,0.831,0.144,0.706,0.552,0.684,0.911,0.813,0.44,0.586,0.853,0.413,0.545,0.608,0.206,0.106,0.503,0.049,0.144,0.954,0.297,0.037
1.0,0.567,0.285,0.151,0.491,0.126,0.197,0.067,0.032,0.66,0.002,0.431,0.659,0.854,0.967,0.422,0.134,0.253,0.319,0.044,0.588,0.811,0.448,0.381,0.917,0.333,0.044,0.674,0.839,0.235,0.137,0.303,0.405,0.127,0.01,0.851,0.706,0.604,0.875,0.28,0.145
0.0,0.471,0.001,0.42,0.419,0.011,0.78,0.758,0.05,0.649,0.553,0.458,0.077,0.158,0.832,0.08,0.038,0.054,0.478,0.546,0.107,0.831,0.545,0.993,0.548,0.07,0.635,0.152,0.548,0.73,0.339,0.119,0.77,0.578,0.251,0.866,0.305,0.984,0.59,0.335,0.104
0.0,0.245,0.506,0.707,0.383,0.647,0.256,0.452,0.905,0.261,0.162,0.649,0.386,0.456,0.313,0.992,0.286,0.221,0.556,0.766,0.814,0.146,0.164,0.826,0.839,0.128,0.329,0.399,0.61,0.546,0.299,0.198,0.5,0.292,0.23,0.592,0.316,0.017,0.134,0.917,0.884
1.0,0.747,0.143,0.46,0.205,0.195,0.33,0.481,0.235,0.991,0.211,0.99,0.444,0.588,0.697,0.529,0.097,0.668,0.118,0.546,0.854,0.819,0.002,0.81,0.202,0.443,0.756,0.111,0.565,0.396,0.087,0.785,0.81,0.365,0.876,0.167,0.212,0.754,0.17,0.072,0.369
1.0,0.052,0.762,0.244,0.297,0.261,0.759,0.743,0.703,0.585,0.804,0.625,0.499,0.667,0.758,0.637,0.549,0.359,0.806,0.923,0.979,0.96,0.536,0.372,0.225,0.949,0.194,0.687,0.936,0.647,0.334,0.146,0.796,0.56,0.56,0.602,0.037,0.499,0.358,0.642,0.214
1.0,0.735,0.646,0.321,0.703,0.464,0.479,0.5,0.536,0.654,0.123,0.559,0.43,0.25,0.917,0.138,0.693,0.174,0.867,0.57,0.244,0.73,0.297,0.189,0.926,0.846,0.669,0.743,0.183,0.544,0.617,0.178,0.061,0.128,0.246,0.389,0.595,0.451,0.966,0.691,0.585
0.0,0.065,0.7,0.368,0.763,0.966,0.216,0.188,0.131,0.656,0.426,0.136,0.796,0.269,0.597,0.506,0.398,0.323,0.53,0.481,0.04,0.593,0.482,0.507,0.332,0.11,0.301,0.665,0.265,0.602,0.779,0.37,0.709,0.948,0.457,0.092,0.259,0.836,0.341,0.897,0.767
0.0,0.685,0.284,0.503,0.291,0.606,0.688,0.545,0.615,0.051,0.672,0.896,0.879,0.002,0.319,0.794,0.241,0.802,0.108,0.799,0.326,0.569,0.194,0.055,0.756,0.409,0.218,0.366,0.952,0.775,0.646,0.506,0.975,0.482,0.511,0.139,0.356,0.401,0.646,0.059,0.196
1.0,0.593,0.169,0.013,0.054,0.528,0.582,0.715,0.653,0.126,0.0,0.419,0.141,0.807,0.507,0.41,0.839,0.922,0.889,0.335,0.198,0.741,0.334,0.411,0.33,0.481,0.171,0.744,0.374,0.206,0.077,0.737,0.258,0.764,0.789,0.167,0.703,0.966,0.166,0.566,0.003
1.0,0.386,0.377,0.159,0.08,0.665,0.714,0.709,0.864,0.888,0.532,0.566,0.498,0.205,0.367,0.435,0.604,0.913,0.512,0.038,0.469,0.821,0.369,0.508,0.345,0.151,0.362,0.775,0.126,0.817,0.434,0.521,0.84,0.971,0.674,0.874,0.938,0.296,0.804,0.862,0.518
0.0,0.266,0.238,0.655,0.739,0.866,0.331,0.846,0.728,0.13,0.412,0.522,0.911,0.491,0.214,0.851,0.906,0.132,0.192,0.709,0.372,0.656,0.099,0.925,0.283,0.384,0.929,0.029,0.434,0.877,0.685,0.273,0.692,0.328,0.854,0.997,0.31,0.513,0.056,0.206,0.455
0.0,0.68,0.859,0.984,0.592,0.852,0.328,0.7,0.011,0.988,0.696,0.75,0.261,0.584,0.319,0.653,0.199,0.371,0.711,0.987,0.3,0.514,0.237,0.595,0.644,0.902,0.469,0.348,0.855,0.395,0.59,0.965,0.292,0.245,0.749,0.105,0.375,0.71,0.324,0.429,0.966
0.0,0.678,0.28,0.666,0.161,0.424,0.685,0.423,0.309,0.752,0.517,0.401,0.313,0.861,0.547,0.561,0.293,0.74,0.511,0.954,0.166,0.187,0.236,0.907,0.451,0.942,0.29,0.188,0.783,0.225,0.341,0.55,0.514,0.683,0.048,0.619,0.411,0.755,0.716,0.164,0.96
0.0,0.033,0.857,0.958,0.219,0.504,0.763,0.313,0.608,0.281,0.25,0.175,0.941,0.929,0.096,0.957,0.584,0.361,0.918,0.28,0.455,0.26,0.595,0.54,0.206,0.899,0.58,0.706,0.396,0.168,0.692,0.686,0.152,0.209,0.804,0.571,0.944,0.331,0.033,0.713,0.525
1.0,0.729,0.66,0.383,0.836,0.567,0.047,0.339,0.369,0.677,0.387,0.566,0.027,0.834,0.323,0.932,0.232,0.144,0.981,0.483,0.761,0.924,0.098,0.022,0.982,0.328,0.605,0.248,0.874,0.601,0.41,0.528,0.342,0.332,0.167,0.179,0.085,0.695,0.371,0.198,0.092
1.0,0.73,0.985,0.385,0.875,0.599,0.88,0.545,0.801,0.649,0.108,0.579,0.77,0.129,0.699,0.868,0.831,0.016,0.97,0.852,0.241,0.256,0.334,0.104,0.57,0.51,0.296,0.368,0.319,0.781,0.303,0.126,0.399,0.277,0.363,0.342,0.959,0.89,0.154,0.878,0.73
0.0,0.027,0.764,0.067,0.919,0.918,0.72,0.74,0.918,0.482,0.054,0.782,0.389,0.402,0.782,0.881,0.615,0.035,0.072,0.067,0.468,0.255,0.31,0.256,0.71,0.272,0.185,0.993,0.493,0.135,0.693,0.258,0.314,0.095,0.749,0.708,0.551,0.45,0.466,0.824,0.601
0.0,0.891,0.329,0.259,0.356,0.689,0.185,0.334,0.145,0.626,0.501,0.382,0.536,0.992,0.248,0.824,0.915,0.035,0.648,0.871,0.99,0.284,0.952,0.832,0.85,0.565,0.026,0.116,0.778,0.308,0.128,0.62,0.982,0.383,0.334,0.179,0.225,0.191,0.791,0.797,0.802
1.0,0.827,0.257,0.262,0.913,0.623,0.499,0.661,0.831,0.933,0.62,0.413,0.105,0.424,0.342,0.07,0.808,0.008,0.047,0.506,0.31,0.267,0.513,0.236,0.342,0.008,0.264,0.089,0.85,0.862,0.019,0.846,0.854,0.69,0.029,0.195,0.244,0.244,0.537,0.846,0.086
1.0,0.815,0.081,0.312,0.53,0.074,0.627,0.127,0.155,0.368,0.789,0.456,0.753,0.949,0.245,0.811,0.67,0.848,0.531,0.684,0.052,0.291,0.981,0.666,0.738,0.772,0.179,0.073,0.018,0.627,0.816,0.762,0.987,0.772,0.051,0.714,0.473,0.923,0.611,0.926,0.717
0.0,0.112,0.684,0.559,0.058,0.033,0.613,0.255,0.022,0.023,0.438,0.415,0.418,0.909,0.592,0.455,0.106,0.773,0.42,0.878,0.419,0.27,0.174,0.845,0.234,0.539,0.317,0.642,0.052,0.096,0.025,0.813,0.048,0.554,0.669,0.702,0.034,0.838,0.76,0.216,0.294
1.0,0.217,0.47,0.128,0.35,0.684,0.241,0.442,0.006,0.458,0.715,0.595,0.329,0.517,0.183,0.165,0.732,0.313,0.798,0.237,0.702,0.862,0.542,0.574,0.172,0.729,0.593,0.415,0.901,0.594,0.656,0.11,0.778,0.542,0.602,0.812,0.816,0.323,0.256,0.513,0.374
0.0,0.923,0.771,0.051,0.94,0.844,0.67,0.293,0.347,0.566,0.008,0.697,0.91,0.464,0.669,0.125,0.126,0.792,0.943,0.961,0.16,0.91,0.908,0.548,0.51,0.23,0.47,0.909,0.644,0.943,0.04,0.26,0.768,0.575,0.231,0.613,0.093,0.015,0.214,0.322,0.189
1.0,0.859,0.853,0.136,0.053,0.564,0.403,0.506,0.557,0.81,0.725,0.761,0.063,0.655,0.173,0.461,0.345,0.198,0.196,0.575,0.028,0.306,0.93,0.779,0.516,0.21,0.769,0.264,0.997,0.204,0.583,0.421,0.507,0.999,0.068,0.613,0.376,0.63,0.907,0.971,0.957
1.0,0.988,0.274,0.306,0.155,0.757,0.587,0.76,0.225,0.741,0.052,0.518,0.226,0.734,0.256,0.098,0.005,0.235,0.118,0.125,0.762,0.294,0.404,0.146,0.75,0.68,0.189,0.576,0.211,0.415,0.862,0.847,0.37,0.909,0.643,0.543,0.262,0.24,0.149,0.79,0.745
0.0,0.599,0.595,0.204,0.258,0.501,0.252,0.932,0.644,0.489,0.113,0.674,0.934,0.831,0.746,0.383,0.771,0.65,0.516,0.972,0.216,0.859,0.284,0.866,0.773,0.61,0.252,0.081,0.75,0.183,0.988,0.071,0.894,0.526,0.002,0.189,0.883,0.771,0.39,0.562,0.704
1.0,0.012,0.793,0.386,0.645,0.769,0.644,0.575,0.495,0.028,0.036,0.988,0.292,0.116,0.429,0.658,0.71,0.236,0.198,0.041,0.957,0.877,0.099,0.704,0.224,0.932,0.072,0.812,0.969,0.597,0.7,0.131,0.339,0.829,0.995,0.169,0.448,0.562,0.39,0.152,0.171
1.0,0.356,0.663,0.636,0.765,0.618,0.728,0.001,0.742,0.293,0.247,0.253,0.672,0.96,0.042,0.156,0.4,0.714,0.612,0.184,0.538,0.801,0.996,0.636,0.717,0.866,0.462,0.194,0.555,0.956,0.484,0.388,0.944,0.194,0.453,0.534,0.959,0.21,0.036,0.241,0.238
1.0,0.902,0.721,0.517,0.527,0.26,0.908,0.325,0.398,0.991,0.686,0.825,0.428,0.371,0.235,0.231,0.153,0.933,0.439,0.809,0.986,0.647,0.716,0.266,0.356,0.086,0.302,0.1,0.64,0.826,0.379,0.006,0.897,0.049,0.863,0.065,0.922,0.215,0.249,0.618,0.814
0.0,0.627,0.598,0.699,0.978,0.528,0.218,0.111,0.885,0.271,0.708,0.651,0.86,0.147,0.109,0.542,0.09,0.303,0.722,0.147,0.532,0.586,0.512,0.908,0.193,0.254,0.677,0.549,0.659,0.537,0.128,0.265,0.83,0.043,0.028,0.872,0.541,0.164,0.659,0.004,0.988
0.0,0.331,0.078,0.911,0.964,0.031,0.262,0.712,0.213,0.367,0.904,0.676,0.888,0.3,0.106,0.74,0.76,0.683,0.868,0.771,0.685,0.369,0.334,0.195,0.205,0.118,0.716,0.211,0.321,0.966,0.88,0.906,0.933,0.118,0.562,0.444,0.469,0.341,0.163,0.66,0.266
1.0,0.201,0.414,0.942,0.818,0.148,0.142,0.864,0.077,0.078,0.304,0.99,0.678,0.617,0.845,0.542,0.713,0.42,0.05,0.814,0.977,0.045,0.191,0.874,0.678,0.181,0.339,0.216,0.341,0.624,0.352,0.486,0.833,0.643,0.015,0.625,0.92,0.425,0.384,0.041,0.705
0.0,0.68,0.157,0.18,0.705,0.92,0.862,0.321,0.499,0.164,0.246,0.342,0.779,0.128,0.624,0.647,0.041,0.623,0.186,0.458,0.439,0.215,0.924,0.811,0.199,0.979,0.952,0.519,0.475,0.082,0.261,0.245,0.95,0.369,0.786,0.667,0.273,0.177,0.296,0.53,0.172
0.0,0.782,0.078,0.331,0.483,0.455,0.916,0.151,0.794,0.697,0.28,0.715,0.208,0.189,0.243,0.231,0.217,0.116,0.929,0.543,0.232,0.821,0.364,0.834,0.236,0.796,0.116,0.736,0.745,0.753,0.155,0.762,0.894,0.821,0.291,0.327,0.822,0.088,0.467,0.012,0.511
1.0,0.934,0.035,0.607,0.211,0.065,0.496,0.843,0.014,0.588,0.133,0.359,0.062,0.748,0.461,0.56,0.052,0.755,0.985,0.062,0.181,0.206,0.603,0.606,0.15,0.229,0.883,0.386,0.523,0.725,0.657,0.006,0.572,0.929,0.042,0.579,0.114,0.719,0.584,0.489,0.206
1.0,0.675,0.502,0.93,0.311,0.71,0.927,0.166,0.508,0.051,0.309,0.709,0.519,0.514,0.898,0.703,0.182,0.646,0.836,0.344,0.891,0.026,0.621,0.73,0.474,0.307,0.111,0.874,0.071,0.279,0.717,0.166,0.638,0.493,0.502,0.308,0.396,0.808,0.957,0.74,0.892
1.0,0.887,0.345,0.719,0.688,0.072,0.87,0.51,0.537,0.636,0.93,0.421,0.333,0.016,0.519,0.015,0.089,0.275,0.854,0.853,0.526,0.67,0.3,0.022,0.548,0.745,0.112,0.467,0.123,0.885,0.433,0.585,0.388,0.796,0.244,0.631,0.5,0.098,0.544,0.756,0.343
1.0,0.161,0.858,0.115,0.266,0.109,0.299,0.118,0.224,0.099,0.34,0.498,0.279,0.966,0.103,0.992,0.226,0.361,0.362,0.59,0.976,0.187,0.914,0.715,0.881,0.428,0.905,0.136,0.214,0.085,0.205,0.544,0.996,0.742,0.598,0.395,0.759,0.609,0.055,0.661,0.524
1.0,0.325,0.489,0.03,0.902,0.335,0.468,0.42,0.421,0.776,0.74,0.765,0.447,0.06,0.323,0.246,0.162,0.515,0.634,0.285,0.264,0.6,0.799,0.464,0.958,0.766,0.828,0.885,0.897,0.828,0.292,0.902,0.837,0.872,0.428,0.768,0.189,0.203,0.326,0.228,0.982
0.0,0.679,0.171,0.147,0.248,0.611,0.311,0.203,0.953,0.209,0.025,0.782,0.957,0.452,0.254,0.887,0.013,0.652,0.798,0.418,0.908,0.469,0.237,0.064,0.63,0.392,0.42,0.12,0.126,0.858,0.19,0.732,0.431,0.635,0.765,0.224,0.139,0.294,0.88,0.769,0.877
0.0,0.941,0.649,0.315,0.196,0.535,0.284,0.401,0.666,0.969,0.972,0.185,1.0,0.006,0.081,0.18,0.602,0.427,0.514,0.333,0.542,0.289,0.997,0.901,0.576,0.688,0.232,0.903,0.284,0.91,0.26,0.557,0.123,0.53,0.374,0.491,0.681,0.426,0.176,0.644,0.901
1.0,0.827,0.784,0.394,0.818,0.399,0.062,0.561,0.871,0.184,0.925,0.434,0.388,0.76,0.161,0.267,0.214,0.814,0.398,0.303,0.735,0.492,0.062,0.174,0.36,0.172,0.091,0.801,0.266,0.428,0.007,0.95,0.182,0.495,0.708,0.701,0.015,0.851,0.35,0.1,0.16
1.0,0.385,0.689,0.472,0.88,0.415,0.201,0.086,0.472,0.636,0.848,0.569,0.582,0.032,0.429,0.177,0.851,0.745,0.021,0.253,0.402,0.377,0.871,0.672,0.451,0.206,0.016,0.853,0.312,0.712,0.468,0.075,0.898,0.119,0.139,0.509,0.36,0.078,0.794,0.39,0.989
0.0,0.394,0.827,0.726,0.537,0.93,0.998,0.35,0.979,0.99,0.757,0.326,0.993,0.577,0.361,0.267,0.393,0.164,0.641,0.628,0.252,0.697,0.945,0.944,0.559,0.775,0.727,0.077,0.133,0.241,0.061,0.599,0.318,0.958,0.048,0.719,0.399,0.736,0.637,0.605,0.051
0.0,0.111,0.12,0.847,0.969,0.854,0.259,0.444,0.276,0.668,0.793,0.038,0.089,0.329,0.212,0.1,0.25,0.67,0.122,0.848,0.594,0.105,0.143,0.179,0.714,0.661,0.848,0.036,0.983,0.438,0.858,0.11,0.538,0.745,0.572,0.832,0.592,0.447,0.302,0.817,0.971
0.0,0.543,0.147,0.147,0.715,0.697,0.057,0.531,0.304,0.423,0.979,0.036,0.593,0.753,0.286,0.352,0.757,0.892,0.396,0.304,0.768,0.607,0.872,0.812,0.761,0.708,0.302,0.191,0.422,0.734,0.031,0.253,0.178,0.537,0.671,0.564,0.686,0.852,0.276,0.186,0.781
0.0,0.31,0.4,0.954,0.297,0.03,0.855,0.908,0.017,0.361,0.16,0.037,0.429,0.829,0.349,0.53,0.273,0.843,0.143,0.515,0.775,0.615,0.071,0.921,0.836,0.541,0.119,0.222,0.205,0.06,0.74,0.748,0.869,0.929,0.013,0.58,0.496,0.334,0.228,0.987,0.647
1.0,0.868,0.535,0.082,0.189,0.672,0.809,0.146,0.536,0.829,0.735,0.921,0.278,0.54,0.728,0.625,0.647,0.382,0.693,0.409,0.867,0.424,0.57,0.501,0.783,0.045,0.594,0.076,0.307,0.886,0.139,0.894,0.331,0.607,0.868,0.688,0.537,0.126,0.97,0.975,0.63
0.0,0.166,0.782,0.765,0.54,0.943,0.668,0.619,0.585,0.254,0.642,0.219,0.549,0.948,0.18,0.553,0.776,0.692,0.94,0.272,0.693,0.707,0.449,0.815,0.9,0.796,0.41,0.674,0.581,0.667,0.897,0.995,0.953,0.564,0.977,0.252,0.431,0.505,0.249,0.862,0.718
1.0,0.356,0.549,0.921,0.505,0.463,0.082,0.603,0.159,0.327,0.176,0.743,0.728,0.715,0.833,0.41,0.675,0.616,0.932,0.779,0.801,0.103,0.608,0.372,0.895,0.296,0.111,0.28,0.609,0.05,0.47,0.714,0.544,0.692,0.771,0.678,0.124,0.079,0.931,0.8,0.62
1.0,0.444,0.428,0.125,0.252,0.71,0.441,0.632,0.044,0.222,0.721,0.383,0.277,0.675,0.597,0.749,0.785,0.069,0.641,0.691,0.872,0.885,0.467,0.146,0.742,0.067,0.039,0.321,0.655,0.136,0.64,0.166,0.595,0.776,0.751,0.584,0.316,0.972,0.99,0.886,0.611
0.0,0.91,0.982,0.924,0.154,0.397,0.199,0.135,0.567,0.971,0.064,0.218,0.896,0.031,0.824,0.683,0.023,0.22,0.043,0.965,0.648,0.65,0.612,0.135,0.99,0.957,0.729,0.078,0.412,0.007,0.622,0.171,0.906,0.183,0.926,0.183,0.408,0.125,0.972,0.418,0.243
1.0,0.601,0.224,0.162,0.296,0.746,0.716,0.96,0.152,0.103,0.958,0.487,0.362,0.279,0.854,0.309,0.614,0.353,0.405,0.852,0.349,0.47,0.401,0.52,0.649,0.108,0.1,0.409,0.373,0.385,0.825,0.601,0.828,0.071,0.9,0.35,0.901,0.997,0.778,0.514,0.4
0.0,0.145,0.482,0.131,0.91,0.229,0.319,0.105,0.825,0.675,0.849,0.703,0.855,0.012,0.709,0.92,0.481,0.75,0.434,0.935,0.002,0.949,0.397,0.316,0.269,0.17,0.458,0.417,0.277,0.336,0.741,0.912,0.861,0.162,0.86,0.01,0.577,0.798,0.57,0.603,0.687
0.0,0.317,0.163,0.646,0.594,0.941,0.791,0.165,0.527,0.57,0.572,0.801,0.166,0.719,0.394,0.417,0.071,0.219,0.344,0.908,0.006,0.931,0.372,0.4,0.983,0.074,0.591,0.869,0.584,0.706,0.113,0.88,0.617,0.623,0.332,0.836,0.171,0.853,0.941,0.895,0.002
1.0,0.712,0.829,0.038,0.431,0.591,0.094,0.846,0.606,0.304,0.306,0.555,0.119,0.836,0.097,0.64,0.057,0.684,0.75,0.695,0.168,0.831,0.462,0.119,0.539,0.787,0.248,0.736,0.912,0.963,0.962,0.422,0.16,0.673,0.948,0.397,0.105,0.004,0.781,0.036,0.427
0.0,0.637,0.769,0.889,0.637,0.408,0.77,0.142,0.156,0.971,0.591,0.917,0.725,0.785,0.297,0.561,0.96,0.828,0.288,0.622,0.97,0.686,0.799,0.846,0.385,0.662,0.086,0.631,0.43,0.236,0.708,0.853,0.04,0.094,0.221,0.988,0.419,0.448,0.68,0.039,0.828
0.0,0.632,0.466,0.169,0.822,0.903,0.995,0.913,0.666,0.409,0.101,0.057,0.403,0.663,0.379,0.932,0.849,0.142,0.039,0.472,0.827,0.658,0.229,0.671,0.179,0.776,0.533,0.502,0.04,0.048,0.613,0.705,0.217,0.399,0.884,0.164,0.068,0.182,0.036,0.159,0.534
0.0,0.779,0.02,0.947,0.774,0.18,0.811,0.661,0.752,0.901,0.869,0.052,0.081,0.154,0.427,0.614,0.622,0.061,0.843,0.118,0.753,0.811,0.41,0.952,0.053,0.25,0.866,0.356,0.082,0.154,0.035,0.299,0.629,0.243,0.901,0.69,0.561,0.43,0.59,0.137,0.425
0.0,0.389,0.385,0.047,0.884,0.347,0.741,0.968,0.156,0.323,0.591,0.188,0.94,0.179,0.963,0.438,0.765,0.813,0.582,0.035,0.244,0.54,0.434,0.56,0.149,0.051,0.208,0.95,0.386,0.671,0.368,0.3,0.78,0.212,0.924,0.402,0.868,0.293,0.062,0.206,0.716
0.0,0.254,0.58,0.375,0.023,0.808,0.626,0.528,0.456,0.901,0.927,0.445,0.995,0.047,0.385,0.806,0.919,0.861,0.656,0.522,0.457,0.488,0.56,0.44,0.959,0.097,0.074,0.5,0.046,0.622,0.115,0.604,0.757,0.184,0.73,0.114,0.889,0.904,0.054,0.145,0.903
1.0,0.182,0.212,0.332,0.364,0.759,0.64,0.176,0.769,0.13,0.903,0.768,0.274,0.997,0.257,0.073,0.751,0.066,0.833,0.724,0.744,0.974,0.944,0.563,0.45,0.714,0.236,0.038,0.251,0.743,0.933,0.705,0.138,0.796,0.926,0.335,0.613,0.574,0.334,0.443,0.248
1.0,0.655,0.247,0.473,0.765,0.205,0.518,0.64,0.711,0.808,0.501,0.605,0.651,0.26,0.435,0.398,0.491,0.563,0.176,0.713,0.868,0.335,0.028,0.471,0.604,0.795,0.032,0.024,0.777,0.388,0.64,0.625,0.168,0.777,0.001,0.114,0.994,0.836,0.866,0.935,0.949
1.0,0.572,0.181,0.197,0.734,0.302,0.153,0.234,0.903,0.209,0.418,0.726,0.884,0.908,0.885,0.211,0.53,0.821,0.116,0.863,0.333,0.328,0.127,0.699,0.566,0.865,0.036,0.028,0.591,0.86,0.532,0.866,0.25,0.764,0.674,0.212,0.07,0.253,0.977,0.395,0.97
1.0,0.549,0.725,0.002,0.902,0.433,0.385,0.76,0.769,0.977,0.855,0.308,0.296,0.308,0.691,0.053,0.204,0.713,0.008,0.607,0.308,0.346,0.415,0.222,0.403,0.295,0.002,0.343,0.033,0.915,0.267,0.503,0.329,0.002,0.364,0.502,0.335,0.908,0.876,0.641,0.777
1.0,0.516,0.211,0.363,0.784,0.745,0.651,0.603,0.185,0.255,0.39,0.146,0.689,0.502,0.046,0.672,0.365,0.916,0.847,0.985,0.323,0.04,0.365,0.486,0.069,0.069,0.555,0.022,0.227,0.069,0.6,0.462,0.838,0.664,0.847,0.448,0.348,0.928,0.702,0.075,0.596
0.0,0.782,0.173,0.789,0.871,0.862,0.384,0.677,0.318,0.311,0.595,0.332,0.474,0.409,0.493,0.249,0.596,0.231,0.797,0.286,0.514,0.244,0.434,0.887,0.73,0.278,0.393,0.326,0.595,0.327,0.598,0.482,0.042,0.493,0.644,0.308,0.554,0.166,0.441,0.671,0.23
1.0,0.077,0.452,0.055,0.533,0.251,0.793,0.723,0.995,0.793,0.058,0.375,0.767,0.736,0.276,0.955,0.499,0.069,0.281,0.921,0.372,0.765,0.377,0.526,0.595,0.963,0.161,0.049,0.757,0.796,0.535,0.483,0.056,0.534,0.771,0.738,0.844,0.994,0.599,0.488,0.088
0.0,0.441,0.625,0.451,0.046,0.566,0.731,0.701,0.361,0.564,0.631,0.971,0.511,0.232,0.575,0.329,0.168,0.404,0.948,0.578,0.03,0.411,0.598,0.872,0.105,0.771,0.203,0.793,0.476,0.973,0.084,0.634,0.021,0.047,0.975,0.359,0.42,0.719,0.041,0.528,0.434
0.0,0.058,0.747,0.043,0.899,0.212,0.236,0.543,0.489,0.617,0.441,0.044,0.485,0.962,0.199,0.384,0.712,0.862,0.267,0.219,0.418,0.15,0.781,0.959,0.096,0.213,0.229,0.477,0.407,0.721,0.528,0.152,0.414,0.92,0.05,0.991,0.083,0.54,0.508,0.439,0.667
1.0,0.252,0.266,0.047,0.844,0.106,0.092,0.588,0.307,0.649,0.161,0.21,0.14,0.04,0.933,0.501,0.94,0.881,0.613,0.208,0.86,0.91,0.983,0.646,0.704,0.803,0.673,0.342,0.502,0.255,0.695,0.802,0.685,0.418,0.28,0.756,0.434,0.978,0.498,0.509,0.109
0.0,0.923,0.399,0.091,0.409,0.962,0.195,0.508,0.528,0.241,0.906,0.144,0.246,0.081,0.697,0.812,0.943,0.025,0.291,0.598,0.987,0.388,0.559,0.175,0.569,0.043,0.536,0.998,0.029,0.74,0.261,0.201,0.681,0.215,0.74,0.297,0.806,0.223,0.762,0.777,0.737
0.0,0.342,0.949,0.038,0.277,0.945,0.328,0.126,0.152,0.001,0.033,0.095,0.783,0.757,0.495,0.502,0.652,0.367,0.326,0.592,0.911,0.99,0.926,0.857,0.275,0.378,0.114,0.038,0.54,0.626,0.282,0.743,0.823,0.395,0.775,0.579,0.707,0.573,0.652,0.471,0.768
1.0,0.233,0.028,0.562,0.221,0.155,0.253,0.188,0.488,0.803,0.592,0.581,0.466,0.905,0.897,0.441,0.901,0.625,0.34,0.151,0.493,0.3,0.358,0.392,0.607,0.322,0.646,0.154,0.495,0.067,0.379,0.667,0.661,0.973,0.422,0.728,0.458,0.279,0.791,0.048,0.707
1.0,0.056,0.783,0.883,0.838,0.317,0.803,0.732,0.193,0.622,0.72,0.332,0.136,0.966,0.593,0.359,0.098,0.215,0.9,0.851,0.396,0.003,0.467,0.957,0.344,0.894,0.863,0.12,0.005,0.205,0.921,0.477,0.172,0.055,0.439,0.58,0.057,0.326,0.152,0.756,0.702
1.0,0.186,0.331,0.645,0.738,0.097,0.364,0.136,0.155,0.016,0.4,0.519,0.61,0.368,0.378,0.817,0.706,0.926,0.833,0.569,0.49,0.207,0.406,0.18,0.457,0.13,0.509,0.069,0.393,0.332,0.524,0.976,0.856,0.235,0.597,0.13,0.795,0.977,0.902,0.813,0.392
0.0,0.619,0.247,0.655,0.642,0.873,0.409,0.589,0.009,0.955,0.339,0.787,0.023,0.427,0.122,0.104,0.612,0.331,0.052,0.194,0.299,0.276,0.59,0.16,0.312,0.905,0.717,0.415,0.933,0.739,0.634,0.322,0.442,0.328,0.541,0.88,0.192,0.659,0.855,0.631,0.059
1.0,0.485,0.723,0.62,0.158,0.547,0.928,0.391,0.3,0.899,0.896,0.4,0.491,0.459,0.785,0.676,0.589,0.494,0.847,0.44,0.137,0.543,0.982,0.281,0.641,0.257,0.678,0.418,0.088,0.597,0.579,0.584,0.355,0.335,0.395,0.845,0.305,0.348,0.993,0.106,0.303
0.0,0.391,0.1,0.559,0.686,0.593,0.051,0.482,0.257,0.039,0.696,0.444,0.822,0.625,0.925,0.614,0.111,0.839,0.452,0.566,0.935,0.479,0.158,0.588,0.56,0.409,0.685,0.214,0.467,0.8,0.578,0.329,0.135,0.6,0.007,0.47,0.565,0.59,0.167,0.248,0.533
0.0,0.39,0.138,0.369,0.583,0.558,0.938,0.776,0.139,0.919,0.496,0.572,0.856,0.811,0.868,0.958,0.815,0.031,0.615,0.443,0.314,0.963,0.355,0.133,0.729,0.496,0.235,0.589,0.481,0.232,0.008,0.794,0.347,0.029,0.121,0.156,0.712,0.532,0.096,0.213,0.025
0.0,0.365,0.668,0.341,0.715,0.533,0.918,0.806,0.104,0.262,0.608,0.399,0.939,0.798,0.362,0.628,0.441,0.937,0.446,0.131,0.174,0.702,0.545,0.488,0.392,0.688,0.625,0.06,0.662,0.477,0.134,0.477,0.837,0.663,0.686,0.331,0.747,0.373,0.165,0.102,0.006
1.0,0.263,0.284,0.968,0.744,0.66,0.399,0.298,0.467,0.451,0.708,0.266,0.124,0.149,0.552,0.529,0.888,0.402,0.548,0.875,0.319,0.175,0.069,0.234,0.279,0.445,0.03,0.585,0.845,0.619,0.467,0.229,0.094,0.288,0.554,0.534,0.885,0.408,0.671,0.16,0.045
0.0,0.745,0.779,0.873,0.641,0.941,0.274,0.119,0.921,0.732,0.933,0.596,0.562,0.092,0.895,0.907,0.922,0.548,0.551,0.269,0.508,0.667,0.404,0.766,0.334,0.135,0.256,0.04,0.199,0.632,0.557,0.961,0.968,0.587,0.862,0.22,0.246,0.283,0.901,0.025,0.529
1.0,0.974,0.447,0.939,0.389,0.346,0.73,0.041,0.179,0.997,0.582,0.203,0.692,0.991,0.669,0.98,0.323,0.259,0.106,0.92,0.816,0.362,0.543,0.425,0.524,0.295,0.554,0.72,0.317,0.239,0.596,0.738,0.988,0.56,0.357,0.258,0.019,0.631,0.377,0.383,0.261
1.0,0.197,0.545,0.393,0.421,0.788,0.666,0.355,0.929,0.178,0.359,0.866,0.416,0.601,0.752,0.599,0.579,0.805,0.93,0.836,0.13,0.461,0.613,0.195,0.289,0.674,0.277,0.647,0.516,0.412,0.715,0.34,0.423,0.43,0.25,0.346,0.148,0.244,0.871,0.839,0.673
1.0,0.901,0.711,0.0,0.409,0.352,0.733,0.671,0.583,0.161,0.775,0.501,0.285,0.305,0.46,0.733,0.76,0.678,0.986,0.387,0.096,0.579,0.502,0.382,0.173,0.254,0.81,0.956,0.327,0.891,0.409,0.546,0.735,0.112,0.474,0.72,0.059,0.859,0.735,0.087,0.555
0.0,0.398,0.468,0.581,0.266,0.494,0.682,0.517,0.001,0.688,0.585,0.173,0.798,0.397,0.405,0.544,0.648,0.69,0.705,0.51,0.292,0.281,0.704,0.141,0.23,0.448,0.057,0.836,0.952,0.039,0.184,0.279,0.921,0.013,0.845,0.056,0.885,0.753,0.925,0.584,0.949
1.0,0.627,0.145,0.613,0.394,0.351,0.187,0.277,0.34,0.063,0.5,0.062,0.51,0.464,0.146,0.334,0.012,0.572,0.92,0.167,0.853,0.685,0.76,0.258,0.16,0.017,0.05,0.496,0.963,0.43,0.392,0.958,0.847,0.794,0.01,0.349,0.894,0.858,0.073,0.207,0.629
0.0,0.64,0.576,0.582,0.288,0.969,0.234,0.792,0.333,0.002,0.691,0.943,0.29,0.795,0.515,0.151,0.462,0.054,0.532,0.226,0.207,0.626,0.693,0.636,0.559,0.481,0.649,0.794,0.21,0.648,0.353,0.103,0.676,0.982,0.859,0.74,0.314,0.946,0.379,0.619,0.613
1.0,0.125,0.476,0.761,0.468,0.235,0.254,0.004,0.567,0.69,0.184,0.385,0.218,0.674,0.273,0.736,0.363,0.477,0.641,0.445,0.386,0.781,0.833,0.603,0.475,0.885,0.311,0.979,0.033,0.107,0.947,0.83,0.764,0.681,0.956,0.129,0.419,0.601,0.184,0.829,0.399
0.0,0.404,0.306,0.108,0.929,0.175,0.363,0.253,0.342,0.638,0.93,0.44,0.484,0.876,0.763,0.52,0.262,0.288,0.138,0.653,0.373,0.26,0.371,0.941,0.213,0.955,0.433,0.652,0.55,0.265,0.13,0.471,0.481,0.736,0.324,0.954,0.84,0.877,0.845,0.903,0.519
0.0,0.996,0.134,0.934,0.473,0.916,0.377,0.43,0.08,0.539,0.821,0.834,0.32,0.883,0.734,0.534,0.797,0.529,0.201,0.983,0.034,0.887,0.729,0.926,0.689,0.722,0.043,0.435,0.144,0.816,0.39,0.371,0.231,0.022,0.206,0.388,0.868,0.662,0.626,0.557,0.036
0.0,0.124,0.493,0.681,0.896,0.979,0.07,0.433,0.812,0.246,0.884,0.602,0.634,0.59,0.98,0.596,0.12,0.22,0.462,0.571,0.259,0.416,0.457,0.238,0.476,0.233,0.294,0.82,0.524,0.981,0.31,0.858,0.199,0.814,0.68,0.301,0.02,0.707,0.557,0.616,0.829
1.0,0.669,0.916,0.73,0.245,0.389,0.861,0.64,0.922,0.702,0.955,0.675,0.637,0.624,0.04,0.625,0.613,0.228,0.675,0.226,0.443,0.596,0.049,0.341,0.5,0.31,0.941,0.848,0.518,0.504,0.874,0.108,0.905,0.136,0.999,0.78,0.974,0.816,0.273,0.579,0.653
0.0,0.408,0.655,0.184,0.377,0.884,0.762,0.347,0.743,0.908,0.301,0.38,0.46,0.944,0.552,0.765,0.327,0.128,0.676,0.022,0.133,0.073,0.289,0.456,0.354,0.93,0.984,0.902,0.81,0.585,0.051,0.231,0.57,0.682,0.232,0.177,0.819,0.616,0.56,0.776,0.148
1.0,0.158,0.976,0.448,0.69,0.502,0.115,0.71,0.474,0.295,0.348,0.912,0.735,0.211,0.443,0.378,0.706,0.69,0.336,0.575,0.716,0.694,0.737,0.681,0.311,0.207,0.418,0.663,0.518,0.541,0.441,0.922,0.675,0.967,0.22,0.19,0.823,0.748,0.33,0.657,0.13
1.0,0.475,0.615,0.449,0.912,0.253,0.953,0.475,0.579,0.266,0.306,0.837,0.049,0.324,0.858,0.203,0.398,0.204,0.468,0.482,0.713,0.171,0.745,0.348,0.165,0.184,0.646,0.931,0.803,0.915,0.602,0.436,0.151,0.862,0.012,0.022,0.54,0.778,0.619,0.974,0.099
0.0,0.858,0.603,0.018,0.807,0.878,0.011,0.873,0.662,0.857,0.972,0.132,0.439,0.697,0.582,0.405,0.219,0.419,0.05,0.621,0.485,0.57,0.992,0.907,0.467,0.373,0.683,0.88,0.691,0.915,0.277,0.943,0.995,0.28,0.132,0.758,0.09,0.715,0.33,0.431,0.129
1.0,0.174,0.913,0.146,0.736,0.261,0.026,0.768,0.688,0.066,0.132,0.802,0.697,0.268,0.881,0.714,0.824,0.265,0.787,0.562,0.154,0.105,0.362,0.019,0.077,0.921,0.214,0.136,0.857,0.924,0.931,0.534,0.108,0.908,0.355,0.358,0.262,0.884,0.51,0.004,0.261
1.0,0.9,0.619,0.35,0.001,0.364,0.176,0.291,0.637,0.584,0.188,0.984,0.609,0.255,0.461,0.172,0.807,0.905,0.562,0.59,0.165,0.561,0.746,0.101,0.788,0.027,0.651,0.389,0.148,0.609,0.802,0.206,0.577,0.509,0.174,0.413,0.324,0.372,0.391,0.252,0.697
1.0,0.579,0.4,0.033,0.309,0.224,0.893,0.713,0.551,0.851,0.73,0.3,0.429,0.577,0.778,0.964,0.224,0.912,0.04,0.524,0.393,0.182,0.516,0.35,0.606,0.92,0.606,0.839,0.984,0.696,0.949,0.761,0.527,0.726,0.068,0.096,0.542,0.761,0.831,0.772,0.77
1.0,0.997,0.986,0.047,0.616,0.783,0.142,0.824,0.541,0.082,0.709,0.253,0.654,0.441,0.961,0.209,0.807,0.021,0.369,0.107,0.35,0.659,0.476,0.726,0.775,0.404,0.642,0.382,0.061,0.645,0.151,0.964,0.509,0.938,0.329,0.366,0.845,0.31,0.608,0.924,0.881
1.0,0.739,0.263,0.837,0.663,0.773,0.133,0.356,0.992,0.828,0.375,0.733,0.428,0.275,0.19,0.233,0.377,0.8,0.643,0.512,0.887,0.43,0.472,0.538,0.014,0.47,0.011,0.169,0.169,0.741,0.03,0.137,0.325,0.482,0.398,0.933,0.578,0.327,0.9,0.651,0.215
0.0,0.442,0.558,0.325,0.081,0.803,0.141,0.744,0.523,0.37,0.641,0.906,0.853,0.685,0.822,0.404,0.446,0.746,0.031,0.996,0.59,0.923,0.205,0.788,0.764,0.622,0.256,0.342,0.222,0.912,0.755,0.334,0.995,0.78,0.924,0.086,0.709,0.672,0.951,0.436,0.536
0.0,0.435,0.468,0.55,0.057,0.443,0.143,0.861,0.509,0.122,0.339,0.326,0.874,0.595,0.262,0.443,0.177,0.829,0.357,0.71,0.682,0.455,0.012,0.253,0.456,0.601,0.4,0.537,0.282,0.042,0.609,0.346,0.282,0.294,0.741,0.714,0.262,0.371,0.765,0.942,0.702
1.0,0.15,0.645,0.25,0.442,0.081,0.787,0.359,0.669,0.434,0.486,0.772,0.714,0.942,0.882,0.925,0.213,0.302,0.8,0.719,0.925,0.887,0.137,0.342,0.719,0.995,0.462,0.886,0.658,0.661,0.115,0.994,0.441,0.755,0.764,0.589,0.422,0.038,0.657,0.575,0.554
0.0,0.758,0.293,0.883,0.969,0.971,0.26,0.897,0.539,0.566,0.324,0.052,0.532,0.269,0.598,0.106,0.431,0.713,0.607,0.347,0.967,0.423,0.161,0.67,0.716,0.289,0.733,0.628,0.028,0.253,0.003,0.793,0.415,0.825,0.658,0.784,0.91,0.686,0.571,0.321,0.581
0.0,0.803,0.44,0.619,0.87,0.671,0.754,0.67,0.959,0.124,0.523,0.149,0.992,0.657,0.353,0.998,0.731,0.751,0.711,0.778,0.524,0.31,0.473,0.428,0.54,0.26,0.321,0.178,0.386,0.481,0.487,0.305,0.36,0.265,0.262,0.991,0.551,0.648,0.515,0.257,0.084
1.0,0.103,0.218,0.843,0.103,0.234,0.831,0.053,0.695,0.568,0.584,0.076,0.327,0.889,0.881,0.841,0.679,0.158,0.666,0.947,0.955,0.328,0.272,0.717,0.614,0.433,0.759,0.692,0.093,0.185,0.672,0.122,0.266,0.38,0.284,0.796,0.488,0.743,0.875,0.028,0.717
0.0,0.589,0.347,0.793,0.538,0.909,0.24,0.353,0.834,0.364,0.523,0.097,0.449,0.896,0.093,0.84,0.463,0.735,0.626,0.214,0.17,0.657,0.831,0.383,0.778,0.035,0.596,0.925,0.005,0.129,0.262,0.491,0.016,0.132,0.058,0.622,0.787,0.42,0.124,0.919,0.614
1.0,0.757,0.403,0.494,0.339,0.174,0.146,0.22,0.103,0.926,0.699,0.605,0.329,0.143,0.239,0.666,0.359,0.149,0.939,0.69,0.99,0.9,0.054,0.721,0.04,0.131,0.992,0.814,0.517,0.834,0.047,0.726,0.289,0.138,0.32,0.113,0.764,0.295,0.722,0.639,0.161
1.0,0.902,0.475,0.108,0.516,0.449,0.358,0.432,0.799,0.751,0.228,0.94,0.545,0.82,0.519,0.913,0.296,0.611,0.367,0.371,0.78,0.084,0.307,0.37,0.438,0.145,0.895,0.786,0.944,0.333,0.522,0.735,0.181,0.413,0.816,0.674,0.965,0.541,0.943,0.024,0.141
1.0,0.873,0.223,0.686,0.596,0.745,0.049,0.699,0.481,0.084,0.334,0.303,0.309,0.739,0.403,0.457,0.591,0.413,0.653,0.15,0.929,0.513,0.086,0.073,0.777,0.832,0.922,0.456,0.555,0.611,0.165,0.085,0.28,0.203,0.843,0.454,0.277,0.631,0.267,0.871,0.962
1.0,0.59,0.823,0.67,0.897,0.33,0.356,0.925,0.158,0.802,0.105,0.916,0.421,0.001,0.216,0.083,0.618,0.277,0.977,0.369,0.732,0.922,0.871,0.661,0.74,0.833,0.606,0.354,0.504,0.109,0.079,0.01,0.101,0.714,0.898,0.385,0.058,0.048,0.187,0.951,0.59
1.0,0.01,0.225,0.739,0.79,0.319,0.821,0.895,0.597,0.974,0.348,0.216,0.551,0.201,0.347,0.342,0.594,0.72,0.891,0.632,0.99,0.027,0.69,0.554,0.892,0.305,0.052,0.037,0.525,0.067,0.916,0.605,0.192,0.215,0.928,0.618,0.688,0.168,0.128,0.228,0.825
0.0,0.638,0.859,0.558,0.75,0.365,0.816,0.096,0.755,0.277,0.009,0.159,0.042,0.131,0.189,0.981,0.881,0.908,0.42,0.992,0.845,0.796,0.502,0.097,0.248,0.708,0.249,0.699,0.837,0.481,0.421,0.694,0.014,0.422,0.618,0.914,0.876,0.289,0.433,0.925,0.251
0.0,0.747,0.383,0.551,0.786,0.565,0.149,0.906,0.722,0.288,0.609,0.06,0.139,0.182,0.343,0.849,0.832,0.313,0.705,0.614,0.453,0.21,0.288,0.96,0.898,0.984,0.026,0.544,0.02,0.489,0.745,0.777,0.424,0.962,0.934,0.169,0.448,0.471,0.465,0.436,0.853
0.0,0.905,0.55,0.982,0.878,0.136,0.55,0.556,0.895,0.974,0.603,0.128,0.894,0.204,0.49,0.562,0.432,0.203,0.691,0.443,0.336,0.394,0.352,0.439,0.457,0.071,0.48,0.419,0.225,0.521,0.737,0.563,0.887,0.011,0.236,0.764,0.647,0.45,0.219,0.057,0.668
0.0,0.641,0.548,0.32,0.17,0.868,0.92,0.172,0.231,0.667,0.962,0.184,0.678,0.736,0.973,0.105,0.51,0.483,0.598,0.498,0.393,0.257,0.82,0.964,0.677,0.993,0.028,0.196,0.298,0.316,0.22,0.02,0.76,0.905,0.574,0.653,0.78,0.598,0.239,0.659,0.689
0.0,0.996,0.881,0.546,0.385,0.033,0.543,0.992,0.518,0.985,0.954,0.663,0.355,0.198,0.771,0.032,0.978,0.115,0.295,0.013,0.625,0.604,0.656,0.975,0.815,0.752,0.346,0.11,0.253,0.549,0.436,0.413,0.026,0.962,0.766,0.812,0.366,0.1,0.879,0.785,0.553
0.0,0.421,0.332,0.812,0.197,0.036,0.383,0.407,0.505,0.616,0.23,0.331,0.094,0.026,0.812,0.608,0.698,0.115,0.15,0.662,0.343,0.748,0.278,0.981,0.304,0.163,0.446,0.405,0.937,0.441,0.012,0.954,0.183,0.78,0.424,0.613,0.637,0.037,0.887,0.392,0.177
1.0,0.047,0.851,0.638,0.724,0.367,0.849,0.358,0.122,0.674,0.332,0.849,0.631,0.662,0.743,0.263,0.417,0.103,0.203,0.272,0.144,0.652,0.732,0.636,0.249,0.947,0.045,0.15,0.868,0.195,0.875,0.008,0.416,0.104,0.156,0.522,0.496,0.111,0.322,0.248,0.202
0.0,0.091,0.77,0.415,0.106,0.23,0.906,0.889,0.648,0.47,0.996,0.135,0.6,0.904,0.381,0.897,0.179,0.868,0.389,0.69,0.722,0.393,0.527,0.838,0.141,0.923,0.758,0.509,0.7,0.44,0.71,0.581,0.818,0.367,0.579,0.972,0.38,0.479,0.654,0.712,0.84
0.0,0.719,0.432,0.461,0.353,0.695,0.811,0.082,0.83,0.336,0.45,0.639,0.366,0.59,0.793,0.136,0.01,0.626,0.334,0.306,0.779,0.733,0.598,0.843,0.36,0.445,0.314,0.992,0.007,0.32,0.5,0.098,0.867,0.669,0.213,0.743,0.688,0.514,0.724,0.245,0.268
1.0,0.283,0.786,0.523,0.648,0.767,0.707,0.301,0.16,0.116,0.09,0.014,0.432,0.468,0.175,0.253,0.481,0.148,0.476,0.476,0.885,0.869,0.492,0.503,0.867,0.886,0.307,0.042,0.27,0.261,0.231,0.741,0.541,0.501,0.683,0.847,0.113,0.681,0.709,0.138,0.108
0.0,0.847,0.467,0.597,0.92,0.872,0.669,0.576,0.946,0.137,0.749,0.397,0.576,0.931,0.336,0.612,0.324,0.841,0.597,0.563,0.973,0.294,0.138,0.48,0.33,0.076,0.262,0.771,0.985,0.358,0.372,0.774,0.983,0.071,0.559,0.361,0.025,0.617,0.002,0.301,0.649
1.0,0.542,0.141,0.308,0.172,0.586,0.325,0.615,0.692,0.313,0.167,0.441,0.188,0.085,0.839,0.428,0.617,0.031,0.869,0.306,0.758,0.588,0.416,0.443,0.188,0.02,0.244,0.736,0.095,0.07,0.247,0.961,0.705,0.401,0.485,0.609,0.607,0.334,0.98,0.981,0.583
1.0,0.974,0.252,0.785,0.762,0.55,0.286,0.705,0.635,0.059,0.627,0.882,0.531,0.841,0.45,0.695,0.426,0.533,0.142,0.003,0.828,0.102,0.388,0.562,0.544,0.72,0.48,0.945,0.476,0.125,0.88,0.814,0.59,0.187,0.698,0.195,0.275,0.745,0.09,0.399,0.789
1.0,0.332,0.809,0.3,0.718,0.369,0.825,0.148,0.238,0.366,0.892,0.97,0.068,0.899,0.557,0.692,0.789,0.795,0.955,0.53,0.194,0.463,0.354,0.488,0.126,0.803,0.482,0.241,0.688,0.739,0.884,0.775,0.558,0.519,0.583,0.183,0.612,0.372,0.343,0.961,0.754
0.0,0.102,0.82,0.87,0.327,0.235,0.587,0.354,0.852,0.859,0.708,0.554,0.168,0.145,0.345,0.577,0.533,0.777,0.013,0.967,0.132,0.566,0.158,0.894,0.072,0.443,0.468,0.561,0.103,0.591,0.077,0.104,0.968,0.031,0.656,0.705,0.161,0.119,0.436,0.744,0.724
0.0,0.559,0.097,0.617,0.187,0.945,0.91,0.869,0.464,0.809,0.865,0.026,0.493,0.312,0.314,0.591,0.308,0.831,0.643,0.225,0.938,0.187,0.085,0.904,0.138,0.385,0.599,0.398,0.59,0.781,0.379,0.367,0.537,0.467,0.412,0.593,0.229,0.936,0.541,0.627,0.439
1.0,0.146,0.205,0.984,0.502,0.636,0.105,0.485,0.872,0.736,0.061,0.345,0.224,0.971,0.716,0.024,0.95,0.836,0.092,0.439,0.417,0.815,0.695,0.093,0.175,0.639,0.931,0.391,0.395,0.599,0.774,0.012,0.651,0.335,0.717,0.646,0.675,0.153,0.772,0.198,0.795
0.0,0.617,0.914,0.075,0.584,0.342,0.974,0.818,0.806,0.158,0.634,0.021,0.779,0.232,0.247,0.127,0.233,0.921,0.446,0.236,0.523,0.974,0.128,0.958,0.422,0.555,0.76,0.667,0.837,0.331,0.216,0.392,0.488,0.641,0.54,0.213,0.857,0.953,0.065,0.835,0.064
0.0,0.821,0.672,0.865,0.505,0.831,0.012,0.814,0.747,0.847,0.909,0.02,0.993,0.162,0.811,0.96,0.76,0.117,0.759,0.949,0.303,0.495,0.491,0.142,0.428,0.405,0.227,0.313,0.604,0.068,0.647,0.323,0.014,0.642,0.506,0.842,0.359,0.107,0.545,0.555,0.333
0.0,0.946,0.785,0.328,0.312,0.316,0.626,0.285,0.14,0.997,0.486,0.78,0.408,0.266,0.806,0.731,0.688,0.363,0.742,0.201,0.09,0.869,0.056,0.945,0.448,0.009,0.311,0.403,0.965,0.35,0.218,0.958,0.602,0.73,0.1,0.412,0.462,0.726,0.198,0.009,0.3
0.0,0.058,0.03,0.768,0.543,0.718,0.049,0.992,0.067,0.642,0.626,0.132,0.328,0.999,0.667,0.804,0.304,0.228,0.797,0.245,0.418,0.025,0.964,0.944,0.456,0.757,0.004,0.543,0.306,0.122,0.051,0.983,0.222,0.644,0.49,0.432,0.103,0.318,0.439,0.412,0.916
1.0,0.51,0.291,0.765,0.835,0.362,0.075,0.087,0.889,0.374,0.123,0.085,0.232,0.435,0.857,0.78,0.994,0.268,0.494,0.695,0.52,0.029,0.619,0.109,0.978,0.155,0.038,0.634,0.518,0.742,0.117,0.909,0.711,0.703,0.523,0.179,0.518,0.142,0.91,0.387,0.972
1.0,0.32,0.552,0.138,0.85,0.088,0.593,0.96,0.655,0.915,0.028,0.587,0.313,0.244,0.735,0.359,0.745,0.564,0.365,0.618,0.535,0.191,0.313,0.151,0.105,0.882,0.337,0.314,0.088,0.844,0.807,0.848,0.408,0.216,0.25,0.975,0.238,0.885,0.253,0.498,0.07
1.0,0.596,0.554,0.879,0.302,0.384,0.357,0.686,0.385,0.854,0.779,0.232,0.912,0.19,0.326,0.261,0.29,0.936,0.987,0.951,0.111,0.8,0.236,0.446,0.986,0.339,0.55,0.484,0.942,0.964,0.933,0.554,0.739,0.492,0.996,0.497,0.049,0.797,0.659,0.205,0.821
0.0,0.119,0.296,0.536,0.291,0.987,0.118,0.046,0.335,0.429,0.908,0.127,0.859,0.481,0.368,0.348,0.598,0.39,0.11,0.83,0.375,0.49,0.019,0.393,0.769,0.247,0.03,0.339,0.388,0.848,0.863,0.774,0.208,0.774,0.525,0.647,0.26,0.104,0.801,0.864,0.78
1.0,0.085,0.693,0.651,0.062,0.575,0.489,0.9,0.278,0.23,0.0,0.19,0.551,0.681,0.686,0.157,0.718,0.279,0.278,0.613,0.818,0.559,0.684,0.658,0.323,0.369,0.902,0.115,0.147,0.888,0.019,0.109,0.752,0.885,0.184,0.158,0.411,0.456,0.04,0.975,0.096
1.0,0.574,0.671,0.097,0.165,0.361,0.355,0.375,0.148,0.869,0.04,0.371,0.768,0.793,0.905,0.499,0.362,0.519,0.508,0.927,0.516,0.766,0.74,0.399,0.527,0.176,0.047,0.228,0.176,0.865,0.998,0.103,0.989,0.706,0.072,0.784,0.966,0.246,0.268,0.014,0.401
1.0,0.69,0.216,0.968,0.255,0.13,0.021,0.942,0.423,0.106,0.97,0.358,0.449,0.025,0.656,0.567,0.27,0.107,0.956,0.398,0.417,0.569,0.498,0.262,0.941,0.32,0.791,0.402,0.789,0.899,0.376,0.126,0.917,0.06,0.419,0.338,0.991,0.137,0.406,0.166,0.544
1.0,0.785,0.642,0.82,0.38,0.724,0.146,0.766,0.666,0.833,0.333,0.208,0.264,0.751,0.674,0.323,0.654,0.516,0.049,0.171,0.781,0.108,0.576,0.436,0.125,0.318,0.284,0.42,0.598,0.908,0.763,0.682,0.672,0.501,0.008,0.18,0.929,0.381,0.886,0.043,0.047
1.0,0.028,0.57,0.737,0.519,0.863,0.555,0.519,0.108,0.608,0.183,0.638,0.911,0.337,0.249,0.42,0.68,0.195,0.278,0.53,0.603,0.065,0.257,0.029,0.787,0.385,0.147,0.213,0.204,0.515,0.317,0.962,0.166,0.982,0.769,0.909,0.13,0.934,0.413,0.313,0.668
0.0,0.487,0.726,0.652,0.688,0.542,0.798,0.633,0.138,0.942,0.899,0.452,0.993,0.387,0.657,0.217,0.287,0.114,0.672,0.025,0.17,0.923,0.232,0.506,0.583,0.391,0.198,0.414,0.677,0.534,0.036,0.754,0.469,0.648,0.773,0.749,0.134,0.228,0.812,0.517,0.896
1.0,0.993,0.381,0.119,0.774,0.077,0.884,0.554,0.994,0.206,0.968,0.568,0.052,0.701,0.361,0.397,0.308,0.972,0.697,0.594,0.115,0.933,0.537,0.639,0.789,0.053,0.525,0.177,0.843,0.301,0.442,0.792,0.319,0.821,0.78,0.19,0.963,0.819,0.863,0.817,0.527
0.0,0.601,0.825,0.814,0.999,0.513,0.166,0.006,0.726,0.573,0.734,0.573,0.177,0.344,0.84,0.308,0.421,0.548,0.179,0.081,0.508,0.975,0.033,0.796,0.663,0.205,0.767,0.713,0.08,0.616,0.485,0.288,0.047,0.658,0.752,0.01,0.915,0.73,0.218,0.212,0.89
1.0,0.162,0.841,0.177,0.354,0.455,0.253,0.032,0.623,0.797,0.618,0.848,0.212,0.719,0.598,0.105,0.999,0.988,0.125,0.428,0.157,0.673,0.102,0.589,0.191,0.591,0.953,0.478,0.144,0.299,0.323,0.794,0.199,0.515,0.455,0.954,0.84,0.925,0.924,0.879,0.495
1.0,0.598,0.684,0.672,0.362,0.651,0.735,0.363,0.747,0.203,0.594,0.555,0.053,0.939,0.024,0.961,0.546,0.778,0.516,0.857,0.294,0.178,0.127,0.379,0.521,0.406,0.59,0.211,0.703,0.695,0.396,0.788,0.731,0.351,0.177,0.099,0.607,0.489,0.151,0.817,0.435
0.0,0.118,0.277,0.228,0.983,0.015,0.457,0.622,0.447,0.662,0.417,0.234,0.69,0.927,0.749,0.821,0.508,0.775,0.889,0.944,0.368,0.36,0.513,0.787,0.579,0.602,0.049,0.411,0.288,0.612,0.845,0.901,0.055,0.213,0.67,0.807,0.499,0.107,0.956,0.702,0.858
1.0,0.706,0.552,0.77,0.541,0.142,0.148,0.379,0.708,0.818,0.458,0.731,0.593,0.104,0.466,0.436,0.862,0.881,0.618,0.153,0.572,0.345,0.234,0.28,0.54,0.57,0.686,0.048,0.948,0.693,0.897,0.568,0.504,0.336,0.557,0.512,0.243,0.256,0.209,0.753,0.39
1.0,0.209,0.894,0.949,0.59,0.928,0.701,0.699,0.986,0.445,0.905,0.885,0.148,0.579,0.699,0.927,0.139,0.654,0.476,0.461,0.825,0.913,0.968,0.999,0.353,0.946,0.438,0.772,0.277,0.227,0.383,0.785,0.064,0.473,0.653,0.893,0.147,0.695,0.453,0.492,0.497
1.0,0.602,0.885,0.057,0.845,0.117,0.89,0.928,0.712,0.7,0.287,0.929,0.066,0.496,0.105,0.161,0.336,0.257,0.447,0.753,0.96,0.232,0.135,0.08,0.42,0.666,0.398,0.361,0.048,0.635,0.737,0.904,0.098,0.137,0.381,0.55,0.964,0.619,0.878,0.407,0.02
1.0,0.812,0.931,0.589,0.769,0.226,0.024,0.594,0.345,0.243,0.476,0.777,0.604,0.074,0.556,0.594,0.649,0.639,0.627,0.235,0.794,0.978,0.641,0.196,0.232,0.503,0.004,0.498,0.041,0.602,0.194,0.88,0.933,0.688,0.09,0.768,0.743,0.203,0.72,0.408,0.334
0.0,0.897,0.313,0.304,0.336,0.004,0.202,0.575,0.348,0.362,0.455,0.493,0.804,0.005,0.138,0.775,0.536,0.04,0.107,0.66,0.61,0.525,0.218,0.572,0.692,0.99,0.132,0.291,0.075,0.664,0.01,0.772,0.057,0.856,0.33,0.387,0.003,0.633,0.931,0.854,0.584
0.0,0.254,0.287,0.412,0.547,0.604,0.613,0.033,0.546,0.468,0.89,0.867,0.182,0.086,0.629,0.524,0.827,0.794,0.922,0.576,0.872,0.072,0.345,0.927,0.887,0.695,0.609,0.563,0.759,0.679,0.089,0.281,0.9,0.168,0.969,0.667,0.068,0.261,0.943,0.048,0.738
0.0,0.685,0.399,0.099,0.575,0.999,0.033,0.008,0.553,0.464,0.823,0.006,0.471,0.846,0.486,0.046,0.489,0.897,0.519,0.797,0.953,0.726,0.951,0.526,0.141,0.514,0.471,0.261,0.823,0.008,0.653,0.934,0.561,0.603,0.801,0.471,0.95,0.495,0.677,0.089,0.437
1.0,0.61,0.249,0.408,0.894,0.085,0.232,0.58,0.894,0.683,0.593,0.012,0.287,0.153,0.533,0.531,0.359,0.15,0.876,0.152,0.773,0.603,0.993,0.77,0.199,0.851,0.773,0.431,0.731,0.623,0.109,0.622,0.314,0.984,0.745,0.889,0.551,0.571,0.148,0.612,0.376
0.0,0.603,0.977,0.627,0.854,0.772,0.415,0.594,0.739,0.771,0.244,0.783,0.817,0.659,0.282,0.892,0.165,0.351,0.19,0.569,0.195,0.878,0.135,0.653,0.36,0.029,0.951,0.048,0.765,0.891,0.469,0.653,0.401,0.317,0.467,0.289,0.537,0.643,0.312,0.134,0.842
0.0,0.91,0.068,0.961,0.083,0.356,0.972,0.25,0.121,0.513,0.505,0.916,0.508,0.09,0.539,0.662,0.25,0.425,0.546,0.31,0.128,0.718,0.253,0.954,0.005,0.382,0.081,0.719,0.031,0.393,0.9,0.627,0.555,0.456,0.638,0.557,0.066,0.305,0.322,0.64,0.261
0.0,0.411,0.813,0.977,0.787,0.889,0.777,0.421,0.378,0.77,0.38,0.776,0.524,0.339,0.772,0.7,0.815,0.823,0.466,0.394,1.0,0.978,0.656,0.333,0.367,0.497,0.083,0.52,0.265,0.16,0.178,0.605,0.062,0.433,0.35,0.497,0.58,0.414,0.974,0.35,0.929
1.0,0.003,0.357,0.064,0.485,0.679,0.44,0.999,0.465,0.818,0.02,0.858,0.217,0.142,0.639,0.496,0.32,0.32,0.919,0.72,0.576,0.235,0.63,0.259,0.238,0.274,0.317,0.876,0.405,0.546,0.969,0.032,0.245,0.446,0.925,0.133,0.109,0.801,0.885,0.604,0.974
1.0,0.568,0.742,0.483,0.953,0.136,0.356,0.284,0.94,0.003,0.251,0.756,0.375,0.169,0.271,0.127,0.597,0.194,0.136,0.439,0.657,0.396,0.175,0.051,0.296,0.567,0.504,0.358,0.376,0.127,0.336,0.871,0.648,0.583,0.907,0.952,0.039,0.963,0.366,0.612,0.043
1.0,0.102,0.981,0.333,0.468,0.053,0.395,0.006,0.338,0.809,0.107,0.568,0.419,0.288,0.185,0.506,0.344,0.935,0.143,0.28,0.368,0.674,0.352,0.49,0.437,0.858,0.733,0.606,0.741,0.21,0.372,0.302,0.565,0.612,0.287,0.305,0.231,0.428,0.599,0.351,0.585
1.0,0.8,0.78,0.523,0.638,0.817,0.733,0.409,0.423,0.607,0.434,0.626,0.487,0.164,0.137,0.931,0.773,0.996,0.495,0.161,0.298,0.122,0.682,0.688,0.166,0.925,0.778,0.371,0.436,0.987,0.859,0.48,0.537,0.124,0.316,0.852,0.423,0.13,0.123,0.194,0.718
0.0,0.08,0.954,0.945,0.709,0.658,0.853,0.26,0.993,0.301,0.747,0.71,0.175,0.769,0.677,0.753,0.569,0.044,0.319,0.253,0.931,0.11,0.816,0.932,0.616,0.216,0.071,0.615,0.35,0.12,0.344,0.296,0.799,0.162,0.482,0.551,0.268,0.522,0.042,0.027,0.003
0.0,0.973,0.007,0.147,0.941,0.978,0.147,0.772,0.446,0.084,0.155,0.363,0.916,0.664,0.412,0.267,0.876,0.242,0.934,0.778,0.358,0.378,0.606,0.982,0.024,0.802,0.733,0.905,0.802,0.305,0.288,0.728,0.012,0.478,0.805,0.495,0.086,0.146,0.122,0.266,0.856
1.0,0.513,0.815,0.494,0.26,0.642,0.586,0.436,0.976,0.082,0.498,0.712,0.14,0.493,0.806,0.192,0.122,0.142,0.269,0.428,0.672,0.837,0.985,0.624,0.818,0.979,0.992,0.732,0.263,0.356,0.454,0.926,0.637,0.097,0.416,0.562,0.416,0.653,0.565,0.172,0.952
0.0,0.567,0.677,0.476,0.546,0.342,0.5,0.054,0.084,0.491,0.587,0.283,0.908,0.61,0.164,0.716,0.587,0.271,0.591,0.887,0.989,0.09,0.88,0.451,0.588,0.436,0.456,0.683,0.983,0.613,0.229,0.952,0.007,0.934,0.93,0.311,0.916,0.626,0.119,0.415,0.591
1.0,0.262,0.574,0.488,0.802,0.41,0.037,0.721,0.052,0.054,0.242,0.898,0.2,0.918,0.168,0.068,0.965,0.768,0.709,0.772,0.412,0.714,0.412,0.564,0.692,0.639,0.861,0.666,0.378,0.588,0.923,0.66,0.437,0.041,0.821,0.515,0.434,0.517,0.214,0.934,0.762
1.0,0.517,0.95,0.685,0.998,0.151,0.51,0.082,0.226,0.541,0.294,0.747,0.724,0.434,0.525,0.174,0.394,0.146,0.647,0.085,0.209,0.388,0.874,0.57,0.258,0.164,0.847,0.205,0.022,0.934,0.304,0.372,0.057,0.341,0.858,0.134,0.719,0.33,0.944,0.553,0.704
1.0,0.242,0.853,0.636,0.547,0.022,0.592,0.56,0.404,0.89,0.597,0.722,0.326,0.501,0.332,0.564,0.936,0.576,0.56,0.124,0.794,0.258,0.517,0.084,0.687,0.456,0.285,0.668,0.472,0.841,0.278,0.394,0.875,0.949,0.459,0.138,0.574,0.224,0.465,0.411,0.667
1.0,0.672,0.01,0.421,0.757,0.802,0.417,0.678,0.996,0.697,0.952,0.335,0.16,0.269,0.91,0.297,0.321,0.751,0.32,0.595,0.019,0.299,0.777,0.819,0.037,0.806,0.149,0.713,0.442,0.796,0.629,0.281,0.108,0.727,0.19,0.373,0.373,0.514,0.455,0.971,0.905
1.0,0.783,0.507,0.628,0.077,0.298,0.814,0.166,0.245,0.977,0.031,0.194,0.064,0.106,0.532,0.688,0.566,0.893,0.682,0.383,0.725,0.298,0.442,0.498,0.747,0.929,0.9,0.88,0.723,0.207,0.841,0.789,0.019,0.131,0.895,0.878,0.846,0.034,0.869,0.31,0.921
1.0,0.704,0.72,0.427,0.746,0.258,0.365,0.657,0.158,0.37,0.886,0.629,0.462,0.103,0.37,0.865,0.394,0.078,0.419,0.392,0.654,0.31,0.808,0.081,0.14,0.317,0.754,0.613,0.255,0.282,0.54,0.031,0.307,0.992,0.803,0.53,0.999,0.124,0.709,0.274,0.612
0.0,0.117,0.034,0.415,0.4,0.372,0.356,0.891,0.978,0.902,0.914,0.065,0.821,0.353,0.348,0.105,0.658,0.15,0.172,0.198,0.824,0.212,0.917,0.513,0.448,0.801,0.404,0.653,0.79,0.846,0.188,0.415,0.109,0.56,0.275,0.367,0.222,0.719,0.915,0.36,0.623
1.0,0.429,0.163,0.767,0.741,0.636,0.17,0.341,0.612,0.318,0.476,0.801,0.451,0.177,0.4,0.272,0.28,0.093,0.529,0.492,0.34,0.928,0.673,0.674,0.2,0.852,0.633,0.866,0.793,0.082,0.751,0.326,0.702,0.583,0.086,0.854,0.024,0.199,0.77,0.741,0.769
0.0,0.686,0.434,0.188,0.79,0.981,0.906,0.99,0.812,0.497,0.407,0.696,0.942,0.186,0.341,0.472,0.916,0.828,0.485,0.35,0.155,0.148,0.612,0.923,0.294,0.822,0.311,0.099,0.89,0.639,0.85,0.536,0.834,0.383,0.263,0.86,0.679,0.371,0.238,0.927,0.113
0.0,0.174,0.441,0.368,0.117,0.495,0.723,0.147,0.208,0.194,0.733,0.2,0.978,0.489,0.954,0.191,0.867,0.746,0.331,0.209,0.004,0.1,0.534,0.915,0.881,0.846,0.376,0.508,0.114,0.995,0.721,0.016,0.417,0.041,0.969,0.656,0.897,0.287,0.812,0.004,0.286
0.0,0.835,0.981,0.474,0.539,0.445,0.742,0.38,0.915,0.36,0.095,0.949,0.933,0.004,0.881,0.478,0.774,0.981,0.742,0.414,0.86,0.676,0.93,0.563,0.227,0.868,0.961,0.692,0.778,0.0,0.556,0.147,0.925,0.203,0.669,0.475,0.397,0.323,0.699,0.411,0.145
0.0,0.067,0.609,0.288,0.667,0.895,0.063,0.658,0.423,0.564,0.913,0.558,0.545,0.821,0.106,0.673,0.735,0.126,0.087,0.03,0.627,0.921,0.553,0.928,0.017,0.581,0.387,0.9,0.686,0.928,0.679,0.228,0.337,0.306,0.051,0.885,0.488,0.981,0.743,0.302,0.193
1.0,0.278,0.501,0.605,0.174,0.291,0.999,0.673,0.12,0.095,0.692,0.772,0.392,0.122,0.209,0.45,0.561,0.426,0.68,0.6,0.291,0.835,0.409,0.752,0.402,0.87,0.753,0.544,0.793,0.326,0.296,0.914,0.138,0.563,0.867,0.178,0.141,0.795,0.416,0.457,0.476
1.0,0.38,0.373,0.444,0.513,0.538,0.58,0.754,0.82,0.102,0.82,0.1,0.566,0.946,0.583,0.288,0.21,0.031,0.394,0.938,0.655,0.655,0.276,0.381,0.591,0.701,0.769,0.471,0.347,0.807,0.867,0.31,0.523,0.14,0.129,0.016,0.884,0.272,0.898,0.552,0.181
1.0,0.231,0.993,0.086,0.135,0.446,0.97,0.177,0.68,0.215,0.656,0.516,0.438,0.977,0.373,0.067,0.783,0.24,0.064,0.741,0.244,0.217,0.336,0.877,0.28,0.437,0.669,0.481,0.216,0.047,0.693,0.096,0.748,0.981,0.503,0.032,0.533,0.129,0.985,0.832,0.51
0.0,0.712,0.697,0.185,0.235,0.635,0.632,0.973,0.327,0.284,0.137,0.627,0.777,0.691,0.403,0.345,0.566,0.121,0.726,0.701,0.885,0.549,0.593,0.767,0.454,0.873,0.764,0.241,0.287,0.665,0.827,0.573,0.897,0.339,0.421,0.045,0.815,0.179,0.799,0.765,0.382
0.0,0.936,0.879,0.278,0.343,0.853,0.866,0.257,0.152,0.407,0.64,0.509,0.167,0.248,0.04,0.187,0.864,0.143,0.386,0.723,0.95,0.116,0.202,0.727,0.451,0.305,0.643,0.652,0.543,0.88,0.001,0.008,0.552,0.524,0.05,0.616,0.666,0.232,0.332,0.143,0.408
0.0,0.828,0.484,0.7,0.568,0.363,0.288,0.887,0.036,0.914,0.785,0.755,0.75,0.503,0.867,0.68,0.72,0.335,0.698,0.871,0.146,0.214,0.179,0.828,0.215,0.36,0.608,0.854,0.904,1.0,0.361,0.215,0.506,0.05,0.354,0.295,0.758,0.898,0.674,0.404,0.933
1.0,0.615,0.152,0.821,0.598,0.48,0.524,0.864,0.532,0.783,0.338,0.999,0.724,0.355,0.052,0.185,0.16,0.6,0.501,0.003,0.797,0.461,0.136,0.97,0.02,0.749,0.153,0.148,0.523,0.701,0.21,0.473,0.841,0.374,0.026,0.711,0.708,0.577,0.827,0.329,0.113
0.0,0.934,0.889,0.591,0.596,0.651,0.555,0.692,0.834,0.717,0.561,0.547,0.545,0.252,0.375,0.28,0.57,0.417,0.891,0.459,0.209,0.681,0.32,0.9,0.533,0.415,0.966,0.933,0.067,0.85,0.784,0.408,0.05,0.435,0.483,0.084,0.154,0.372,0.515,0.785,0.281
1.0,0.994,0.131,0.763,0.151,0.676,0.186,0.38,0.891,0.34,0.096,0.379,0.743,0.021,0.02,0.647,0.435,0.734,0.255,0.204,0.097,0.909,0.55,0.586,0.163,0.506,0.001,0.443,0.139,0.56,0.324,0.54,0.095,0.052,0.886,0.771,0.186,0.118,0.406,0.69,0.837
0.0,0.803,0.862,0.605,0.634,0.949,0.974,0.253,0.242,0.543,0.799,0.083,0.129,0.936,0.943,0.411,0.597,0.753,0.734,0.23,0.938,0.418,0.68,0.349,0.644,0.875,0.604,0.969,0.273,0.784,0.815,0.431,0.717,0.57,0.436,0.613,0.448,0.476,0.063,0.486,0.787
1.0,0.697,0.503,0.465,0.685,0.469,0.268,0.33,0.861,0.858,0.866,0.705,0.673,0.684,0.291,0.306,0.948,0.482,0.749,0.617,0.241,0.048,0.428,0.061,0.503,0.833,0.377,0.462,0.07,0.982,0.677,0.921,0.317,0.067,0.069,0.596,0.696,0.747,0.052,0.916,0.007
0.0,0.457,0.188,0.206,0.317,0.07,0.678,0.65,0.722,0.645,0.526,0.553,0.408,0.487,0.923,0.916,0.531,0.261,0.419,0.937,0.235,0.108,0.733,0.846,0.377,0.668,0.507,0.619,0.401,0.772,0.933,0.723,0.39,0.902,0.579,0.557,0.096,0.178,0.275,0.055,0.241
1.0,0.099,0.406,0.378,0.967,0.63,0.068,0.614,0.552,0.057,0.15,0.513,0.435,0.377,0.851,0.108,0.186,0.076,0.339,0.359,0.635,0.919,0.323,0.582,0.323,0.953,0.258,0.728,0.069,0.092,0.435,0.396,0.317,0.284,0.28,0.131,0.722,0.744,0.196,0.802,0.608
1.0,0.042,0.769,0.301,0.956,0.71,0.445,0.035,0.771,0.048,0.574,0.22,0.044,0.344,0.866,0.295,0.455,0.525,0.017,0.146,0.024,0.808,0.14,0.043,0.464,0.031,0.812,0.863,0.52,0.066,0.709,0.293,0.193,0.757,0.556,0.391,0.437,0.165,0.623,0.805,0.057
1.0,0.563,0.455,0.124,0.429,0.111,0.819,0.296,0.729,0.021,0.095,0.245,0.374,0.106,0.153,0.928,0.986,0.212,0.881,0.222,0.821,0.638,0.623,0.785,0.94,0.501,0.311,0.189,0.816,0.871,0.519,0.196,0.029,0.323,0.544,0.145,0.5,0.161,0.466,0.83,0.288
0.0,0.37,0.33,0.694,0.185,0.939,0.455,0.729,0.104,0.603,0.574,0.453,0.052,0.607,0.907,0.318,0.577,0.908,0.483,0.951,0.258,0.396,0.202,0.607,0.163,0.766,0.956,0.262,0.981,0.313,0.483,0.534,0.776,0.377,0.917,0.712,0.099,0.916,0.907,0.629,0.874
0.0,0.01,0.545,0.864,0.274,0.122,0.846,0.886,0.579,0.685,0.138,0.261,0.796,0.072,0.074,0.741,0.388,0.989,0.514,0.363,0.929,0.468,0.929,0.687,0.654,0.422,0.704,0.801,0.118,0.26,0.711,0.677,0.6,0.523,0.453,0.023,0.148,0.247,0.328,0.862,0.035
0.0,0.2,0.42,0.215,0.977,0.847,0.815,0.048,0.813,0.312,0.986,0.512,0.772,0.738,0.122,0.87,0.676,0.916,0.052,0.925,0.782,0.479,0.217,0.767,0.547,0.033,0.112,0.572,0.147,0.822,0.454,0.51,0.697,0.248,0.352,0.131,0.105,0.511,0.225,0.588,0.921
0.0,0.684,0.311,0.998,0.385,0.715,0.308,0.248,0.89,0.95,0.005,0.72,0.843,0.949,0.562,0.826,0.673,0.176,0.985,0.054,0.172,0.721,0.226,0.895,0.145,0.556,0.962,0.894,0.979,0.223,0.851,0.548,0.551,0.78,0.7,0.321,0.379,0.117,0.629,0.688,0.145
1.0,0.828,0.068,0.341,0.217,0.691,0.197,0.264,0.312,0.518,0.09,0.308,0.257,0.512,0.559,0.391,0.833,0.548,0.969,0.748,0.926,0.096,0.569,0.572,0.751,0.896,0.205,0.306,0.2,0.253,0.233,0.924,0.192,0.151,0.1,0.449,0.07,0.634,0.837,0.872,0.203
1.0,0.426,0.203,0.359,0.51,0.286,0.861,0.793,0.169,0.377,0.284,0.892,0.254,0.39,0.099,0.289,0.506,0.963,0.94,0.355,0.032,0.479,0.472,0.055,0.052,0.28,0.042,0.492,0.361,0.509,0.042,0.407,0.1,0.863,0.124,0.054,0.978,0.322,0.211,0.044,0.108
1.0,0.559,0.3,0.152,0.842,0.513,0.409,0.258,0.681,0.862,0.516,0.181,0.319,0.081,0.453,0.55,0.379,0.82,0.896,0.134,0.623,0.908,0.199,0.609,0.619,0.02,0.711,0.0,0.092,0.629,0.633,0.246,0.61,0.963,0.969,0.438,0.944,0.177,0.743,0.181,0.844
1.0,0.114,0.166,0.663,0.47,0.509,0.7,0.744,0.943,0.348,0.58,0.175,0.687,0.449,0.569,0.589,0.904,0.671,0.118,0.925,0.876,0.938,0.993,0.416,0.811,0.484,0.18,0.267,0.086,0.651,0.243,0.383,0.479,0.07,0.236,0.851,0.094,0.34,0.92,0.033,0.765
0.0,0.255,0.559,0.764,0.937,0.301,0.998,0.982,0.56,0.968,0.346,0.188,0.667,0.541,0.3,0.053,0.567,0.417,0.884,0.265,0.615,0.423,0.177,0.066,0.32,0.097,0.569,0.798,0.252,0.131,0.506,0.881,0.701,0.301,0.098,0.096,0.884,0.882,0.254,0.131,0.533
0.0,0.53,0.72,0.105,0.857,0.964,0.045,0.076,0.421,0.736,0.861,0.599,0.159,0.194,0.138,0.485,0.697,0.56,0.919,0.394,0.232,0.804,0.791,0.072,0.237,0.63,0.2,0.592,0.068,0.538,0.852,0.877,0.603,0.939,0.259,0.145,0.075,0.662,0.332,0.926,0.612
0.0,0.749,0.768,0.982,0.7,0.282,0.092,0.656,0.884,0.377,0.239,0.659,0.358,0.863,0.972,0.753,0.984,0.286,0.331,0.509,0.212,0.508,0.056,0.807,0.644,0.746,0.108,0.277,0.708,0.806,0.123,0.639,0.776,0.584,0.465,0.943,0.424,0.306,0.132,0.327,0.027
1.0,0.422,0.695,0.647,0.648,0.385,0.786,0.666,0.631,0.222,0.121,0.584,0.285,0.266,0.856,0.122,0.951,0.151,0.35,0.011,0.925,0.179,0.718,0.162,0.302,0.101,0.377,0.582,0.635,0.904,0.065,0.686,0.565,0.355,0.332,0.857,0.35,0.292,0.049,0.765,0.434
0.0,0.134,0.137,0.893,0.719,0.731,0.567,0.602,0.268,0.336,0.287,0.762,0.769,0.544,0.632,0.146,0.593,0.434,0.542,0.313,0.788,0.784,0.714,0.988,0.857,0.885,0.796,0.073,0.076,0.311,0.928,0.337,0.382,0.848,0.288,0.74,0.285,0.294,0.384,0.525,0.104
0.0,0.286,0.98,0.253,0.512,0.993,0.983,0.33,0.07,0.417,0.634,0.28,0.159,0.769,0.369,0.477,0.14,0.402,0.699,0.3,0.9,0.698,0.363,0.668,0.06,0.369,0.129,0.262,0.111,0.881,0.286,0.384,0.747,0.873,0.288,0.888,0.877,0.836,0.078,0.81,0.926
1.0,0.753,0.098,0.431,0.028,0.055,0.865,0.145,0.168,0.126,0.717,0.085,0.555,0.108,0.555,0.634,0.615,0.8,0.517,0.49,0.823,0.323,0.517,0.322,0.818,0.291,0.663,0.146,0.627,0.232,0.353,0.965,0.314,0.452,0.682,0.863,0.75,0.54,0.55,0.699,0.164
0.0,0.903,0.02,0.36,0.661,0.957,0.799,0.318,0.285,0.249,0.627,0.719,0.253,0.564,0.971,0.561,0.657,0.481,0.287,0.803,0.409,0.793,0.446,0.804,0.291,0.598,0.887,1.0,0.454,0.864,0.711,0.446,0.413,0.966,0.002,0.022,0.302,0.397,0.872,0.734,0.195
1.0,0.211,0.543,0.542,0.768,0.267,0.053,0.684,0.89,0.559,0.339,0.498,0.317,0.818,0.573,0.575,0.291,0.62,0.623,0.739,0.012,0.114,0.725,0.687,0.378,0.39,0.146,0.449,0.504,0.187,0.64,0.806,0.917,0.311,0.54,0.542,0.727,0.453,0.667,0.866,0.922
1.0,0.107,0.842,0.146,0.282,0.703,0.892,0.562,0.029,0.849,0.529,0.688,0.105,0.546,0.624,0.089,0.379,0.913,0.134,0.209,0.707,0.631,0.601,0.403,0.668,0.386,0.694,0.025,0.038,0.318,0.648,0.91,0.364,0.712,0.704,0.328,0.644,0.39,0.065,0.298,0.522
1.0,0.74,0.931,0.49,0.546,0.093,0.185,0.85,0.296,0.051,0.509,0.205,0.737,0.635,0.741,0.196,0.281,0.348,0.423,0.726,0.13,0.835,0.829,0.634,0.671,0.807,0.257,0.351,0.256,0.326,0.507,0.231,0.271,0.141,0.812,0.43,0.909,0.462,0.693,0.241,0.418
1.0,0.432,0.204,0.696,0.892,0.024,0.126,0.337,0.248,0.595,0.778,0.236,0.737,0.777,0.354,0.492,0.916,0.023,0.257,0.589,0.278,0.028,0.266,0.105,0.058,0.528,0.566,0.171,0.189,0.596,0.588,0.444,0.012,0.855,0.232,0.275,0.089,0.377,0.35,0.977,0.545
1.0,0.909,0.499,0.269,0.566,0.681,0.842,0.915,0.642,0.57,0.932,0.733,0.602,0.008,0.996,0.099,0.998,0.332,0.526,0.836,0.582,0.228,0.538,0.287,0.396,0.741,0.286,0.42,0.425,0.393,0.452,0.421,0.721,0.45,0.356,0.173,0.281,0.48,0.252,0.957,0.733
0.0,0.559,0.579,0.409,0.353,0.375,0.536,0.009,0.634,0.313,0.898,0.045,0.485,0.451,0.171,0.006,0.293,0.388,0.625,0.822,0.835,0.298,0.054,0.879,0.772,0.816,0.628,0.028,0.987,0.354,0.15,0.788,0.559,0.327,0.373,0.861,0.961,0.009,0.297,0.722,0.491
0.0,0.926,0.599,0.825,0.136,0.278,0.519,0.215,0.646,0.114,0.235,0.632,0.783,0.517,0.274,0.919,0.64,0.489,0.586,0.011,0.719,0.591,0.752,0.653,0.03,0.934,0.961,0.156,0.82,0.585,0.098,0.503,0.403,0.707,0.921,0.71,0.885,0.467,0.611,0.321,0.502
1.0,0.002,0.993,0.696,0.141,0.498,0.34,0.282,0.098,0.216,0.993,0.851,0.167,0.216,0.462,0.81,0.416,0.335,0.849,0.476,0.694,0.748,0.597,0.716,0.226,0.808,0.12,0.906,0.644,0.933,0.254,0.65,0.742,0.418,0.066,0.689,0.909,0.646,0.334,0.014,0.719
1.0,0.915,0.516,0.82,0.902,0.271,0.862,0.892,0.929,0.178,0.011,0.038,0.736,0.837,0.975,0.727,0.451,0.082,0.999,0.054,0.26,0.56,0.032,0.504,0.61,0.964,0.71,0.093,0.326,0.158,0.538,0.759,0.37,0.416,0.458,0.888,0.173,0.123,0.424,0.914,0.349
0.0,0.75,0.261,0.338,0.336,0.927,0.394,0.767,0.866,0.658,0.98,0.325,0.189,0.629,0.428,0.389,0.281,0.714,0.447,0.779,0.73,0.373,0.022,0.865,0.042,0.421,0.878,0.706,0.399,0.864,0.4,0.304,0.285,0.866,0.367,0.807,0.459,0.697,0.539,0.861,0.065
1.0,0.851,0.019,0.642,0.19,0.005,0.874,0.712,0.33,0.477,0.118,0.933,0.583,0.131,0.859,0.252,0.252,0.992,0.586,0.784,0.207,0.173,0.279,0.581,0.56,0.276,0.517,0.793,0.273,0.717,0.668,0.613,0.508,0.978,0.801,0.865,0.779,0.287,0.933,0.141,0.157
0.0,0.307,0.503,0.074,0.336,0.444,0.475,0.634,0.578,0.216,0.227,0.417,0.97,0.692,0.328,0.918,0.222,0.685,0.355,0.017,0.015,0.587,0.115,0.586,0.242,0.917,0.463,0.759,0.654,0.957,0.864,0.399,0.721,0.255,0.901,0.088,0.368,0.869,0.054,0.436,0.967
0.0,0.745,0.551,0.541,0.892,0.107,0.595,0.948,0.939,0.138,0.823,0.405,0.063,0.573,0.918,0.295,0.92,0.285,0.936,0.027,0.286,0.341,0.137,0.994,0.039,0.139,0.91,0.704,0.412,0.927,0.214,0.436,0.319,0.83,0.15,0.598,0.734,0.323,0.216,0.964,0.902
1.0,0.612,0.834,0.752,0.305,0.717,0.823,0.759,0.541,0.379,0.836,0.124,0.738,0.098,0.568,0.24,0.381,0.955,0.009,0.536,0.141,0.153,0.011,0.344,0.204,0.011,0.703,0.099,0.222,0.386,0.93,0.279,0.31,0.678,0.37,0.877,0.357,0.276,0.444,0.121,0.083
0.0,0.579,0.723,0.046,0.009,0.955,0.247,0.354,0.65,0.747,0.369,0.478,0.533,0.595,0.833,0.697,0.301,0.793,0.038,0.684,0.084,0.654,0.101,0.739,0.998,0.19,0.489,0.368,0.81,0.044,0.507,0.903,0.674,0.112,0.006,0.197,0.401,0.835,0.749,0.921,0.826
1.0,0.334,0.128,0.876,0.255,0.374,0.364,0.393,0.776,0.176,0.683,0.763,0.003,0.363,0.305,0.752,0.925,0.791,0.052,0.543,0.357,0.578,0.92,0.595,0.33,0.521,0.322,0.735,0.409,0.836,0.688,0.395,0.042,0.878,0.093,0.933,0.353,0.53,0.478,0.223,0.174
0.0,0.758,0.184,0.822,0.754,0.934,0.069,0.823,0.668,0.034,0.489,0.799,0.527,0.187,0.458,0.125,0.529,0.755,0.304,0.359,0.571,0.372,0.267,0.779,0.534,0.084,0.978,0.185,0.227,0.724,0.892,0.726,0.57,0.869,0.298,0.523,0.795,0.324,0.019,0.344,0.836
0.0,0.25,0.697,0.93,0.31,0.935,0.793,0.841,0.877,0.304,0.512,0.444,0.058,0.227,0.986,0.573,0.222,0.881,0.44,0.772,0.35,0.837,0.278,0.688,0.128,0.565,0.244,0.737,0.185,0.54,0.567,0.269,0.208,0.734,0.164,0.538,0.485,0.784,0.722,0.749,0.92
0.0,0.52,0.882,0.366,0.169,0.056,0.908,0.308,0.87,0.64,0.571,0.46,0.984,0.126,0.294,0.595,0.533,0.496,0.41,0.92,0.176,0.908,0.253,0.161,0.232,0.522,0.955,0.592,0.083,0.155,0.318,0.943,0.555,0.83,0.145,0.349,0.536,0.254,0.18,0.804,0.165
1.0,0.894,0.844,0.307,0.484,0.294,0.023,0.534,0.078,0.845,0.8,0.704,0.31,0.963,0.252,0.729,0.556,0.574,0.476,0.245,0.239,0.663,0.803,0.26,0.789,0.16,0.189,0.762,0.116,0.073,0.848,0.794,0.961,0.106,0.247,0.663,0.484,0.389,0.659,0.286,0.427
1.0,0.985,0.091,0.445,0.537,0.012,0.059,0.457,0.702,0.457,0.567,0.417,0.116,0.776,0.947,0.883,0.662,0.555,0.139,0.018,0.037,0.34,0.601,0.181,0.959,0.056,0.857,0.265,0.028,0.706,0.167,0.419,0.756,0.49,0.953,0.208,0.099,0.068,0.525,0.383,0.078
1.0,0.392,0.414,0.122,0.494,0.476,0.929,0.878,0.058,0.815,0.416,0.78,0.05,0.788,0.734,0.338,0.093,0.151,0.522,0.49,0.273,0.186,0.643,0.43,0.058,0.253,0.683,0.955,0.658,0.414,0.952,0.689,0.433,0.117,0.261,0.089,0.47,0.484,0.717,0.687,0.36
0.0,0.855,0.362,0.92,0.01,0.6,0.375,0.315,0.564,0.264,0.361,0.237,0.832,0.738,0.772,0.269,0.327,0.529,0.887,0.928,0.696,0.202,0.506,0.516,0.922,0.077,0.344,0.36,0.042,0.62,0.984,0.791,0.735,0.429,0.136,0.466,0.786,0.409,0.56,0.515,0.248
1.0,0.775,0.086,0.158,0.265,0.104,0.705,0.401,0.965,0.354,0.596,0.416,0.62,0.887,0.601,0.49,0.203,0.146,0.816,0.142,0.339,0.806,0.063,0.076,0.668,0.805,0.439,0.851,0.886,0.13,0.347,0.635,0.389,0.93,0.749,0.827,0.784,0.993,0.286,0.592,0.422
0.0,0.176,0.601,0.582,0.75,0.78,0.302,0.582,0.316,0.1,0.413,0.277,0.418,0.942,0.295,0.705,0.474,0.815,0.304,0.488,0.013,0.486,0.461,0.814,0.682,0.523,0.85,0.021,0.123,0.057,0.184,0.731,0.361,0.757,0.561,0.22,0.06,0.271,0.36,0.265,0.105
0.0,0.587,0.239,0.98,0.282,0.359,0.796,0.876,0.765,0.436,0.861,0.765,0.956,0.026,0.086,0.83,0.457,0.256,0.131,0.124,0.77,0.274,0.585,0.499,0.814,0.149,0.478,0.017,0.916,0.073,0.395,0.829,0.016,0.773,0.354,0.408,0.894,0.325,0.651,0.388,0.465
0.0,0.761,0.424,0.896,0.741,0.845,0.671,0.787,0.964,0.628,0.733,0.201,0.522,0.077,0.134,0.224,0.125,0.979,0.328,0.998,0.362,0.999,0.334,0.147,0.37,0.533,0.554,0.702,0.45,0.352,0.854,0.099,0.991,0.12,0.149,0.924,0.347,0.619,0.541,0.552,0.269
0.0,0.153,0.476,0.947,0.946,0.967,0.127,0.864,0.769,0.836,0.317,0.747,0.514,0.127,0.382,0.765,0.029,0.1,0.088,0.825,0.0,0.174,0.911,0.735,0.311,0.56,0.694,0.921,0.235,0.977,0.409,0.182,0.125,0.21,0.169,0.638,0.823,0.995,0.98,0.246,0.102
1.0,0.911,0.206,0.7,0.627,0.745,0.35,0.734,0.877,0.982,0.513,0.654,0.313,0.179,0.813,0.775,0.565,0.432,0.168,0.358,0.964,0.341,0.867,0.068,0.665,0.09,0.398,0.245,0.014,0.129,0.072,0.184,0.578,0.348,0.482,0.42,0.355,0.997,0.633,0.558,0.047
0.0,0.893,0.758,0.153,0.689,0.143,0.818,0.03,0.71,0.454,0.431,0.197,0.87,0.494,0.98,0.241,0.345,0.0,0.921,0.622,0.595,0.85,0.586,0.187,0.384,0.71,0.424,0.112,0.302,0.669,0.641,0.222,0.621,0.272,0.05,0.697,0.155,0.66,0.991,0.476,0.56
0.0,0.779,0.967,0.417,0.278,0.516,0.399,0.483,0.131,0.341,0.975,0.662,0.925,0.364,0.542,0.346,0.169,0.471,0.861,0.723,0.834,0.803,0.725,0.218,0.442,0.87,0.167,0.21,0.496,0.645,0.636,0.732,0.461,0.115,0.495,0.42,0.62,0.985,0.846,0.442,0.133
1.0,0.181,0.904,0.771,0.065,0.632,0.902,0.609,0.555,0.318,0.835,0.643,0.114,0.415,0.563,0.832,0.114,0.467,0.498,0.138,0.14,0.401,0.726,0.17,0.802,0.373,0.771,0.766,0.073,0.433,0.036,0.064,0.918,0.125,0.49,0.532,0.412,0.078,0.945,0.194,0.326
0.0,0.522,0.323,0.636,0.163,0.341,0.851,0.013,0.296,0.312,0.274,0.986,0.759,0.071,0.737,0.106,0.258,0.542,0.631,0.128,0.837,0.972,0.511,0.897,0.55,0.464,0.577,0.6,0.623,0.635,0.002,0.284,0.284,0.73,0.999,0.823,0.135,0.325,0.643,0.914,0.899
1.0,0.169,0.72,0.582,0.483,0.248,0.14,0.262,0.114,0.548,0.171,0.271,0.019,0.828,0.462,0.542,0.757,0.054,0.566,0.378,0.131,0.47,0.925,0.291,0.678,0.542,0.039,0.639,0.723,0.412,0.783,0.401,0.46,0.919,0.478,0.328,0.704,0.367,0.431,0.675,0.779
0.0,0.502,0.387,0.181,0.198,0.566,0.19,0.586,0.512,0.04,0.663,0.942,0.954,0.796,0.461,0.29,0.085,0.63,0.557,0.346,0.406,0.781,0.966,0.245,0.599,0.745,0.704,0.274,0.447,0.295,0.978,0.6,0.993,0.088,0.144,0.516,0.653,0.683,0.705,0.826,0.149
0.0,0.032,0.969,0.426,0.529,0.896,0.422,0.339,0.812,0.365,0.614,0.547,0.743,0.062,0.743,0.237,0.404,0.877,0.392,0.123,0.53,0.428,0.682,0.47,0.365,0.52,0.199,0.534,0.701,0.376,0.299,0.487,0.201,0.735,0.681,0.484,0.624,0.34,0.032,0.784,0.721
0.0,0.509,0.863,0.958,0.773,0.833,0.777,0.198,0.554,0.575,0.735,0.685,0.282,0.554,0.959,0.729,0.88,0.505,0.968,0.097,0.909,0.961,0.572,0.947,0.623,0.517,0.725,0.642,0.162,0.4,0.927,0.969,0.85,0.638,0.716,0.832,0.542,0.849,0.385,0.503,0.532
0.0,0.768,0.857,0.107,0.407,0.231,0.524,0.644,0.505,0.87,0.659,0.367,0.934,0.484,0.12,0.841,0.548,0.044,0.418,0.054,0.527,0.337,0.694,0.009,0.883,0.865,0.808,0.585,0.098,0.108,0.83,0.264,0.096,0.946,0.799,0.977,0.641,0.688,0.477,0.182,0.64
0.0,0.626,0.673,0.836,0.921,0.473,0.354,0.204,0.511,0.637,0.171,0.778,0.003,0.404,0.082,0.094,0.94,0.29,0.496,0.853,0.39,0.365,0.342,0.831,0.361,0.243,0.915,0.313,0.065,0.509,0.707,0.598,0.455,0.073,0.434,0.257,0.638,0.408,0.337,0.944,0.494
0.0,0.604,0.038,0.211,0.754,0.895,0.197,0.938,0.408,0.435,0.861,0.783,0.316,0.808,0.84,0.818,0.026,0.782,0.384,0.795,0.752,0.29,0.507,0.849,0.204,0.499,0.369,0.972,0.587,0.923,0.919,0.631,0.099,0.789,0.813,0.153,0.747,0.827,0.505,0.847,0.845
1.0,0.237,0.541,0.2,0.434,0.374,0.775,0.112,0.359,0.709,0.187,0.322,0.85,0.388,0.592,0.204,0.378,0.981,0.209,0.0,0.284,0.045,0.653,0.709,0.517,0.921,0.419,0.251,0.302,0.445,0.178,0.259,0.635,0.745,0.534,0.808,0.628,0.449,0.465,0.273,0.006
1.0,0.325,0.576,0.256,0.4,0.137,0.48,0.268,0.661,0.761,0.806,0.979,0.77,0.536,0.345,0.211,0.033,0.508,0.826,0.442,0.767,0.992,0.441,0.603,0.018,0.334,0.782,0.472,0.477,0.61,0.656,0.514,0.385,0.712,0.491,0.898,0.585,0.757,0.629,0.593,0.007
0.0,0.927,0.398,0.087,0.706,0.345,0.85,0.81,0.018,0.111,0.877,0.869,0.595,0.468,0.276,0.623,0.659,0.164,0.777,0.735,0.76,0.446,0.006,0.787,0.054,0.716,0.757,0.798,0.19,0.606,0.034,0.457,0.494,0.281,0.74,0.239,0.879,0.764,0.462,0.556,0.083
1.0,0.569,0.476,0.855,0.547,0.599,0.382,0.634,0.807,0.922,0.999,0.237,0.047,0.283,0.679,0.243,0.305,0.636,0.596,0.966,0.682,0.423,0.811,0.578,0.524,0.275,0.766,0.85,0.33,0.406,0.033,0.453,0.228,0.022,0.898,0.164,0.0,0.535,0.374,0.25,0.033
0.0,0.065,0.646,0.646,0.481,0.999,0.541,0.235,0.396,0.611,0.472,0.743,0.819,0.685,0.656,0.795,0.256,0.267,0.146,0.684,0.068,0.838,0.584,0.363,0.331,0.614,0.026,0.523,0.242,0.133,0.779,0.495,0.61,0.074,0.077,0.975,0.03,0.937,0.825,0.564,0.331
0.0,0.968,0.706,0.52,0.869,0.73,0.131,0.313,0.0,0.545,0.787,0.038,0.792,0.358,0.676,0.44,0.358,0.499,0.622,0.675,0.917,0.342,0.28,0.98,0.21,0.801,0.594,0.223,0.516,0.224,0.849,0.641,0.573,0.363,0.226,0.334,0.695,0.763,0.58,0.454,0.81
0.0,0.736,0.411,0.934,0.06,0.344,0.052,0.201,0.578,0.689,0.06,0.893,0.819,0.889,0.587,0.085,0.806,0.263,0.792,0.623,0.204,0.77,0.672,0.817,0.408,0.408,0.561,0.045,0.658,0.021,0.496,0.482,0.971,0.119,0.078,0.227,0.66,0.093,0.224,0.024,0.471
1.0,0.288,0.599,0.41,0.101,0.574,0.971,0.368,0.925,0.156,0.128,0.251,0.213,0.727,0.087,0.311,0.758,0.847,0.03,0.789,0.388,0.271,0.738,0.251,0.008,0.365,0.01,0.468,0.165,0.079,0.754,0.548,0.777,0.751,0.153,0.875,0.34,0.687,0.56,0.574,0.305
0.0,0.413,0.591,0.5,0.521,0.634,0.096,0.622,0.654,0.376,0.925,0.237,0.048,0.603,0.3,0.104,0.01,0.725,0.998,0.219,0.922,0.124,0.461,0.784,0.036,0.549,0.018,0.223,0.615,0.248,0.931,0.639,0.562,0.782,0.622,0.412,0.575,0.981,0.532,0.522,0.541
1.0,0.466,0.831,0.987,0.833,0.692,0.963,0.986,0.386,0.458,0.278,0.757,0.015,0.563,0.578,0.022,0.703,0.398,0.802,0.15,0.022,0.821,0.436,0.331,0.757,0.684,0.893,0.797,0.353,0.226,0.807,0.106,0.598,0.072,0.769,0.76,0.921,0.696,0.589,0.846,0.785
0.0,0.475,0.532,0.533,0.617,0.344,0.723,0.089,0.942,0.665,0.957,0.647,0.688,0.02,0.064,0.711,0.357,0.32,0.371,0.936,0.896,0.761,0.096,0.788,0.723,0.751,0.068,0.843,0.224,0.77,0.738,0.025,0.864,0.575,0.072,0.114,0.472,0.382,0.795,0.511,0.703
1.0,0.655,0.987,0.312,0.353,0.853,0.228,0.532,0.147,0.843,0.987,0.215,0.897,0.316,0.761,0.613,0.816,0.801,0.732,0.957,0.328,0.578,0.686,0.717,0.794,0.331,0.06,0.334,0.958,0.59,0.676,0.406,0.524,0.539,0.205,0.933,0.608,0.295,0.118,0.962,0.473
0.0,0.594,0.049,0.555,0.581,0.875,0.75,0.03,0.774,0.639,0.355,0.748,0.967,0.535,0.857,0.559,0.269,0.445,0.247,0.353,0.158,0.802,0.185,0.482,0.938,0.031,0.099,0.148,0.038,0.481,0.772,0.545,0.981,0.446,0.732,0.08,0.968,0.954,0.833,0.705,0.162
1.0,0.965,0.264,0.708,0.17,0.165,0.779,0.615,0.408,0.917,0.778,0.017,0.709,0.06,0.646,0.764,0.242,0.855,0.394,0.793,0.65,0.425,0.371,0.205,0.122,0.75,0.906,0.034,0.109,0.585,0.221,0.878,0.813,0.972,0.092,0.484,0.766,0.185,0.412,0.993,0.042
0.0,0.828,0.665,0.255,0.293,0.467,0.854,0.752,0.23,0.258,0.752,0.032,0.811,0.369,0.539,0.012,0.616,0.637,0.851,0.936,0.293,0.332,0.417,0.982,0.763,0.551,0.103,0.21,0.294,0.674,0.046,0.285,0.104,0.432,0.462,0.639,0.685,0.481,0.843,0.923,0.375
0.0,0.682,0.722,0.372,0.598,0.817,0.636,0.054,0.876,0.95,0.559,0.809,0.908,0.214,0.559,0.956,0.981,0.1,0.847,0.596,0.119,0.255,0.795,0.596,0.949,0.792,0.982,0.797,0.994,0.768,0.939,0.832,0.607,0.081,0.978,0.742,0.62,0.16,0.652,0.319,0.465
1.0,0.169,0.399,0.709,0.28,0.329,0.124,0.239,0.19,0.443,0.54,0.978,0.346,0.521,0.666,0.236,0.84,0.454,0.796,0.326,0.48,0.174,0.336,0.758,0.567,0.433,0.901,0.77,0.993,0.153,0.002,0.081,0.227,0.169,0.616,0.242,0.368,0.689,0.385,0.619,0.491
1.0,0.563,0.068,0.644,0.691,0.408,0.519,0.81,0.106,0.131,0.132,0.381,0.301,0.551,0.188,0.241,0.711,0.428,0.081,0.649,0.894,0.232,0.437,0.351,0.565,0.204,0.111,0.59,0.262,0.894,0.915,0.654,0.788,0.592,0.342,0.359,0.822,0.712,0.793,0.982,0.991
1.0,0.806,0.57,0.173,0.721,0.227,0.117,0.443,0.63,0.983,0.555,0.044,0.738,0.443,0.936,0.028,0.031,0.541,0.866,0.07,0.978,0.244,0.348,0.565,0.071,0.087,0.728,0.155,0.315,0.56,0.145,0.792,0.686,0.09,0.76,0.282,0.666,0.478,0.13,0.531,0.824
1.0,0.11,0.153,0.612,0.298,0.859,0.692,0.815,0.953,0.398,0.56,0.912,0.732,0.792,0.848,0.762,0.016,0.639,0.695,0.116,0.558,0.823,0.482,0.125,0.973,0.917,0.151,0.191,0.159,0.864,0.08,0.427,0.06,0.882,0.751,0.609,0.41,0.876,0.278,0.518,0.521
1.0,0.083,0.94,0.129,0.782,0.655,0.058,0.244,0.752,0.155,0.957,0.007,0.683,0.732,0.091,0.424,0.845,0.703,0.455,0.403,0.826,0.667,0.183,0.193,0.876,0.149,0.488,0.458,0.871,0.609,0.49,0.406,0.671,0.418,0.61,0.656,0.322,0.345,0.78,0.794,0.854
1.0,0.726,0.608,0.563,0.189,0.746,0.854,0.364,0.314,0.924,0.444,0.892,0.237,0.61,0.358,0.812,0.63,0.719,0.993,0.044,0.245,0.142,0.471,0.239,0.268,0.753,0.164,0.271,0.258,0.891,0.986,0.745,0.632,0.574,0.885,0.149,0.384,0.001,0.429,0.639,0.445
1.0,0.014,0.19,0.06,0.77,0.15,0.985,0.31,0.993,0.301,0.988,0.667,0.442,0.518,0.529,0.956,0.739,0.024,0.385,0.04,0.585,0.115,0.861,0.331,0.958,0.081,0.135,0.973,0.324,0.062,0.278,0.707,0.012,0.505,0.657,0.801,0.279,0.144,0.475,0.764,0.136
0.0,0.869,0.649,0.461,0.102,0.831,0.391,0.021,0.006,0.45,0.805,0.614,0.473,0.691,0.126,0.283,0.556,0.917,0.843,0.15,0.859,0.321,0.706,0.876,0.429,0.229,0.712,0.304,0.649,0.164,0.487,0.336,0.865,0.424,0.696,0.441,0.861,0.922,0.876,0.975,0.658
0.0,0.237,0.926,0.323,0.066,0.919,0.169,0.439,0.075,0.441,0.215,0.178,0.76,0.278,0.816,0.73,0.086,0.1,0.067,0.618,0.148,0.589,0.582,0.079,0.612,0.951,0.619,0.77,0.804,0.273,0.136,0.241,0.251,0.116,0.614,0.32,0.624,0.815,0.909,0.797,0.41
1.0,0.095,0.462,0.171,0.962,0.719,0.478,0.545,0.169,0.26,0.82,0.692,0.649,0.614,0.059,0.926,0.415,0.108,0.398,0.411,0.193,0.286,0.619,0.523,0.546,0.924,0.247,0.876,0.106,0.776,0.828,0.195,0.186,0.92,0.236,0.719,0.929,0.834,0.75,0.498,0.256
0.0,0.366,0.48,0.056,0.86,0.788,0.685,0.537,0.119,0.906,0.145,0.378,0.835,0.218,0.569,0.386,0.931,0.13,0.124,0.274,0.278,0.341,0.478,0.592,0.479,0.233,0.985,0.755,0.31,0.061,0.05,0.362,0.071,0.872,0.993,0.596,0.749,0.208,0.759,0.631,0.592
1.0,0.656,0.465,0.688,0.256,0.451,0.675,0.928,0.103,0.093,0.438,0.31,0.118,0.021,0.521,0.824,0.325,0.797,0.67,0.237,0.922,0.311,0.56,0.625,0.283,0.008,0.943,0.465,0.522,0.628,0.268,0.684,0.69,0.031,0.513,0.192,0.163,0.029,0.269,0.983,0.431
0.0,0.269,0.087,0.879,0.503,0.872,0.008,0.553,0.906,0.441,0.093,0.566,0.005,0.649,0.259,0.861,0.549,0.259,0.177,0.514,0.299,0.114,0.673,0.18,0.111,0.167,0.938,0.64,0.599,0.699,0.071,0.276,0.261,0.116,0.67,0.12,0.804,0.314,0.209,0.45,0.825
1.0,0.554,0.726,0.976,0.529,0.448,0.305,0.249,0.029,0.316,0.209,0.84,0.676,0.254,0.619,0.433,0.068,0.329,0.669,0.408,0.66,0.517,0.923,0.365,0.855,0.705,0.568,0.124,0.763,0.876,0.057,0.77,0.306,0.656,0.981,0.388,0.164,0.109,0.839,0.555,0.05
1.0,0.219,0.915,0.13,0.845,0.419,0.226,0.61,0.354,0.397,0.423,0.134,0.625,0.251,0.169,0.523,0.244,0.055,0.438,0.592,0.278,0.197,0.374,0.363,0.103,0.797,0.292,0.619,0.945,0.978,0.192,0.464,0.108,0.761,0.353,0.183,0.297,0.907,0.552,0.466,0.606
1.0,0.302,0.612,0.516,0.971,0.155,0.55,0.881,0.956,0.532,0.964,0.899,0.658,0.426,0.007,0.654,0.31,0.148,0.024,0.653,0.14,0.885,0.977,0.693,0.54,0.386,0.55,0.465,0.447,0.518,0.193,0.618,0.452,0.019,0.656,0.701,0.071,0.112,0.416,0.722,0.717
0.0,0.132,0.301,0.942,0.773,0.902,0.584,0.902,0.333,0.05,0.334,0.318,0.843,0.311,0.591,0.654,0.026,0.08,0.839,0.132,0.764,0.013,0.883,0.772,0.371,0.259,0.597,0.746,0.252,0.192,0.191,0.556,0.75,0.776,0.667,0.101,0.149,0.614,0.538,0.002,0.905
1.0,0.916,0.098,0.779,0.707,0.2,0.772,0.348,0.065,0.483,0.008,0.694,0.302,0.64,0.058,0.575,0.716,0.559,0.845,0.972,0.804,0.351,0.426,0.738,0.912,0.953,0.007,0.057,0.018,0.353,0.26,0.39,0.219,0.814,0.208,0.53,0.417,0.552,0.745,0.962,0.096
0.0,0.383,0.616,0.551,0.549,0.709,0.092,0.473,0.228,0.669,0.062,0.367,0.96,0.162,0.982,0.18,0.204,0.688,0.377,0.878,0.989,0.711,0.592,0.974,0.719,0.959,0.168,0.261,0.584,0.666,0.999,0.47,0.829,0.331,0.263,0.885,0.19,0.039,0.01,0.568,0.541
1.0,0.466,0.726,0.24,0.286,0.81,0.733,0.735,0.853,0.347,0.738,0.234,0.053,0.276,0.962,0.848,0.46,0.725,0.227,0.611,0.882,0.296,0.442,0.49,0.248,0.391,0.767,0.623,0.691,0.45,0.177,0.34,0.988,0.826,0.647,0.484,0.776,0.56,0.827,0.882,0.173
0.0,0.15,0.484,0.616,0.66,0.206,0.932,0.823,0.741,0.234,0.809,0.438,0.232,0.01,0.37,0.956,0.004,0.821,0.924,0.941,0.578,0.27,0.57,0.803,0.57,0.542,0.818,0.035,0.46,0.871,0.616,0.038,0.986,0.249,0.024,0.679,0.165,0.152,0.707,0.48,0.721
0.0,0.966,0.302,0.351,0.153,0.142,0.619,0.741,0.39,0.978,0.453,0.92,0.322,0.991,0.839,0.068,0.849,0.469,0.708,0.669,0.453,0.986,0.494,0.162,0.289,0.1,0.574,0.154,0.577,0.084,0.66,0.773,0.376,0.111,0.944,0.55,0.095,0.861,0.332,0.685,0.824
1.0,0.681,0.559,0.595,0.832,0.146,0.005,0.086,0.424,0.121,0.35,0.062,0.344,0.728,0.815,0.232,0.582,0.438,0.138,0.345,0.531,0.46,0.726,0.581,0.636,0.55,0.162,0.596,0.079,0.567,0.098,0.33,0.069,0.462,0.432,0.594,0.272,0.41,0.347,0.192,0.139
0.0,0.24,0.038,0.67,0.654,0.36,0.056,0.64,0.236,0.017,0.009,0.05,0.549,0.491,0.938,0.824,0.51,0.88,0.321,0.827,0.507,0.908,0.932,0.924,0.222,0.99,0.446,0.993,0.97,0.804,0.273,0.713,0.707,0.575,0.962,0.951,0.238,0.181,0.217,0.07,0.554
0.0,0.522,0.203,0.504,0.99,0.91,0.933,0.302,0.468,0.822,0.599,0.03,0.406,0.202,0.234,0.079,0.022,0.454,0.767,0.175,0.127,0.757,0.006,0.482,0.329,0.369,0.814,0.957,0.746,0.768,0.481,0.432,0.912,0.845,0.597,0.37,0.912,0.366,0.688,0.043,0.727
1.0,0.76,0.39,0.613,0.293,0.192,0.306,0.2,0.541,0.309,0.543,0.758,0.339,0.65,0.525,0.469,0.005,0.238,0.222,0.042,0.877,0.204,0.108,0.662,0.614,0.842,0.039,0.15,0.082,0.69,0.754,0.462,0.442,0.798,0.806,0.98,0.298,0.182,0.143,0.692,0.953
0.0,0.513,0.825,0.49,0.007,0.696,0.004,0.29,0.373,0.123,0.031,0.226,0.64,0.563,0.329,0.556,0.064,0.503,0.48,0.23,0.159,0.445,0.045,0.716,0.295,0.474,0.692,0.373,0.554,0.303,0.952,0.435,0.968,0.262,0.694,0.278,0.396,0.524,0.813,0.786,0.127
1.0,0.681,0.972,0.97,0.898,0.67,0.542,0.186,0.045,0.654,0.157,0.419,0.681,0.438,0.015,0.619,0.409,0.219,0.357,0.173,0.421,0.948,0.806,0.39,0.336,0.091,0.906,0.834,0.832,0.427,0.759,0.733,0.54,0.83,0.829,0.991,0.797,0.061,0.893,0.623,0.1
1.0,0.754,0.55,0.622,0.686,0.26,0.84,0.728,0.982,0.953,0.44,0.639,0.703,0.388,0.476,0.775,0.512,0.087,0.779,0.045,0.553,0.444,0.954,0.352,0.414,0.657,0.595,0.582,0.123,0.348,0.309,0.278,0.943,0.041,0.543,0.019,0.913,0.457,0.479,0.756,0.564
0.0,0.067,0.237,0.936,0.062,0.918,0.195,0.211,0.059,0.821,0.732,0.213,0.29,0.245,0.711,0.687,0.749,0.146,0.413,0.362,0.097,0.644,0.51,0.673,0.233,0.034,0.182,0.462,0.734,0.652,0.123,0.361,0.372,0.238,0.435,0.504,0.284,0.461,0.849,0.62,0.963
0.0,0.304,0.842,0.785,0.202,0.099,0.472,0.062,0.048,0.498,0.263,0.479,0.228,0.039,0.832,0.338,0.29,0.747,0.768,0.356,0.826,0.842,0.276,0.868,0.321,0.277,0.099,0.332,0.438,0.268,0.705,0.577,0.084,0.833,0.362,0.82,0.453,0.661,0.939,0.021,0.257
1.0,0.975,0.849,0.678,0.355,0.778,0.923,0.569,0.772,0.517,0.441,0.26,0.515,0.182,0.915,0.21,0.54,0.762,0.916,0.038,0.644,0.013,0.726,0.355,0.897,0.624,0.921,0.169,0.992,0.94,0.029,0.885,0.33,0.468,0.115,0.362,0.908,0.954,0.493,0.155,0.183
1.0,0.956,0.464,0.532,0.035,0.28,0.83,0.185,0.727,0.402,0.092,0.457,0.818,0.249,0.382,0.067,0.011,0.132,0.183,0.462,0.44,0.037,0.745,0.821,0.012,0.364,0.033,0.229,0.486,0.623,0.71,0.498,0.34,0.851,0.309,0.166,0.016,0.954,0.25,0.626,0.463
1.0,0.512,0.44,0.095,0.816,0.2,0.408,0.683,0.365,0.999,0.764,0.948,0.738,0.944,0.708,0.835,0.809,0.16,0.666,0.756,0.359,0.591,0.821,0.337,0.49,0.853,0.847,0.844,0.539,0.665,0.451,0.622,0.887,0.166,0.878,0.218,0.229,0.312,0.887,0.301,0.431
1.0,0.374,0.884,0.606,0.638,0.309,0.439,0.655,0.322,0.063,0.189,0.221,0.218,0.737,0.617,0.58,0.202,0.297,0.799,0.544,0.27,0.475,0.705,0.71,0.509,0.905,0.917,0.442,0.681,0.028,0.86,0.856,0.833,0.149,0.647,0.499,0.394,0.905,0.714,0.661,0.607
1.0,0.024,0.33,0.234,0.894,0.769,0.711,0.919,0.428,0.504,0.943,0.431,0.454,0.763,0.58,0.311,0.395,0.624,0.673,0.463,0.815,0.554,0.933,0.379,0.723,0.213,0.893,0.66,0.888,0.898,0.16,0.158,0.043,0.26,0.51,0.28,0.014,0.554,0.204,0.852,0.084
0.0,0.057,0.656,0.838,0.706,0.267,0.372,0.603,0.516,0.256,0.68,0.162,0.995,0.958,0.889,0.596,0.657,0.956,0.071,0.484,0.664,0.359,0.531,0.536,0.895,0.369,0.958,0.312,0.038,0.735,0.285,0.764,0.342,0.261,0.449,0.352,0.432,0.067,0.202,0.396,0.401
0.0,0.064,0.015,0.053,0.056,0.178,0.932,0.175,0.535,0.493,0.111,0.114,0.874,0.532,0.522,0.063,0.34,0.301,0.088,0.701,0.479,0.046,0.981,0.57,0.868,0.381,0.708,0.698,0.16,0.203,0.068,0.849,0.932,0.743,0.755,0.088,0.6,0.737,0.123,0.628,0.504
0.0,0.145,0.256,0.467,0.802,0.762,0.144,0.983,0.354,0.945,0.92,0.14,0.998,0.954,0.123,0.502,0.74,0.864,0.978,0.013,0.373,0.91,0.152,0.397,0.691,0.995,0.945,0.394,0.455,0.397,0.499,0.811,0.401,0.963,0.078,0.39,0.143,0.71,0.676,0.757,0.233
0.0,0.16,0.479,0.082,0.021,0.9,0.284,0.986,0.529,0.503,0.827,0.698,0.039,0.865,0.063,0.869,0.32,0.265,0.68,0.918,0.126,0.785,0.608,0.656,0.958,0.226,0.332,0.051,0.792,0.0,0.405,0.398,0.614,0.765,0.102,0.436,0.825,0.616,0.172,0.411,0.547
0.0,0.477,0.354,0.685,0.497,0.92,0.583,0.984,0.073,0.709,0.486,0.945,0.327,0.047,0.0,0.881,0.306,0.197,0.401,0.986,0.017,0.059,0.026,0.016,0.206,0.378,0.387,0.004,0.46,0.447,0.783,0.725,0.601,0.993,0.37,0.789,0.968,0.92,0.248,0.864,0.755
0.0,0.043,0.262,0.865,0.53,0.659,0.135,0.06,0.07,0.876,0.162,0.537,0.922,0.241,0.979,0.015,0.983,0.091,0.144,0.441,0.514,0.656,0.052,0.321,0.988,0.757,0.64,0.71,0.794,0.245,0.375,0.325,0.06,0.964,0.017,0.337,0.836,0.562,0.903,0.722,0.755
0.0,0.246,0.945,0.874,0.763,0.629,0.148,0.476,0.646,0.828,0.534,0.398,0.87,0.794,0.015,0.256,0.328,0.045,0.88,0.377,0.003,0.672,0.728,0.689,0.673,0.409,0.799,0.554,0.21,0.8,0.049,0.613,0.834,0.744,0.629,0.845,0.601,0.777,0.627,0.756,0.131
0.0,0.221,0.539,0.321,0.249,0.694,0.417,0.905,0.905,0.02,0.924,0.192,0.07,0.27,0.088,0.508,0.357,0.023,0.767,0.953,0.455,0.003,0.843,0.958,0.998,0.925,0.231,0.519,0.593,0.609,0.418,0.024,0.22,0.663,0.615,0.98,0.437,0.369,0.381,0.281,0.181
0.0,0.973,0.38,0.233,0.545,0.302,0.268,0.927,0.835,0.394,0.613,0.913,0.972,0.563,0.395,0.018,0.989,0.301,0.295,0.33,0.382,0.844,0.352,0.004,0.163,0.369,0.194,0.192,0.27,0.992,0.672,0.492,0.997,0.309,0.394,0.48,0.587,0.62,0.473,0.146,0.142
0.0,0.806,0.151,0.087,0.916,0.907,0.029,0.162,0.545,0.737,0.42,0.112,0.467,0.148,0.527,0.127,0.36,0.236,0.617,0.284,0.252,0.085,0.895,0.306,0.563,0.388,0.841,0.233,0.97,0.832,0.884,0.421,0.018,0.474,0.533,0.277,0.557,0.515,0.824,0.833,0.346
0.0,0.083,0.023,0.465,0.521,0.648,0.17,0.469,0.678,0.156,0.935,0.952,0.276,0.031,0.305,0.148,0.251,0.131,0.896,0.261,0.681,0.441,0.993,0.872,0.24,0.511,0.459,0.04,0.281,0.074,0.984,0.176,0.625,0.925,0.688,0.687,0.516,0.92,0.964,0.603,0.911
1.0,0.825,0.848,0.574,0.185,0.603,0.931,0.774,0.894,0.006,0.258,0.626,0.46,0.421,0.138,0.518,0.538,0.239,0.931,0.61,0.685,0.37,0.123,0.579,0.249,0.592,0.972,0.912,0.018,0.989,0.858,0.32,0.558,0.189,0.606,0.249,0.995,0.85,0.766,0.818,0.89
0.0,0.55,0.596,0.353,0.739,0.993,0.028,0.382,0.527,0.148,0.838,0.134,0.408,0.839,0.94,0.003,0.727,0.688,0.415,0.484,0.778,0.74,0.927,0.241,0.435,0.701,0.552,0.727,0.891,0.24,0.476,0.543,0.232,0.29,0.627,0.088,0.011,0.442,0.486,0.046,0.963
0.0,0.517,0.086,0.995,0.761,0.635,0.065,0.324,0.952,0.746,0.333,0.959,0.428,0.358,0.006,0.095,0.309,0.002,0.276,0.882,0.955,0.741,0.648,0.85,0.521,0.897,0.344,0.417,0.285,0.277,0.458,0.481,0.967,0.519,0.303,0.893,0.882,0.458,0.595,0.631,0.231
1.0,0.105,0.853,0.518,0.256,0.747,0.081,0.343,0.217,0.062,0.352,0.013,0.484,0.289,0.276,0.535,0.148,0.284,0.349,0.431,0.162,0.255,0.96,0.138,0.903,0.601,0.795,0.648,0.354,0.287,0.411,0.199,0.194,0.681,0.79,0.069,0.671,0.057,0.614,0.754,0.755
0.0,0.772,0.115,0.551,0.318,0.829,0.733,0.512,0.875,0.122,0.968,0.663,0.866,0.856,0.863,0.473,0.808,0.391,0.567,0.563,0.97,0.658,0.514,0.2,0.807,0.366,0.365,0.085,0.257,0.06,0.861,0.216,0.447,0.954,0.678,0.025,0.634,0.382,0.956,0.579,0.961
1.0,0.458,0.858,0.942,0.603,0.469,0.695,0.974,0.252,0.917,0.556,0.567,0.169,0.88,0.282,0.615,0.262,0.929,0.761,0.67,0.156,0.371,0.646,0.421,0.569,0.277,0.106,0.716,0.611,0.597,0.516,0.258,0.604,0.331,0.81,0.959,0.577,0.266,0.256,0.106,0.086
1.0,0.921,0.515,0.453,0.552,0.085,0.925,0.995,0.099,0.813,0.398,0.038,0.019,0.535,0.691,0.654,0.071,0.994,0.304,0.476,0.003,0.321,0.686,0.049,0.481,0.446,0.513,0.089,0.537,0.426,0.566,0.75,0.573,0.224,0.13,0.752,0.712,0.312,0.18,0.712,0.046
0.0,0.815,0.643,0.82,0.508,0.848,0.043,0.817,0.055,0.371,0.014,0.053,0.433,0.26,0.287,0.356,0.279,0.398,0.877,0.203,0.946,0.262,0.729,0.157,0.095,0.719,0.134,0.791,0.338,0.693,0.403,0.728,0.712,0.092,0.964,0.161,0.417,0.211,0.557,0.091,0.539
0.0,0.385,0.315,0.18,0.283,0.451,0.355,0.301,0.833,0.727,0.879,0.537,0.632,0.489,0.711,0.922,0.751,0.554,0.622,0.419,0.139,0.227,0.443,0.99,0.828,0.408,0.012,0.066,0.431,0.031,0.302,0.818,0.747,0.526,0.744,0.639,0.588,0.731,0.557,0.629,0.09
1.0,0.923,0.674,0.964,0.935,0.469,0.2,0.261,0.935,0.097,0.646,0.895,0.605,0.523,0.69,0.217,0.889,0.018,0.482,0.214,0.062,0.674,0.803,0.13,0.555,0.552,0.036,0.08,0.919,0.311,0.237,0.706,0.216,0.914,0.454,0.139,0.56,0.016,0.955,0.603,0.84
1.0,0.682,0.376,0.14,0.617,0.421,0.351,0.525,0.525,0.548,0.956,0.287,0.265,0.926,0.379,0.337,0.264,0.3,0.347,0.124,0.549,0.089,0.326,0.367,0.716,0.017,0.081,0.479,0.116,0.722,0.743,0.24,0.121,0.627,0.823,0.35,0.204,0.967,0.391,0.935,0.046
1.0,0.193,0.177,0.008,0.204,0.612,0.309,0.706,0.96,0.74,0.283,0.492,0.609,0.051,0.469,0.554,0.497,0.392,0.272,0.193,0.761,0.808,0.441,0.051,0.802,0.13,0.876,0.072,0.578,0.051,0.852,0.058,0.669,0.254,0.383,0.456,0.812,0.193,0.962,0.683,0.432
0.0,0.515,0.255,0.948,0.387,0.186,0.749,0.952,0.336,0.442,0.617,0.315,0.986,0.659,0.819,0.318,0.058,0.999,0.02,0.806,0.571,0.404,0.101,0.151,0.711,0.222,0.611,0.453,0.061,0.876,0.443,0.152,0.508,0.418,0.52,0.354,0.561,0.205,0.834,0.361,0.364
1.0,0.089,0.659,0.796,0.325,0.004,0.244,0.494,0.32,0.392,0.167,0.083,0.176,0.926,0.252,0.488,0.103,0.415,0.823,0.864,0.933,0.878,0.38,0.1,0.977,0.037,0.609,0.539,0.779,0.011,0.066,0.544,1.0,0.631,0.313,0.932,0.91,0.632,0.339,0.441,0.533
1.0,0.819,0.673,0.398,0.496,0.14,0.269,0.383,0.524,0.631,0.752,0.099,0.727,0.703,0.413,0.069,0.64,0.319,0.327,0.334,0.01,0.51,0.329,0.397,0.947,0.415,0.036,0.546,0.573,0.986,0.287,0.865,0.644,0.503,0.636,0.767,0.523,0.953,0.168,0.003,0.303
0.0,0.43,0.887,0.628,0.292,0.896,0.283,0.025,0.694,0.105,0.282,0.03,0.509,0.913,0.884,0.069,0.396,0.648,0.353,0.507,0.937,0.133,0.545,0.978,0.957,0.714,0.879,0.1,0.776,0.614,0.332,0.258,0.908,0.2,0.071,0.021,0.904,0.895,0.731,0.206,0.526
1.0,0.322,0.426,0.413,0.125,0.204,0.231,0.339,0.43,0.771,0.605,0.492,0.515,0.67,0.703,0.524,0.701,0.645,0.015,0.816,0.608,0.425,0.526,0.18,0.311,0.1,0.532,0.72,0.428,0.439,0.573,0.217,0.733,0.12,0.666,0.058,0.761,0.144,0.591,0.449,0.864
1.0,0.444,0.838,0.915,0.912,0.133,0.773,0.11,0.385,0.879,0.165,0.973,0.488,0.941,0.791,0.597,0.259,0.571,0.801,0.621,0.769,0.816,0.827,0.509,0.838,0.832,0.531,0.339,0.867,0.726,0.334,0.828,0.452,0.422,0.898,0.747,0.197,0.398,0.181,0.742,0.896
0.0,0.739,0.573,0.885,0.514,0.912,0.74,0.701,0.973,0.971,0.526,0.937,0.491,0.752,0.643,0.042,0.538,0.188,0.968,0.995,0.423,0.539,0.155,0.713,0.278,0.328,0.299,0.737,0.766,0.337,0.082,0.617,0.325,0.385,0.8,0.497,0.304,0.413,0.45,0.535,0.14
0.0,0.54,0.754,0.953,0.157,0.928,0.335,0.267,0.586,0.664,0.231,0.888,0.26,0.833,0.538,0.797,0.992,0.367,0.776,0.382,0.126,0.67,0.19,0.721,0.419,0.897,0.683,0.569,0.245,0.528,0.679,0.184,0.761,0.114,0.53,0.186,0.003,0.53,0.721,0.292,0.756
1.0,0.565,0.27,0.03,0.118,0.435,0.227,0.633,0.337,0.074,0.427,0.818,0.2,0.673,0.066,0.986,0.35,0.081,0.298,0.06,0.118,0.579,0.064,0.089,0.936,0.965,0.805,0.389,0.524,0.214,0.185,0.76,0.957,0.324,0.502,0.433,0.97,0.907,0.25,0.36,0.056
0.0,0.253,0.047,0.637,0.087,0.55,0.742,0.059,0.117,0.531,0.702,0.884,0.075,0.135,0.945,0.36,0.916,0.425,0.882,0.409,0.401,0.041,0.899,0.991,0.674,0.318,0.37,0.334,0.579,0.437,0.303,0.591,0.178,0.069,0.847,0.206,0.453,0.905,0.069,0.529,0.948
1.0,0.722,0.144,0.932,0.253,0.717,0.402,0.92,0.676,0.165,0.97,0.195,0.471,0.799,0.035,0.509,0.867,0.552,0.201,0.194,0.903,0.944,0.719,0.664,0.89,0.803,0.128,0.34,0.139,0.974,0.845,0.502,0.858,0.569,0.07,0.793,0.723,0.25,0.843,0.876,0.671
1.0,0.691,0.037,0.197,0.475,0.349,0.191,0.721,0.803,0.577,0.413,0.307,0.43,0.785,0.87,0.98,0.428,0.885,0.567,0.116,0.673,0.118,0.964,0.743,0.524,0.625,0.054,0.844,0.475,0.382,0.985,0.353,0.366,0.542,0.666,0.345,0.725,0.041,0.778,0.195,0.366
1.0,0.73,0.229,0.284,0.918,0.779,0.774,0.696,0.717,0.459,0.716,0.403,0.004,0.467,0.752,0.939,0.392,0.722,0.392,0.107,0.521,0.994,0.997,0.07,0.198,0.725,0.34,0.746,0.782,0.21,0.804,0.989,0.759,0.432,0.078,0.375,0.929,0.705,0.433,0.796,0.325
0.0,0.68,0.409,0.49,0.336,0.906,0.591,0.029,0.362,0.346,0.738,0.548,0.268,0.229,0.366,0.631,0.811,0.296,0.117,0.395,0.668,0.123,0.515,0.161,0.307,0.02,0.003,0.72,0.978,0.423,0.242,0.279,0.538,0.082,0.825,0.754,0.257,0.788,0.867,0.815,0.833
0.0,0.574,0.766,0.165,0.842,0.701,0.414,0.393,0.597,0.546,0.238,0.453,0.229,0.362,0.276,0.084,0.477,0.61,0.377,0.338,0.117,0.511,0.762,0.847,0.016,0.97,0.166,0.269,0.35,0.526,0.692,0.484,0.326,0.428,0.231,0.093,0.352,0.634,0.132,0.02,0.554
0.0,0.266,0.517,0.014,0.074,0.915,0.772,0.649,0.871,0.409,0.045,0.236,0.292,0.962,0.67,0.237,0.308,0.835,0.445,0.256,0.24,0.837,0.913,0.652,0.212,0.752,0.882,0.192,0.927,0.011,0.872,0.78,0.357,0.116,0.244,0.174,0.845,0.448,0.877,0.47,0.405
1.0,0.189,0.331,0.107,0.091,0.316,0.388,0.429,0.384,0.233,0.834,0.426,0.509,0.294,0.103,0.392,0.631,0.024,0.444,0.325,0.383,0.488,0.951,0.42,0.537,0.712,0.426,0.09,0.27,0.252,0.403,0.719,0.963,0.791,0.728,0.035,0.097,0.36,0.395,0.581,0.939
1.0,0.53,0.23,0.413,0.455,0.687,0.635,0.67,0.832,0.12,0.218,0.875,0.09,0.716,0.036,0.509,0.551,0.649,0.594,0.986,0.587,0.037,0.217,0.477,0.914,0.296,0.161,0.235,0.899,0.282,0.994,0.141,0.302,0.897,0.551,0.043,0.518,0.676,0.46,0.974,0.556
1.0,0.083,0.858,0.521,0.827,0.652,0.234,0.342,0.89,0.718,0.93,0.545,0.472,0.076,0.693,0.581,0.71,0.215,0.414,0.153,0.51,0.472,0.248,0.585,0.27,0.457,0.092,0.399,0.505,0.128,0.974,0.212,0.479,0.382,0.539,0.751,0.602,0.303,0.879,0.473,0.786
1.0,0.436,0.94,0.885,0.854,0.608,0.758,0.569,0.225,0.091,0.889,0.312,0.456,0.831,0.596,0.401,0.445,0.762,0.384,0.555,0.42,0.652,0.004,0.514,0.952,0.355,0.531,0.253,0.022,0.18,0.137,0.186,0.35,0.66,0.719,0.519,0.539,0.319,0.174,0.752,0.205
1.0,0.963,0.926,0.145,0.334,0.334,0.777,0.521,0.966,0.623,0.251,0.037,0.463,0.976,0.762,0.923,0.118,0.079,0.735,0.27,0.492,0.679,0.727,0.712,0.752,0.154,0.335,0.942,0.671,0.354,0.612,0.9,0.575,0.208,0.608,0.964,0.699,0.602,0.302,0.794,0.898
0.0,0.499,0.445,0.65,0.576,0.807,0.767,0.581,0.683,0.222,0.293,0.902,0.863,0.894,0.804,0.193,0.421,0.907,0.205,0.919,0.036,0.24,0.655,0.636,0.827,0.117,0.295,0.897,0.188,0.445,0.235,0.834,0.424,0.193,0.612,0.713,0.518,0.227,0.028,0.676,0.902
1.0,0.917,0.809,0.431,0.155,0.836,0.383,0.297,0.124,0.579,0.356,0.144,0.276,0.824,0.78,0.104,0.679,0.347,0.666,0.224,0.215,0.21,0.291,0.264,0.966,0.609,0.419,0.58,0.827,0.838,0.101,0.094,0.133,0.506,0.239,0.476,0.428,0.204,0.376,0.284,0.316
1.0,0.394,0.717,0.636,0.117,0.452,0.511,0.362,0.06,0.469,0.668,0.308,0.443,0.72,0.391,0.718,0.601,0.321,0.62,0.21,0.219,0.939,0.064,0.368,0.096,0.253,0.718,0.991,0.269,0.074,0.915,0.652,0.75,0.955,0.727,0.128,0.689,0.599,0.902,0.966,0.194
1.0,0.072,0.562,0.912,0.805,0.384,0.761,0.399,0.717,0.854,0.158,0.703,0.585,0.007,0.113,0.079,0.251,0.139,0.489,0.198,0.488,0.08,0.348,0.475,0.441,0.509,0.456,0.478,0.103,0.062,0.828,0.235,0.013,0.244,0.737,0.533,0.689,0.303,0.565,0.138,0.334
0.0,0.191,0.44,0.046,0.017,0.846,0.832,0.502,0.666,0.963,0.137,0.182,0.36,0.727,0.099,0.634,0.987,0.476,0.426,0.025,0.462,0.253,0.573,0.824,0.889,0.185,0.184,0.212,0.304,0.509,0.346,0.122,0.384,0.287,0.898,0.032,0.12,0.34,0.438,0.004,0.829
1.0,0.447,0.483,0.827,0.95,0.324,0.682,0.498,0.19,0.403,0.692,0.222,0.415,0.464,0.932,0.023,0.384,0.104,0.172,0.419,0.521,0.138,0.935,0.451,0.284,0.985,0.904,0.591,0.988,0.766,0.465,0.8,0.513,0.81,0.361,0.122,0.312,0.843,0.615,0.941,0.828
1.0,0.505,0.76,0.959,0.249,0.859,0.764,0.348,0.581,0.496,0.044,0.56,0.871,0.846,0.623,0.465,0.906,0.691,0.951,0.241,0.291,0.872,0.292,0.375,0.319,0.672,0.436,0.322,0.52,0.39,0.225,0.401,0.443,0.111,0.478,0.757,0.962,0.284,0.615,0.399,0.148
0.0,0.734,0.707,0.797,0.533,0.342,0.524,0.724,0.345,0.38,0.833,0.03,0.425,0.612,0.584,0.133,0.03,0.226,0.62,0.02,0.179,0.295,0.376,0.967,0.816,0.732,0.452,0.545,0.455,0.53,0.201,0.425,0.028,0.548,0.728,0.476,0.284,0.531,0.309,0.163,0.423
1.0,0.237,0.116,0.363,0.105,0.496,0.679,0.094,0.827,0.228,0.867,0.32,0.335,0.728,0.748,0.319,0.126,0.671,0.455,0.448,0.454,0.406,0.146,0.086,0.275,0.819,0.472,0.996,0.527,0.299,0.014,0.832,0.843,0.183,0.511,0.292,0.527,0.706,0.336,0.311,0.945
0.0,0.28,0.014,0.66,0.327,0.482,0.998,0.714,0.998,0.87,0.711,0.93,0.943,0.943,0.986,0.877,0.527,0.284,0.76,0.11,0.132,0.576,0.559,0.237,0.519,0.832,0.116,0.373,0.651,0.093,0.691,0.509,0.526,0.987,0.517,0.947,0.827,0.652,0.334,0.827,0.397
1.0,0.494,0.434,0.799,0.879,0.849,0.47,0.771,0.545,0.592,0.263,0.415,0.337,0.432,0.923,0.937,0.344,0.16,0.435,0.643,0.379,0.618,0.02,0.022,0.922,0.073,0.078,0.899,0.899,0.953,0.569,0.317,0.462,0.765,0.717,0.146,0.059,0.619,0.304,0.603,0.778
0.0,0.665,0.759,0.126,0.934,0.973,0.168,0.061,0.831,0.989,0.783,0.684,0.592,0.485,0.503,0.054,0.776,0.308,0.481,0.155,0.497,0.566,0.143,0.684,0.647,0.239,0.265,0.578,0.942,0.862,0.5,0.726,0.921,0.68,0.508,0.602,0.991,0.413,0.378,0.267,0.301
0.0,0.503,0.54,0.582,0.427,0.972,0.915,0.567,0.309,0.245,0.34,0.107,0.33,0.291,0.003,0.746,0.807,0.55,0.672,0.997,0.362,0.537,0.541,0.044,0.959,0.154,0.275,0.166,0.806,0.116,0.062,0.094,0.212,0.372,0.783,0.154,0.848,0.054,0.031,0.788,0.339
0.0,0.436,0.054,0.525,0.489,0.102,0.459,0.917,0.942,0.802,0.973,0.496,0.86,0.513,0.815,0.027,0.884,0.55,0.694,0.77,0.143,0.98,0.292,0.316,0.179,0.978,0.56,0.559,0.463,0.938,0.749,0.504,0.227,0.373,0.66,0.27,0.959,0.276,0.35,0.37,0.316
0.0,0.376,0.908,0.822,0.286,0.862,0.666,0.926,0.302,0.772,0.566,0.359,0.608,0.583,0.258,0.851,0.813,0.434,0.582,0.482,0.618,0.31,0.02,0.339,0.58,0.232,0.26,0.325,0.721,0.023,0.88,0.261,0.199,0.539,0.807,0.843,0.016,0.044,0.869,0.306,0.079
1.0,0.818,0.263,0.177,0.32,0.655,0.581,0.41,0.106,0.997,0.789,0.124,0.712,0.638,0.872,0.467,0.716,0.161,0.856,0.694,0.767,0.254,0.339,0.451,0.416,0.242,0.57,0.194,0.255,0.165,0.664,0.872,0.88,0.688,0.722,0.354,0.997,0.216,0.888,0.432,0.638
0.0,0.814,0.396,0.2,0.291,0.383,0.328,0.447,0.361,0.673,0.038,0.343,0.058,0.419,0.15,0.085,0.963,0.549,0.916,0.881,0.333,0.926,0.915,0.184,0.867,0.05,0.628,0.825,0.181,0.644,0.967,0.493,0.624,0.769,0.283,0.272,0.839,0.922,0.446,0.401,0.349
1.0,0.167,0.801,0.945,0.975,0.837,0.927,0.497,0.33,0.668,0.674,0.448,0.197,0.405,0.281,0.76,0.511,0.097,0.587,0.508,0.312,0.568,0.514,0.605,0.799,0.88,0.263,0.11,0.265,0.754,0.634,0.066,0.39,0.423,0.653,0.59,0.958,0.79,0.984,0.141,0.019
1.0,0.533,0.249,0.991,0.488,0.56,0.322,0.73,0.927,0.431,0.519,0.901,0.757,0.376,0.767,0.136,0.645,0.586,0.786,0.953,0.267,0.678,0.474,0.286,0.339,0.398,0.318,0.932,0.114,0.081,0.475,0.69,0.672,0.353,0.09,0.069,0.52,0.58,0.214,0.077,0.695
1.0,0.068,0.669,0.264,0.638,0.169,0.944,0.785,0.713,0.582,0.005,0.398,0.384,0.002,0.916,0.03,0.949,0.691,0.989,0.188,0.491,0.329,0.176,0.368,0.965,0.623,0.855,0.964,0.767,0.09,0.69,0.569,0.843,0.355,0.473,0.001,0.56,0.938,0.38,0.731,0.357
0.0,0.433,0.958,0.394,0.479,0.981,0.627,0.704,0.388,0.155,0.018,0.131,0.743,0.715,0.395,0.403,0.071,0.156,0.909,0.147,0.155,0.026,0.598,0.535,0.476,0.247,0.53,0.993,0.646,0.915,0.286,0.146,0.28,0.648,0.392,0.034,0.035,0.414,0.407,0.486,0.621
0.0,0.929,0.113,0.337,0.682,0.547,0.968,0.148,0.814,0.436,0.665,0.108,0.989,0.328,0.332,0.482,0.834,0.024,0.971,0.992,0.11,0.318,0.036,0.14,0.019,0.245,0.201,0.44,0.578,0.869,0.956,0.816,0.43,0.488,0.946,0.024,0.072,0.235,0.072,0.005,0.333
0.0,0.183,0.621,0.109,0.51,0.591,0.88,0.523,0.47,0.283,0.173,0.055,0.778,0.038,0.668,0.618,0.212,0.993,0.237,0.735,0.363,0.381,0.789,0.401,0.234,0.567,0.702,0.693,0.274,0.652,0.402,0.851,0.08,0.008,0.749,0.365,0.959,0.972,0.743,0.69,0.977
1.0,0.352,0.088,0.176,0.347,0.809,0.833,0.582,0.741,0.303,0.867,0.627,0.51,0.617,0.385,0.622,0.973,0.037,0.018,0.511,0.287,0.403,0.213,0.547,0.655,0.593,0.918,0.008,0.497,0.869,0.654,0.857,0.955,0.346,0.864,0.996,0.878,0.583,0.295,0.581,0.302
1.0,0.049,0.603,0.089,0.206,0.713,0.101,0.986,0.979,0.606,0.577,0.997,0.582,0.094,0.016,0.705,0.871,0.486,0.698,0.925,0.195,0.913,0.681,0.184,0.347,0.611,0.526,0.076,0.811,0.068,0.928,0.756,0.75,0.187,0.224,0.184,0.765,0.316,0.875,0.145,0.597
1.0,0.33,0.181,0.826,0.412,0.004,0.87,0.701,0.358,0.995,0.467,0.29,0.059,0.054,0.555,0.731,0.357,0.996,0.495,0.744,0.029,0.662,0.69,0.124,0.773,0.566,0.01,0.33,0.448,0.282,0.687,0.391,0.481,0.808,0.538,0.255,0.775,0.05,0.094,0.034,0.905
0.0,0.354,0.108,0.468,0.198,0.484,0.202,0.376,0.93,0.075,0.421,0.17,0.09,0.761,0.374,0.427,0.16,0.206,0.032,0.125,0.549,0.39,0.404,0.629,0.283,0.81,0.068,0.174,0.604,0.681,0.887,0.311,0.627,0.973,0.511,0.822,0.364,0.659,0.403,0.514,0.937
0.0,0.585,0.795,0.162,0.443,0.457,0.359,0.142,0.676,0.427,0.963,0.993,0.836,0.324,0.824,0.857,0.026,0.131,0.47,0.775,0.356,0.808,0.047,0.323,0.061,0.325,0.612,0.923,0.567,0.786,0.226,0.834,0.479,0.766,0.242,0.302,0.102,0.67,0.016,0.184,0.6
0.0,0.369,0.903,0.833,0.806,0.003,0.214,0.077,0.676,0.52,0.081,0.608,0.962,0.265,0.479,0.206,0.731,0.924,0.273,0.735,0.984,0.901,0.993,0.574,0.331,0.127,0.587,0.979,0.948,0.923,0.98,0.636,0.197,0.275,0.829,0.929,0.632,0.296,0.486,0.746,0.761
1.0,0.792,0.018,0.697,0.506,0.141,0.434,0.504,0.841,0.217,0.131,0.432,0.101,0.105,0.937,0.995,0.65,0.069,0.113,0.66,0.812,0.958,0.836,0.065,0.02,0.24,0.284,0.985,0.805,0.282,0.041,0.827,0.094,0.26,0.675,0.025,0.981,0.225,0.841,0.142,0.871
1.0,0.71,0.375,0.648,0.864,0.42,0.01,0.436,0.939,0.193,0.406,0.866,0.174,0.745,0.825,0.486,0.36,0.553,0.286,0.213,0.067,0.409,0.945,0.064,0.226,0.078,0.601,0.038,0.489,0.747,0.521,0.273,0.516,0.676,0.805,0.918,0.857,0.309,0.49,0.941,0.085
0.0,0.152,0.596,0.128,0.786,0.134,0.606,0.535,0.34,0.791,0.017,0.664,0.702,0.036,0.283,0.255,0.165,0.152,0.54,0.784,0.52,0.866,0.47,0.91,0.651,0.963,0.34,0.18,0.015,0.105,0.082,0.114,0.088,0.611,0.062,0.738,0.869,0.566,0.882,0.429,0.581
1.0,0.415,0.203,0.705,0.511,0.543,0.79,0.375,0.571,0.716,0.175,0.359,0.64,0.784,0.229,0.092,0.668,0.122,0.465,0.598,0.734,0.912,0.156,0.389,0.607,0.348,0.807,0.973,0.256,0.205,0.847,0.134,0.594,0.863,0.037,0.7,0.658,0.858,0.533,0.961,0.615
1.0,0.957,0.688,0.6,0.471,0.131,0.179,0.755,0.525,0.241,0.727,0.268,0.068,0.588,0.25,0.712,0.013,0.746,0.589,0.062,0.395,0.719,0.116,0.685,0.221,0.302,0.082,0.516,0.906,0.724,0.4,0.664,0.425,0.471,0.695,0.862,0.202,0.375,0.11,0.768,0.513
1.0,0.373,0.094,0.95,0.2,0.579,0.075,0.447,0.437,0.126,0.979,0.129,0.281,0.348,0.619,0.312,0.761,0.639,0.266,0.161,0.802,0.233,0.969,0.226,0.644,0.54,0.259,0.602,0.547,0.771,0.335,0.649,0.468,0.168,0.805,0.453,0.905,0.697,0.045,0.58,0.791
1.0,0.738,0.835,0.842,0.76,0.594,0.787,0.461,0.86,0.17,0.838,0.007,0.515,0.118,0.669,0.269,0.908,0.503,0.873,0.699,0.751,0.164,0.607,0.736,0.093,0.756,0.332,0.727,0.321,0.878,0.57,0.217,0.775,0.968,0.093,0.637,0.289,0.879,0.221,0.323,0.679
0.0,0.116,0.644,0.265,0.954,0.933,0.477,0.223,0.047,0.283,0.745,0.296,0.47,0.268,0.95,0.976,0.922,0.931,0.866,0.724,0.621,0.67,0.026,0.786,0.116,0.72,0.592,0.546,0.374,0.836,0.931,0.254,0.793,0.28,0.416,0.937,0.219,0.552,0.482,0.538,0.465
0.0,0.22,0.823,0.776,0.242,0.158,0.284,0.399,0.255,0.235,0.024,0.411,0.109,0.326,0.949,0.249,0.833,0.395,0.819,0.931,0.836,0.684,0.072,0.96,0.35,0.217,0.505,0.926,0.584,0.951,0.748,0.68,0.05,0.459,0.478,0.202,0.411,0.023,0.601,0.971,0.295
1.0,0.498,0.077,0.143,0.745,0.508,0.981,0.198,0.375,0.71,0.528,0.515,0.272,0.288,0.598,0.815,0.92,0.739,0.225,0.771,0.304,0.641,0.147,0.45,0.359,0.734,0.638,0.655,0.889,0.715,0.126,0.561,0.141,0.535,0.463,0.92,0.055,0.637,0.526,0.897,0.954
0.0,0.199,0.132,0.549,0.704,0.168,0.237,0.935,0.66,0.881,0.414,0.885,0.943,0.525,0.046,0.135,0.695,0.527,0.783,0.122,0.052,0.787,0.94,0.108,0.272,0.949,0.776,0.758,0.44,0.553,0.426,0.224,0.696,0.69,0.946,0.378,0.941,0.304,0.203,0.712,0.726
0.0,0.682,0.664,0.216,0.325,0.967,0.937,0.734,0.1,0.742,0.605,0.095,0.851,0.118,0.922,0.217,0.244,0.817,0.564,0.375,0.93,0.692,0.395,0.51,0.773,0.595,0.637,0.559,0.104,0.527,0.168,0.172,0.056,0.868,0.055,0.99,0.281,0.041,0.364,0.812,0.87
1.0,0.359,0.597,0.693,0.042,0.212,0.053,0.31,0.975,0.779,0.79,0.943,0.379,0.27,0.469,0.588,0.847,0.406,0.637,0.554,0.899,0.476,0.75,0.005,0.1,0.936,0.832,0.809,0.689,0.234,0.725,0.681,0.671,0.644,0.314,0.131,0.209,0.537,0.783,0.158,0.465
1.0,0.958,0.919,0.979,0.506,0.146,0.857,0.43,0.667,0.849,0.185,0.311,0.242,0.286,0.955,0.599,0.179,0.507,0.961,0.814,0.27,0.995,0.218,0.04,0.545,0.361,0.776,0.481,0.883,0.167,0.659,0.225,0.499,0.02,0.527,0.21,0.047,0.922,0.145,0.497,0.803
0.0,0.89,0.644,0.411,0.278,0.887,0.296,0.197,0.186,0.282,0.477,0.993,0.361,0.24,0.656,0.942,0.907,0.63,0.412,0.564,0.088,0.844,0.981,0.255,0.63,0.855,0.468,0.708,0.384,0.234,0.091,0.693,0.455,0.885,0.82,0.291,0.806,0.321,0.75,0.724,0.921
1.0,0.889,0.168,0.392,0.221,0.285,0.946,0.727,0.888,0.298,0.05,0.913,0.64,0.268,0.545,0.779,0.343,0.963,0.194,0.048,0.356,0.506,0.721,0.206,0.799,0.812,0.675,0.645,0.338,0.642,0.372,0.707,0.268,0.315,0.086,0.949,0.981,0.749,0.808,0.609,0.896
0.0,0.131,0.345,0.867,0.609,0.026,0.397,0.524,0.802,0.493,0.452,0.68,0.278,0.435,0.724,0.929,0.322,0.073,0.593,0.935,0.6,0.383,0.866,0.091,0.609,0.961,0.66,0.791,0.116,0.11,0.004,0.536,0.563,0.58,0.208,0.491,0.14,0.024,0.463,0.617,0.113
1.0,0.009,0.99,0.371,0.442,0.013,0.228,0.165,0.513,0.261,0.974,0.913,0.398,0.153,0.582,0.583,0.122,0.823,0.628,0.086,0.599,0.13,0.205,0.336,0.955,0.402,0.243,0.049,0.658,0.801,0.183,0.311,0.268,0.508,0.625,0.221,0.605,0.077,0.601,0.926,0.793
1.0,0.776,0.568,0.457,0.543,0.211,0.572,0.912,0.628,0.994,0.048,0.62,0.748,0.929,0.293,0.032,0.432,0.851,0.24,0.216,0.302,0.899,0.779,0.923,0.915,0.325,0.774,0.522,0.608,0.349,0.479,0.688,0.841,0.276,0.27,0.462,0.868,0.802,0.294,0.541,0.737
0.0,0.811,0.39,0.039,0.722,0.945,0.954,0.72,0.439,0.127,0.566,0.539,0.569,0.489,0.61,0.206,0.497,0.907,0.447,0.365,0.913,0.548,0.465,0.812,0.996,0.292,0.114,0.589,0.715,0.99,0.945,0.159,0.001,0.906,0.559,0.178,0.834,0.229,0.48,0.062,0.425
1.0,0.855,0.654,0.079,0.943,0.814,0.96,0.906,0.115,0.928,0.981,0.131,0.007,0.321,0.773,0.113,0.101,0.853,0.862,0.68,0.231,0.045,0.73,0.439,0.782,0.926,0.208,0.727,0.576,0.359,0.565,0.393,0.761,0.022,0.489,0.43,0.029,0.365,0.122,0.901,0.411
1.0,0.704,0.456,0.353,0.011,0.777,0.436,0.823,0.284,0.307,0.42,0.723,0.246,0.846,0.355,0.005,0.096,0.314,0.843,0.738,0.073,0.693,0.43,0.627,0.865,0.959,0.531,0.859,0.684,0.192,0.406,0.478,0.13,0.121,0.883,0.37,0.555,0.377,0.793,0.321,0.973
0.0,0.771,0.437,0.541,0.622,0.279,0.131,0.303,0.002,0.079,0.252,0.362,0.969,0.754,0.578,0.968,0.375,0.585,0.554,0.907,0.063,0.767,0.182,0.934,0.691,0.604,0.87,0.993,0.739,0.078,0.401,0.891,0.209,0.497,0.252,0.485,0.94,0.487,0.545,0.193,0.308
1.0,0.336,0.646,0.157,0.391,0.128,0.866,0.771,0.698,0.598,0.313,0.279,0.147,0.151,0.235,0.656,0.708,0.946,0.911,0.084,0.714,0.907,0.889,0.711,0.637,0.833,0.618,0.511,0.767,0.015,0.455,0.362,0.307,0.714,0.171,0.442,0.317,0.458,0.546,0.743,0.483
0.0,0.955,0.673,0.316,0.247,0.965,0.195,0.426,0.972,0.818,0.594,0.771,0.08,0.28,0.045,0.184,0.227,0.994,0.544,0.745,0.812,0.38,0.093,0.32,0.098,0.254,0.762,0.491,0.327,0.935,0.625,0.38,0.576,0.409,0.586,0.038,0.357,0.318,0.072,0.13,0.781
1.0,0.416,0.639,0.887,0.702,0.556,0.241,0.718,0.153,0.459,0.573,0.745,0.476,0.841,0.94,0.611,0.01,0.21,0.525,0.866,0.655,0.794,0.231,0.233,0.125,0.34,0.092,0.389,0.259,0.013,0.249,0.902,0.845,0.67,0.377,0.078,0.946,0.401,0.995,0.089,0.613
0.0,0.112,0.526,0.295,0.245,0.894,0.576,0.368,0.113,0.23,0.062,0.138,0.997,0.622,0.404,0.157,0.812,0.095,0.364,0.553,0.028,0.241,0.108,0.748,0.667,0.605,0.057,0.607,0.341,0.424,0.028,0.027,0.602,0.16,0.502,0.784,0.128,0.403,0.594,0.981,0.897
0.0,0.945,0.478,0.576,0.945,0.905,0.218,0.346,0.971,0.47,0.708,0.926,0.1,0.614,0.933,0.915,0.784,0.88,0.84,0.835,0.566,0.172,0.025,0.402,0.117,0.596,0.881,0.47,0.282,0.9,0.544,0.246,0.966,0.144,0.126,0.584,0.503,0.129,0.715,0.259,0.389
0.0,0.161,0.137,0.808,0.632,0.866,0.114,0.346,0.889,0.893,0.573,0.469,0.345,0.721,0.857,0.528,0.892,0.187,0.927,0.806,0.934,0.846,0.758,0.321,0.954,0.654,0.054,0.01,0.063,0.126,0.371,0.593,0.119,0.11,0.905,0.693,0.229,0.486,0.018,0.417,0.752
1.0,0.629,0.106,0.857,0.774,0.688,0.045,0.774,0.753,0.329,0.196,0.77,0.316,0.258,0.596,0.089,0.873,0.385,0.217,0.83,0.415,0.276,0.742,0.455,0.703,0.635,0.343,0.927,0.848,0.219,0.325,0.499,0.604,0.039,0.253,0.437,0.766,0.069,0.685,0.846,0.999
1.0,0.242,0.925,0.251,0.487,0.375,0.363,0.161,0.423,0.454,0.132,0.277,0.437,0.05,0.388,0.468,0.661,0.815,0.628,0.991,0.545,0.02,0.132,0.102,0.87,0.24,0.02,0.979,0.876,0.377,0.285,0.925,0.726,0.364,0.857,0.194,0.902,0.198,0.284,0.712,0.517
0.0,0.963,0.806,0.229,0.224,0.649,0.595,0.762,0.705,0.578,0.004,0.981,0.993,0.047,0.2,0.161,0.838,0.476,0.634,0.663,0.214,0.041,0.435,0.811,0.458,0.873,0.132,0.384,0.489,0.86,0.523,0.622,0.771,0.592,0.942,0.455,0.888,0.362,0.239,0.678,0.873
1.0,0.538,0.631,0.297,0.107,0.286,0.501,0.951,0.327,0.914,0.213,0.427,0.542,0.21,0.372,0.092,0.941,0.764,0.487,0.9,0.926,0.715,0.065,0.604,0.569,0.907,0.865,0.991,0.717,0.931,0.907,0.266,0.984,0.913,0.857,0.505,0.926,0.573,0.882,0.268,0.126
1.0,0.575,0.526,0.11,0.084,0.146,0.282,0.603,0.588,0.608,0.156,0.295,0.318,0.712,0.26,0.614,0.902,0.96,0.827,0.916,0.737,0.513,0.857,0.229,0.341,0.293,0.416,0.003,0.46,0.08,0.289,0.665,0.551,0.811,0.108,0.063,0.973,0.711,0.395,0.936,0.838
1.0,0.143,0.074,0.769,0.186,0.396,0.944,0.555,0.074,0.642,0.658,0.844,0.449,0.166,0.262,0.554,0.622,0.259,0.453,0.214,0.199,0.577,0.912,0.512,0.607,0.831,0.896,0.348,0.391,0.98,0.164,0.431,0.695,0.039,0.97,0.776,0.173,0.476,0.871,0.649,0.771
1.0,0.063,1.0,0.849,0.698,0.79,0.849,0.527,0.936,0.05,0.502,0.072,0.12,0.837,0.314,0.267,0.97,0.816,0.449,0.785,0.281,0.298,0.255,0.771,0.402,0.685,0.591,0.908,0.272,0.1,0.679,0.49,0.485,0.588,0.509,0.687,0.872,0.668,0.163,0.379,0.098
1.0,0.938,0.641,0.312,0.548,0.57,0.726,0.542,0.243,0.0,0.119,0.913,0.331,0.431,0.394,0.779,0.31,0.656,0.478,0.795,0.988,0.024,0.009,0.304,0.27,0.692,0.72,0.268,0.422,0.203,0.434,0.686,0.612,0.61,0.94,0.581,0.497,0.996,0.764,0.378,0.589
0.0,0.643,0.435,0.754,0.37,0.981,0.822,0.084,0.78,0.256,0.874,0.945,0.584,0.52,0.651,0.939,0.591,0.236,0.98,0.364,0.293,0.695,0.551,0.49,0.308,0.491,0.8,0.787,0.71,0.343,0.352,0.038,0.033,0.705,0.861,0.2,0.706,0.435,0.964,0.561,0.379
0.0,0.796,0.346,0.17,0.268,0.337,0.382,0.202,0.525,0.725,0.236,0.417,0.39,0.978,0.401,0.975,0.417,0.705,0.531,0.907,0.13,0.616,0.98,0.895,0.555,0.432,0.238,0.416,0.012,0.197,0.702,0.271,0.943,0.319,0.729,0.805,0.363,0.731,0.59,0.907,0.418
1.0,0.089,0.812,0.661,0.131,0.305,0.474,0.849,0.956,0.637,0.577,0.123,0.129,0.737,0.24,0.033,0.834,0.045,0.032,0.116,0.356,0.937,0.267,0.754,0.043,0.093,0.87,0.82,0.222,0.817,0.517,0.557,0.483,0.412,0.839,0.55,0.048,0.618,0.405,0.386,0.788
0.0,0.017,0.233,0.47,0.238,0.456,0.876,0.313,0.904,0.009,0.597,0.174,0.981,0.606,0.684,0.867,0.461,0.121,0.813,0.778,0.469,0.093,0.457,0.351,0.103,0.797,0.784,0.545,0.742,0.214,0.229,0.316,0.313,0.579,0.882,0.68,0.204,0.762,0.248,0.107,0.961
1.0,0.154,0.216,0.399,0.282,0.478,0.06,0.599,0.232,0.221,0.87,0.424,0.204,0.051,0.984,0.023,0.013,0.906,0.01,0.828,0.98,0.157,0.083,0.33,0.902,0.945,0.139,0.966,0.378,0.695,0.404,0.552,0.753,0.885,0.948,0.787,0.402,0.412,0.253,0.562,0.785
1.0,0.444,0.794,0.849,0.285,0.482,0.202,0.873,0.615,0.98,0.992,0.778,0.656,0.873,0.312,0.274,0.104,0.052,0.864,0.68,0.174,0.976,0.217,0.714,0.323,0.73,0.382,0.316,0.167,0.232,0.247,0.68,0.225,0.301,0.197,0.868,0.192,0.343,0.157,0.373,0.018
1.0,0.634,0.098,0.685,0.476,0.794,0.872,0.883,0.806,0.552,0.269,0.324,0.227,0.129,0.261,0.904,0.261,0.057,0.516,0.285,0.465,0.223,0.222,0.02,0.921,0.498,0.327,0.734,0.675,0.231,0.45,0.71,0.427,0.098,0.348,0.803,0.619,0.801,0.15,0.224,0.435
1.0,0.788,0.379,0.192,0.98,0.803,0.855,0.548,0.501,0.098,0.596,0.496,0.751,0.089,0.198,0.027,0.416,0.222,0.989,0.943,0.479,0.997,0.731,0.523,0.644,0.259,0.972,0.98,0.199,0.637,0.547,0.46,0.556,0.671,0.681,0.563,0.307,0.712,0.779,0.321,0.722
0.0,0.519,0.118,0.644,0.142,0.421,0.539,0.791,0.015,0.528,0.02,0.505,0.3,0.809,0.254,0.742,0.672,0.988,0.911,0.223,0.753,0.13,0.188,0.919,0.546,0.737,0.509,0.146,0.956,0.841,0.324,0.541,0.561,0.634,0.572,0.564,0.355,0.182,0.477,0.375,0.337
1.0,0.968,0.27,0.248,0.895,0.757,0.886,0.933,0.319,0.167,0.658,0.933,0.005,0.539,0.831,0.369,0.389,0.601,0.571,0.087,0.208,0.947,0.218,0.577,0.123,0.153,0.629,0.057,0.73,0.312,0.784,0.921,0.297,0.235,0.475,0.174,0.525,0.454,0.72,0.748,0.477
1.0,0.499,0.533,0.287,0.268,0.173,0.03,0.924,0.371,0.91,0.622,0.512,0.024,0.43,0.33,0.635,0.573,0.704,0.054,0.898,0.675,0.336,0.946,0.569,0.823,0.553,0.939,0.534,0.887,0.164,0.809,0.518,0.007,0.494,0.555,0.443,0.014,0.802,0.931,0.006,0.945
1.0,0.696,0.668,0.857,0.681,0.632,0.92,0.379,0.366,0.061,0.944,0.222,0.16,0.341,0.095,0.083,0.825,0.843,0.103,0.256,0.992,0.275,0.682,0.295,0.309,0.158,0.697,0.475,0.988,0.672,0.712,0.178,0.597,0.222,0.811,0.11,0.528,0.465,0.687,0.497,0.182
1.0,0.722,0.603,0.653,0.069,0.183,0.338,0.153,0.283,0.207,0.097,0.817,0.501,0.428,0.56,0.587,0.633,0.643,0.954,0.237,0.08,0.766,0.695,0.528,0.567,0.972,0.975,0.142,0.061,0.74,0.618,0.248,0.022,0.959,0.102,0.029,0.988,0.882,0.214,0.754,0.648
1.0,0.932,0.288,0.798,0.29,0.479,0.19,0.223,0.938,0.86,0.638,0.541,0.564,0.936,0.955,0.495,0.515,0.051,0.525,0.988,0.359,0.949,0.262,0.112,0.595,0.219,0.97,0.199,0.188,0.925,0.669,0.053,0.996,0.156,0.724,0.733,0.945,0.528,0.861,0.18,0.417
1.0,0.203,0.856,0.261,0.938,0.329,0.092,0.222,0.401,0.911,0.302,0.293,0.298,0.738,0.712,0.281,0.148,0.026,0.062,0.706,0.666,0.654,0.923,0.359,0.835,0.701,0.454,0.079,0.89,0.123,0.855,0.755,0.815,0.654,0.7,0.106,0.361,0.045,0.014,0.019,0.502
1.0,0.236,0.494,0.497,0.517,0.591,0.054,0.681,0.333,0.425,0.96,0.445,0.038,0.541,0.944,0.525,0.365,0.049,0.084,0.623,0.732,0.221,0.49,0.01,0.249,0.832,0.379,0.106,0.319,0.676,0.497,0.359,0.702,0.647,0.27,0.394,0.355,0.663,0.497,0.035,0.082
1.0,0.862,0.405,0.838,0.378,0.003,0.686,0.255,0.699,0.561,0.718,0.659,0.004,0.55,0.506,0.785,0.967,0.624,0.172,0.469,0.239,0.578,0.969,0.581,0.846,0.409,0.927,0.385,0.471,0.282,0.982,0.622,0.375,0.905,0.894,0.336,0.867,0.35,0.148,0.155,0.101
1.0,0.787,0.725,0.399,0.606,0.227,0.609,0.244,0.807,0.261,0.581,0.398,0.008,0.901,0.403,0.801,0.233,0.947,0.779,0.053,0.069,0.622,0.063,0.575,0.22,0.961,0.929,0.519,0.485,0.018,0.146,0.32,0.373,0.209,0.372,0.788,0.036,0.611,0.79,0.339,0.224
0.0,0.725,0.479,0.69,0.49,0.708,0.326,0.129,0.888,0.117,0.53,0.984,0.819,0.521,0.678,0.736,0.966,0.898,0.087,0.168,0.055,0.3,0.493,0.008,0.129,0.987,0.806,0.101,0.214,0.138,0.466,0.372,0.142,0.951,0.217,0.432,0.965,0.112,0.718,0.27,0.005
1.0,0.032,0.316,0.083,0.841,0.735,0.354,0.618,0.227,0.85,0.393,0.895,0.122,0.713,0.735,0.596,0.898,0.529,0.699,0.616,0.005,0.136,0.924,0.49,0.075,0.88,0.556,0.207,0.564,0.675,0.199,0.146,0.899,0.364,0.344,0.661,0.991,0.939,0.423,0.206,0.83
1.0,0.958,0.018,0.628,0.495,0.349,0.234,0.42,0.626,0.567,0.838,0.011,0.199,0.686,0.636,0.305,0.982,0.449,0.791,0.253,0.492,0.714,0.683,0.643,0.323,0.699,0.286,0.822,0.612,0.545,0.339,0.735,0.767,0.705,0.204,0.117,0.062,0.231,0.754,0.014,0.958
0.0,0.321,0.34,0.09,0.05,0.545,0.27,0.798,0.864,0.272,0.137,0.834,0.733,0.311,0.116,0.692,0.683,0.208,0.206,0.81,0.73,0.682,0.941,0.884,0.06,0.275,0.582,0.197,0.854,0.505,0.01,0.405,0.525,0.588,0.697,0.36,0.658,0.645,0.551,0.212,0.807
1.0,0.945,0.658,0.353,0.074,0.754,0.301,0.838,0.492,0.078,0.756,0.055,0.099,0.277,0.18,0.551,0.223,0.596,0.25,0.332,0.69,0.133,0.197,0.569,0.878,0.989,0.889,0.796,0.272,0.008,0.967,0.459,0.62,0.422,0.209,0.67,0.786,0.122,0.771,0.77,0.449
1.0,0.213,0.555,0.813,0.756,0.522,0.005,0.757,0.869,0.316,0.486,0.018,0.117,0.693,0.716,0.197,0.193,0.026,0.763,0.976,0.481,0.528,0.935,0.031,0.007,0.985,0.551,0.24,0.558,0.236,0.668,0.255,0.452,0.01,0.831,0.291,0.837,0.59,0.891,0.923,0.197
1.0,0.078,0.835,0.676,0.133,0.434,0.129,0.7,0.81,0.308,0.391,0.238,0.006,0.143,0.156,0.68,0.15,0.172,0.86,0.945,0.596,0.459,0.899,0.737,0.788,0.49,0.223,0.762,0.735,0.247,0.9,0.173,0.169,0.045,0.194,0.424,0.562,0.247,0.727,0.271,0.218
1.0,0.03,0.119,0.15,0.606,0.66,0.838,0.524,0.209,0.823,0.29,0.466,0.341,0.184,0.716,0.561,0.063,0.577,0.339,0.127,0.07,0.27,0.727,0.021,0.846,0.213,0.707,0.674,0.209,0.139,0.296,0.881,0.249,0.038,0.849,0.956,0.235,0.081,0.657,0.62,0.846
1.0,0.092,0.912,0.946,0.615,0.147,0.319,0.078,0.229,0.855,0.01,0.381,0.999,0.607,0.269,0.67,0.329,0.194,0.754,0.4,0.734,0.667,0.512,0.902,0.998,0.692,0.245,0.951,0.368,0.671,0.336,0.797,0.468,0.838,0.148,0.714,0.16,0.503,0.303,0.722,0.163
0.0,0.758,0.286,0.698,0.258,0.903,0.614,0.525,0.902,0.127,0.713,0.748,0.737,0.542,0.717,0.241,0.817,0.096,0.376,0.624,0.698,0.315,0.898,0.526,0.046,0.495,0.916,0.292,0.26,0.401,0.852,0.591,0.714,0.251,0.157,0.038,0.81,0.347,0.038,0.341,0.655
1.0,0.713,0.55,0.552,0.546,0.282,0.343,0.264,0.147,0.853,0.522,0.919,0.216,0.884,0.734,0.868,0.318,0.933,0.697,0.027,0.603,0.02,0.3,0.124,0.32,0.079,0.121,0.959,0.343,0.804,0.003,0.473,0.263,0.462,0.462,0.67,0.416,0.484,0.471,0.135,0.298
1.0,0.872,0.778,0.379,0.984,0.425,0.449,0.154,0.615,0.955,0.204,0.745,0.744,0.816,0.112,0.676,0.963,0.303,0.188,0.426,0.692,0.779,0.702,0.463,0.778,0.791,0.626,0.008,0.506,0.671,0.882,0.664,0.823,0.215,0.242,0.022,0.282,0.594,0.503,0.854,0.811
1.0,0.612,0.561,0.134,0.309,0.787,0.174,0.589,0.748,0.435,0.964,0.644,0.419,0.524,0.316,0.247,0.734,0.135,0.873,0.755,0.441,0.227,0.233,0.52,0.445,0.733,0.584,0.304,0.32,0.677,0.656,0.935,0.227,0.57,0.482,0.504,0.699,0.557,0.238,0.551,0.289
0.0,0.169,0.883,0.693,0.635,0.876,0.991,0.685,0.161,0.525,0.937,0.102,0.595,0.633,0.018,0.131,0.17,0.608,0.409,0.273,0.873,0.25,0.518,0.344,0.585,0.099,0.273,0.251,0.02,0.11,0.078,0.531,0.581,0.063,0.343,0.235,0.828,0.287,0.31,0.151,0.294
0.0,0.278,0.209,0.897,0.132,0.734,0.258,0.667,0.104,0.93,0.313,0.257,0.975,0.628,0.661,0.538,0.432,0.482,0.713,0.001,0.555,0.785,0.163,0.991,0.061,0.517,0.484,0.069,0.924,0.283,0.549,0.874,0.856,0.225,0.067,0.495,0.582,0.779,0.767,0.211,0.519
0.0,0.617,0.175,0.989,0.981,0.34,0.599,0.18,0.648,0.632,0.655,0.305,0.857,0.351,0.658,0.487,0.586,0.372,0.903,0.749,0.187,0.688,0.31,0.351,0.235,0.633,0.597,0.004,0.005,0.176,0.979,0.568,0.745,0.372,0.522,0.822,0.458,0.351,0.006,0.217,0.492
1.0,0.705,0.392,0.614,0.259,0.605,0.404,0.424,0.142,0.246,0.313,0.751,0.024,0.525,0.612,0.854,0.882,0.52,0.473,0.716,0.497,0.099,0.543,0.799,0.355,0.162,0.079,0.563,0.275,0.524,0.674,0.341,0.682,0.896,0.325,0.491,0.082,0.729,0.454,0.88,0.352
0.0,0.241,0.38,0.818,0.88,0.891,0.08,0.22,0.907,0.584,0.592,0.788,0.102,0.145,0.016,0.275,0.81,0.601,0.244,0.238,0.372,0.358,0.158,0.352,0.908,0.066,0.085,0.78,0.14,0.529,0.128,0.887,0.108,0.957,0.103,0.753,0.487,0.231,0.331,0.542,0.222
0.0,0.832,0.242,0.697,0.41,0.447,0.665,0.335,0.285,0.739,0.052,0.428,0.273,0.589,0.116,0.251,0.287,0.943,0.007,0.596,0.254,0.56,0.615,0.813,0.895,0.115,0.689,0.329,0.124,0.315,0.977,0.133,0.509,0.469,0.623,0.995,0.742,0.411,0.143,0.127,0.231
0.0,0.074,0.044,0.9,0.07,0.209,0.902,0.187,0.164,0.144,0.854,0.798,0.977,0.162,0.645,0.401,0.315,0.799,0.585,0.102,0.093,0.422,0.273,0.871,0.705,0.475,0.786,0.978,0.455,0.61,0.026,0.019,0.334,0.598,0.236,0.734,0.915,0.9,0.358,0.883,0.88
1.0,0.363,0.908,0.285,0.149,0.807,0.62,0.229,0.404,0.549,0.652,0.806,0.681,0.714,0.959,0.784,0.796,0.122,0.23,0.863,0.975,0.102,0.023,0.596,0.324,0.399,0.898,0.405,0.213,0.203,0.89,0.969,0.447,0.033,0.851,0.391,0.256,0.547,0.203,0.652,0.208
0.0,0.93,0.797,0.865,0.602,0.662,0.584,0.125,0.349,0.183,0.26,0.482,0.699,0.288,0.721,0.682,0.027,0.541,0.598,0.232,0.6,0.21,0.74,0.934,0.892,0.046,0.225,0.126,0.929,0.281,0.092,0.791,0.327,0.019,0.778,0.826,0.033,0.765,0.331,0.043,0.001
0.0,0.333,0.719,0.811,0.046,0.014,0.612,0.077,0.749,0.835,0.817,0.895,0.687,0.731,0.677,0.666,0.397,0.043,0.775,0.058,0.613,0.126,0.139,0.891,0.49,0.111,0.941,0.652,0.45,0.875,0.636,0.177,0.415,0.768,0.187,0.909,0.809,0.579,0.502,0.14,0.584
1.0,0.528,0.936,0.194,0.727,0.836,0.768,0.865,0.663,0.439,0.598,0.998,0.127,0.012,0.87,0.07,0.109,0.657,0.472,0.745,0.736,0.492,0.759,0.139,0.223,0.491,0.449,0.393,0.951,0.281,0.248,0.169,0.405,0.798,0.238,0.745,0.716,0.171,0.407,0.445,0.814
1.0,0.943,0.906,0.924,0.4,0.418,0.049,0.911,0.642,0.645,0.535,0.096,0.13,0.638,0.321,0.556,0.907,0.137,0.433,0.068,0.943,0.109,0.429,0.309,0.268,0.252,0.98,0.578,0.884,0.403,0.528,0.541,0.741,0.678,0.813,0.616,0.826,0.108,0.426,0.132,0.337
0.0,0.338,0.642,0.223,0.521,0.865,0.172,0.024,0.259,0.858,0.068,0.294,0.445,0.682,0.997,0.702,0.784,0.274,0.773,0.22,0.648,0.71,0.436,0.911,0.749,0.236,0.06,0.816,0.433,0.373,0.957,0.3,0.036,0.063,0.036,0.709,0.026,0.559,0.098,0.786,0.028
0.0,0.253,0.877,0.937,0.799,0.656,0.834,0.151,0.816,0.908,0.356,0.011,0.365,0.032,0.443,0.341,0.969,0.534,0.609,0.249,0.199,0.246,0.47,0.931,0.478,0.744,0.095,0.376,0.472,0.579,0.07,0.721,0.322,0.86,0.728,0.783,0.395,0.096,0.013,0.156,0.979
1.0,0.338,0.901,0.776,0.73,0.295,0.558,0.748,0.561,0.989,0.41,0.689,0.363,0.275,0.647,0.478,0.576,0.166,0.59,0.721,0.103,0.493,0.66,0.452,0.067,0.081,0.731,0.871,0.879,0.158,0.62,0.531,0.07,0.595,0.213,0.21,0.482,0.883,0.169,0.424,0.652
1.0,0.301,0.303,0.654,0.025,0.166,0.256,0.459,0.865,0.244,0.368,0.329,0.278,0.904,0.545,0.653,0.586,0.664,0.611,0.805,0.683,0.168,0.674,0.751,0.382,0.754,0.502,0.637,0.011,0.02,0.046,0.318,0.538,0.502,0.161,0.788,0.238,0.832,0.463,0.636,0.078
0.0,0.913,0.04,0.008,0.922,0.938,0.039,0.947,0.395,0.438,0.509,0.991,0.67,0.439,0.397,0.202,0.489,0.379,0.781,0.494,0.116,0.041,0.047,0.207,0.939,0.661,0.338,0.104,0.509,0.161,0.039,0.372,0.271,0.572,0.029,0.321,0.555,0.465,0.39,0.683,0.077
0.0,0.026,0.208,0.339,0.16,0.952,0.969,0.447,0.309,0.169,0.338,0.238,0.107,0.06,0.111,0.587,0.364,0.439,0.893,0.155,0.554,0.566,0.121,0.361,0.164,0.705,0.934,0.695,0.417,0.946,0.324,0.15,0.631,0.801,0.766,0.415,0.893,0.103,0.953,0.913,0.955
1.0,0.27,0.436,0.124,0.678,0.146,0.206,0.07,0.353,0.463,0.197,0.285,0.755,0.69,0.943,0.295,0.806,0.143,0.308,0.622,0.398,0.252,0.695,0.43,0.165,0.733,0.831,0.858,0.073,0.431,0.685,0.701,0.172,0.766,0.063,0.148,0.018,0.538,0.533,0.334,0.392
1.0,0.464,0.571,0.425,0.38,0.228,0.223,0.099,0.427,0.353,0.92,0.254,0.665,0.15,0.383,0.911,0.38,0.266,0.86,0.28,0.716,0.472,0.831,0.636,0.415,0.92,0.07,0.362,0.982,0.036,0.058,0.357,0.276,0.951,0.298,0.337,0.657,0.293,0.642,0.677,0.667
0.0,0.414,0.217,0.433,0.848,0.089,0.071,0.42,0.692,0.123,0.277,0.66,0.657,0.851,0.924,0.393,0.1,0.866,0.355,0.986,0.571,0.735,0.238,0.861,0.115,0.065,0.269,0.411,0.204,0.827,0.527,0.091,0.656,0.391,0.875,0.856,0.117,0.094,0.265,0.782,0.876
1.0,0.17,0.778,0.961,0.906,0.137,0.108,0.76,0.672,0.767,0.546,0.388,0.146,0.504,0.199,0.109,0.759,0.874,0.92,0.736,0.152,0.322,0.843,0.326,0.192,0.905,0.26,0.541,0.857,0.528,0.224,0.514,0.111,0.157,0.411,0.255,0.371,0.825,0.469,0.387,0.264
1.0,0.554,0.81,0.733,0.256,0.64,0.071,0.361,0.65,0.669,0.875,0.44,0.518,0.709,0.472,0.011,0.751,0.708,0.594,0.058,0.436,0.534,0.135,0.913,0.203,0.716,0.092,0.708,0.867,0.675,0.662,0.188,0.161,0.533,0.717,0.303,0.909,0.482,0.83,0.461,0.029
1.0,0.484,0.347,0.458,0.78,0.779,0.126,0.975,0.559,0.904,0.749,0.41,0.656,0.514,0.947,0.986,0.719,0.559,0.395,0.939,0.904,0.151,0.065,0.299,0.841,0.051,0.529,0.66,0.754,0.029,0.828,0.689,0.622,0.515,0.097,0.448,0.719,0.999,0.467,0.732,0.69
0.0,0.541,0.794,0.748,0.699,0.861,0.718,0.826,0.727,0.518,0.261,0.759,0.681,0.301,0.471,0.588,0.219,0.569,0.699,0.262,0.723,0.008,0.326,0.962,0.371,0.526,0.64,0.631,0.088,0.013,0.718,0.132,0.341,0.863,0.648,0.042,0.212,0.42,0.218,0.261,0.379
0.0,0.567,0.459,0.667,0.689,0.862,0.981,0.405,0.875,0.32,0.747,0.767,0.744,0.689,0.455,0.219,0.794,0.534,0.955,0.788,0.312,0.43,0.905,0.756,0.984,0.108,0.157,0.276,0.882,0.56,0.428,0.083,0.167,0.26,0.592,0.305,0.379,0.561,0.637,0.103,0.76
1.0,0.542,0.381,0.899,0.715,0.264,0.24,0.111,0.565,0.236,0.544,0.007,0.691,0.549,0.363,0.858,0.392,0.201,0.94,0.578,0.931,0.663,0.631,0.587,0.394,0.895,0.283,0.73,0.979,0.417,0.339,0.3,0.562,0.018,0.633,0.973,0.221,0.509,0.34,0.3,0.681
0.0,0.256,0.277,0.394,0.167,0.988,0.504,0.185,0.568,0.57,0.232,0.233,0.505,0.122,0.361,0.607,0.547,0.196,0.363,0.237,0.031,0.063,0.335,0.151,0.066,0.266,0.55,0.942,0.542,0.58,0.031,0.167,0.808,0.304,0.554,0.832,0.179,0.866,0.852,0.081,0.371
1.0,0.181,0.538,0.379,0.037,0.079,0.403,0.875,0.052,0.345,0.028,0.199,0.371,0.398,0.371,0.095,0.287,0.442,0.363,0.702,0.493,0.664,0.861,0.377,0.413,0.609,0.506,0.713,0.988,0.613,0.557,0.036,0.426,0.68,0.292,0.206,0.564,0.464,0.874,0.148,0.987
1.0,0.664,0.332,0.598,0.295,0.729,0.19,0.575,0.309,0.842,0.952,0.355,0.086,0.803,0.97,0.942,0.215,0.679,0.624,0.698,0.429,0.567,0.861,0.26,0.514,0.258,0.956,0.713,0.933,0.23,0.707,0.408,0.619,0.557,0.898,0.877,0.064,0.614,0.056,0.832,0.107
0.0,0.194,0.172,0.903,0.737,0.886,0.422,0.239,0.13,0.641,0.245,0.633,0.49,0.664,0.739,0.099,0.783,0.016,0.336,0.189,0.203,0.094,0.616,0.0,0.636,0.874,0.702,0.301,0.331,0.617,0.503,0.646,0.327,0.868,0.55,0.432,0.676,0.779,0.712,0.286,0.101
0.0,0.94,0.365,0.318,0.445,0.631,0.361,0.423,0.025,0.134,0.747,0.077,0.693,0.552,0.104,0.99,0.973,0.587,0.896,0.769,0.408,0.26,0.022,0.858,0.443,0.153,0.5,0.106,0.045,0.999,0.037,0.689,0.23,0.662,0.856,0.96,0.018,0.723,0.638,0.384,0.34
1.0,0.464,0.305,0.913,0.346,0.102,0.77,0.331,0.429,0.887,0.056,0.191,0.077,0.788,0.228,0.194,0.104,0.677,0.751,0.976,0.537,0.779,0.727,0.47,0.682,0.654,0.422,0.145,0.68,0.226,0.563,0.134,0.901,0.205,0.673,0.114,0.2,0.968,0.802,0.475,0.273
1.0,0.661,0.509,0.325,0.218,0.055,0.343,0.989,0.19,0.753,0.87,0.417,0.704,0.09,0.485,0.684,0.608,0.791,0.098,0.203,0.391,0.157,0.6,0.714,0.444,0.893,0.193,0.275,0.835,0.066,0.303,0.555,0.931,0.814,0.704,0.407,0.456,0.401,0.143,0.44,0.766
1.0,0.411,1.0,0.002,0.955,0.824,0.985,0.326,0.74,0.859,0.021,0.754,0.594,0.154,0.924,0.931,0.386,0.701,0.26,0.259,0.428,0.863,0.101,0.325,0.646,0.934,0.926,0.241,0.43,0.4,0.794,0.169,0.633,0.768,0.079,0.641,0.301,0.688,0.479,0.815,0.274
0.0,0.645,0.994,0.459,0.783,0.969,0.654,0.156,0.014,0.04,0.678,0.265,0.573,0.434,0.213,0.853,0.517,0.003,0.514,0.027,0.377,0.765,0.641,0.861,0.557,0.993,0.903,0.826,0.421,0.516,0.238,0.059,0.628,0.977,0.417,0.317,0.334,0.846,0.628,0.997,0.651
1.0,0.772,0.206,0.917,0.839,0.728,0.87,0.508,0.06,0.082,0.189,0.982,0.552,0.541,0.292,0.753,0.426,0.365,0.472,0.425,0.553,0.464,0.163,0.007,0.217,0.306,0.884,0.58,0.151,0.242,0.582,0.572,0.484,0.049,0.612,0.048,0.351,0.572,0.687,0.904,0.161
1.0,0.965,0.783,0.814,0.564,0.382,0.417,0.844,0.538,0.589,0.499,0.619,0.657,0.738,0.657,0.549,0.924,0.825,0.95,0.325,0.644,0.086,0.012,0.203,0.955,0.053,0.778,0.602,0.966,0.782,0.299,0.345,0.92,0.448,0.459,0.284,0.663,0.232,0.163,0.375,0.948
0.0,0.16,0.011,0.972,0.922,0.319,0.861,0.4,0.18,0.553,0.196,0.757,0.824,0.591,0.787,0.022,0.371,0.01,0.958,0.375,0.776,0.907,0.247,0.206,0.095,0.514,0.612,0.186,0.925,0.314,0.663,0.442,0.935,0.972,0.799,0.287,0.704,0.18,0.951,0.7,0.711
1.0,0.641,0.466,0.758,0.778,0.461,0.617,0.819,0.708,0.389,0.451,0.193,0.409,0.521,0.097,0.279,0.015,0.702,0.421,0.442,0.741,0.823,0.648,0.009,0.257,0.839,0.746,0.004,0.751,0.286,0.978,0.032,0.366,0.813,0.482,0.933,0.561,0.522,0.895,0.881,0.718
1.0,0.075,0.176,0.181,0.868,0.685,0.316,0.705,0.419,0.927,0.272,0.011,0.339,0.818,0.484,0.665,0.171,0.791,0.945,0.959,0.895,0.455,0.016,0.575,0.775,0.175,0.602,0.054,0.533,0.827,0.244,0.916,0.25,0.847,0.74,0.898,0.716,0.496,0.227,0.259,0.03
1.0,0.16,0.741,0.39,0.768,0.591,0.742,0.016,0.655,0.926,0.733,0.941,0.104,0.454,0.383,0.296,0.932,0.85,0.152,0.5,0.797,0.168,0.7,0.315,0.151,0.935,0.047,0.312,0.876,0.846,0.603,0.845,0.208,0.453,0.511,0.567,0.379,0.032,0.512,0.524,0.678
1.0,0.634,0.839,0.593,0.346,0.811,0.245,0.252,0.687,0.14,0.373,0.961,0.423,0.587,0.692,0.329,0.352,0.364,0.449,0.33,0.18,0.39,0.01,0.074,0.626,0.367,0.533,0.712,0.723,0.71,0.551,0.619,0.835,0.707,0.002,0.481,0.268,0.287,0.028,0.689,0.618
0.0,0.507,0.21,0.477,0.002,0.758,0.863,0.368,0.389,0.793,0.321,0.943,0.301,0.471,0.84,0.831,0.487,0.447,0.762,0.441,0.492,0.548,0.974,0.805,0.209,0.85,0.042,0.094,0.286,0.443,0.397,0.466,0.024,0.346,0.056,0.099,0.32,0.267,0.346,0.816,0.984
1.0,0.716,0.01,0.341,0.933,0.63,0.344,0.552,0.186,0.824,0.632,0.257,0.25,0.081,0.538,0.371,0.378,0.865,0.952,0.809,0.447,0.82,0.524,0.399,0.95,0.364,0.284,0.56,0.662,0.057,0.319,0.098,0.168,0.635,0.988,0.039,0.439,0.637,0.075,0.078,0.256
0.0,0.128,0.256,0.422,0.203,0.463,0.264,0.365,0.607,0.386,0.253,0.22,0.981,0.414,0.31,0.676,0.216,0.504,0.845,0.614,0.529,0.482,0.838,0.895,0.546,0.862,0.532,0.763,0.598,0.267,0.387,0.81,0.789,0.691,0.828,0.501,0.746,0.749,0.456,0.805,0.501
1.0,0.533,0.611,0.753,0.691,0.958,0.509,0.221,0.194,0.149,0.492,0.645,0.582,0.876,0.053,0.103,0.521,0.43,0.788,0.102,0.254,0.903,0.644,0.118,0.763,0.01,0.418,0.424,0.624,0.61,0.111,0.711,0.476,0.094,0.256,0.797,0.11,0.778,0.637,0.702,0.282
0.0,0.796,0.807,0.905,0.825,0.767,0.083,0.056,0.946,0.339,0.788,0.491,0.706,0.06,0.805,0.488,0.393,0.484,0.087,0.975,0.626,0.434,0.541,0.979,0.383,0.94,0.284,0.71,0.143,0.199,0.118,0.034,0.331,0.766,0.423,0.812,0.662,0.925,0.381,0.134,0.881
1.0,0.737,0.482,0.884,0.865,0.538,0.897,0.852,0.677,0.4,0.084,0.86,0.161,0.737,0.935,0.973,0.81,0.374,0.522,0.953,0.671,0.423,0.886,0.09,0.247,0.394,0.556,0.784,0.465,0.49,0.574,0.5,0.169,0.494,0.973,0.348,0.386,0.102,0.595,0.041,0.239
0.0,0.306,0.406,0.07,0.479,0.055,0.173,0.412,0.763,0.544,0.204,0.659,0.689,0.907,0.284,0.76,0.52,0.594,0.431,0.089,0.097,0.766,0.512,0.977,0.248,0.655,0.855,0.435,0.685,0.883,0.532,0.889,0.276,0.447,0.471,0.802,0.114,0.988,0.135,0.105,0.004
0.0,0.7,0.354,0.362,0.434,0.918,0.536,0.059,0.85,0.384,0.794,0.049,0.159,0.013,0.005,0.099,0.594,0.557,0.088,0.415,0.381,0.269,0.379,0.192,0.685,0.198,0.619,0.962,0.08,0.234,0.503,0.545,0.314,0.923,0.102,0.603,0.277,0.082,0.358,0.993,0.788
1.0,0.314,0.204,0.869,0.747,0.142,0.151,0.671,0.08,0.567,0.412,0.24,0.156,0.044,0.351,0.395,0.398,0.957,0.417,0.794,0.998,0.876,0.484,0.207,0.976,0.336,0.967,0.578,0.843,0.673,0.746,0.766,0.334,0.607,0.305,0.249,0.677,0.084,0.468,0.406,0.495
1.0,0.257,0.269,0.211,0.527,0.72,0.659,0.406,0.916,0.757,0.402,0.953,0.124,0.286,0.706,0.051,0.934,0.212,0.274,0.903,0.268,0.747,0.343,0.105,0.455,0.323,0.053,0.634,0.773,0.205,0.233,0.78,0.288,0.051,0.771,0.647,0.383,0.471,0.126,0.45,0.385
0.0,0.654,0.56,0.705,0.268,0.083,0.4,0.065,0.05,0.273,0.672,0.585,0.158,0.352,0.827,0.59,0.517,0.435,0.329,0.371,0.78,0.417,0.191,0.981,0.554,0.66,0.727,0.916,0.845,0.113,0.656,0.78,0.652,0.812,0.976,0.854,0.815,0.007,0.389,0.578,0.372
1.0,0.28,0.473,0.666,0.801,0.667,0.424,0.235,0.219,0.643,0.61,0.64,0.362,0.105,0.901,0.011,0.639,0.427,0.048,0.968,0.737,0.908,0.129,0.334,0.494,0.836,0.49,0.112,0.657,0.713,0.476,0.175,0.376,0.239,0.456,0.044,0.098,0.032,0.999,0.599,0.111
0.0,0.736,0.198,0.023,0.371,0.88,0.664,0.192,0.951,0.363,0.597,0.631,0.286,0.744,0.457,0.839,0.521,0.374,0.253,0.635,0.71,0.056,0.553,0.219,0.089,0.457,0.789,0.822,0.415,0.574,0.669,0.829,0.036,0.216,0.031,0.162,0.467,0.873,0.386,0.446,0.393
1.0,0.954,0.842,0.462,0.094,0.63,0.289,0.237,0.897,0.636,0.769,0.557,0.505,0.346,0.745,0.543,0.937,0.946,0.739,0.063,0.254,0.363,0.955,0.552,0.701,0.14,0.372,0.329,0.743,0.551,0.911,0.612,0.029,0.005,0.612,0.371,0.1,0.381,0.011,0.527,0.14
0.0,0.78,0.445,0.053,0.755,0.255,0.049,0.412,0.977,0.34,0.783,0.647,0.437,0.751,0.438,0.337,0.976,0.34,0.523,0.044,0.951,0.715,0.63,0.01,0.531,0.48,0.436,0.46,0.784,0.911,0.927,0.533,0.958,0.441,0.678,0.287,0.222,0.006,0.219,0.268,0.365
0.0,0.265,0.057,0.273,0.868,0.922,0.533,0.585,0.043,0.958,0.672,0.285,0.589,0.589,0.783,0.691,0.127,0.448,0.628,0.064,0.044,0.362,0.085,0.036,0.152,0.96,0.829,0.879,0.482,0.787,0.377,0.51,0.477,0.66,0.532,0.121,0.578,0.92,0.886,0.898,0.327
0.0,0.86,0.38,0.271,0.901,0.148,0.251,0.516,0.128,0.311,0.786,0.878,0.122,0.333,0.317,0.339,0.83,0.357,0.087,0.393,0.068,0.558,0.974,0.031,0.319,0.454,0.186,0.928,0.85,0.255,0.686,0.818,0.915,0.044,0.638,0.801,0.49,0.172,0.193,0.402,0.745
0.0,0.559,0.569,0.599,0.929,0.59,0.808,0.364,0.588,0.292,0.934,0.528,0.887,0.589,0.689,0.482,0.752,0.957,0.564,0.86,0.773,0.055,0.402,0.695,0.783,0.317,0.603,0.037,0.868,0.903,0.098,0.894,0.96,0.786,0.669,0.986,0.463,0.255,0.255,0.516,0.045
0.0,0.876,0.372,0.457,0.737,0.942,0.875,0.955,0.619,0.705,0.875,0.029,0.123,0.267,0.733,0.985,0.234,0.532,0.646,0.693,0.293,0.296,0.137,0.329,0.967,0.072,0.309,0.564,0.274,0.03,0.222,0.535,0.774,0.405,0.242,0.622,0.891,0.594,0.298,0.902,0.208
1.0,0.958,0.517,0.939,0.498,0.091,0.73,0.222,0.416,0.927,0.725,0.263,0.431,0.778,0.204,0.277,0.656,0.875,0.119,0.963,0.209,0.668,0.397,0.499,0.159,0.691,0.221,0.345,0.668,0.387,0.765,0.474,0.872,0.418,0.16,0.357,0.095,0.371,0.086,0.57,0.305
0.0,0.74,0.815,0.263,0.895,0.759,0.461,0.559,0.616,0.771,0.521,0.048,0.732,0.072,0.182,0.701,0.704,0.455,0.609,0.8,0.369,0.684,0.714,0.851,0.797,0.941,0.947,0.736,0.28,0.962,0.179,0.146,0.71,0.993,0.38,0.517,0.292,0.956,0.079,0.485,0.58
1.0,0.315,0.691,0.547,0.127,0.535,0.72,0.163,0.024,0.714,0.618,0.116,0.372,0.785,0.384,0.685,0.539,0.863,0.57,0.891,0.528,0.485,0.439,0.476,0.147,0.69,0.132,0.814,0.708,0.447,0.68,0.749,0.674,0.949,0.741,0.362,0.883,0.136,0.004,0.284,0.067
0.0,0.467,0.076,0.792,0.309,0.901,0.04,0.853,0.232,0.829,0.691,0.013,0.164,0.427,0.225,0.769,0.582,0.386,0.778,0.05,0.165,0.78,0.831,0.584,0.451,0.881,0.472,0.665,0.792,0.024,0.104,0.984,0.824,0.181,0.811,0.353,0.245,0.765,0.362,0.329,0.611
0.0,0.847,0.553,0.132,0.177,0.837,0.383,0.772,0.786,0.822,0.517,0.75,0.157,0.148,0.503,0.929,0.738,0.678,0.723,0.893,0.602,0.563,0.367,0.303,0.795,0.843,0.197,0.803,0.559,0.518,0.38,0.695,0.172,0.472,0.83,0.863,0.743,0.718,0.902,0.148,0.048
0.0,0.293,0.909,0.226,0.15,0.922,0.328,0.914,0.326,0.066,0.505,0.924,0.548,0.352,0.03,0.997,0.438,0.791,0.32,0.475,0.208,0.86,0.649,0.268,0.183,0.924,0.751,0.194,0.19,0.367,0.133,0.617,0.707,0.343,0.514,0.115,0.962,0.834,0.052,0.325,0.137
1.0,0.552,0.588,0.955,0.311,0.309,0.526,0.239,0.826,0.567,0.304,0.089,0.472,0.287,0.845,0.279,0.169,0.693,0.338,0.525,0.879,0.932,0.46,0.477,0.265,0.163,0.348,0.501,0.427,0.046,0.317,0.813,0.364,0.167,0.09,0.697,0.606,0.941,0.893,0.014,0.715
0.0,0.88,0.872,0.093,0.458,0.332,0.595,0.919,0.469,0.742,0.831,0.008,0.035,0.688,0.227,0.025,0.35,0.381,0.675,0.725,0.191,0.114,0.63,0.989,0.064,0.219,0.985,0.113,0.993,0.217,0.858,0.032,0.525,0.308,0.755,0.43,0.67,0.898,0.253,0.412,0.68
0.0,0.793,0.588,0.972,0.892,0.943,0.614,0.675,0.108,0.569,0.162,0.529,0.811,0.224,0.565,0.795,0.271,0.177,0.985,0.611,0.175,0.693,0.193,0.508,0.305,0.47,0.792,0.275,0.104,0.134,0.956,0.337,0.894,0.741,0.238,0.957,0.108,0.927,0.918,0.409,0.644
0.0,0.135,0.407,0.616,0.967,0.776,0.664,0.146,0.14,0.198,0.097,0.81,0.841,0.81,0.752,0.128,0.542,0.793,0.424,0.225,0.563,0.974,0.526,0.96,0.934,0.685,0.48,0.247,0.604,0.689,0.516,0.134,0.592,0.902,0.039,0.781,0.899,0.49,0.974,0.556,0.235
0.0,0.704,0.208,0.09,0.141,0.143,0.818,0.452,0.487,0.567,0.939,0.122,0.907,0.267,0.675,0.174,0.255,0.742,0.383,0.722,0.657,0.274,0.108,0.094,0.374,0.45,0.206,0.258,0.623,0.597,0.789,0.227,0.687,0.847,0.473,0.895,0.09,0.195,0.42,0.033,0.365
0.0,0.848,0.821,0.996,0.31,0.208,0.728,0.026,0.311,0.446,0.823,0.869,0.275,0.588,0.91,0.238,0.509,0.736,0.469,0.196,0.487,0.772,0.488,0.184,0.609,0.146,0.302,0.093,0.305,0.871,0.329,0.378,0.102,0.729,0.329,0.55,0.738,0.478,0.999,0.828,0.906
1.0,0.089,0.925,0.476,0.551,0.505,0.352,0.257,0.855,0.436,0.931,0.031,0.266,0.394,0.456,0.315,0.903,0.664,0.833,0.843,0.73,0.739,0.131,0.317,0.2,0.534,0.099,0.058,0.133,0.736,0.667,0.111,0.349,0.164,0.3,0.752,0.73,0.091,0.867,0.768,0.355
1.0,0.723,0.616,0.408,0.861,0.801,0.894,0.581,0.075,0.225,0.273,0.119,0.088,0.242,0.198,0.098,0.198,0.633,0.322,0.731,0.138,0.617,0.867,0.245,0.225,0.161,0.125,0.648,0.354,0.438,0.011,0.268,0.531,0.958,0.631,0.637,0.921,0.352,0.32,0.644,0.758
0.0,0.392,0.889,0.919,0.782,0.567,0.695,0.672,0.159,0.308,0.178,0.066,0.922,0.614,0.709,0.329,0.164,0.763,0.598,0.982,0.62,0.265,0.548,0.079,0.854,0.167,0.989,0.226,0.645,0.37,0.783,0.584,0.115,0.596,0.635,0.13,0.889,0.218,0.105,0.29,0.197
1.0,0.583,0.352,0.892,0.606,0.05,0.647,0.457,0.176,0.01,0.013,0.315,0.563,0.147,0.58,0.555,0.249,0.518,0.311,0.916,0.099,0.373,0.778,0.583,0.237,0.097,0.564,0.679,0.794,0.199,0.281,0.151,0.2,0.532,0.934,0.807,0.469,0.099,0.551,0.674,0.835
0.0,0.75,0.999,0.079,0.584,0.143,0.137,0.578,0.981,0.828,0.238,0.209,0.929,0.358,0.662,0.869,0.994,0.864,0.209,0.16,0.18,0.346,0.166,0.56,0.441,0.026,0.106,0.766,0.654,0.59,0.055,0.0,0.596,0.341,0.95,0.859,0.931,0.233,0.404,0.447,0.034
1.0,0.603,0.904,0.965,0.873,0.709,0.716,0.001,0.373,0.059,0.554,0.092,0.548,0.866,0.124,0.792,0.081,0.573,0.474,0.316,0.586,0.131,0.098,0.14,0.803,0.104,0.626,0.483,0.43,0.474,0.154,0.783,0.48,0.466,0.341,0.568,0.051,0.548,0.879,0.355,0.535
1.0,0.443,0.12,0.653,0.853,0.394,0.194,0.049,0.983,0.218,0.432,0.797,0.74,0.595,0.147,0.538,0.296,0.193,0.042,0.241,0.071,0.071,0.363,0.627,0.698,0.735,0.419,0.51,0.465,0.288,0.261,0.191,0.472,0.537,0.566,0.4,0.646,0.252,0.42,0.484,0.442
1.0,0.772,0.042,0.7,0.665,0.342,0.864,0.161,0.342,0.782,0.465,0.515,0.627,0.751,0.101,0.837,0.735,0.57,0.549,0.093,0.526,0.648,0.737,0.004,0.0,0.543,0.117,0.447,0.273,0.968,0.014,0.256,0.207,0.372,0.862,0.201,0.266,0.952,0.677,0.685,0.737
1.0,0.759,0.628,0.087,0.086,0.769,0.062,0.941,0.185,0.76,0.056,0.229,0.283,0.737,0.527,0.254,0.174,0.495,0.115,0.203,0.341,0.512,0.565,0.146,0.113,0.963,0.248,0.072,0.548,0.621,0.157,0.052,0.584,0.678,0.981,0.446,0.909,0.961,0.984,0.31,0.635
0.0,0.633,0.125,0.272,0.365,0.909,0.053,0.291,0.924,0.194,0.178,0.128,0.513,0.966,0.562,0.329,0.799,0.649,0.725,0.355,0.389,0.258,0.614,0.658,0.88,0.312,0.853,0.613,0.124,0.439,0.186,0.973,0.69,0.069,0.717,0.145,0.46,0.039,0.907,0.387,0.628
0.0,0.887,0.166,0.829,0.258,0.898,0.651,0.196,0.207,0.114,0.521,0.502,0.374,0.908,0.306,0.293,0.128,0.717,0.092,0.964,0.235,0.181,0.581,0.97,0.648,0.759,0.459,0.674,0.241,0.482,0.86,0.72,0.692,0.877,0.164,0.811,0.776,0.471,0.49,0.917,0.3
0.0,0.556,0.461,0.547,0.576,0.777,0.122,0.749,0.019,0.112,0.24,0.63,0.86,0.787,0.473,0.046,0.243,0.607,0.809,0.303,0.715,0.214,0.383,0.121,0.935,0.133,0.125,0.562,0.16,0.792,0.024,0.785,0.12,0.13,0.629,0.532,0.747,0.058,0.318,0.145,0.999
1.0,0.829,0.958,0.225,0.158,0.57,0.604,0.994,0.454,0.216,0.536,0.576,0.573,0.048,0.41,0.002,0.954,0.972,0.962,0.012,0.306,0.196,0.479,0.688,0.516,0.684,0.026,0.668,0.061,0.06,0.178,0.55,0.394,0.04,0.671,0.217,0.781,0.244,0.957,0.417,0.86
0.0,0.339,0.332,0.846,0.23,0.801,0.111,0.698,0.209,0.297,0.884,0.287,0.286,0.17,0.423,0.471,0.626,0.515,0.684,0.636,0.02,0.402,0.962,0.936,0.62,0.794,0.174,0.774,0.261,0.514,0.436,0.944,0.742,0.277,0.457,0.121,0.5,0.568,0.382,0.152,0.976
0.0,0.234,0.516,0.17,0.463,0.949,0.001,0.555,0.257,0.211,0.221,0.615,0.568,0.427,0.363,0.35,0.471,0.929,0.494,0.247,0.504,0.651,0.479,0.289,0.802,0.227,0.302,0.752,0.012,0.349,0.948,0.045,0.789,0.349,0.212,0.923,0.96,0.041,0.835,0.411,0.112
1.0,0.632,0.187,0.841,0.393,0.609,0.182,0.636,0.408,0.449,0.142,0.339,0.483,0.799,0.954,0.07,0.778,0.047,0.433,0.081,0.798,0.841,0.839,0.32,0.384,0.969,0.066,0.934,0.836,0.601,0.541,0.705,0.421,0.813,0.436,0.119,0.298,0.601,0.385,0.82,0.34
0.0,0.524,0.686,0.962,0.786,0.409,0.767,0.365,0.301,0.964,0.687,0.787,0.994,0.901,0.021,0.906,0.304,0.69,0.333,0.897,0.239,0.818,0.926,0.137,0.89,0.616,0.196,0.449,0.822,0.749,0.457,0.783,0.226,0.539,0.248,0.983,0.298,0.945,0.35,0.112,0.02
0.0,0.64,0.347,0.766,0.247,0.906,0.251,0.594,0.388,0.977,0.182,0.211,0.882,0.066,0.116,0.08,0.663,0.482,0.405,0.231,0.289,0.828,0.465,0.876,0.843,0.552,0.37,0.302,0.219,0.989,0.959,0.211,0.924,0.205,0.102,0.357,0.014,0.236,0.208,0.836,0.826
1.0,0.098,0.048,0.849,0.209,0.695,0.131,0.981,0.013,0.598,0.359,0.215,0.117,0.242,1.0,0.918,0.646,0.729,0.135,0.398,0.668,0.42,0.312,0.313,0.72,0.95,0.884,0.056,0.471,0.59,0.376,0.548,0.848,0.592,0.776,0.41,0.498,0.308,0.023,0.663,0.407
1.0,0.314,0.44,0.161,0.88,0.279,0.805,0.734,0.185,0.207,0.262,0.99,0.709,0.1,0.768,0.859,0.275,0.042,0.737,0.343,0.473,0.711,0.257,0.523,0.38,0.849,0.075,0.788,0.222,0.885,0.159,0.722,0.121,0.848,0.381,0.194,0.834,0.245,0.654,0.354,0.912
0.0,0.332,0.588,0.275,0.223,0.217,0.853,0.358,0.395,0.424,0.211,0.837,0.969,0.727,0.194,0.766,0.395,0.802,0.353,0.501,0.338,0.757,0.472,0.739,0.965,0.775,0.574,0.783,0.596,0.156,0.887,0.68,0.303,0.59,0.37,0.899,0.945,0.189,0.581,0.129,0.252
0.0,0.885,0.904,0.694,0.316,0.545,0.08,0.754,0.532,0.26,0.135,0.59,0.314,0.451,0.602,0.547,0.847,0.318,0.773,0.762,0.758,0.743,0.858,0.962,0.52,0.727,0.47,0.494,0.763,0.72,0.266,0.364,0.308,0.003,0.4,0.724,0.883,0.194,0.065,0.472,0.752
0.0,0.819,0.196,0.109,0.601,0.469,0.392,0.327,0.51,0.616,0.25,0.148,0.825,0.825,0.946,0.846,0.349,0.908,0.149,0.773,0.615,0.841,0.115,0.553,0.457,0.692,0.661,0.104,0.155,0.802,0.69,0.741,0.535,0.907,0.002,0.096,0.546,0.475,0.264,0.692,0.307
0.0,0.651,0.84,0.094,0.856,0.057,0.518,0.979,0.608,0.786,0.476,0.66,0.987,0.085,0.084,0.549,0.016,0.504,0.128,0.527,0.804,0.0,0.548,0.298,0.222,0.253,0.481,0.855,0.054,0.34,0.553,0.974,0.176,0.208,0.109,0.727,0.954,0.129,0.098,0.134,0.343
1.0,0.298,0.685,0.733,0.999,0.309,0.58,0.44,0.956,0.532,0.892,0.592,0.642,0.081,0.051,0.575,0.807,0.3,0.736,0.726,0.732,0.433,0.04,0.493,0.247,0.388,0.556,0.183,0.375,0.368,0.691,0.774,0.991,0.592,0.289,0.745,0.815,0.831,0.32,0.658,0.822
1.0,0.527,0.155,0.245,0.712,0.419,0.92,0.367,0.471,0.575,0.078,0.928,0.268,0.027,0.271,0.643,0.618,0.643,0.651,0.174,0.953,0.805,0.455,0.086,0.84,0.687,0.3,0.477,0.669,0.994,0.824,0.988,0.967,0.587,0.678,0.691,0.693,0.351,0.852,0.164,0.087
0.0,0.252,0.972,0.599,0.583,0.994,0.9,0.099,0.102,0.346,0.222,0.166,0.898,0.437,0.588,0.777,0.189,0.564,0.773,0.721,0.144,0.197,0.85,0.493,0.112,0.248,0.017,0.942,0.101,0.236,0.483,0.889,0.013,0.936,0.425,0.016,0.555,0.124,0.608,0.713,0.094
1.0,0.044,0.423,0.818,0.65,0.209,0.566,0.338,0.221,0.599,0.857,0.615,0.612,0.338,0.472,0.708,0.798,0.451,0.518,0.584,0.329,0.86,0.031,0.506,0.284,0.046,0.445,0.918,0.263,0.86,0.805,0.206,0.765,0.606,0.797,0.342,0.745,0.027,0.726,0.887,0.824
0.0,0.027,0.24,0.422,0.828,0.193,0.823,0.241,0.568,0.731,0.206,0.66,0.983,0.125,0.538,0.371,0.439,0.22,0.574,0.744,0.56,0.042,0.633,0.125,0.371,0.73,0.54,0.227,0.034,0.269,0.33,0.895,0.967,0.286,0.633,0.067,0.254,0.682,0.717,0.263,0.096
1.0,0.422,0.238,0.1,0.034,0.116,0.44,0.599,0.457,0.948,0.641,0.673,0.419,0.536,0.729,0.62,0.751,0.16,0.191,0.726,0.716,0.651,0.403,0.192,0.67,0.171,0.375,0.629,0.708,0.86,0.003,0.965,0.911,0.611,0.829,0.459,0.801,0.58,0.964,0.772,0.951
0.0,0.462,0.415,0.419,0.428,0.664,0.613,0.134,0.301,0.397,0.974,0.233,0.73,0.639,0.3,0.275,0.759,0.417,0.924,0.935,0.46,0.944,0.987,0.783,0.642,0.92,0.089,0.156,0.851,0.96,0.271,0.804,0.999,0.803,0.939,0.899,0.744,0.987,0.785,0.123,0.31
0.0,0.776,0.035,0.376,0.105,0.323,0.07,0.783,0.113,0.387,0.993,0.569,0.183,0.857,0.109,0.629,0.567,0.354,0.38,0.488,0.043,0.554,0.529,0.981,0.389,0.066,0.629,0.125,0.876,0.584,0.624,0.049,0.935,0.138,0.902,0.53,0.528,0.484,0.361,0.876,0.677
1.0,0.711,0.012,0.543,0.375,0.767,0.98,0.198,0.784,0.857,0.604,0.392,0.337,0.425,0.564,0.5,0.89,0.951,0.299,0.282,0.387,0.468,0.966,0.708,0.836,0.36,0.787,0.564,0.919,0.412,0.216,0.923,0.499,0.389,0.775,0.609,0.936,0.056,0.515,0.471,0.357
0.0,0.611,0.4,0.522,0.994,0.329,0.454,0.68,0.244,0.576,0.358,0.118,0.223,0.274,0.715,0.025,0.118,0.555,0.785,0.502,0.37,0.606,0.965,0.791,0.273,0.962,0.938,0.987,0.223,0.306,0.316,0.799,0.476,0.324,0.721,0.972,0.577,0.667,0.369,0.69,0.051
1.0,0.626,0.969,0.067,0.765,0.574,0.163,0.475,0.006,0.864,0.923,0.762,0.679,0.527,0.984,0.397,0.258,0.938,0.388,0.561,0.869,0.106,0.286,0.584,0.842,0.023,0.63,0.501,0.133,0.949,0.663,0.739,0.719,0.514,0.109,0.721,0.292,0.511,0.737,0.8,0.913
0.0,0.172,0.254,0.786,0.66,0.14,0.033,0.172,0.832,0.978,0.245,0.06,0.82,0.819,0.642,0.975,0.974,0.808,0.11,0.185,0.996,0.843,0.528,0.257,0.365,0.56,0.088,0.178,0.526,0.483,0.169,0.823,0.86,0.521,0.644,0.414,0.579,0.374,0.075,0.936,0.018
1.0,0.186,0.697,0.466,0.944,0.306,0.02,0.269,0.68,0.257,0.048,0.8,0.353,0.916,0.255,0.94,0.834,0.385,0.733,0.684,0.193,0.61,0.953,0.206,0.412,0.975,0.263,0.085,0.178,0.057,0.491,0.367,0.99,0.418,0.371,0.443,0.106,0.047,0.866,0.772,0.514
1.0,0.687,0.332,0.024,0.687,0.727,0.373,0.413,0.672,0.256,0.442,0.799,0.453,0.816,0.258,0.05,0.931,0.501,0.459,0.611,0.523,0.73,0.558,0.044,0.576,0.796,0.038,0.733,0.171,0.541,0.008,0.658,0.433,0.013,0.429,0.639,0.869,0.123,0.364,0.594,0.672
0.0,0.726,0.602,0.009,0.359,0.76,0.324,0.112,0.116,0.649,0.173,0.502,0.554,0.973,0.746,0.74,0.964,0.256,0.32,0.571,0.049,0.126,0.019,0.769,0.303,0.857,0.038,0.061,0.442,0.641,0.728,0.915,0.681,0.448,0.747,0.876,0.229,0.118,0.686,0.077,0.774
1.0,0.165,0.91,0.18,0.529,0.251,0.214,0.763,0.772,0.811,0.521,0.881,0.472,0.932,0.231,0.391,0.597,0.076,0.188,0.468,0.279,0.799,0.301,0.049,0.615,0.854,0.37,0.49,0.122,0.69,0.645,0.568,0.696,0.947,0.049,0.419,0.491,0.799,0.856,0.199,0.026
0.0,0.471,0.097,0.629,0.045,0.523,0.649,0.739,0.441,0.443,0.464,0.908,0.552,0.863,0.637,0.117,0.497,0.868,0.716,0.998,0.068,0.176,0.379,0.785,0.357,0.135,0.218,0.891,0.463,0.269,0.781,0.017,0.34,0.286,0.87,0.051,0.599,0.958,0.062,0.07,0.945
0.0,0.686,0.879,0.699,0.143,0.602,0.154,0.306,0.719,0.9,0.545,0.387,0.941,0.008,0.189,0.088,0.905,0.907,0.597,0.773,0.16,0.627,0.263,0.578,0.016,0.313,0.21,0.009,0.81,0.17,0.464,0.833,0.885,0.143,0.622,0.096,0.831,0.64,0.132,0.568,0.008
1.0,0.977,0.378,0.672,0.353,0.562,0.204,0.675,0.314,0.048,0.432,0.151,0.137,0.039,0.174,0.222,0.843,0.538,0.368,0.105,0.543,0.996,0.742,0.461,0.28,0.384,0.077,0.697,0.639,0.464,0.958,0.806,0.32,0.417,0.332,0.044,0.161,0.23,0.571,0.748,0.634
1.0,0.074,0.818,0.934,0.406,0.038,0.162,0.605,0.222,0.204,0.059,0.213,0.346,0.724,0.58,0.244,0.288,0.014,0.083,0.342,0.663,0.954,0.972,0.649,0.196,0.368,0.703,0.114,0.627,0.37,0.599,0.425,0.493,0.286,0.688,0.312,0.648,0.082,0.58,0.264,0.722
0.0,0.503,0.2,0.308,0.459,0.722,0.297,0.109,0.081,0.15,0.761,0.022,0.914,0.772,0.539,0.61,0.638,0.745,0.78,0.842,0.77,0.651,0.093,0.29,0.826,0.649,0.524,0.131,0.822,0.691,0.156,0.353,0.991,0.35,0.078,0.199,0.865,0.868,0.409,0.016,0.495
1.0,0.326,0.83,0.164,0.274,0.812,0.691,0.357,0.334,0.025,0.245,0.048,0.02,0.77,0.25,0.302,0.924,0.49,0.765,0.264,0.241,0.32,0.908,0.212,0.314,0.725,0.216,0.709,0.63,0.911,0.74,0.264,0.69,0.029,0.525,0.136,0.605,0.768,0.212,0.584,0.257
0.0,0.415,0.728,0.712,0.411,0.199,0.513,0.436,0.213,0.436,0.658,0.735,0.871,0.937,0.311,0.27,0.908,0.074,0.295,0.794,0.952,0.202,0.516,0.482,0.839,0.711,0.343,0.351,0.868,0.576,0.812,0.879,0.054,0.86,0.535,0.831,0.802,0.628,0.831,0.939,0.009
0.0,0.467,0.66,0.021,0.469,0.361,0.744,0.648,0.466,0.131,0.317,0.022,0.805,0.238,0.689,0.152,0.976,0.558,0.94,0.321,0.53,0.35,0.481,0.063,0.45,0.397,0.26,0.201,0.449,0.898,0.49,0.34,0.713,0.647,0.444,0.333,0.357,0.634,0.455,0.922,0.685
0.0,0.427,0.653,0.205,0.547,0.475,0.499,0.854,0.028,0.021,0.962,0.085,0.451,0.786,0.301,0.608,0.292,0.428,0.812,0.88,0.906,0.836,0.687,0.797,0.3,0.03,0.469,0.026,0.422,0.07,0.547,0.917,0.517,0.456,0.873,0.353,0.229,0.615,0.324,0.568,0.34
1.0,0.567,0.431,0.482,0.73,0.174,0.324,0.742,0.566,0.236,0.657,0.29,0.211,0.199,0.631,0.145,0.43,0.856,0.991,0.744,0.363,0.361,0.628,0.553,0.025,0.867,0.548,0.082,0.289,0.358,0.977,0.626,0.106,0.252,0.412,0.523,0.553,0.108,0.192,0.959,0.668
0.0,0.766,0.924,0.052,0.595,0.307,0.125,0.738,0.777,0.253,0.74,0.242,0.451,0.765,0.239,0.334,0.002,0.039,0.771,0.441,0.858,0.694,0.987,0.267,0.548,0.169,0.884,0.57,0.237,0.898,0.787,0.507,0.525,0.632,0.395,0.829,0.932,0.388,0.608,0.07,0.832
0.0,0.413,0.935,0.604,0.631,0.307,0.853,0.46,0.815,0.395,0.841,0.543,0.716,0.903,0.492,0.084,0.075,0.614,0.71,0.172,0.647,0.616,0.054,0.116,0.074,0.211,0.78,0.08,0.585,0.093,0.677,0.16,0.534,0.626,0.284,0.877,0.774,0.757,0.857,0.456,0.859
0.0,0.585,0.413,0.13,0.819,0.313,0.866,0.134,0.25,0.959,0.276,0.777,0.326,0.839,0.419,0.608,0.435,0.135,0.239,0.091,0.262,0.414,0.993,0.989,0.873,0.434,0.55,0.428,0.848,0.377,0.056,0.786,0.081,0.066,0.61,0.076,0.708,0.439,0.363,0.71,0.203
1.0,0.953,0.926,0.466,0.139,0.808,0.301,0.226,0.291,0.462,0.909,0.975,0.222,0.409,0.587,0.276,0.451,0.821,0.508,0.827,0.379,0.344,0.154,0.392,0.956,0.678,0.458,0.561,0.093,0.205,0.788,0.567,0.518,0.503,0.009,0.159,0.722,0.2,0.712,0.945,0.676
0.0,0.781,0.254,0.119,0.134,0.47,0.072,0.495,0.908,0.228,0.422,0.408,0.778,0.731,0.0,0.451,0.163,0.699,0.741,0.784,0.431,0.896,0.879,0.951,0.429,0.461,0.213,0.707,0.916,0.353,0.447,0.753,0.93,0.505,0.012,0.764,0.295,0.819,0.103,0.292,0.272
0.0,0.216,0.259,0.183,0.459,0.87,0.637,0.094,0.563,0.01,0.475,0.574,0.964,0.268,0.935,0.683,0.635,0.211,0.037,0.839,0.759,0.711,0.295,0.995,0.052,0.871,0.635,0.237,0.523,0.093,0.934,0.63,0.929,0.536,0.394,0.877,0.829,0.053,0.254,0.657,0.793
0.0,0.849,0.856,0.434,0.161,0.91,0.526,0.075,0.327,0.614,0.408,0.177,0.616,0.158,0.026,0.523,0.945,0.442,0.235,0.95,0.458,0.135,0.346,0.626,0.58,0.277,0.195,0.019,0.607,0.549,0.834,0.897,0.287,0.618,0.18,0.068,0.326,0.808,0.118,0.942,0.529
0.0,0.676,0.346,0.436,0.11,0.223,0.238,0.403,0.891,0.644,0.626,0.692,0.009,0.018,0.002,0.218,0.414,0.921,0.751,0.463,0.805,0.083,0.227,0.859,0.643,0.277,0.817,0.43,0.059,0.955,0.48,0.54,0.259,0.479,0.782,0.819,0.641,0.877,0.86,0.645,0.163
1.0,0.363,0.761,0.428,0.118,0.654,0.741,0.72,0.442,0.435,0.9,0.831,0.232,0.835,0.502,0.342,0.853,0.271,0.153,0.266,0.624,0.579,0.801,0.305,0.512,0.579,0.106,0.231,0.244,0.249,0.033,0.968,0.19,0.484,0.757,0.131,0.165,0.981,0.403,0.381,0.323
1.0,0.385,0.741,0.997,0.299,0.181,0.076,0.987,0.826,0.916,0.774,0.473,0.376,0.325,0.723,0.264,0.365,0.852,0.213,0.714,0.254,0.101,0.595,0.255,0.013,0.135,0.198,0.79,0.807,0.019,0.638,0.59,0.376,0.852,0.91,0.598,0.525,0.559,0.973,0.922,0.88
0.0,0.41,0.704,0.447,0.893,0.455,0.428,0.347,0.575,0.287,0.752,0.478,0.961,0.91,0.899,0.306,0.276,0.491,0.316,0.903,0.471,0.792,0.143,0.266,0.973,0.608,0.737,0.353,0.637,0.296,0.882,0.283,0.411,0.105,0.8,0.991,0.654,0.79,0.31,0.558,0.021
1.0,0.667,0.533,0.283,0.801,0.324,0.992,0.551,0.381,0.575,0.236,0.411,0.699,0.515,0.074,0.774,0.416,0.448,0.391,0.805,0.671,0.228,0.847,0.689,0.332,0.715,0.842,0.665,0.015,0.095,0.524,0.612,0.517,0.353,0.268,0.495,0.837,0.344,0.791,0.09,0.512
1.0,0.736,0.298,0.24,0.446,0.547,0.002,0.661,0.349,0.206,0.264,0.007,0.769,0.845,0.267,0.886,0.457,0.491,0.445,0.071,0.49,0.358,0.481,0.739,0.914,0.706,0.253,0.266,0.361,0.811,0.327,0.518,0.554,0.748,0.419,0.05,0.238,0.337,0.488,0.577,0.221
0.0,0.284,0.262,0.126,0.226,0.333,0.681,0.265,0.406,0.436,0.518,0.254,0.164,0.541,0.029,0.442,0.25,0.69,0.494,0.647,0.521,0.961,0.047,0.954,0.184,0.092,0.119,0.849,0.402,0.305,0.344,0.834,0.032,0.685,0.584,0.949,0.537,0.03,0.832,0.895,0.43
0.0,0.709,0.576,0.369,0.936,0.964,0.263,0.53,0.427,0.255,0.038,0.568,0.39,0.381,0.768,0.476,0.72,0.584,0.748,0.071,0.18,0.182,0.949,0.765,0.854,0.44,0.56,0.678,0.007,0.27,0.913,0.029,0.402,0.956,0.015,0.53,0.938,0.793,0.179,0.704,0.454
0.0,0.394,0.446,0.39,0.771,0.476,0.726,0.289,0.959,0.51,0.739,0.511,0.644,0.414,0.117,0.423,0.093,0.795,0.265,0.734,0.958,0.432,0.308,0.983,0.517,0.851,0.831,0.896,0.094,0.555,0.353,0.269,0.341,0.957,0.45,0.631,0.565,0.911,0.041,0.366,0.343
0.0,0.93,0.957,0.325,0.874,0.069,0.153,0.613,0.101,0.102,0.137,0.933,0.762,0.377,0.89,0.752,0.568,0.219,0.604,0.455,0.158,0.284,0.205,0.787,0.236,0.132,0.786,0.544,0.611,0.867,0.9,0.147,0.433,0.699,0.67,0.212,0.594,0.955,0.825,0.694,0.703
1.0,0.177,0.232,0.599,0.53,0.809,0.555,0.065,0.036,0.205,0.063,0.46,0.27,0.305,0.623,0.615,0.089,0.773,0.908,0.208,0.541,0.253,0.284,0.292,0.845,0.899,0.22,0.376,0.013,0.55,0.653,0.903,0.991,0.476,0.155,0.645,0.817,0.275,0.164,0.268,0.347
0.0,0.374,0.684,0.479,0.203,0.379,0.367,0.566,0.341,0.353,0.234,0.951,0.578,0.329,0.806,0.384,0.551,0.651,0.214,0.924,0.022,0.97,0.93,0.924,0.153,0.528,0.782,0.265,0.173,0.196,0.987,0.055,0.519,0.166,0.501,0.713,0.549,0.17,0.467,0.011,0.328
1.0,0.651,0.448,0.032,0.989,0.539,0.903,0.301,0.322,0.158,0.146,0.883,0.402,0.476,0.995,0.893,0.61,0.604,0.804,0.782,0.586,0.875,0.324,0.252,0.067,0.133,0.652,0.219,0.153,0.152,0.714,0.091,0.623,0.145,0.836,0.267,0.78,0.669,0.818,0.537,0.438
0.0,0.385,0.584,0.651,0.575,0.935,0.834,0.428,0.006,0.435,0.511,0.338,0.898,0.317,0.104,0.496,0.459,0.435,0.664,0.624,0.953,0.474,0.962,0.136,0.041,0.002,0.958,0.126,0.132,0.998,0.403,0.09,0.353,0.76,0.241,0.342,0.61,0.816,0.484,0.927,0.557
0.0,0.218,0.613,0.419,0.203,0.958,0.558,0.046,0.425,0.185,0.24,0.404,0.822,0.544,0.928,0.321,0.458,0.583,0.567,0.092,0.299,0.619,0.79,0.64,0.036,0.401,0.35,0.457,0.517,0.715,0.168,0.063,0.241,0.194,0.999,0.764,0.22,0.461,0.88,0.082,0.625
0.0,0.713,0.774,0.748,0.953,0.255,0.362,0.212,0.997,0.692,0.212,0.159,0.434,0.512,0.775,0.322,0.554,0.254,0.93,0.671,0.018,0.63,0.161,0.598,0.058,0.321,0.93,0.406,0.647,0.853,0.597,0.497,0.974,0.626,0.155,0.505,0.44,0.824,0.22,0.781,0.311
0.0,0.2,0.447,0.909,0.634,0.496,0.627,0.878,0.858,0.948,0.452,0.67,0.941,0.881,0.35,0.901,0.968,0.923,0.303,0.81,0.378,0.493,0.537,0.291,0.113,0.584,0.602,0.012,0.259,0.89,0.668,0.914,0.499,0.099,0.005,0.319,0.95,0.268,0.805,0.996,0.854
0.0,0.915,0.397,0.36,0.822,0.792,0.338,0.812,0.97,0.329,0.612,0.566,0.925,0.064,0.361,0.101,0.491,0.591,0.246,0.804,0.664,0.948,0.555,0.465,0.613,0.795,0.538,0.803,0.44,0.138,0.738,0.157,0.669,0.733,0.742,0.249,0.005,0.779,0.741,0.688,0.541
1.0,0.416,0.429,0.996,0.665,0.809,0.698,0.695,0.475,0.277,0.158,0.606,0.631,0.073,0.687,0.375,0.696,0.806,0.051,0.978,0.179,0.614,0.303,0.651,0.67,0.618,0.072,0.393,0.761,0.864,0.362,0.512,0.412,0.505,0.652,0.886,0.164,0.195,0.771,0.917,0.962
0.0,0.739,0.434,0.525,0.975,0.801,0.308,0.175,0.411,0.186,0.977,0.153,0.809,0.491,0.931,0.163,0.857,0.539,0.186,0.649,0.831,0.869,0.316,0.735,0.328,0.976,0.457,0.227,0.654,0.811,0.0,0.991,0.99,0.61,0.345,0.855,0.023,0.198,0.592,0.279,0.55
1.0,0.206,0.343,0.365,0.191,0.153,0.432,0.632,0.48,0.87,0.118,0.7,0.457,0.974,0.014,0.012,0.749,0.218,0.432,0.627,0.202,0.307,0.598,0.155,0.505,0.951,0.275,0.471,0.856,0.277,0.091,0.372,0.662,0.516,0.326,0.681,0.244,0.032,0.236,0.37,0.805
0.0,0.293,0.033,0.568,0.947,0.924,0.102,0.096,0.03,0.18,0.869,0.58,0.631,0.783,0.211,0.885,0.603,0.05,0.791,0.84,0.135,0.182,0.498,0.093,0.414,0.656,0.733,0.958,0.194,0.325,0.547,0.31,0.377,0.129,0.081,0.04,0.548,0.775,0.751,0.634,0.454
1.0,0.399,0.532,0.5,0.512,0.112,0.712,0.376,0.389,0.689,0.804,0.516,0.637,0.686,0.413,0.932,0.706,0.565,0.487,0.499,0.584,0.196,0.83,0.679,0.107,0.377,0.851,0.579,0.214,0.459,0.673,0.736,0.204,0.968,0.189,0.168,0.23,0.783,0.967,0.794,0.039
1.0,0.526,0.342,0.572,0.764,0.501,0.702,0.533,0.182,0.571,0.836,0.169,0.044,0.615,0.11,0.339,0.053,0.323,0.004,0.65,0.692,0.669,0.892,0.276,0.261,0.581,0.218,0.274,0.827,0.354,0.514,0.98,0.356,0.402,0.976,0.279,0.675,0.458,0.232,0.314,0.357
1.0,0.82,0.564,0.136,0.391,0.777,0.405,0.022,0.433,0.336,0.258,0.055,0.68,0.759,0.609,0.088,0.699,0.677,0.184,0.904,0.713,0.06,0.305,0.334,0.244,0.386,0.369,0.253,0.318,0.07,0.258,0.54,0.448,0.345,0.616,0.257,0.982,0.485,0.099,0.7,0.847
0.0,0.811,0.027,0.209,0.079,0.963,0.888,0.232,0.721,0.981,0.235,0.548,0.904,0.557,0.651,0.188,0.444,0.579,0.15,0.184,0.817,0.052,0.122,0.633,0.784,0.976,0.707,0.831,0.348,0.316,0.871,0.495,0.596,0.717,0.175,0.401,0.419,0.383,0.737,0.558,0.153
0.0,0.967,0.903,0.385,0.525,0.412,0.813,0.779,0.177,0.794,0.873,0.165,0.199,0.83,0.501,0.498,0.762,0.025,0.111,0.922,0.828,0.761,0.109,0.976,0.826,0.518,0.158,0.318,0.915,0.481,0.69,0.324,0.222,0.75,0.286,0.344,0.536,0.637,0.409,0.667,0.334
1.0,0.497,0.077,0.173,0.004,0.79,0.913,0.223,0.04,0.2,0.132,0.681,0.372,0.816,0.04,0.896,0.211,0.045,0.82,0.307,0.265,0.278,0.898,0.722,0.791,0.767,0.332,0.48,0.631,0.734,0.442,0.428,0.059,0.009,0.909,0.782,0.833,0.166,0.037,0.474,0.807
0.0,0.006,0.852,0.353,0.534,0.83,0.875,0.954,0.451,0.684,0.261,0.898,0.158,0.395,0.335,0.323,0.791,0.035,0.359,0.603,0.254,0.581,0.168,0.659,0.182,0.471,0.026,0.337,0.497,0.85,0.111,0.233,0.997,0.403,0.137,0.025,0.492,0.52,0.001,0.289,0.612
0.0,0.596,0.494,0.894,0.079,0.652,0.259,0.348,0.423,0.979,0.661,0.009,0.073,0.396,0.022,0.446,0.688,0.005,0.563,0.222,0.471,0.292,0.185,0.675,0.085,0.221,0.837,0.235,0.905,0.188,0.79,0.228,0.397,0.01,0.29,0.632,0.425,0.276,0.55,0.294,0.929
1.0,0.005,0.401,0.779,0.766,0.38,0.709,0.374,0.686,0.185,0.413,0.881,0.7,0.274,0.014,0.929,0.356,0.04,0.299,0.892,0.473,0.179,0.68,0.582,0.964,0.105,0.095,0.398,0.068,0.912,0.163,0.103,0.272,0.634,0.217,0.89,0.424,0.983,0.72,0.685,0.293
0.0,0.462,0.926,0.505,0.936,0.073,0.256,0.182,0.262,0.412,0.528,0.098,0.824,0.202,0.398,0.045,0.974,0.409,0.306,0.965,0.327,0.999,0.581,0.457,0.447,0.523,0.58,0.11,0.827,0.386,0.242,0.605,0.411,0.289,0.752,0.577,0.354,0.949,0.68,0.919,0.931
0.0,0.312,0.071,0.653,0.785,0.856,0.272,0.48,0.305,0.891,0.722,0.029,0.449,0.354,0.06,0.159,0.476,0.313,0.248,0.68,0.665,0.883,0.747,0.563,0.579,0.896,0.771,0.956,0.288,0.62,0.291,0.896,0.08,0.193,0.503,0.768,0.271,0.286,0.726,0.666,0.234
1.0,0.529,0.868,0.57,0.24,0.432,0.951,0.674,0.658,0.221,0.878,0.589,0.328,0.864,0.679,0.279,0.948,0.152,0.58,0.349,0.788,0.293,0.615,0.493,0.924,0.934,0.75,0.321,0.302,0.26,0.185,0.477,0.507,0.831,0.812,0.516,0.814,0.669,0.403,0.642,0.485
1.0,0.928,0.891,0.29,0.63,0.225,0.181,0.148,0.567,0.23,0.435,0.53,0.351,0.433,0.529,0.955,0.953,0.686,0.066,0.97,0.63,0.86,0.664,0.263,0.946,0.55,0.772,0.649,0.301,0.679,0.899,0.587,0.152,0.366,0.183,0.584,0.816,0.074,0.735,0.796,0.757
1.0,0.155,0.76,0.026,0.291,0.392,0.002,0.34,0.074,0.305,0.353,0.685,0.126,0.194,0.427,0.63,0.418,0.718,0.26,0.218,0.101,0.122,0.132,0.347,0.269,0.077,0.753,0.087,0.375,0.228,0.191,0.095,0.887,0.296,0.483,0.529,0.208,0.376,0.543,0.082,0.98
1.0,0.26,0.187,0.69,0.438,0.013,0.524,0.717,0.818,0.585,0.621,0.235,0.396,0.883,0.395,0.5,0.828,0.124,0.424,0.071,0.039,0.144,0.7,0.125,0.155,0.024,0.301,0.081,0.65,0.269,0.522,0.362,0.797,0.774,0.368,0.149,0.929,0.441,0.953,0.85,0.861
0.0,0.386,0.294,0.915,0.746,0.324,0.327,0.651,0.399,0.015,0.887,0.914,0.936,0.595,0.515,0.059,0.845,0.665,0.661,0.151,0.213,0.318,0.444,0.938,0.259,0.967,0.037,0.158,0.738,0.7,0.084,0.057,0.71,0.663,0.685,0.377,0.834,0.694,0.326,0.461,0.207
0.0,0.265,0.631,0.754,0.238,0.63,0.424,0.336,0.26,0.175,0.739,0.979,0.268,0.154,0.351,0.468,0.562,0.112,0.087,0.005,0.856,0.834,0.156,0.974,0.74,0.19,0.676,0.017,0.319,0.784,0.948,0.597,0.881,0.729,0.437,0.317,0.241,0.458,0.936,0.251,0.063
0.0,0.433,0.492,0.326,0.191,0.003,0.606,0.515,0.552,0.472,0.216,0.273,0.938,0.249,0.47,0.555,0.327,0.657,0.436,0.634,0.506,0.629,0.21,0.129,0.294,0.584,0.721,0.087,0.847,0.095,0.303,0.265,0.492,0.8,0.039,0.056,0.79,0.18,0.224,0.202,0.619
1.0,0.367,0.704,0.716,0.717,0.613,0.963,0.718,0.062,0.117,0.855,0.324,0.142,0.42,0.917,0.596,0.05,0.009,0.487,0.39,0.057,0.134,0.574,0.397,0.298,0.807,0.674,0.184,0.821,0.863,0.736,0.897,0.894,0.92,0.858,0.23,0.462,0.67,0.463,0.821,0.77
1.0,0.269,0.326,0.007,0.255,0.055,0.675,0.412,0.304,0.161,0.64,0.939,0.603,0.194,0.762,0.602,0.251,0.188,0.034,0.25,0.205,0.362,0.159,0.727,0.188,0.836,0.243,0.8,0.065,0.618,0.901,0.096,0.377,0.932,0.491,0.817,0.852,0.43,0.939,0.388,0.6
0.0,0.464,0.565,0.064,0.701,0.347,0.868,0.7,0.219,0.419,0.917,0.04,0.762,0.756,0.654,0.872,0.168,0.795,0.455,0.426,0.93,0.569,0.383,0.137,0.369,0.64,0.556,0.415,0.711,0.838,0.49,0.303,0.084,0.074,0.98,0.554,0.194,0.235,0.886,0.828,0.971
0.0,0.263,0.51,0.928,0.131,0.922,0.7,0.571,0.483,0.071,0.633,0.477,0.429,0.496,0.126,0.055,0.908,0.077,0.783,0.384,0.394,0.84,0.842,0.618,0.799,0.451,0.756,0.777,0.656,0.071,0.101,0.953,0.553,0.47,0.637,0.067,0.922,0.321,0.224,0.345,0.185
1.0,0.314,0.433,0.385,0.681,0.766,0.273,0.649,0.391,0.212,0.95,0.189,0.534,0.016,0.807,0.347,0.949,0.989,0.776,0.735,0.843,0.394,0.775,0.03,0.417,0.93,0.363,0.479,0.135,0.333,0.056,0.689,0.288,0.111,0.686,0.793,0.089,0.732,0.902,0.462,0.124
0.0,0.758,0.222,0.954,0.905,0.645,0.276,0.445,0.099,0.192,0.509,0.564,0.943,0.909,0.665,0.78,0.917,0.502,0.901,0.706,0.681,0.316,0.276,0.292,0.021,0.055,0.18,0.967,0.676,0.614,0.134,0.373,0.332,0.743,0.41,0.932,0.985,0.82,0.815,0.351,0.512
0.0,0.452,0.576,0.318,0.307,0.722,0.398,0.865,0.355,0.272,0.433,0.089,0.121,0.319,0.191,0.223,0.716,0.527,0.421,0.244,0.951,0.155,0.92,0.971,0.673,0.396,0.099,0.408,0.66,0.144,0.648,0.68,0.842,0.07,0.518,0.997,0.424,0.571,0.684,0.169,0.878
1.0,0.309,0.518,0.396,0.402,0.34,0.303,0.097,0.339,0.755,0.723,0.756,0.65,0.786,0.063,0.583,0.368,0.767,0.609,0.732,0.163,0.288,0.909,0.951,0.088,0.776,0.11,0.839,0.116,0.204,0.498,0.405,0.87,0.225,0.9,0.991,0.901,0.46,0.537,0.316,0.513
0.0,0.873,0.686,0.816,0.227,0.887,0.77,0.552,0.132,0.219,0.773,0.606,0.137,0.293,0.117,0.918,0.252,0.313,0.029,0.354,0.541,0.636,1.0,0.429,0.885,0.62,0.945,0.107,0.739,0.048,0.387,0.877,0.595,0.037,0.861,0.113,0.85,0.47,0.205,0.699,0.277
0.0,0.545,0.495,0.616,0.407,0.013,0.325,0.694,0.088,0.126,0.846,0.749,0.972,0.27,0.173,0.08,0.034,0.531,0.741,0.932,0.022,0.687,0.737,0.492,0.936,0.42,0.648,0.154,0.023,0.598,0.724,0.66,0.944,0.623,0.579,0.338,0.402,0.599,0.167,0.013,0.26
0.0,0.855,0.788,0.37,0.475,0.831,0.107,0.409,0.822,0.785,0.628,0.592,0.474,0.925,0.169,0.5,0.301,0.792,0.733,0.238,0.084,0.185,0.782,0.798,0.158,0.621,0.207,0.759,0.227,0.377,0.525,0.301,0.458,0.901,0.176,0.972,0.419,0.45,0.914,0.06,0.13
1.0,0.94,0.629,0.954,0.77,0.611,0.446,0.163,0.912,0.393,0.408,0.13,0.084,0.066,0.987,0.554,0.147,0.097,0.919,0.486,0.717,0.823,0.8,0.149,0.518,0.185,0.609,0.952,0.728,0.93,0.28,0.959,0.742,0.074,0.131,0.237,0.617,0.973,0.985,0.895,0.996
0.0,0.214,0.878,0.658,0.638,0.637,0.779,0.756,0.325,0.352,0.47,0.032,0.133,0.693,0.939,0.036,0.253,0.722,0.464,0.314,0.762,0.803,0.779,0.887,0.714,0.558,0.193,0.09,0.534,0.107,0.506,0.792,0.073,0.369,0.574,0.029,0.368,0.73,0.689,0.607,0.586
1.0,0.691,0.845,0.742,0.954,0.366,0.551,0.601,0.739,0.492,0.153,0.999,0.603,0.655,0.348,0.406,0.093,0.509,0.235,0.243,0.727,0.518,0.808,0.651,0.95,0.821,0.511,0.674,0.719,0.861,0.188,0.407,0.708,0.588,0.875,0.015,0.926,0.571,0.28,0.148,0.005
0.0,0.815,0.499,0.529,0.946,0.999,0.546,0.921,0.602,0.752,0.122,0.134,0.256,0.522,0.284,0.738,0.087,0.229,0.453,0.503,0.403,0.709,0.612,0.015,0.309,0.044,0.537,0.91,0.448,0.331,0.546,0.113,0.869,0.405,0.382,0.636,0.144,0.174,0.887,0.485,0.789
0.0,0.809,0.574,0.932,0.044,0.342,0.231,0.389,0.23,0.361,0.165,0.101,0.709,0.224,0.544,0.638,0.37,0.401,0.268,0.898,0.166,0.985,0.65,0.886,0.417,0.199,0.709,0.321,0.519,0.694,0.679,0.761,0.223,0.417,0.622,0.296,0.571,0.394,0.533,0.953,0.817
0.0,0.906,0.657,0.208,0.011,0.287,0.076,0.584,0.476,0.392,0.291,0.335,0.748,0.654,0.176,0.777,0.675,0.791,0.049,0.97,0.111,0.935,0.504,0.159,0.957,0.027,0.847,0.973,0.231,0.779,0.461,0.113,0.017,0.148,0.865,0.671,0.466,0.696,0.416,0.226,0.847
1.0,0.588,0.71,0.068,0.968,0.734,0.268,0.674,0.678,0.951,0.758,0.461,0.384,0.389,0.033,0.613,0.965,0.026,0.144,0.802,0.11,0.144,0.913,0.3,0.505,0.324,0.099,0.811,0.724,0.189,0.113,0.079,0.795,0.589,0.899,0.899,0.084,0.763,0.541,0.91,0.409
0.0,0.787,0.344,0.458,0.959,0.092,0.598,0.701,0.776,0.458,0.056,0.18,0.022,0.86,0.153,0.234,0.098,0.067,0.647,0.207,0.822,0.917,0.415,0.808,0.687,0.434,0.539,0.959,0.663,0.839,0.837,0.208,0.997,0.575,0.304,0.45,0.547,0.494,0.69,0.756,0.924
1.0,0.734,0.626,0.66,0.201,0.117,0.884,0.535,0.739,0.414,0.041,0.035,0.295,0.851,0.556,0.345,0.716,0.986,0.856,0.693,0.591,0.498,0.541,0.477,0.758,0.239,0.445,0.736,0.458,0.94,0.579,0.634,0.557,0.478,0.803,0.785,0.499,0.846,0.553,0.93,0.128
0.0,0.714,0.503,0.305,0.555,0.39,0.304,0.218,0.722,0.907,0.73,0.419,0.778,0.756,0.908,0.708,0.6,0.032,0.792,0.906,0.406,0.891,0.342,0.056,0.604,0.383,0.238,0.47,0.109,0.991,0.337,0.671,0.153,0.768,0.648,0.288,0.332,0.373,0.521,0.085,0.277
1.0,0.169,0.885,0.949,0.906,0.671,0.102,0.852,0.603,0.257,0.543,0.588,0.392,0.752,0.923,0.942,0.396,0.562,0.584,0.995,0.098,0.817,0.64,0.732,0.872,0.048,0.322,0.571,0.494,0.085,0.133,0.837,0.776,0.367,0.098,0.041,0.663,0.821,0.624,0.46,0.209
1.0,0.973,0.215,0.116,0.317,0.285,0.09,0.159,0.183,0.444,0.948,0.993,0.252,0.19,0.957,0.231,0.585,0.778,0.558,0.02,0.748,0.365,0.004,0.129,0.405,0.45,0.954,0.1,0.776,0.164,0.968,0.206,0.868,0.017,0.962,0.25,0.382,0.041,0.614,0.808,0.871
0.0,0.314,0.263,0.738,0.417,0.948,0.233,0.626,0.622,0.358,0.43,0.163,0.026,0.436,0.382,0.49,0.758,0.081,0.575,0.13,0.893,0.452,0.07,0.206,0.783,0.563,0.717,0.875,0.622,0.657,0.813,0.534,0.625,0.298,0.227,0.122,0.419,0.378,0.732,0.867,0.02
1.0,0.317,0.109,0.737,0.927,0.487,0.216,0.883,0.714,0.524,0.984,0.8,0.191,0.466,0.174,0.745,0.911,0.113,0.538,0.253,0.572,0.664,0.842,0.992,0.278,0.741,0.682,0.931,0.853,0.897,0.272,0.291,0.332,0.856,0.147,0.281,0.028,0.331,0.336,0.086,0.396
1.0,0.366,0.211,0.694,0.439,0.657,0.22,0.161,0.088,0.434,0.939,0.989,0.423,0.709,0.311,0.014,0.833,0.321,0.436,0.142,0.899,0.32,0.895,0.102,0.819,0.026,0.875,0.19,0.713,0.21,0.477,0.3,0.613,0.925,0.75,0.945,0.453,0.1,0.656,0.406,0.223
1.0,0.276,0.333,0.752,0.767,0.386,0.939,0.059,0.774,0.086,0.061,0.552,0.142,0.563,0.005,0.721,0.265,0.416,0.542,0.454,0.472,0.225,0.324,0.194,0.201,0.085,0.83,0.591,0.096,0.251,0.033,0.09,0.159,0.503,0.796,0.947,0.465,0.6,0.638,0.109,0.535
1.0,0.432,0.338,0.43,0.977,0.011,0.095,0.178,0.689,0.974,0.611,0.274,0.317,0.238,0.953,0.549,0.259,0.105,0.456,0.207,0.021,0.05,0.746,0.514,0.544,0.211,0.589,0.345,0.041,0.909,0.363,0.965,0.041,0.767,0.788,0.392,0.793,0.265,0.919,0.64,0.705
0.0,0.613,0.201,0.18,0.312,0.249,0.627,0.145,0.865,0.022,0.995,0.346,0.936,0.739,0.758,0.954,0.34,0.263,0.414,0.376,0.189,0.549,0.774,0.005,0.718,0.854,0.763,0.77,0.616,0.051,0.021,0.79,0.459,0.804,0.977,0.142,0.575,0.639,0.181,0.483,0.073
1.0,0.024,0.122,0.828,0.705,0.626,0.546,0.066,0.138,0.346,0.474,0.853,0.599,0.303,0.408,0.42,0.496,0.595,0.163,0.843,0.043,0.804,0.398,0.696,0.259,0.26,0.935,0.213,0.59,0.851,0.568,0.189,0.986,0.458,0.443,0.894,0.669,0.216,0.292,0.407,0.218
0.0,0.615,0.217,0.566,0.906,0.753,0.485,0.293,0.823,0.967,0.987,0.623,0.909,0.103,0.96,0.854,0.996,0.311,0.422,0.617,0.402,0.933,0.48,0.023,0.524,0.575,0.445,0.309,0.527,0.014,0.672,0.975,0.156,0.052,0.399,0.517,0.288,0.171,0.775,0.817,0.47
0.0,0.88,0.492,0.933,0.415,0.729,0.983,0.365,0.03,0.034,0.784,0.839,0.973,0.687,0.506,0.555,0.219,0.054,0.037,0.475,0.813,0.831,0.963,0.77,0.819,0.64,0.465,0.085,0.584,0.631,0.333,0.621,0.372,0.99,0.139,0.842,0.501,0.442,0.091,0.607,0.236
1.0,0.782,0.428,0.513,0.162,0.636,0.551,0.648,0.861,0.042,0.562,0.761,0.715,0.95,0.288,0.913,0.961,0.127,0.249,0.6,0.608,0.153,0.601,0.995,0.831,0.656,0.261,0.424,0.801,0.366,0.179,0.253,0.584,0.296,0.019,0.788,0.665,0.021,0.935,0.936,0.707
1.0,0.542,0.295,0.558,0.791,0.644,0.521,0.459,0.556,0.39,0.047,0.547,0.321,0.328,0.873,0.892,0.4,0.943,0.114,0.654,0.186,0.162,0.246,0.608,0.087,0.427,0.428,0.625,0.1,0.421,0.017,0.231,0.371,0.423,0.91,0.753,0.72,0.692,0.206,0.887,0.648
0.0,0.378,0.832,0.882,0.827,0.7,0.075,0.566,0.59,0.352,0.454,0.031,0.57,0.893,0.248,0.922,0.407,0.471,0.429,0.031,0.696,0.414,0.426,0.8,0.448,0.523,0.025,0.731,0.253,0.655,0.161,0.114,0.376,0.75,0.635,0.219,0.108,0.122,0.679,0.848,0.512
1.0,0.159,0.157,0.034,0.744,0.262,0.122,0.605,0.215,0.112,0.963,0.956,0.264,0.443,0.712,0.785,0.423,0.989,0.739,0.242,0.859,0.005,0.142,0.614,0.158,0.122,0.625,0.236,0.911,0.864,0.577,0.513,0.216,0.207,0.415,0.394,0.247,0.16,0.33,0.675,0.319
0.0,0.807,0.544,0.408,0.399,0.068,0.522,0.387,0.866,0.745,0.261,0.508,0.998,0.377,0.388,0.354,0.898,0.207,0.783,0.535,0.766,0.709,0.909,0.25,0.917,0.295,0.433,0.028,0.975,0.205,0.286,0.733,0.121,0.742,0.114,0.386,0.348,0.371,0.855,0.052,0.724
0.0,0.672,0.795,0.371,0.106,0.928,0.346,0.356,0.265,0.747,0.631,0.525,0.098,0.314,0.518,0.001,0.472,0.436,0.041,0.434,0.028,0.754,0.818,0.117,0.014,0.048,0.359,0.421,0.285,0.168,0.613,0.671,0.929,0.845,0.997,0.586,0.324,0.075,0.409,0.263,0.391
1.0,0.385,0.431,0.908,0.686,0.641,0.579,0.395,0.917,0.495,0.677,0.433,0.133,0.19,0.407,0.278,0.103,0.95,0.43,0.682,0.138,0.444,0.081,0.31,0.225,0.741,0.684,0.021,0.942,0.393,0.225,0.71,0.32,0.731,0.105,0.559,0.665,0.665,0.944,0.819,0.086
0.0,0.221,0.892,0.307,0.568,0.159,0.552,0.396,0.609,0.872,0.697,0.676,0.832,0.209,0.015,0.338,0.583,0.223,0.051,0.24,0.478,0.194,0.254,0.962,0.979,0.866,0.473,0.861,0.723,0.856,0.566,0.704,0.515,0.66,0.928,0.736,0.931,0.412,0.019,0.587,0.819
1.0,0.476,0.156,0.835,0.332,0.551,0.721,0.466,0.332,0.956,0.016,0.574,0.06,0.551,0.913,0.308,0.841,0.709,0.725,0.194,0.07,0.244,0.846,0.248,0.463,0.325,0.256,0.425,0.78,0.71,0.695,0.687,0.274,0.354,0.644,0.951,0.037,0.938,0.214,0.913,0.04
0.0,0.693,0.452,0.026,0.463,0.143,0.398,0.235,0.4,0.674,0.551,0.526,0.332,0.031,0.782,0.573,0.525,0.026,0.862,0.889,0.702,0.647,0.193,0.789,0.722,0.308,0.089,0.076,0.338,0.929,0.485,0.297,0.782,0.462,0.498,0.824,0.36,0.94,0.345,0.249,0.914
0.0,0.777,0.077,0.559,0.342,0.804,0.368,0.012,0.84,0.688,0.495,0.651,0.574,0.349,0.011,0.164,0.481,0.497,0.827,0.022,0.882,0.19,0.247,0.947,0.36,0.54,0.79,0.243,0.456,0.443,0.458,0.049,0.595,0.225,0.563,0.333,0.706,0.231,0.033,0.208,0.248
1.0,0.82,0.479,0.945,0.917,0.231,0.788,0.78,0.923,0.069,0.859,0.553,0.003,0.674,0.237,0.87,0.03,0.022,0.85,0.311,0.067,0.417,0.384,0.429,0.497,0.025,0.592,0.007,0.596,0.052,0.892,0.41,0.178,0.039,0.833,0.81,0.474,0.572,0.354,0.082,0.403
1.0,0.197,0.485,0.259,0.719,0.446,0.875,0.758,0.856,0.228,0.284,0.926,0.76,0.312,0.194,0.375,0.467,0.076,0.128,0.457,0.938,0.914,0.82,0.201,0.579,0.274,0.995,0.126,0.228,0.688,0.666,0.147,0.467,0.446,0.045,0.73,0.082,0.501,0.532,0.155,0.684
1.0,0.61,0.811,0.22,0.256,0.536,0.159,0.667,0.96,0.142,0.331,0.338,0.125,0.171,0.983,0.748,0.887,0.02,0.249,0.604,0.587,0.885,0.978,0.779,0.71,0.407,0.139,0.865,0.385,0.56,0.608,0.636,0.505,0.331,0.41,0.196,0.533,0.741,0.752,0.205,0.061
1.0,0.198,0.766,0.24,0.383,0.17,0.478,0.01,0.586,0.383,0.161,0.457,0.102,0.363,0.798,0.588,0.684,0.018,0.001,0.34,0.544,0.564,0.635,0.172,0.662,0.598,0.354,0.513,0.846,0.971,0.116,0.145,0.228,0.92,0.324,0.395,0.638,0.662,0.615,0.756,0.901
0.0,0.497,0.068,0.182,0.395,0.874,0.869,0.268,0.158,0.458,0.281,0.283,0.403,0.264,0.066,0.95,0.992,0.06,0.138,0.473,0.084,0.096,0.601,0.247,0.793,0.328,0.753,0.481,0.732,0.543,0.727,0.957,0.006,0.925,0.451,0.874,0.529,0.931,0.636,0.904,0.245
0.0,0.014,0.867,0.043,0.306,0.932,0.275,0.298,0.886,0.876,0.43,0.518,0.15,0.172,0.002,0.046,0.217,0.503,0.341,0.552,0.192,0.071,0.465,0.511,0.594,0.245,0.066,0.408,0.818,0.517,0.741,0.246,0.474,0.459,0.179,0.421,0.45,0.234,0.392,0.403,0.845
1.0,0.423,0.154,0.188,0.157,0.202,0.802,0.331,0.504,0.872,0.509,0.11,0.717,0.091,0.894,0.601,0.398,0.011,0.851,0.857,0.247,0.839,0.497,0.764,0.253,0.006,0.53,0.616,0.849,0.891,0.708,0.169,0.283,0.141,0.265,0.898,0.66,0.594,0.049,0.226,0.884
0.0,0.646,0.103,0.001,0.209,0.194,0.217,0.59,0.242,0.665,0.655,0.156,0.87,0.954,0.124,0.548,0.099,0.466,0.312,0.465,0.842,0.201,0.981,0.505,0.084,0.272,0.068,0.463,0.792,0.536,0.724,0.669,0.183,0.355,0.402,0.513,0.557,0.878,0.79,0.705,0.911
1.0,0.729,0.3,0.255,0.715,0.324,0.297,0.436,0.229,0.831,0.348,0.012,0.674,0.087,0.649,0.819,0.688,0.995,0.902,0.887,0.278,0.277,0.856,0.997,0.875,0.946,0.48,0.539,0.75,0.988,0.854,0.228,0.503,0.316,0.759,0.746,0.152,0.384,0.336,0.851,0.677
0.0,0.196,0.743,0.977,0.96,0.675,0.905,0.329,0.39,0.67,0.921,0.3,0.403,0.383,0.045,0.913,0.928,0.706,0.833,0.356,0.632,0.763,0.911,0.982,0.153,0.584,0.795,0.545,0.163,0.501,0.026,0.169,0.933,0.764,0.659,0.535,0.728,0.888,0.608,0.427,0.768
1.0,0.484,0.316,0.099,0.245,0.399,0.095,0.552,0.976,0.87,0.785,0.232,0.623,0.83,0.869,0.58,0.867,0.829,0.893,0.168,0.557,0.61,0.982,0.776,0.573,0.721,0.247,0.573,0.565,0.894,0.729,0.753,0.887,0.963,0.932,0.309,0.289,0.046,0.409,0.47,0.814
0.0,0.753,0.939,0.527,0.258,0.944,0.725,0.526,0.244,0.176,0.999,0.534,0.4,0.826,0.854,0.074,0.06,0.379,0.864,0.96,0.912,0.067,0.613,0.696,0.605,0.381,0.666,0.054,0.636,0.48,0.354,0.363,0.754,0.629,0.524,0.192,0.88,0.285,0.305,0.265,0.314
0.0,0.06,0.514,0.304,0.932,0.924,0.561,0.834,0.78,0.555,0.534,0.792,0.894,0.313,0.237,0.005,0.65,0.606,0.138,0.863,0.518,0.222,0.855,0.634,0.048,0.578,0.327,0.494,0.458,0.897,0.56,0.645,0.276,0.329,0.579,0.837,0.755,0.217,0.032,0.279,0.152
0.0,0.781,0.632,0.988,0.165,0.961,0.73,0.771,0.393,0.811,0.605,0.456,0.113,0.655,0.449,0.367,0.009,0.262,0.573,0.711,0.429,0.931,0.24,0.873,0.371,0.563,0.12,0.177,0.527,0.767,0.5,0.306,0.115,0.169,0.801,0.567,0.601,0.142,0.31,0.141,0.484
0.0,0.139,0.84,0.835,0.189,0.515,0.489,0.195,0.813,0.3,0.343,0.065,0.812,0.252,0.195,0.42,0.555,0.875,0.913,0.144,0.449,0.864,0.116,0.45,0.179,0.014,0.132,0.949,0.001,0.197,0.384,0.695,0.348,0.386,0.073,0.506,0.509,0.926,0.415,0.877,0.878
0.0,0.843,0.021,0.589,0.519,0.382,0.017,0.466,0.581,0.718,0.018,0.971,0.983,0.279,0.764,0.744,0.893,0.209,0.146,0.172,0.891,0.646,0.575,0.217,0.669,0.222,0.163,0.683,0.888,0.033,0.164,0.263,0.396,0.033,0.663,0.922,0.099,0.971,0.88,0.427,0.932
0.0,0.743,0.972,0.209,0.207,0.186,0.858,0.674,0.35,0.924,0.807,0.567,0.351,0.135,0.141,0.168,0.464,0.512,0.259,0.652,0.526,0.999,0.63,0.972,0.996,0.089,0.592,0.418,0.383,0.262,0.07,0.066,0.682,0.061,0.189,0.017,0.533,0.221,0.813,0.571,0.357
1.0,0.211,0.919,0.938,0.062,0.192,0.111,0.867,0.424,0.336,0.069,0.34,0.537,0.667,0.505,0.569,0.103,0.148,0.076,0.933,0.834,0.057,0.293,0.431,0.292,0.804,0.36,0.543,0.527,0.505,0.344,0.38,0.746,0.52,0.123,0.919,0.612,0.247,0.938,0.2,0.528
1.0,0.355,0.461,0.153,0.892,0.412,0.729,0.94,0.271,0.831,0.197,0.556,0.156,0.737,0.225,0.285,0.682,0.347,0.409,0.129,0.245,0.032,0.584,0.605,0.666,0.844,0.966,0.267,0.769,0.527,0.27,0.631,0.588,0.013,0.663,0.312,0.326,0.895,0.027,0.491,0.202
1.0,0.851,0.455,0.998,0.246,0.471,0.862,0.653,0.256,0.17,0.762,0.524,0.409,0.526,0.501,0.387,0.858,0.09,0.567,0.036,0.271,0.741,0.455,0.135,0.918,0.675,0.233,0.053,0.439,0.642,0.102,0.03,0.147,0.435,0.66,0.413,0.647,0.281,0.965,0.981,0.893
0.0,0.248,0.995,0.587,0.255,0.92,0.103,0.58,0.983,0.528,0.174,0.41,0.862,0.58,0.795,0.742,0.949,0.849,0.078,0.821,0.247,0.277,0.798,0.655,0.087,0.233,0.595,0.518,0.002,0.782,0.792,0.858,0.728,0.955,0.172,0.068,0.338,0.879,0.276,0.631,0.332
1.0,0.823,0.494,0.289,0.57,0.525,0.476,0.916,0.566,0.079,0.715,0.407,0.034,0.599,0.257,0.917,0.574,0.76,0.407,0.36,0.731,0.452,0.7,0.24,0.568,0.518,0.633,0.457,0.606,0.836,0.993,0.469,0.842,0.729,0.148,0.083,0.935,0.449,0.577,0.475,0.921
0.0,0.224,0.333,0.98,0.543,0.323,0.908,0.175,0.424,0.371,0.458,0.602,0.948,0.977,0.615,0.39,0.484,0.216,0.564,0.598,0.236,0.497,0.971,0.264,0.074,0.607,0.659,0.826,0.513,0.57,0.274,0.868,0.657,0.559,0.906,0.384,0.421,0.12,0.12,0.425,0.934
1.0,0.179,0.201,0.502,0.253,0.325,0.402,0.997,0.027,0.354,0.089,0.464,0.095,0.196,0.671,0.954,0.205,0.499,0.909,0.933,0.479,0.733,0.984,0.316,0.274,0.051,0.57,0.996,0.511,0.445,0.536,0.974,0.222,0.587,0.824,0.032,0.215,0.58,0.991,0.028,0.05
0.0,0.318,0.677,0.505,0.585,0.647,0.51,0.613,0.063,0.765,0.94,0.458,0.82,0.717,0.269,0.452,0.374,0.78,0.662,0.644,0.082,0.657,0.255,0.941,0.279,0.604,0.339,0.616,0.829,0.103,0.022,0.768,0.48,0.262,0.829,0.303,0.906,0.352,0.569,0.273,0.445
0.0,0.656,0.614,0.286,0.089,0.972,0.679,0.663,0.396,0.178,0.386,0.619,0.034,0.799,0.937,0.108,0.639,0.221,0.53,0.646,0.094,0.692,0.882,0.148,0.677,0.601,0.485,0.273,0.589,0.561,0.859,0.815,0.04,0.855,0.6,0.069,0.237,0.426,0.475,0.02,0.561
0.0,0.23,0.486,0.431,0.647,0.973,0.84,0.772,0.496,0.017,0.629,0.572,0.3,0.337,0.108,0.55,0.683,0.22,0.741,0.474,0.664,0.657,0.789,0.097,0.904,0.701,0.307,0.88,0.573,0.896,0.69,0.357,0.78,0.874,0.426,0.012,0.816,0.023,0.758,0.724,0.529
1.0,0.458,0.099,0.598,0.329,0.273,0.985,0.942,0.167,0.458,0.84,0.434,0.041,0.42,0.461,0.963,0.198,0.234,0.777,0.405,0.791,0.928,0.864,0.515,0.114,0.563,0.248,0.193,0.651,0.682,0.641,0.512,0.295,0.51,0.196,0.039,0.335,0.897,0.185,0.527,0.029
0.0,0.87,0.596,0.916,0.605,0.944,0.264,0.032,0.816,0.828,0.303,0.823,0.311,0.134,0.997,0.266,0.276,0.217,0.472,0.896,0.583,0.743,0.728,0.213,0.4,0.954,0.452,0.398,0.034,0.359,0.889,0.181,0.511,0.021,0.969,0.197,0.44,0.78,0.806,0.804,0.956
1.0,0.909,0.075,0.19,0.078,0.047,0.397,0.012,0.257,0.282,0.401,0.375,0.536,0.49,0.307,0.823,0.323,0.932,0.297,0.178,0.688,0.536,0.856,0.185,0.605,0.549,0.19,0.374,0.669,0.365,0.492,0.362,0.681,0.277,0.512,0.186,0.761,0.397,0.566,0.989,0.664
0.0,0.562,0.34,0.511,0.965,0.865,0.206,0.666,0.023,0.619,0.563,0.442,0.923,0.929,0.392,0.861,0.427,0.683,0.729,0.237,0.353,0.146,0.302,0.412,0.457,0.677,0.898,0.3,0.494,0.426,0.143,0.465,0.709,0.803,0.273,0.018,0.09,0.173,0.441,0.343,0.959
0.0,0.969,0.013,0.212,0.746,0.441,0.575,0.216,0.797,0.609,0.859,0.194,0.314,0.506,0.115,0.731,0.061,0.358,0.662,0.698,0.098,0.01,0.181,0.968,0.341,0.6,0.399,0.049,0.153,0.346,0.594,0.605,0.311,0.172,0.15,0.239,0.93,0.957,0.582,0.103,0.084
0.0,0.468,0.484,0.019,0.924,0.764,0.776,0.816,0.387,0.747,0.932,0.314,0.994,0.309,0.945,0.036,0.628,0.102,0.337,0.976,0.557,0.76,0.066,0.266,0.425,0.932,0.528,0.328,0.353,0.647,0.62,0.469,0.151,0.167,0.739,0.761,0.626,0.968,0.291,0.923,0.737
0.0,0.367,0.663,0.135,0.338,0.633,0.67,0.807,0.874,0.157,0.777,0.288,0.413,0.6,0.593,0.569,0.24,0.91,0.429,0.707,0.309,0.143,0.599,0.98,0.38,0.234,0.425,0.182,0.041,0.001,0.243,0.867,0.083,0.945,0.776,0.438,0.45,0.705,0.728,0.054,0.613
0.0,0.083,0.507,0.781,0.568,0.155,0.21,0.221,0.233,0.475,0.678,0.505,0.081,0.866,0.443,0.523,0.548,0.042,0.126,0.93,0.182,0.269,0.611,0.866,0.755,0.439,0.687,0.8,0.986,0.391,0.73,0.195,0.653,0.553,0.616,0.649,0.929,0.425,0.445,0.468,0.574
1.0,0.419,0.057,0.153,0.793,0.821,0.912,0.694,0.846,0.807,0.955,0.469,0.378,0.972,0.361,0.101,0.91,0.105,0.405,0.997,0.664,0.891,0.389,0.644,0.403,0.677,0.593,0.319,0.79,0.549,0.94,0.389,0.48,0.72,0.408,0.011,0.4,0.49,0.283,0.595,0.344
1.0,0.484,0.818,0.088,0.082,0.187,0.926,0.103,0.7,0.734,0.013,0.917,0.426,0.71,0.282,0.814,0.347,0.45,0.205,0.926,0.577,0.146,0.481,0.559,0.207,0.938,0.377,0.927,0.512,0.238,0.159,0.323,0.922,0.814,0.245,0.305,0.452,0.999,0.976,0.303,0.819
0.0,0.208,0.453,0.08,0.264,0.405,0.121,0.874,0.338,0.248,0.326,0.903,0.922,0.867,0.124,0.091,0.525,0.116,0.675,0.078,0.994,0.983,0.362,0.335,0.097,0.365,0.331,0.505,0.431,0.821,0.088,0.616,0.005,0.007,0.981,0.878,0.656,0.852,0.504,0.726,0.339
1.0,0.195,0.077,0.625,0.77,0.804,0.13,0.097,0.005,0.423,0.969,0.118,0.765,0.027,0.824,0.179,0.179,0.377,0.687,0.751,0.928,0.148,0.241,0.136,0.003,0.241,0.926,0.186,0.584,0.552,0.985,0.699,0.633,0.333,0.291,0.724,0.159,0.646,0.358,0.671,0.808
1.0,0.818,0.887,0.389,0.939,0.27,0.346,0.655,0.414,0.317,0.778,0.147,0.382,0.091,0.734,0.019,0.552,0.77,0.993,0.274,0.581,0.916,0.297,0.647,0.633,0.188,0.229,0.722,0.015,0.31,0.141,0.697,0.113,0.163,0.952,0.976,0.91,0.689,0.911,0.797,0.435
1.0,0.931,0.99,0.109,0.675,0.203,0.805,0.917,0.997,0.372,0.581,0.846,0.295,0.54,0.903,0.041,0.472,0.018,0.61,0.261,0.741,0.148,0.853,0.483,0.632,0.82,0.054,0.99,0.4,0.365,0.676,0.753,0.876,0.048,0.484,0.429,0.9,0.545,0.928,0.614,0.019
1.0,0.745,0.747,0.735,0.372,0.454,0.401,0.065,0.784,0.198,0.463,0.666,0.312,0.26,0.838,0.993,0.094,0.4,0.584,0.136,0.813,0.232,0.464,0.234,0.372,0.209,0.151,0.908,0.092,0.078,0.619,0.867,0.952,0.389,0.827,0.407,0.342,0.262,0.516,0.737,0.262
0.0,0.582,0.53,0.078,0.638,0.692,0.8,0.112,0.167,0.393,0.336,0.606,0.498,0.265,0.189,0.904,0.692,0.131,0.148,0.717,0.26,0.386,0.057,0.997,0.437,0.884,0.543,0.214,0.576,0.517,0.317,0.625,0.409,0.435,0.021,0.207,0.59,0.008,0.625,0.549,0.97
1.0,0.134,0.937,0.99,0.047,0.755,0.86,0.324,0.6,0.742,0.42,0.333,0.036,0.9,0.993,0.569,0.28,0.782,0.986,0.421,0.344,0.643,0.561,0.765,0.868,0.162,0.214,0.02,0.829,0.321,0.149,0.47,0.094,0.764,0.201,0.641,0.961,0.652,0.685,0.358,0.82
0.0,0.819,0.6,0.749,0.21,0.455,0.719,0.543,0.793,0.483,0.983,0.669,0.85,0.553,0.142,0.858,0.827,0.689,0.314,0.579,0.923,0.974,0.657,0.858,0.08,0.826,0.19,0.414,0.588,0.739,0.558,0.463,0.988,0.963,0.787,0.649,0.966,0.642,0.918,0.75,0.379
1.0,0.312,0.332,0.334,0.168,0.034,0.738,0.056,0.248,0.797,0.094,0.826,0.368,0.44,0.647,0.529,0.129,0.331,0.034,0.192,0.167,0.48,0.18,0.524,0.782,0.798,0.521,0.783,0.602,0.652,0.98,0.229,0.398,0.524,0.647,0.282,0.501,0.705,0.703,0.457,0.755
0.0,0.428,0.347,0.873,0.586,0.724,0.852,0.232,0.941,0.05,0.203,0.451,0.791,0.987,0.768,0.077,0.455,0.561,0.366,0.145,0.601,0.649,0.87,0.766,0.973,0.534,0.954,0.781,0.574,0.858,0.075,0.502,0.384,0.939,0.656,0.309,0.957,0.428,0.11,0.539,0.006
1.0,0.309,0.453,0.896,0.037,0.287,0.11,0.703,0.541,0.534,0.775,0.181,0.071,0.764,0.789,0.735,0.246,0.148,0.984,0.157,0.223,0.313,0.655,0.7,0.48,0.594,0.326,0.308,0.786,0.814,0.278,0.043,0.544,0.601,0.11,0.956,0.061,0.345,0.112,0.869,0.558
1.0,0.803,0.121,0.208,0.58,0.038,0.905,0.235,0.378,0.246,0.96,0.979,0.499,0.398,0.153,0.315,0.871,0.42,0.004,0.929,0.311,0.072,0.743,0.66,0.444,0.941,0.942,0.504,0.983,0.696,0.009,0.206,0.259,0.036,0.452,0.14,0.731,0.416,0.667,0.118,0.998
1.0,0.143,0.796,0.789,0.565,0.325,0.939,0.782,0.738,0.796,0.811,0.046,0.051,0.035,0.633,0.48,0.163,0.291,0.489,0.733,0.437,0.152,0.234,0.579,0.555,0.582,0.778,0.859,0.72,0.376,0.231,0.984,0.652,0.89,0.662,0.184,0.573,0.521,0.676,0.199,0.482
1.0,0.696,0.574,0.013,0.755,0.423,0.726,0.553,0.823,0.604,0.773,0.671,0.483,0.353,0.981,0.886,0.439,0.041,0.457,0.115,0.564,0.24,0.118,0.278,0.193,0.918,0.019,0.869,0.308,0.588,0.483,0.312,0.449,0.843,0.09,0.134,0.141,0.901,0.351,0.034,0.11
0.0,0.823,0.005,0.893,0.042,0.824,0.258,0.417,0.684,0.015,0.467,0.475,0.773,0.397,0.353,0.158,0.472,0.549,0.678,0.292,0.216,0.183,0.803,0.28,0.971,0.673,0.709,0.625,0.698,0.311,0.173,0.399,0.256,0.836,0.928,0.978,0.671,0.728,0.851,0.713,0.652
1.0,0.243,0.193,0.902,0.79,0.837,0.032,0.104,0.022,0.154,0.199,0.493,0.55,0.61,0.363,0.502,0.806,0.435,0.521,0.369,0.617,0.681,0.964,0.076,0.463,0.421,0.015,0.352,0.349,0.062,0.676,0.434,0.136,0.998,0.22,0.78,0.996,0.07,0.853,0.289,0.234
1.0,0.239,0.321,0.5,0.222,0.212,0.604,0.953,0.883,0.634,0.544,0.408,0.673,0.701,0.026,0.474,0.936,0.756,0.655,0.942,0.88,0.114,0.558,0.713,0.892,0.122,0.294,0.667,0.841,0.407,0.42,0.892,0.974,0.632,0.516,0.158,0.859,0.565,0.846,0.772,0.291
1.0,0.703,0.192,0.173,0.445,0.479,0.771,0.196,0.069,0.445,0.748,0.96,0.371,0.846,0.815,0.573,0.276,0.757,0.421,0.959,0.782,0.197,0.689,0.871,0.082,0.297,0.865,0.251,0.477,0.414,0.519,0.766,0.162,0.404,0.039,0.888,0.143,0.891,0.713,0.077,0.332
0.0,0.7,0.762,0.698,0.325,0.195,0.954,0.189,0.866,0.778,0.848,0.848,0.255,0.297,0.181,0.564,0.78,0.989,0.264,0.951,0.126,0.025,0.406,0.816,0.995,0.788,0.14,0.727,0.05,0.638,0.532,0.926,0.226,0.492,0.989,0.709,0.393,0.191,0.87,0.003,0.315
1.0,0.766,0.273,0.904,0.439,0.205,0.296,0.256,0.224,0.967,0.19,0.426,0.544,0.768,0.348,0.754,0.728,0.761,0.753,0.047,0.096,0.277,0.036,0.443,0.077,0.86,0.557,0.39,0.524,0.965,0.116,0.01,0.226,0.651,0.13,0.503,0.705,0.483,0.628,0.34,0.096
0.0,0.96,0.974,0.889,0.47,0.972,0.126,0.254,0.568,0.642,0.52,0.069,0.633,0.354,0.422,0.009,0.109,0.749,0.896,0.254,0.087,0.563,0.228,0.482,0.965,0.902,0.33,0.528,0.219,0.065,0.155,0.09,0.171,0.687,0.413,0.71,0.902,0.253,0.002,0.981,0.371
1.0,0.646,0.244,0.489,0.368,0.269,0.662,0.258,0.694,0.597,0.977,0.054,0.513,0.15,0.373,0.964,0.522,0.22,0.492,0.066,1.0,0.724,0.941,0.205,0.193,0.305,0.609,0.911,0.817,0.599,0.504,0.229,0.449,0.284,0.31,0.018,0.202,0.252,0.412,0.225,0.954
1.0,0.984,0.952,0.832,0.181,0.707,0.473,0.777,0.354,0.333,0.368,0.412,0.139,0.429,0.03,0.393,0.927,0.369,0.031,0.597,0.761,0.962,0.239,0.552,0.809,0.343,0.327,0.897,0.345,0.395,0.627,0.693,0.715,0.015,0.867,0.5,0.503,0.739,0.957,0.441,0.126
1.0,0.787,0.233,0.56,0.777,0.154,0.537,0.592,0.826,0.471,0.573,0.573,0.043,0.768,0.456,0.978,0.367,0.099,0.602,0.447,0.804,0.795,0.417,0.702,0.091,0.282,0.301,0.51,0.045,0.413,0.934,0.241,0.946,0.373,0.645,0.458,0.066,0.974,0.118,0.224,0.476
1.0,0.33,0.114,0.969,0.558,0.845,0.083,0.64,0.744,0.622,0.196,0.29,0.589,0.52,0.532,0.978,0.051,0.821,0.877,0.762,0.343,0.01,0.173,0.595,0.459,0.312,0.139,0.284,0.911,0.72,0.351,0.263,0.332,0.031,0.368,0.905,0.668,0.378,0.764,0.94,0.659
1.0,0.498,0.985,0.599,0.06,0.908,0.591,0.448,0.19,0.547,0.111,0.01,0.57,0.968,0.889,0.761,0.239,0.466,0.672,0.079,0.956,0.899,0.209,0.785,0.126,0.064,0.672,0.71,0.09,0.637,0.396,0.821,0.822,0.8,0.697,0.955,0.849,0.839,0.5,0.517,0.685
1.0,0.8,0.443,0.047,0.101,0.499,0.798,0.736,0.206,0.847,0.771,0.103,0.455,0.041,0.284,0.647,0.642,0.183,0.193,0.352,0.47,0.167,0.624,0.709,0.748,0.61,0.623,0.855,0.309,0.109,0.494,0.418,0.243,0.282,0.66,0.52,0.628,0.988,0.554,0.59,0.276
0.0,0.856,0.728,0.23,0.169,0.967,0.732,0.944,0.713,0.01,0.697,0.977,0.85,0.866,0.232,0.999,0.116,0.972,0.764,0.459,0.894,0.137,0.727,0.972,0.223,0.687,0.735,0.678,0.836,0.959,0.626,0.066,0.081,0.933,0.746,0.227,0.14,0.94,0.638,0.019,0.057
1.0,0.353,0.664,0.797,0.68,0.035,0.392,0.032,0.518,0.706,0.198,0.169,0.474,0.322,0.396,0.411,0.947,0.486,0.85,0.407,0.11,0.726,0.739,0.274,0.92,0.147,0.034,0.973,0.675,0.536,0.37,0.309,0.38,0.239,0.724,0.2,0.938,0.993,0.281,0.869,0.249
1.0,0.342,0.909,0.335,0.926,0.186,0.729,0.671,0.134,0.317,0.944,0.796,0.639,0.797,0.784,0.066,0.516,0.827,0.278,0.593,0.608,0.943,0.559,0.675,0.61,0.454,0.185,0.178,0.295,0.967,0.968,0.098,0.193,0.338,0.47,0.875,0.911,0.547,0.534,0.019,0.541
1.0,0.973,0.576,0.631,0.527,0.609,0.095,0.701,0.718,0.973,0.324,0.043,0.992,0.063,0.475,0.199,0.456,0.557,0.627,0.905,0.777,0.931,0.824,0.338,0.5,0.437,0.106,0.592,0.667,0.013,0.917,0.313,0.184,0.334,0.171,0.974,0.34,0.845,0.454,0.948,0.967
0.0,0.334,0.408,0.27,0.158,0.149,0.933,0.355,0.709,0.686,0.564,0.934,0.489,0.262,0.877,0.814,0.204,0.749,0.127,0.92,0.619,0.727,0.126,0.96,0.781,0.024,0.796,0.324,0.022,0.925,0.977,0.51,0.471,0.89,0.081,0.451,0.34,0.956,0.339,0.012,0.322
0.0,0.853,0.711,0.411,0.803,0.254,0.191,0.188,0.647,0.899,0.93,0.9,0.615,0.128,0.573,0.246,0.649,0.961,0.811,0.916,0.507,0.339,0.21,0.48,0.765,0.671,0.703,0.303,0.64,0.606,0.586,0.903,0.488,0.381,0.738,0.747,0.461,0.41,0.489,0.522,0.491
1.0,0.605,0.48,0.468,0.099,0.492,0.309,0.196,0.345,0.928,0.992,0.995,0.515,0.748,0.493,0.386,0.035,0.064,0.869,0.643,0.909,0.659,0.452,0.676,0.241,0.547,0.147,0.46,0.325,0.045,0.741,0.32,0.463,0.345,0.786,0.603,0.886,0.819,0.876,0.342,0.866
1.0,0.034,0.756,0.819,0.649,0.289,0.958,0.144,0.404,0.224,0.603,0.104,0.311,0.116,0.988,0.079,0.42,0.331,0.546,0.825,0.631,0.985,0.144,0.161,0.103,0.945,0.007,0.382,0.971,0.287,0.242,0.857,0.499,0.55,0.374,0.883,0.231,0.781,0.391,0.132,0.96
1.0,0.851,0.864,0.224,0.111,0.793,0.814,0.861,0.257,0.67,0.626,0.511,0.292,0.591,0.026,0.186,0.896,0.796,0.33,0.341,0.712,0.964,0.013,0.374,0.057,0.965,0.338,0.788,0.415,0.508,0.113,0.778,0.949,0.972,0.298,0.864,0.636,0.793,0.846,0.836,0.792
1.0,0.193,0.502,0.273,0.159,0.511,0.432,0.793,0.17,0.693,0.086,0.365,0.195,0.435,0.192,0.435,0.722,0.92,0.659,0.729,0.164,0.497,0.46,0.365,0.437,0.455,0.356,0.932,0.95,0.718,0.203,0.58,0.131,0.522,0.063,0.836,0.662,0.851,0.045,0.881,0.568
1.0,0.102,0.201,0.625,0.714,0.092,0.059,0.834,0.506,0.596,0.542,0.335,0.752,0.27,0.442,0.789,0.967,0.262,0.524,0.362,0.515,0.554,0.545,0.525,0.187,0.637,0.524,0.643,0.454,0.675,0.743,0.578,0.992,0.744,0.987,0.863,0.823,0.365,0.566,0.763,0.14
0.0,0.306,0.082,0.282,0.125,0.852,0.278,0.522,0.811,0.086,0.404,0.224,0.648,0.676,0.24,1.0,0.342,0.329,0.602,0.319,0.678,0.083,0.543,0.814,0.351,0.893,0.324,0.503,0.961,0.854,0.511,0.271,0.221,0.049,0.713,0.658,0.095,0.351,0.038,0.564,0.642
1.0,0.933,0.635,0.723,0.308,0.802,0.518,0.173,0.294,0.64,0.01,0.248,0.17,0.475,0.034,0.57,0.611,0.19,0.626,0.81,0.997,0.44,0.808,0.199,0.706,0.791,0.516,0.168,0.007,0.795,0.756,0.638,0.289,0.811,0.899,0.481,0.936,0.911,0.193,0.489,0.544
0.0,0.439,0.994,0.597,0.668,0.99,0.715,0.332,0.982,0.902,0.672,0.873,0.324,0.984,0.317,0.061,0.768,0.116,0.112,0.133,0.53,0.984,0.743,0.945,0.839,0.614,0.949,0.177,0.545,0.923,0.347,0.875,0.008,0.977,0.596,0.267,0.435,0.854,0.831,0.377,0.816
0.0,0.685,0.93,0.805,0.146,0.521,0.698,0.807,0.189,0.345,0.699,0.486,0.763,0.887,0.896,0.292,0.619,0.545,0.92,0.553,0.73,0.007,0.568,0.999,0.536,0.381,0.699,0.532,0.306,0.332,0.486,0.793,0.067,0.239,0.45,0.66,0.032,0.101,0.743,0.458,0.56
0.0,0.573,0.598,0.192,0.519,0.406,0.906,0.742,0.094,0.354,0.09,0.974,0.9,0.912,0.609,0.138,0.047,0.589,0.445,0.236,0.176,0.527,0.337,0.915,0.445,0.5,0.644,0.032,0.713,0.416,0.875,0.629,0.108,0.181,0.598,0.321,0.208,0.339,0.77,0.036,0.007
0.0,0.573,0.34,0.849,0.871,0.082,0.978,0.698,0.814,0.612,0.131,0.702,0.608,0.594,0.828,0.636,0.77,0.994,0.714,0.272,0.594,0.614,0.565,0.984,0.865,0.065,0.527,0.309,0.123,0.399,0.747,0.704,0.903,0.55,0.071,0.056,0.71,0.144,0.933,0.892,0.351
1.0,0.201,0.095,0.141,0.493,0.427,0.992,0.939,0.609,0.947,0.581,0.257,0.591,0.975,0.84,0.748,0.002,0.075,0.372,0.147,0.655,0.386,0.373,0.132,0.117,0.096,0.526,0.612,0.672,0.933,0.221,0.904,0.271,0.643,0.702,0.843,0.035,0.246,0.63,0.962,0.108
1.0,0.487,0.651,0.377,0.013,0.773,0.85,0.417,0.656,0.09,0.09,0.786,0.567,0.818,0.068,0.877,0.474,0.003,0.299,0.616,0.643,0.476,0.586,0.756,0.992,0.369,0.911,0.306,0.407,0.264,0.502,0.128,0.44,0.228,0.907,0.224,0.126,0.508,0.775,0.5,0.861
1.0,0.037,0.641,0.088,0.389,0.467,0.506,0.47,0.519,0.644,0.909,0.295,0.524,0.544,0.319,0.609,0.46,0.743,0.906,0.218,0.307,0.233,0.85,0.135,0.002,0.37,0.121,0.666,0.568,0.641,0.247,0.413,0.246,0.176,0.109,0.678,0.516,0.637,0.676,0.879,0.247
1.0,0.671,0.171,0.121,0.714,0.556,0.465,0.709,0.42,0.209,0.349,0.6,0.396,0.639,0.946,0.612,0.036,0.278,0.548,0.055,0.833,0.421,0.579,0.272,0.064,0.644,0.06,0.6,0.73,0.349,0.674,0.781,0.467,0.718,0.654,0.201,0.285,0.055,0.296,0.367,0.215
0.0,0.529,0.184,0.037,0.937,0.547,0.13,0.739,0.888,0.296,0.896,0.305,0.706,0.648,0.943,0.57,0.371,0.448,0.483,0.796,0.799,0.29,0.957,0.494,0.291,0.818,0.667,0.007,0.107,0.082,0.902,0.125,0.977,0.41,0.11,0.831,0.14,0.508,0.231,0.315,0.841
0.0,0.134,0.241,0.739,0.083,0.924,0.204,0.492,0.33,0.869,0.52,0.944,0.744,0.316,0.207,0.885,0.292,0.319,0.984,0.485,0.073,0.287,0.285,0.311,0.524,0.811,0.845,0.467,0.594,0.328,0.207,0.081,0.555,0.108,0.824,0.163,0.819,0.553,0.644,0.629,0.267
1.0,0.829,0.412,0.622,0.305,0.399,0.049,0.356,0.753,0.928,0.947,0.678,0.445,0.684,0.292,0.904,0.075,0.105,0.431,0.861,0.344,0.963,0.657,0.77,0.018,0.998,0.654,0.861,0.652,0.567,0.867,0.318,0.036,0.147,0.243,0.781,0.07,0.001,0.281,0.458,0.363
0.0,0.788,0.051,0.948,0.822,0.817,0.623,0.386,0.557,0.118,0.169,0.593,0.224,0.382,0.256,0.306,0.081,0.731,0.219,0.739,0.01,0.419,0.402,0.84,0.439,0.599,0.877,0.041,0.992,0.683,0.886,0.188,0.139,0.754,0.901,0.55,0.76,0.073,0.579,0.342,0.801
1.0,0.184,0.431,0.926,0.83,0.106,0.098,0.029,0.484,0.605,0.598,0.849,0.02,0.885,0.406,0.737,0.102,0.386,0.42,0.436,0.552,0.26,0.913,0.15,0.064,0.233,0.217,0.399,0.806,0.111,0.311,0.15,0.607,0.488,0.029,0.18,0.087,0.069,0.64,0.144,0.149
0.0,0.632,0.888,0.252,0.983,0.042,0.273,0.904,0.482,0.864,0.834,0.496,0.892,0.572,0.377,0.035,0.83,0.327,0.255,0.098,0.812,0.113,0.38,0.298,0.444,0.101,0.423,0.291,0.674,0.548,0.79,0.844,0.89,0.593,0.731,0.515,0.521,0.545,0.655,0.158,0.597
1.0,0.499,0.974,0.988,0.467,0.304,0.482,0.308,0.037,0.23,0.902,0.117,0.413,0.01,0.408,0.745,0.397,0.186,0.356,0.381,0.437,0.237,0.979,0.707,0.223,0.172,0.577,0.084,0.744,0.325,0.194,0.987,0.92,0.452,0.485,0.827,0.602,0.772,0.583,0.281,0.958
1.0,0.489,0.963,0.077,0.528,0.808,0.949,0.128,0.971,0.051,0.007,0.116,0.087,0.717,0.682,0.387,0.218,0.4,0.585,0.572,0.487,0.121,0.155,0.337,0.436,0.568,0.455,0.054,0.245,0.745,0.474,0.09,0.839,0.963,0.657,0.652,0.288,0.581,0.194,0.102,0.905
1.0,0.401,0.051,0.312,0.118,0.018,0.647,0.719,0.57,0.122,0.089,0.208,0.215,0.151,0.344,0.657,0.713,0.442,0.485,0.029,0.671,0.555,0.121,0.146,0.493,0.046,0.147,0.463,0.452,0.585,0.094,0.746,0.51,0.365,0.857,0.01,0.937,0.572,0.405,0.801,0.17
0.0,0.261,0.851,0.934,0.017,0.018,0.271,0.406,0.53,0.129,0.923,0.581,0.853,0.83,0.724,0.75,0.629,0.572,0.057,0.364,0.348,0.873,0.272,0.602,0.106,0.871,0.923,0.815,0.957,0.742,0.608,0.994,0.759,0.275,0.506,0.118,0.107,0.694,0.07,0.775,0.287
1.0,0.069,0.106,0.919,0.557,0.771,0.873,0.618,0.384,0.896,0.128,0.495,0.129,0.583,0.176,0.756,0.207,0.866,0.109,0.565,0.501,0.442,0.664,0.067,0.627,0.84,0.717,0.805,0.57,0.147,0.62,0.349,0.933,0.875,0.177,0.66,0.576,0.785,0.433,0.062,0.011
1.0,0.779,0.098,0.487,0.234,0.506,0.813,0.446,0.986,0.464,0.767,0.271,0.373,0.709,0.773,0.654,0.425,0.835,0.562,0.665,0.92,1.0,0.689,0.688,0.072,0.943,0.58,0.871,0.425,0.616,0.396,0.218,0.324,0.077,0.226,0.589,0.872,0.86,0.62,0.931,0.172
1.0,0.367,0.583,0.226,0.259,0.316,0.914,0.777,0.689,0.612,0.444,0.929,0.075,0.17,0.563,0.904,0.057,0.516,0.027,0.564,0.332,0.061,0.623,0.562,0.303,0.755,0.146,0.821,0.512,0.433,0.429,0.83,0.012,0.529,0.108,0.244,0.682,0.356,0.903,0.343,0.159
0.0,0.106,0.78,0.642,0.987,0.889,0.871,0.638,0.905,0.252,0.177,0.211,0.27,0.352,0.063,0.912,0.104,0.991,0.307,0.555,0.257,0.994,0.111,0.774,0.805,0.81,0.996,0.642,0.002,0.794,0.93,0.831,0.407,0.277,0.9,0.871,0.412,0.06,0.282,0.248,0.794
1.0,0.679,0.974,0.042,0.784,0.118,0.288,0.554,0.045,0.193,0.017,0.789,0.629,0.161,0.146,0.034,0.454,0.53,0.209,0.292,0.138,0.84,0.967,0.628,0.954,0.497,0.853,0.376,0.023,0.49,0.025,0.011,0.693,0.535,0.171,0.355,0.442,0.957,0.35,0.546,0.696
1.0,0.858,0.157,0.385,0.389,0.714,0.451,0.355,0.141,0.8,0.273,0.534,0.343,0.049,0.961,0.431,0.698,0.792,0.404,0.185,0.925,0.105,0.891,0.345,0.78,0.732,0.356,0.824,0.446,0.533,0.002,0.498,0.381,0.191,0.614,0.415,0.869,0.39,0.792,0.615,0.392
1.0,0.163,0.27,0.923,0.807,0.364,0.302,0.616,0.34,0.643,0.377,0.229,0.253,0.44,0.466,0.35,0.699,0.966,0.334,0.517,0.674,0.75,0.66,0.005,0.247,0.87,0.075,0.917,0.68,0.321,0.58,0.93,0.84,0.717,0.542,0.309,0.314,0.441,0.434,0.742,0.921
1.0,0.429,0.395,0.382,0.896,0.656,0.387,0.926,0.218,0.037,0.382,0.876,0.618,0.965,0.041,0.097,0.874,0.3,0.013,0.299,0.91,0.411,0.046,0.296,0.786,0.292,0.974,0.133,0.015,0.578,0.184,0.431,0.238,0.756,0.825,0.807,0.895,0.284,0.779,0.446,0.724
0.0,0.96,0.817,0.193,0.616,0.618,0.233,0.541,0.757,0.611,0.009,0.988,0.786,0.142,0.022,0.628,0.752,0.263,0.871,0.969,0.816,0.9,0.732,0.105,0.904,0.857,0.164,0.052,0.571,0.589,0.429,0.542,0.832,0.31,0.45,0.715,0.745,0.204,0.575,0.207,0.956
0.0,0.548,0.398,0.06,0.539,0.645,0.834,0.542,0.016,0.764,0.037,0.858,0.038,0.302,0.554,0.29,0.101,0.091,0.627,0.529,0.568,0.013,0.566,0.855,0.638,0.052,0.111,0.94,0.6,0.248,0.108,0.901,0.118,0.587,0.332,0.626,0.627,0.253,0.178,0.966,0.131
1.0,0.055,0.788,0.277,0.314,0.776,0.881,0.244,0.128,0.713,0.073,0.122,0.057,0.753,0.97,0.588,0.841,0.039,0.638,0.871,0.688,0.595,0.558,0.402,0.846,0.536,0.779,0.725,0.335,0.647,0.85,0.645,0.135,0.913,0.889,0.772,0.792,0.387,0.003,0.178,0.209
0.0,0.124,0.662,0.196,0.54,0.374,0.301,0.146,0.687,0.003,0.286,0.239,0.939,0.985,0.775,0.495,0.332,0.608,0.435,0.3,0.104,0.914,0.976,0.672,0.465,0.537,0.227,0.578,0.449,0.202,0.361,0.864,0.234,0.444,0.784,0.242,0.288,0.002,0.389,0.706,0.001
0.0,0.867,0.242,0.554,0.452,0.984,0.569,0.021,0.835,0.304,0.077,0.07,0.462,0.917,0.266,0.733,0.861,0.687,0.997,0.673,0.101,0.794,0.353,0.293,0.071,0.84,0.109,0.846,0.787,0.279,0.728,0.062,0.809,0.854,0.326,0.855,0.779,0.832,0.697,0.713,0.708
0.0,0.334,0.579,0.511,0.703,0.777,0.438,0.368,0.602,0.433,0.765,0.138,0.874,0.617,0.891,0.189,0.806,0.797,0.91,0.789,0.606,0.781,0.211,0.085,0.359,0.79,0.884,0.191,0.513,0.5,0.717,0.641,0.612,0.219,0.641,0.442,0.843,0.868,0.508,0.035,0.68
0.0,0.321,0.453,0.236,0.28,0.022,0.066,0.171,0.912,0.616,0.994,0.04,0.993,0.161,0.259,0.862,0.709,0.882,0.502,0.143,0.025,0.336,0.901,0.619,0.911,0.782,0.363,0.292,0.416,0.356,0.136,0.153,0.702,0.124,0.283,0.548,0.894,0.1,0.02,0.924,0.407
0.0,0.06,0.72,0.7,0.475,0.343,0.435,0.081,0.397,0.361,0.78,0.238,0.995,0.062,0.555,0.312,0.178,0.85,0.749,0.012,0.932,0.444,0.302,0.938,0.189,0.56,0.545,0.55,0.619,0.488,0.015,0.735,0.824,0.398,0.901,0.108,0.417,0.868,0.701,0.023,0.684
0.0,0.511,0.572,0.356,0.076,0.684,0.613,0.442,0.478,0.99,0.805,0.244,0.033,0.732,0.015,0.165,0.776,0.02,0.28,0.23,0.23,0.928,0.853,0.948,0.676,0.637,0.915,0.817,0.135,0.746,0.319,0.303,0.013,0.589,0.61,0.894,0.63,0.158,0.881,0.578,0.951
0.0,0.785,0.818,0.873,0.979,0.693,0.526,0.256,0.45,0.831,0.995,0.625,0.873,0.938,0.134,0.83,0.735,0.427,0.457,0.398,0.25,0.197,0.992,0.093,0.71,0.822,0.36,0.27,0.071,0.716,0.095,0.904,0.845,0.936,0.291,0.937,0.536,0.873,0.951,0.797,0.934
1.0,0.219,0.045,0.569,0.637,0.085,0.409,0.736,0.95,0.441,0.237,0.118,0.605,0.808,0.001,0.336,0.495,0.016,0.439,0.816,0.297,0.767,0.164,0.214,0.514,0.402,0.123,0.526,0.934,0.16,0.223,0.196,0.629,0.319,0.645,0.107,0.362,0.158,0.523,0.77,0.581
0.0,0.208,0.964,0.762,0.31,0.579,0.794,0.076,0.376,0.855,0.305,0.625,0.056,0.083,0.96,0.932,0.138,0.383,0.008,0.075,0.307,0.842,0.94,0.216,0.822,0.255,0.173,0.464,0.209,0.848,0.903,0.328,0.724,0.352,0.569,0.018,0.587,0.813,0.682,0.452,0.068
0.0,0.078,0.498,0.475,0.131,0.312,0.074,0.125,0.549,0.022,0.026,0.672,0.251,0.558,0.107,0.417,0.28,0.996,0.642,0.994,0.181,0.202,0.551,0.84,0.264,0.922,0.106,0.116,0.238,0.919,0.592,0.047,0.796,0.053,0.607,0.691,0.321,0.801,0.577,0.007,0.179
1.0,0.998,0.613,0.552,0.004,0.413,0.899,0.409,0.061,0.151,0.22,0.847,0.14,0.608,0.112,0.01,0.445,0.037,0.895,0.328,0.315,0.084,0.097,0.254,0.567,0.315,0.881,0.511,0.511,0.521,0.468,0.264,0.593,0.692,0.985,0.389,0.667,0.284,0.085,0.379,0.731
1.0,0.261,0.352,0.029,0.623,0.393,0.251,0.327,0.968,0.587,0.619,0.793,0.278,0.838,0.617,0.712,0.865,0.051,0.456,0.688,0.879,0.443,0.541,0.054,0.617,0.313,0.975,0.297,0.59,0.716,0.843,0.618,0.324,0.665,0.802,0.017,0.056,0.014,0.609,0.416,0.176
0.0,0.671,0.357,0.581,0.062,0.904,0.613,0.493,0.118,0.722,0.401,0.324,0.261,0.951,0.629,0.464,0.624,0.074,0.089,0.257,0.446,0.325,0.465,0.375,0.476,0.054,0.688,0.552,0.235,0.102,0.591,0.158,0.688,0.964,0.386,0.642,0.423,0.652,0.351,0.216,0.394
1.0,0.503,0.548,0.21,0.004,0.191,0.638,0.082,0.896,0.327,0.179,0.15,0.485,0.151,0.778,0.046,0.984,0.842,0.687,0.305,0.462,0.708,0.467,0.773,0.248,0.364,0.659,0.719,0.873,0.62,0.56,0.785,0.776,0.333,0.623,0.295,0.705,0.182,0.295,0.108,0.847
1.0,0.496,0.345,0.54,0.69,0.722,0.074,0.161,0.432,0.839,0.711,0.81,0.034,0.495,0.011,0.207,0.381,0.807,0.966,0.327,0.586,0.272,0.161,0.34,0.78,0.104,0.845,0.351,0.515,0.326,0.581,0.124,0.056,0.848,0.134,0.862,0.881,0.497,0.52,0.929,0.542
0.0,0.708,0.645,0.932,0.784,0.617,0.156,0.618,0.407,0.752,0.565,0.154,0.926,0.715,0.738,0.376,0.374,0.526,0.081,0.106,0.905,0.004,0.723,0.882,0.429,0.762,0.924,0.619,0.731,0.392,0.544,0.09,0.297,0.236,0.082,0.041,0.748,0.037,0.557,0.744,0.215
1.0,0.093,0.206,0.354,0.704,0.092,0.498,0.464,0.857,0.676,0.515,0.617,0.731,0.773,0.349,0.182,0.778,0.614,0.298,0.122,0.379,0.749,0.078,0.588,0.534,0.737,0.187,0.788,0.596,0.459,0.967,0.829,0.8,0.443,0.388,0.397,0.441,0.071,0.697,0.876,0.284
0.0,0.354,0.681,0.466,0.665,0.546,0.555,0.518,0.367,0.448,0.489,0.701,0.845,0.719,0.787,0.963,0.389,0.211,0.383,0.282,0.63,0.243,0.828,0.59,0.965,0.349,0.926,0.142,0.116,0.549,0.033,0.918,0.929,0.197,0.73,0.182,0.628,0.242,0.161,0.342,0.11
0.0,0.244,0.483,0.59,0.795,0.704,0.592,0.37,0.29,0.97,0.093,0.199,0.06,0.725,0.215,0.052,0.063,0.751,0.272,0.507,0.442,0.381,0.636,0.946,0.032,0.407,0.108,0.547,0.025,0.936,0.136,0.566,0.852,0.864,0.272,0.187,0.131,0.393,0.082,0.61,0.506
1.0,0.057,0.123,0.81,0.146,0.766,0.349,0.227,0.12,0.539,0.498,0.094,0.7,0.091,0.429,0.579,0.771,0.012,0.312,0.043,0.226,0.101,0.924,0.017,0.062,0.137,0.428,0.142,0.124,0.338,0.882,0.615,0.154,0.625,0.44,0.548,0.709,0.83,0.867,0.54,0.441
1.0,0.164,0.908,0.838,0.886,0.627,0.002,0.946,0.469,0.777,0.111,0.126,0.739,0.79,0.092,0.168,0.708,0.381,0.675,0.955,0.435,0.811,0.536,0.38,0.91,0.175,0.327,0.556,0.296,0.462,0.568,0.169,0.616,0.909,0.379,0.713,0.368,0.378,0.722,0.133,0.975
1.0,0.181,0.64,0.88,0.868,0.373,0.516,0.402,0.732,0.842,0.976,0.151,0.529,0.545,0.23,0.506,0.967,0.747,0.207,0.33,0.038,0.855,0.179,0.256,0.396,0.159,0.26,0.437,0.342,0.377,0.988,0.417,0.064,0.198,0.652,0.133,0.13,0.942,0.864,0.367,0.396
1.0,0.691,0.591,0.669,0.364,0.733,0.786,0.439,0.913,0.744,0.615,0.657,0.736,0.633,0.599,0.583,0.093,0.549,0.426,0.441,0.337,0.081,0.36,0.379,0.98,0.909,0.245,0.303,0.741,0.71,0.426,0.05,0.774,0.024,0.722,0.103,0.32,0.744,0.006,0.282,0.201
1.0,0.318,0.847,0.18,0.555,0.346,0.441,0.792,0.615,0.852,0.966,0.747,0.677,0.532,0.654,0.906,0.94,0.669,0.444,0.569,0.438,0.53,0.445,0.511,0.819,0.438,0.117,0.972,0.54,0.762,0.893,0.142,0.886,0.03,0.835,0.934,0.386,0.637,0.207,0.278,0.028
0.0,0.397,0.687,0.811,0.946,0.901,0.248,0.772,0.639,0.819,0.41,0.155,0.278,0.429,0.477,0.708,0.556,0.264,0.199,0.766,0.062,0.498,0.771,0.11,0.036,0.561,0.823,0.499,0.698,0.128,0.004,0.16,0.811,0.506,0.057,0.386,0.378,0.932,0.796,0.475,0.958
0.0,0.65,0.901,0.287,0.229,0.483,0.059,0.825,0.22,0.204,0.712,0.921,0.173,0.784,0.114,0.849,0.123,0.139,0.995,0.092,0.075,0.083,0.75,0.653,0.752,0.59,0.322,0.998,0.019,0.436,0.078,0.672,0.289,0.534,0.281,0.548,0.06,0.742,0.14,0.24,0.387
0.0,0.492,0.292,0.7,0.134,0.976,0.885,0.765,0.666,0.443,0.14,0.596,0.122,0.142,0.548,0.064,0.09,0.95,0.443,0.593,0.436,0.666,0.324,0.469,0.088,0.001,0.209,0.603,0.071,0.698,0.191,0.765,0.549,0.007,0.393,0.367,0.883,0.185,0.369,0.525,0.902
1.0,0.002,0.831,0.188,0.879,0.217,0.626,0.769,0.0,0.161,0.756,0.798,0.73,0.196,0.432,0.129,0.642,0.857,0.154,0.472,0.626,0.735,0.433,0.501,0.636,0.103,0.583,0.291,0.78,0.219,0.231,0.845,0.576,0.781,0.236,0.034,0.441,0.926,0.218,0.616,0.07
0.0,0.844,0.741,0.687,0.307,0.206,0.576,0.411,0.363,0.634,0.995,0.242,0.752,0.34,0.507,0.998,0.285,0.34,0.999,0.386,0.135,0.798,0.881,0.025,0.321,0.037,0.337,0.075,0.34,0.765,0.172,0.08,0.918,0.329,0.063,0.129,0.388,0.028,0.753,0.749,0.822
1.0,0.545,0.311,0.864,0.351,0.366,0.28,0.286,0.998,0.721,0.975,0.657,0.371,0.879,0.781,0.128,0.825,0.868,0.068,0.059,0.769,0.285,0.36,0.238,0.738,0.199,0.644,0.136,0.415,0.483,0.3,0.89,0.488,0.264,0.853,0.428,0.545,0.292,0.648,0.665,0.444
0.0,0.714,0.951,0.799,0.195,0.846,0.318,0.214,0.164,0.213,0.21,0.648,0.925,0.422,0.71,0.052,0.508,0.279,0.469,0.303,0.549,0.084,0.376,0.926,0.473,0.706,0.905,0.969,0.892,0.55,0.292,0.461,0.564,0.022,0.274,0.94,0.31,0.278,0.266,0.24,0.764
1.0,0.737,0.903,0.002,0.173,0.392,0.441,0.388,0.98,0.127,0.919,0.922,0.094,0.335,0.026,0.761,0.454,0.531,0.103,0.051,0.62,0.263,0.766,0.609,0.497,0.253,0.895,0.947,0.317,0.124,0.068,0.666,0.364,0.006,0.944,0.758,0.527,0.423,0.204,0.596,0.182
1.0,0.892,0.513,0.541,0.494,0.226,0.822,0.507,0.015,0.709,0.663,0.094,0.404,0.426,0.887,0.486,0.912,0.837,0.658,0.638,0.688,0.212,0.138,0.062,0.315,0.917,0.247,0.592,0.589,0.04,0.617,0.65,0.342,0.655,0.906,0.344,0.247,0.15,0.708,0.698,0.924
1.0,0.287,0.108,0.312,0.805,0.587,0.213,0.611,0.665,0.706,0.618,0.268,0.72,0.718,0.787,0.454,0.193,0.116,0.739,0.63,0.994,0.392,0.112,0.539,0.787,0.443,0.986,0.999,0.056,0.918,0.974,0.054,0.653,0.733,0.282,0.956,0.919,0.628,0.954,0.112,0.15
1.0,0.985,0.373,0.111,0.319,0.471,0.873,0.827,0.152,0.528,0.995,0.68,0.41,0.109,0.442,0.94,0.54,0.073,0.685,0.911,0.427,0.493,0.733,0.393,0.645,0.086,0.553,0.647,0.036,0.979,0.222,0.001,0.755,0.176,0.668,0.17,0.003,0.934,0.775,0.258,0.283
0.0,0.307,0.581,0.904,0.834,0.892,0.677,0.48,0.53,0.492,0.145,0.552,0.352,0.253,0.667,0.638,0.969,0.83,0.626,0.229,0.26,0.654,0.843,0.12,0.248,0.395,0.933,0.49,0.937,0.887,0.858,0.039,0.848,0.93,0.91,0.649,0.97,0.192,0.082,0.127,0.031
1.0,0.809,0.636,0.54,0.256,0.121,0.694,0.806,0.068,0.223,0.03,0.172,0.164,0.625,0.405,0.202,0.539,0.391,0.918,0.854,0.063,0.974,0.605,0.569,0.408,0.646,0.775,0.517,0.582,0.298,0.183,0.162,0.137,0.236,0.848,0.027,0.1,0.188,0.773,0.454,0.611
0.0,0.545,0.319,0.423,0.401,0.57,0.852,0.817,0.386,0.481,0.383,0.385,0.029,0.37,0.013,0.128,0.678,0.877,0.113,0.878,0.037,0.041,0.873,0.794,0.734,0.337,0.139,0.637,0.047,0.213,0.139,0.684,0.291,0.699,0.105,0.339,0.722,0.68,0.319,0.831,0.387
0.0,0.582,0.233,0.278,0.19,0.719,0.724,0.87,0.732,0.155,0.408,0.517,0.795,0.856,0.754,0.742,0.688,0.295,0.612,0.541,0.743,0.428,0.839,0.32,0.685,0.756,0.985,0.819,0.82,0.408,0.806,0.125,0.506,0.172,0.234,0.007,0.347,0.013,0.487,0.107,0.525
0.0,0.86,0.036,0.405,0.578,0.395,0.561,0.222,0.615,0.68,0.509,0.372,0.231,0.524,0.308,0.46,0.447,0.262,0.251,0.909,0.338,0.089,0.101,0.815,0.261,0.054,0.101,0.162,0.137,0.465,0.477,0.883,0.544,0.106,0.989,0.245,0.987,0.649,0.706,0.106,0.676
0.0,0.025,0.668,0.449,0.999,0.132,0.831,0.27,0.987,0.9,0.903,0.921,0.617,0.194,0.102,0.603,0.879,0.805,0.257,0.343,0.063,0.851,0.327,0.404,0.824,0.081,0.213,0.061,0.154,0.317,0.929,0.322,0.835,0.691,0.144,0.356,0.42,0.398,0.003,0.465,0.708
0.0,0.984,0.837,0.779,0.768,0.378,0.263,0.476,0.315,0.357,0.596,0.905,0.145,0.773,0.497,0.866,0.742,0.312,0.117,0.525,0.545,0.571,0.772,0.888,0.231,0.637,0.887,0.242,0.148,0.961,0.006,0.325,0.764,0.864,0.087,0.749,0.746,0.044,0.759,0.14,0.89
1.0,0.267,0.623,0.027,0.072,0.679,0.275,0.086,0.346,0.766,0.345,0.732,0.27,0.106,0.573,0.586,0.536,0.667,0.545,0.483,0.218,0.524,0.71,0.643,0.482,0.693,0.715,0.134,0.451,0.468,0.138,0.47,0.94,0.186,0.711,0.644,0.829,0.508,0.983,0.337,0.761
0.0,0.761,0.726,0.933,0.871,0.537,0.932,0.027,0.832,0.874,0.849,0.249,0.83,0.902,0.57,0.237,0.706,0.597,0.812,0.19,0.314,0.501,0.206,0.568,0.588,0.089,0.825,0.948,0.721,0.812,0.706,0.081,0.189,0.14,0.446,0.367,0.121,0.498,0.066,0.569,0.053
1.0,0.393,0.292,0.94,0.314,0.455,0.571,0.384,0.052,0.552,0.519,0.208,0.547,0.696,0.24,0.887,0.138,0.211,0.08,0.733,0.86,0.637,0.979,0.043,0.479,0.432,0.958,0.692,0.521,0.684,0.985,0.381,0.755,0.434,0.497,0.626,0.417,0.886,0.826,0.203,0.619
1.0,0.977,0.088,0.274,0.916,0.465,0.325,0.572,0.67,0.406,0.017,0.112,0.252,0.247,0.849,0.594,0.595,0.748,0.97,0.806,0.756,0.425,0.075,0.433,0.965,0.79,0.908,0.182,0.347,0.985,0.159,0.601,0.245,0.014,0.57,0.367,0.711,0.046,0.577,0.074,0.952
0.0,0.841,0.92,0.963,0.404,0.012,0.781,0.833,0.087,0.971,0.458,0.002,0.286,0.59,0.548,0.378,0.472,0.977,0.012,0.861,0.824,0.068,0.621,0.93,0.296,0.373,0.095,0.404,0.708,0.329,0.819,0.6,0.249,0.938,0.869,0.355,0.902,0.052,0.318,0.919,0.032
1.0,0.674,0.625,0.752,0.44,0.623,0.069,0.308,0.371,0.873,0.994,0.763,0.178,0.508,0.676,0.698,0.398,0.677,0.359,0.073,0.154,0.351,0.657,0.176,0.168,0.312,0.045,0.379,0.169,0.399,0.772,0.795,0.666,0.88,0.136,0.282,0.945,0.871,0.764,0.511,0.698
1.0,0.839,0.226,0.762,0.67,0.089,0.45,0.853,0.516,0.66,0.717,0.081,0.467,0.709,0.328,0.978,0.182,0.863,0.201,0.036,0.061,0.018,0.182,0.524,0.304,0.394,0.9,0.597,0.26,0.021,0.321,0.006,0.291,0.615,0.686,0.409,0.42,0.456,0.281,0.008,0.741
1.0,0.264,0.69,0.055,0.876,0.023,0.997,0.688,0.275,0.793,0.348,0.338,0.518,0.067,0.614,0.363,0.865,0.965,0.094,0.895,0.398,0.604,0.801,0.69,0.928,0.794,0.565,0.129,0.93,0.894,0.653,0.304,0.656,0.867,0.252,0.031,0.862,0.341,0.415,0.045,0.318
1.0,0.631,0.499,0.422,0.319,0.125,0.859,0.198,0.668,0.012,0.988,0.696,0.541,0.683,0.693,0.75,0.526,0.822,0.812,0.98,0.318,0.551,0.346,0.072,0.294,0.728,0.328,0.875,0.423,0.157,0.801,0.738,0.57,0.752,0.603,0.207,0.383,0.304,0.125,0.946,0.039
1.0,0.992,0.087,0.014,0.805,0.303,0.035,0.691,0.171,0.067,0.666,0.854,0.012,0.588,0.328,0.098,0.188,0.716,0.54,0.55,0.524,0.029,0.722,0.682,0.04,0.865,0.4,0.615,0.466,0.311,0.102,0.372,0.63,0.199,0.056,0.026,0.415,0.126,0.398,0.231,0.999
0.0,0.257,0.722,0.218,0.984,0.314,0.868,0.628,0.16,0.418,0.039,0.999,0.115,0.969,0.181,0.917,0.863,0.971,0.851,0.128,0.234,0.417,0.992,0.942,0.509,0.591,0.286,0.508,0.054,0.058,0.686,0.491,0.04,0.022,0.656,0.118,0.495,0.661,0.007,0.769,0.45
1.0,0.972,0.921,0.497,0.137,0.456,0.428,0.212,0.58,0.062,0.376,0.064,0.661,0.994,0.422,0.309,0.195,0.162,0.075,0.888,0.754,0.327,0.918,0.618,0.248,0.171,0.507,0.353,0.576,0.121,0.806,0.646,0.296,0.296,0.511,0.785,0.032,0.837,0.529,0.42,0.987
1.0,0.508,0.585,0.276,0.005,0.663,0.65,0.495,0.468,0.98,0.515,0.186,0.626,0.55,0.816,0.97,0.524,0.395,0.169,0.548,0.771,0.044,0.627,0.732,0.161,0.719,0.732,0.041,0.177,0.123,0.463,0.558,0.705,0.154,0.979,0.729,0.467,0.373,0.078,0.176,0.667
0.0,0.535,0.581,0.375,0.057,0.9,0.152,0.456,0.792,0.257,0.968,0.32,0.591,0.468,0.356,0.265,0.725,0.125,0.203,0.832,0.951,0.785,0.117,0.483,0.968,0.663,0.563,0.486,0.781,0.928,0.43,0.515,0.978,0.406,0.546,0.776,0.139,0.073,0.946,0.891,0.308
1.0,0.911,0.647,0.258,0.847,0.777,0.235,0.39,0.141,0.476,0.18,0.751,0.196,0.958,0.97,0.916,0.661,0.737,0.219,0.232,0.894,0.783,0.15,0.151,0.078,0.58,0.558,0.3,0.122,0.777,0.528,0.913,0.775,0.521,0.026,0.171,0.998,0.151,0.611,0.223,0.459
1.0,0.369,0.33,0.581,0.1,0.121,0.212,0.287,0.127,0.519,0.555,0.653,0.341,0.937,0.548,0.975,0.398,0.239,0.844,0.341,0.432,0.625,0.633,0.388,0.907,0.208,0.189,0.367,0.98,0.408,0.941,0.043,0.602,0.919,0.01,0.031,0.933,0.498,0.383,0.866,0.568
1.0,0.689,0.005,0.904,0.359,0.554,0.251,0.976,0.77,0.708,0.612,0.112,0.005,0.481,0.002,0.758,0.048,0.217,0.915,0.724,0.765,0.172,0.792,0.169,0.808,0.775,0.994,0.991,0.648,0.907,0.27,0.503,0.818,0.109,0.056,0.991,0.346,0.437,0.838,0.223,0.544
0.0,0.879,0.724,0.962,0.459,0.557,0.704,0.437,0.24,0.178,0.939,0.736,0.739,0.004,0.919,0.734,0.705,0.508,0.839,0.782,0.88,0.592,0.37,0.813,0.762,0.085,0.077,0.96,0.988,0.442,0.832,0.327,0.011,0.54,0.106,0.538,0.788,0.393,0.714,0.485,0.018
0.0,0.527,0.867,0.941,0.728,0.688,0.412,0.493,0.832,0.278,0.959,0.96,0.073,0.465,0.966,0.575,0.288,0.27,0.942,0.689,0.047,0.644,0.804,0.92,0.078,0.222,0.032,0.618,0.085,0.893,0.79,0.301,0.093,0.474,0.331,0.882,0.428,0.966,0.26,0.597,0.637
0.0,0.549,0.53,0.595,0.046,0.971,0.473,0.358,0.726,0.4,0.717,0.502,0.628,0.618,0.781,0.052,0.314,0.755,0.326,0.639,0.066,0.283,0.515,0.115,0.596,0.279,0.66,0.042,0.437,0.543,0.382,0.752,0.165,0.25,0.66,0.801,0.819,0.49,0.416,0.573,0.455
0.0,0.134,0.526,0.321,0.908,0.987,0.633,0.482,0.547,0.392,0.868,0.93,0.194,0.391,0.919,0.755,0.274,0.526,0.136,0.573,0.538,0.339,0.939,0.465,0.23,0.465,0.336,0.585,0.695,0.438,0.434,0.397,0.955,0.526,0.561,0.102,0.683,0.221,0.556,0.414,0.654
0.0,0.476,0.976,0.604,0.143,0.018,0.637,0.097,0.886,0.708,0.863,0.646,0.215,0.347,0.904,0.69,0.832,0.471,0.217,0.121,0.511,0.055,0.548,0.832,0.691,0.951,0.794,0.729,0.06,0.24,0.89,0.554,0.642,0.399,0.718,0.651,0.182,0.261,0.017,0.904,0.201
1.0,0.307,0.884,0.817,0.728,0.647,0.049,0.017,0.353,0.571,0.379,0.319,0.119,0.631,0.904,0.813,0.292,0.877,0.323,0.61,0.888,0.916,0.371,0.732,0.824,0.039,0.511,0.577,0.74,0.22,0.499,0.924,0.55,0.577,0.85,0.916,0.306,0.175,0.418,0.152,0.109
0.0,0.849,0.693,0.555,0.208,0.874,0.133,0.527,0.804,0.156,0.379,0.391,0.09,0.045,0.781,0.819,0.311,0.853,0.814,0.073,0.49,0.843,0.465,0.881,0.941,0.416,0.442,0.574,0.747,0.467,0.176,0.322,0.705,0.046,0.447,0.012,0.577,0.664,0.983,0.747,0.306
0.0,0.717,0.139,0.856,0.331,0.295,0.108,0.127,0.629,0.729,0.673,0.552,0.317,0.326,0.077,0.263,0.919,0.235,0.332,0.359,0.706,0.785,0.566,0.866,0.324,0.456,0.671,0.83,0.448,0.589,0.767,0.664,0.882,0.922,0.052,0.817,0.706,0.786,0.121,0.944,0.174
1.0,0.827,0.605,0.564,0.524,0.32,0.136,0.249,0.816,0.026,0.773,0.084,0.442,0.37,0.167,0.42,0.816,0.26,0.593,0.412,0.957,0.155,0.066,0.366,0.167,0.598,0.28,0.727,0.272,0.924,0.366,0.252,0.548,0.006,0.422,0.674,0.692,0.883,0.546,0.304,0.797
1.0,0.578,0.92,0.742,0.301,0.789,0.282,0.997,0.606,0.999,0.08,0.981,0.383,0.476,0.865,0.764,0.829,0.933,0.19,0.502,0.611,0.712,0.251,0.725,0.097,0.866,0.846,0.648,0.71,0.442,0.56,0.54,0.865,0.429,0.372,0.127,0.071,0.397,0.529,0.279,0.976
1.0,0.471,0.395,0.534,0.547,0.074,0.698,0.453,0.684,0.943,0.385,0.565,0.673,0.077,0.417,0.703,0.0,0.516,0.33,0.811,0.521,0.853,0.259,0.506,0.788,0.353,0.884,0.59,0.484,0.221,0.277,0.198,0.797,0.369,0.737,0.122,0.292,0.434,0.417,0.557,0.429
0.0,0.05,0.826,0.721,0.611,0.949,0.294,0.632,0.044,0.253,0.825,0.095,0.458,0.39,0.47,0.169,0.109,0.489,0.35,0.8,0.567,0.189,0.187,0.383,0.683,0.918,0.147,0.721,0.749,0.981,0.476,0.72,0.085,0.495,0.353,0.508,0.887,0.335,0.549,0.951,0.086
1.0,0.831,0.869,0.973,0.436,0.044,0.387,0.068,0.451,0.968,0.202,0.995,0.695,0.066,0.834,0.744,0.279,0.232,0.55,0.804,0.626,0.918,0.776,0.491,0.225,0.606,0.691,0.88,0.138,0.893,0.279,0.687,0.819,0.826,0.859,0.162,0.705,0.75,0.022,0.184,0.454
0.0,0.194,0.573,0.993,0.881,0.715,0.264,0.476,0.539,0.26,0.885,0.853,0.079,0.378,0.109,0.299,0.811,0.889,0.627,0.516,0.628,0.945,0.852,0.447,0.512,0.665,0.449,0.066,0.563,0.971,0.101,0.813,0.217,0.06,0.47,0.641,0.949,0.415,0.62,0.917,0.8
1.0,0.697,0.88,0.502,0.001,0.709,0.297,0.381,0.589,0.798,0.803,0.986,0.12,0.902,0.264,0.547,0.635,0.548,0.232,0.129,0.725,0.731,0.971,0.248,0.621,0.677,0.072,0.964,0.589,0.5,0.134,0.807,0.189,0.531,0.091,0.122,0.194,0.857,0.622,0.719,0.719
0.0,0.811,0.903,0.383,0.725,0.473,0.845,0.202,0.5,0.378,0.687,0.019,0.988,0.71,0.309,0.791,0.008,0.136,0.93,0.864,0.473,0.045,0.081,0.058,0.91,0.914,0.993,0.082,0.092,0.986,0.796,0.97,0.457,0.887,0.149,0.435,0.82,0.804,0.334,0.532,0.836
1.0,0.507,0.887,0.44,0.855,0.557,0.377,0.365,0.024,0.841,0.77,0.105,0.429,0.747,0.51,0.429,0.994,0.259,0.465,0.419,0.563,0.701,0.809,0.367,0.328,0.38,0.01,0.121,0.775,0.37,0.027,0.092,0.087,0.043,0.444,0.082,0.029,0.248,0.154,0.749,0.967
1.0,0.111,0.661,0.622,0.791,0.147,0.224,0.655,0.124,0.845,0.669,0.396,0.296,0.287,0.432,0.544,0.69,0.375,0.688,0.489,0.103,0.389,0.567,0.225,0.611,0.218,0.741,0.896,0.801,0.382,0.458,0.931,0.122,0.96,0.411,0.341,0.393,0.678,0.681,0.964,0.052
1.0,0.889,0.728,0.049,0.615,0.722,0.503,0.47,0.77,0.38,0.035,0.081,0.156,0.855,0.861,0.546,0.59,0.833,0.598,0.816,0.473,0.729,0.198,0.696,0.397,0.862,0.072,0.149,0.433,0.285,0.029,0.205,0.33,0.173,0.893,0.118,0.139,0.248,0.818,0.2,0.634
0.0,0.059,0.75,0.716,0.968,0.329,0.251,0.015,0.825,0.925,0.916,0.896,0.653,0.707,0.715,0.941,0.23,0.1,0.775,0.625,0.01,0.068,0.179,0.535,0.645,0.958,0.209,0.216,0.535,0.165,0.683,0.53,0.415,0.765,0.923,0.657,0.385,0.509,0.037,0.77,0.634
0.0,0.326,0.28,0.732,0.688,0.737,0.398,0.075,0.616,0.072,0.107,0.781,0.945,0.718,0.549,0.357,0.744,0.831,0.412,0.648,0.935,0.286,0.702,0.85,0.159,0.288,0.754,0.739,0.512,0.791,0.101,0.788,0.621,0.781,0.181,0.855,0.241,0.02,0.223,0.591,0.943
0.0,0.498,0.843,0.425,0.921,0.983,0.323,0.52,0.396,0.503,0.806,0.736,0.3,0.654,0.29,0.383,0.062,0.541,0.43,0.557,0.061,0.294,0.041,0.399,0.668,0.297,0.781,0.685,0.553,0.68,0.139,0.132,0.12,0.402,0.75,0.626,0.536,0.674,0.813,0.518,0.478
1.0,0.44,0.964,0.235,0.711,0.453,0.687,0.537,0.621,0.678,0.027,0.343,0.944,0.756,0.977,0.688,0.229,0.246,0.251,0.892,0.996,0.782,0.614,0.409,0.297,0.02,0.362,0.791,0.564,0.425,0.599,0.441,0.031,0.155,0.695,0.162,0.391,0.345,0.691,0.786,0.01
1.0,0.032,0.452,0.421,0.208,0.262,0.001,0.703,0.118,0.438,0.92,0.967,0.629,0.373,0.381,0.695,0.861,0.16,0.301,0.487,0.531,0.388,0.381,0.337,0.115,0.373,0.312,0.089,0.7,0.559,0.486,0.008,0.703,0.033,0.558,0.082,0.656,0.097,0.14,0.942,0.05
1.0,0.073,0.061,0.568,0.821,0.78,0.411,0.981,0.797,0.315,0.78,0.488,0.666,0.52,0.08,0.284,0.623,0.415,0.46,0.56,0.692,0.953,0.776,0.268,0.254,0.8,0.782,0.204,0.532,0.344,0.094,0.958,0.782,0.24,0.675,0.435,0.077,0.649,0.772,0.612,0.483
0.0,0.364,0.427,0.747,0.73,0.127,0.977,0.969,0.948,0.548,0.334,0.977,0.983,0.056,0.362,0.606,0.024,0.411,0.966,0.431,0.222,0.126,0.587,0.844,0.787,0.264,0.538,0.717,0.062,0.455,0.717,0.845,0.531,0.638,0.703,0.873,0.748,0.896,0.361,0.289,0.984
1.0,0.37,0.37,0.545,0.021,0.959,0.48,0.77,0.229,0.624,0.159,0.381,0.476,0.751,0.959,0.261,0.067,0.51,0.028,0.872,0.734,0.365,0.484,0.663,0.949,0.135,0.325,0.159,0.312,0.241,0.369,0.149,0.214,0.944,0.212,0.341,0.884,0.979,0.477,0.878,0.542
0.0,0.626,0.772,0.152,0.592,0.233,0.192,0.95,0.91,0.009,0.273,0.52,0.828,0.423,0.756,0.471,0.392,0.418,0.751,0.371,0.232,0.428,0.408,0.936,0.906,0.037,0.948,0.831,0.786,0.84,0.645,0.892,0.244,0.479,0.604,0.036,0.087,0.61,0.352,0.571,0.012
1.0,0.012,0.229,0.725,0.675,0.074,0.378,0.697,0.395,0.525,0.189,0.835,0.446,0.689,0.118,0.894,1.0,0.193,0.237,0.64,0.334,0.451,0.929,0.393,0.338,0.966,0.481,0.56,0.682,0.379,0.778,0.277,0.103,0.983,0.031,0.096,0.039,0.167,0.588,0.042,0.552
0.0,0.993,0.335,0.419,0.008,0.966,0.887,0.892,0.028,0.162,0.74,0.2,0.543,0.951,0.449,0.784,0.602,0.353,0.918,0.058,0.914,0.632,0.218,0.544,0.733,0.657,0.927,0.168,0.261,0.318,0.885,0.65,0.956,0.268,0.809,0.377,0.165,0.411,0.275,0.554,0.969
1.0,0.258,0.338,0.53,0.874,0.526,0.847,0.995,0.209,0.196,0.68,0.286,0.302,0.311,0.49,0.591,0.284,0.886,0.282,0.57,0.893,0.665,0.552,0.275,0.67,0.19,0.242,0.938,0.836,0.343,0.798,0.998,0.034,0.046,0.556,0.278,0.473,0.315,0.033,0.311,0.325
0.0,0.053,0.351,0.368,0.47,0.639,0.226,0.385,0.159,0.005,0.639,0.893,0.858,0.842,0.419,0.559,0.389,0.274,0.398,0.46,0.832,0.867,0.188,0.32,0.832,0.782,0.487,0.594,0.182,0.604,0.373,0.851,0.702,0.278,0.478,0.921,0.825,0.429,0.881,0.508,0.233
1.0,0.035,0.582,0.917,0.476,0.756,0.056,0.159,0.379,0.361,0.881,0.787,0.27,0.563,0.877,0.27,0.783,0.826,0.075,0.961,0.656,0.46,0.301,0.776,0.925,0.764,0.614,0.804,0.464,0.479,0.658,0.98,0.067,0.629,0.585,0.406,0.355,0.128,0.02,0.111,0.24
0.0,0.789,0.969,0.965,0.678,0.985,0.6,0.435,0.069,0.737,0.456,0.803,0.29,0.497,0.002,0.161,0.379,0.861,0.603,0.302,0.311,0.278,0.253,0.123,0.757,0.685,0.498,0.192,0.58,0.516,0.417,0.014,0.676,0.23,0.684,0.442,0.633,0.707,0.455,0.362,0.858
0.0,0.543,0.432,0.756,0.34,0.656,0.945,0.867,0.635,0.349,0.727,0.653,0.546,0.36,0.925,0.582,0.723,0.906,0.483,0.442,0.36,0.353,0.295,0.959,0.022,0.021,0.355,0.833,0.009,0.557,0.213,0.713,0.049,0.181,0.34,0.048,0.534,0.127,0.762,0.905,0.873
1.0,0.615,0.682,0.876,0.123,0.339,0.55,0.631,0.398,0.513,0.048,0.547,0.64,0.489,0.502,0.95,0.495,0.633,0.128,0.157,0.803,0.203,0.389,0.262,0.356,0.177,0.899,0.938,0.646,0.606,0.538,0.876,0.591,0.083,0.633,0.443,0.672,0.02,0.748,0.128,0.34
0.0,0.651,0.694,0.223,0.049,0.775,0.708,0.74,0.728,0.14,0.233,0.713,0.343,0.213,0.752,0.419,0.6,0.7,0.116,0.224,0.102,0.941,0.667,0.855,0.302,0.56,0.53,0.087,0.848,0.294,0.775,0.64,0.621,0.379,0.301,0.144,0.77,0.166,0.773,0.431,0.783
0.0,0.967,0.917,0.386,0.163,0.262,0.375,0.314,0.097,0.204,0.258,0.773,0.903,0.627,0.175,0.701,0.385,0.388,0.835,0.748,0.627,0.548,0.171,0.193,0.276,0.19,0.176,0.918,0.153,0.415,0.429,0.958,0.82,0.469,0.615,0.738,0.388,0.151,0.487,0.114,0.807
0.0,0.696,0.928,0.836,0.047,0.588,0.753,0.245,0.845,0.261,0.742,0.024,0.947,0.012,0.468,0.416,0.763,0.025,0.099,0.425,0.17,0.964,0.777,0.486,0.063,0.581,0.968,0.356,0.43,0.679,0.683,0.473,0.345,0.776,0.215,0.42,0.537,0.475,0.752,0.399,0.252
1.0,0.827,0.433,0.905,0.45,0.06,0.838,0.746,0.785,0.934,0.851,0.099,0.432,0.047,0.508,0.162,0.835,0.929,0.179,0.655,0.908,0.141,0.195,0.708,0.274,0.33,0.183,0.627,0.949,0.638,0.095,0.742,0.394,0.915,0.893,0.003,0.77,0.383,0.371,0.733,0.584
0.0,0.551,0.548,0.465,0.053,0.843,0.842,0.959,0.11,0.292,0.602,0.097,0.561,0.834,0.904,0.82,0.976,0.794,0.443,0.773,0.062,0.794,0.208,0.51,0.347,0.241,0.451,0.67,0.543,0.242,0.231,0.217,0.263,0.765,0.742,0.62,0.977,0.239,0.877,0.89,0.781
0.0,0.73,0.831,0.119,0.299,0.31,0.856,0.42,0.1,0.293,0.846,0.155,0.846,0.093,0.309,0.226,0.372,0.414,0.795,0.058,0.363,0.597,0.45,0.553,0.907,0.168,0.075,0.408,0.058,0.223,0.294,0.879,0.732,0.204,0.377,0.399,0.497,0.518,0.725,0.921,0.878
0.0,0.471,0.757,0.316,0.236,0.365,0.426,0.885,0.18,0.283,0.215,0.554,0.475,0.161,0.755,0.421,0.296,0.361,0.903,0.777,0.577,0.802,0.335,0.996,0.2,0.273,0.431,0.093,0.378,0.757,0.772,0.283,0.792,0.146,0.999,0.0,0.317,0.552,0.975,0.963,0.591
0.0,0.367,0.179,0.045,0.667,0.665,0.27,0.441,0.72,0.771,0.988,0.297,0.477,0.672,0.893,0.433,0.05,0.299,0.263,0.498,0.984,0.015,0.486,0.198,0.741,0.661,0.331,0.899,0.426,0.97,0.631,0.45,0.142,0.876,0.464,0.517,0.187,0.717,0.23,0.954,0.646
1.0,0.984,0.072,0.721,0.267,0.17,0.374,0.575,0.26,0.572,0.701,0.787,0.25,0.531,0.795,0.342,0.924,0.065,0.578,0.87,0.325,0.564,0.512,0.212,0.78,0.772,0.52,0.54,0.746,0.17,0.148,0.284,0.741,0.802,0.226,0.638,0.03,0.012,0.223,0.583,0.995
1.0,0.99,0.656,0.475,0.952,0.358,0.961,0.233,0.144,0.38,0.223,0.75,0.754,0.15,0.094,0.543,0.414,0.091,0.001,0.054,0.284,0.98,0.026,0.059,0.227,0.744,0.56,0.97,0.422,0.647,0.195,0.327,0.152,0.126,0.566,0.12,0.31,0.189,0.777,0.971,0.476
0.0,0.611,0.657,0.205,0.296,0.229,0.858,0.242,0.495,0.989,0.548,0.429,0.939,0.897,0.205,0.906,0.031,0.397,0.562,0.76,0.527,0.647,0.533,0.131,0.593,0.248,0.159,0.681,0.279,0.671,0.16,0.887,0.112,0.906,0.747,0.242,0.901,0.525,0.708,0.838,0.832
1.0,0.464,0.95,0.668,0.383,0.561,0.487,0.6,0.701,0.03,0.121,0.311,0.648,0.754,0.862,0.043,0.558,0.508,0.789,0.354,0.087,0.739,0.622,0.628,0.39,0.046,0.868,0.145,0.797,0.824,0.061,0.038,0.441,0.726,0.203,0.208,0.13,0.012,0.263,0.682,0.835
0.0,0.265,0.986,0.562,0.111,0.204,0.411,0.468,0.901,0.48,0.709,0.139,0.98,0.702,0.86,0.519,0.981,0.744,0.806,0.301,0.135,0.999,0.441,0.101,0.443,0.256,0.396,0.023,0.233,0.312,0.467,0.705,0.504,0.01,0.18,0.402,0.035,0.897,0.996,0.963,0.081
0.0,0.972,0.719,0.885,0.451,0.362,0.571,0.022,0.942,0.744,0.004,0.78,0.022,0.795,0.465,0.113,0.028,0.667,0.054,0.184,0.23,0.987,0.235,0.833,0.426,0.977,0.899,0.987,0.959,0.75,0.636,0.103,0.373,0.544,0.35,0.015,0.35,0.53,0.529,0.134,0.742
0.0,0.751,0.907,0.491,0.129,0.025,0.897,0.12,0.517,0.32,0.074,0.848,0.984,0.071,0.725,0.595,0.655,0.604,0.705,0.898,0.381,0.297,0.347,0.282,0.883,0.696,0.888,0.713,0.863,0.454,0.318,0.414,0.741,0.873,0.301,0.747,0.889,0.577,0.855,0.676,0.517
0.0,0.857,0.474,0.913,0.941,0.416,0.995,0.059,0.014,0.253,0.023,0.541,0.624,0.058,0.898,0.1,0.866,0.012,0.443,0.245,0.039,0.026,0.315,0.826,0.157,0.597,0.779,0.16,0.684,0.456,0.902,0.633,0.771,0.136,0.187,0.442,0.633,0.473,0.718,0.937,0.503
1.0,0.56,0.404,0.425,0.066,0.627,0.688,0.829,0.966,0.179,0.463,0.958,0.145,0.443,0.365,0.666,0.078,0.326,0.031,0.577,0.198,0.594,0.521,0.677,0.897,0.981,0.107,0.676,0.127,0.548,0.183,0.143,0.468,0.998,0.037,0.479,0.687,0.048,0.802,0.435,0.667
0.0,0.147,0.941,0.373,0.107,0.514,0.098,0.798,0.255,0.232,0.739,0.175,0.554,0.253,0.23,0.114,0.916,0.433,0.825,0.656,0.979,0.567,0.698,0.627,0.772,0.739,0.526,0.202,0.582,0.587,0.499,0.613,0.31,0.822,0.828,0.279,0.872,0.752,0.494,0.843,0.03
0.0,0.768,0.728,0.885,0.47,0.021,0.838,0.484,0.909,0.573,0.983,0.106,0.961,0.786,0.968,0.323,0.559,0.593,0.59,0.785,0.767,0.897,0.554,0.062,0.668,0.217,0.065,0.682,0.806,0.474,0.82,0.48,0.226,0.098,0.38,0.571,0.368,0.533,0.129,0.08,0.538
1.0,0.341,0.444,0.552,0.598,0.286,0.597,0.15,0.257,0.217,0.944,0.888,0.067,0.241,0.629,0.733,0.327,0.792,0.389,0.445,0.195,0.502,0.727,0.723,0.294,0.792,0.884,0.346,0.043,0.569,0.913,0.522,0.515,0.674,0.058,0.996,0.513,0.361,0.827,0.674,0.561
1.0,0.5,0.173,0.257,0.306,0.277,0.001,0.477,0.961,0.381,0.904,0.006,0.703,0.253,0.488,0.584,0.154,0.239,0.237,0.564,0.975,0.014,0.618,0.909,0.744,0.344,0.533,0.116,0.567,0.243,0.105,0.127,0.58,0.942,0.015,0.836,0.878,0.065,0.762,0.279,0.926
0.0,0.252,0.583,0.897,0.284,0.483,0.784,0.344,0.884,0.332,0.752,0.85,0.979,0.419,0.598,0.682,0.709,0.304,0.713,0.644,0.386,0.749,0.387,0.019,0.041,0.184,0.251,0.056,0.98,0.141,0.809,0.124,0.887,0.399,0.67,0.079,0.396,0.191,0.398,0.665,0.417
1.0,0.606,0.575,0.314,0.952,0.153,0.29,0.448,0.143,0.624,0.942,0.747,0.208,0.177,0.085,0.545,0.058,0.938,0.594,0.784,0.46,0.944,0.472,0.74,0.788,0.982,0.437,0.598,0.372,0.003,0.607,0.273,0.897,0.12,0.282,0.673,0.449,0.962,0.996,0.279,0.551
0.0,0.69,0.349,0.443,0.645,0.643,0.755,0.935,0.966,0.188,0.815,0.687,0.782,0.629,0.314,0.33,0.777,0.518,0.673,0.669,0.127,0.892,0.044,0.786,0.313,0.903,0.243,0.434,0.002,0.417,0.789,0.079,0.486,0.598,0.028,0.48,0.422,0.225,0.563,0.942,0.886
0.0,0.175,0.677,0.714,0.206,0.901,0.804,0.207,0.235,0.129,0.022,0.867,0.2,0.762,0.436,0.92,0.567,0.163,0.255,0.263,0.198,0.222,0.804,0.06,0.18,0.914,0.453,0.471,0.511,0.088,0.625,0.049,0.622,0.335,0.367,0.757,0.923,0.159,0.813,0.456,0.793
1.0,0.014,0.848,0.186,0.848,0.152,0.378,0.521,0.818,0.058,0.179,0.384,0.643,0.936,0.324,0.08,0.694,0.948,0.806,0.257,0.454,0.277,0.213,0.696,0.867,0.223,0.833,0.141,0.965,0.897,0.304,0.518,0.584,0.01,0.131,0.22,0.391,0.116,0.229,0.71,0.065
1.0,0.976,0.434,0.602,0.613,0.854,0.772,0.481,0.937,0.117,0.977,0.275,0.238,0.754,0.111,0.755,0.284,0.882,0.625,0.78,0.152,0.079,0.027,0.37,0.49,0.434,0.569,0.263,0.558,0.214,0.03,0.669,0.767,0.448,0.081,0.671,0.826,0.388,0.53,0.64,0.176
1.0,0.764,0.759,0.698,0.025,0.074,0.406,0.151,0.346,0.252,0.746,0.46,0.309,0.102,0.887,0.606,0.789,0.541,0.261,0.786,0.644,0.75,0.355,0.343,0.91,0.761,0.886,0.678,0.637,0.846,0.514,0.618,0.332,0.195,0.12,0.086,0.287,0.097,0.929,0.858,0.769
0.0,0.027,0.434,0.999,0.475,0.62,0.013,0.332,0.325,0.154,0.467,0.545,0.79,0.104,0.538,0.91,0.344,0.41,0.411,0.121,0.438,0.709,0.7,0.823,0.737,0.349,0.29,0.364,0.947,0.598,0.563,0.868,0.52,0.405,0.418,0.683,0.851,0.338,0.254,0.642,0.948
0.0,0.941,0.145,0.825,0.131,0.524,0.082,0.501,0.56,0.508,0.46,0.938,0.864,0.564,0.845,0.048,0.854,0.612,0.942,0.515,0.75,0.424,0.157,0.23,0.34,0.382,0.738,0.627,0.018,0.117,0.197,0.348,0.246,0.639,0.078,0.69,0.041,0.021,0.981,0.271,0.302
1.0,0.732,0.865,0.402,0.885,0.153,0.815,0.532,0.362,0.532,0.558,0.837,0.493,0.808,0.547,0.262,0.656,0.151,0.503,0.62,0.399,0.774,0.206,0.428,0.487,0.74,0.33,0.393,0.704,0.308,0.409,0.5,0.01,0.396,0.069,0.296,0.739,0.449,0.042,0.334,0.275
1.0,0.005,0.682,0.132,0.84,0.706,0.432,0.929,0.522,0.061,0.754,0.283,0.509,0.019,0.125,0.955,0.098,0.805,0.642,0.546,0.168,0.565,0.79,0.354,0.016,0.66,0.313,0.722,0.546,0.195,0.575,0.481,0.836,0.491,0.553,0.155,0.406,0.523,0.37,0.94,0.257
0.0,0.816,0.497,0.4,0.968,0.136,0.384,0.176,0.585,0.518,0.14,0.546,0.729,0.744,0.449,0.96,0.375,0.549,0.516,0.27,0.7,0.33,0.118,0.687,0.485,0.052,0.11,0.846,0.411,0.959,0.88,0.436,0.544,0.779,0.096,0.099,0.678,0.99,0.71,0.505,0.476
1.0,0.194,0.981,0.221,0.418,0.062,0.024,0.989,0.048,0.556,0.193,0.595,0.005,0.804,0.729,0.923,0.657,0.356,0.8,0.099,0.851,0.083,0.21,0.304,0.002,0.711,0.746,0.134,0.261,0.749,0.045,0.01,0.731,0.544,0.453,0.855,0.453,0.171,0.477,0.854,0.405
0.0,0.519,0.808,0.614,0.775,0.122,0.727,0.245,0.868,0.24,0.861,0.951,0.823,0.823,0.993,0.699,0.831,0.494,0.011,0.057,0.77,0.463,0.437,0.103,0.609,0.104,0.855,0.069,0.037,0.448,0.421,0.149,0.247,0.354,0.279,0.446,0.491,0.812,0.105,0.529,0.792
0.0,0.745,0.907,0.105,0.172,0.032,0.621,0.864,0.922,0.471,0.617,0.323,0.112,0.569,0.309,0.396,0.312,0.666,0.81,0.967,0.569,0.203,0.629,0.902,0.633,0.521,0.852,0.105,0.22,0.664,0.817,0.948,0.41,0.35,0.578,0.027,0.842,0.212,0.593,0.77,0.822
1.0,0.881,0.804,0.386,0.693,0.336,0.086,0.42,0.795,0.416,0.229,0.673,0.531,0.259,0.65,0.385,0.235,0.966,0.699,0.254,0.5,0.28,0.863,0.583,0.497,0.678,0.867,0.796,0.375,0.53,0.451,0.408,0.841,0.216,0.347,0.805,0.519,0.591,0.722,0.659,0.636
0.0,0.146,0.494,0.387,0.131,0.898,0.889,0.437,0.241,0.349,0.919,0.205,0.291,0.479,0.278,0.263,0.607,0.586,0.444,0.844,0.382,0.349,0.417,0.856,0.832,0.987,0.407,0.311,0.552,0.061,0.945,0.424,0.555,0.29,0.747,0.595,0.382,0.378,0.991,0.497,0.996
1.0,0.861,0.737,0.013,0.228,0.537,0.038,0.886,0.714,0.286,0.67,0.725,0.278,0.389,0.093,0.136,0.626,0.194,0.571,0.606,0.522,0.198,0.165,0.433,0.804,0.983,0.503,0.654,0.523,0.451,0.153,0.786,0.048,0.198,0.037,0.583,0.978,0.787,0.615,0.028,0.853
0.0,0.667,0.275,0.094,0.635,0.125,0.91,0.364,0.595,0.369,0.848,1.0,0.361,0.65,0.754,0.401,0.57,0.236,0.38,0.53,0.132,0.282,0.641,0.93,0.998,0.228,0.398,0.695,0.432,0.068,0.122,0.532,0.503,0.133,0.199,0.143,0.299,0.779,0.105,0.702,0.277
0.0,0.655,0.749,0.527,0.692,0.206,0.921,0.158,0.052,1.0,0.891,0.429,0.437,0.432,0.681,0.041,0.758,0.919,0.893,0.622,0.655,0.455,0.395,0.818,0.497,0.019,0.233,0.938,0.513,0.21,0.844,0.394,0.216,0.472,0.038,0.562,0.265,0.879,0.189,0.895,0.844
1.0,0.876,0.3,0.817,0.033,0.746,0.116,0.447,0.529,0.263,0.392,0.548,0.13,0.2,0.957,0.319,0.778,0.095,0.149,0.279,0.677,0.158,0.425,0.001,0.879,0.055,0.448,0.763,0.872,0.066,0.895,0.097,0.016,0.593,0.622,0.624,0.465,0.098,0.354,0.433,0.379
0.0,0.545,0.468,0.684,0.733,0.59,0.922,0.834,0.018,0.297,0.251,0.464,0.61,0.569,0.155,0.454,0.25,0.77,0.754,0.156,0.66,0.316,0.449,0.85,0.734,0.198,0.872,0.402,0.622,0.023,0.461,0.316,0.403,0.14,0.233,0.432,0.103,0.738,0.937,0.075,0.089
1.0,0.13,0.83,0.461,0.714,0.48,0.754,0.051,0.368,0.233,0.44,0.037,0.669,0.244,0.033,0.639,0.069,0.791,0.782,0.709,0.785,0.949,0.329,0.554,0.272,0.003,0.372,0.967,0.259,0.935,0.894,0.596,0.346,0.976,0.883,0.178,0.573,0.519,0.917,0.038,0.686
1.0,0.876,0.842,0.588,0.27,0.644,0.883,0.208,0.729,0.631,0.792,0.497,0.745,0.658,0.987,0.711,0.809,0.164,0.719,0.387,0.72,0.77,0.193,0.437,0.408,0.19,0.908,0.929,0.766,0.024,0.87,0.24,0.547,0.502,0.15,0.704,0.748,0.422,0.445,0.096,0.891
0.0,0.958,0.106,0.789,0.328,0.755,0.038,0.711,0.584,0.15,0.441,0.847,0.919,0.129,0.707,0.999,0.825,0.487,0.59,0.544,0.12,0.926,0.047,0.937,0.911,0.537,0.324,0.232,0.687,0.734,0.413,0.21,0.137,0.192,0.746,0.311,0.144,0.658,0.202,0.864,0.317
1.0,0.553,0.719,0.352,0.022,0.246,0.345,0.879,0.715,0.021,0.486,0.179,0.378,0.337,0.924,0.248,0.86,0.227,0.21,0.21,0.329,0.508,0.544,0.417,0.363,0.737,0.946,0.218,0.353,0.866,0.363,0.291,0.071,0.614,0.955,0.03,0.565,0.617,0.365,0.026,0.177
1.0,0.694,0.806,0.176,0.992,0.817,0.92,0.124,0.044,0.609,0.498,0.563,0.258,0.603,0.942,0.492,0.253,0.043,0.75,0.181,0.406,0.329,0.449,0.213,0.897,0.202,0.555,0.918,0.411,0.779,0.577,0.915,0.76,0.983,0.541,0.78,0.674,0.737,0.366,0.6,0.125
1.0,0.39,0.37,0.638,0.65,0.514,0.708,0.282,0.85,0.806,0.245,0.692,0.564,0.694,0.927,0.788,0.383,0.59,0.031,0.626,0.683,0.793,0.734,0.295,0.703,0.163,0.552,0.321,0.86,0.316,0.404,0.604,0.224,0.529,0.926,0.322,0.385,0.786,0.893,0.045,0.225
1.0,0.669,0.832,0.706,0.617,0.411,0.062,0.26,0.876,0.16,0.745,0.485,0.739,0.571,0.002,0.159,0.86,0.291,0.999,0.352,0.106,0.503,0.891,0.672,0.665,0.413,0.586,0.454,0.057,0.313,0.576,0.281,0.085,0.696,0.512,0.32,0.132,0.663,0.055,0.161,0.207
1.0,0.477,0.298,0.046,0.336,0.517,0.812,0.575,0.926,0.751,0.52,0.513,0.747,0.789,0.656,0.99,0.093,0.657,0.139,0.027,0.92,0.37,0.541,0.036,0.441,0.493,0.517,0.425,0.16,0.891,0.153,0.027,0.585,0.898,0.926,0.536,0.778,0.639,0.883,0.398,0.52
1.0,0.879,0.667,0.051,0.554,0.703,0.288,0.992,0.272,0.652,0.221,0.511,0.293,0.908,0.896,0.832,0.907,0.974,0.123,0.098,0.459,0.609,0.049,0.777,0.54,0.017,0.05,0.867,0.433,0.58,0.612,0.916,0.815,0.604,0.572,0.108,0.461,0.392,0.332,0.364,0.529
0.0,0.568,0.984,0.596,0.044,0.111,0.247,0.306,0.108,0.953,0.794,0.579,0.92,0.349,0.553,0.905,0.471,0.34,0.088,0.846,0.46,0.895,0.08,0.822,0.794,0.289,0.712,0.322,0.541,0.841,0.128,0.031,0.035,0.69,0.849,0.303,0.519,0.582,0.204,0.658,0.295
1.0,0.402,0.141,0.306,0.353,0.423,0.946,0.927,0.145,0.055,0.995,0.811,0.103,0.432,0.199,0.67,0.44,0.717,0.922,0.874,0.307,0.512,0.885,0.37,0.463,0.659,0.011,0.588,0.408,0.412,0.396,0.507,0.224,0.114,0.924,0.833,0.52,0.816,0.121,0.75,0.364
0.0,0.965,0.223,0.341,0.632,0.948,0.466,0.761,0.172,0.631,0.479,0.666,0.949,0.343,0.077,0.042,0.371,0.513,0.935,0.445,0.181,0.024,0.03,0.203,0.653,0.047,0.968,0.127,0.86,0.153,0.148,0.785,0.09,0.53,0.63,0.739,0.791,0.538,0.372,0.196,0.647
1.0,0.621,0.224,0.029,0.479,0.063,0.005,0.326,0.547,0.465,0.973,0.466,0.264,0.01,0.138,0.313,0.703,0.989,0.366,0.314,0.401,0.319,0.027,0.507,0.767,0.693,0.49,0.206,0.831,0.984,0.575,0.653,0.491,0.35,0.54,0.39,0.727,0.259,0.911,0.102,0.135
1.0,0.038,0.11,0.458,0.258,0.206,0.88,0.982,0.082,0.626,0.338,0.767,0.208,0.664,0.191,0.36,0.409,0.33,0.042,0.055,0.467,0.328,0.429,0.386,0.552,0.588,0.628,0.933,0.612,0.744,0.188,0.031,0.497,0.176,0.318,0.825,0.601,0.696,0.495,0.515,0.863
0.0,0.97,0.461,0.561,0.496,0.505,0.694,0.065,0.559,0.325,0.832,0.249,0.93,0.776,0.86,0.863,0.559,0.506,0.439,0.122,0.877,0.317,0.464,0.145,0.177,0.3,0.616,0.125,0.645,0.058,0.984,0.133,0.711,0.321,0.117,0.656,0.625,0.15,0.247,0.18,0.878
0.0,0.679,0.432,0.325,0.629,0.281,0.076,0.454,0.696,0.54,0.781,0.825,0.152,0.927,0.399,0.223,0.59,0.046,0.502,0.186,0.309,0.739,0.829,0.951,0.933,0.858,0.323,0.318,0.723,0.16,0.464,0.358,0.355,0.112,0.91,0.579,0.687,0.844,0.619,0.778,0.45
0.0,0.145,0.219,0.483,0.955,0.541,0.526,0.61,0.468,0.514,0.377,0.851,0.944,0.713,0.284,0.547,0.277,0.103,0.613,0.714,0.437,0.655,0.104,0.409,0.435,0.511,0.064,0.019,0.294,0.681,0.199,0.971,0.882,0.963,0.591,0.983,0.428,0.715,0.294,0.94,0.922
1.0,0.551,0.901,0.936,0.837,0.221,0.2,0.746,0.512,0.984,0.632,0.837,0.713,0.838,0.363,0.835,0.531,0.642,0.617,0.232,0.31,0.21,0.219,0.32,0.999,0.65,0.739,0.356,0.958,0.891,0.296,0.351,0.399,0.25,0.619,0.67,0.789,0.827,0.839,0.271,0.295
1.0,0.317,0.617,0.623,0.558,0.144,0.2,0.989,0.896,0.303,0.536,0.285,0.312,0.651,0.653,0.253,0.847,0.201,0.371,0.836,0.592,0.86,0.913,0.35,0.816,0.055,0.283,0.599,0.861,0.823,0.779,0.386,0.945,0.528,0.28,0.824,0.405,0.539,0.898,0.205,0.987
1.0,0.269,0.038,0.162,0.412,0.805,0.093,0.565,0.954,0.48,0.258,0.235,0.439,0.339,0.792,0.759,0.134,0.22,0.554,0.784,0.814,0.679,0.453,0.391,0.745,0.742,0.609,0.425,0.001,0.853,0.443,0.655,0.139,0.875,0.344,0.162,0.015,0.676,0.956,0.368,0.636
1.0,0.171,0.518,0.126,0.047,0.392,0.882,0.686,0.802,0.286,0.757,0.719,0.874,0.721,0.188,0.411,0.874,0.985,0.69,0.585,0.745,0.873,0.76,0.763,0.406,0.316,0.993,0.425,0.973,0.665,0.956,0.9,0.559,0.387,0.84,0.724,0.515,0.277,0.754,0.266,0.184
1.0,0.869,0.285,0.683,0.261,0.574,0.896,0.16,0.874,0.747,0.615,0.706,0.488,0.21,0.008,0.654,0.988,0.982,0.882,0.926,0.578,0.62,0.068,0.259,0.076,0.72,0.172,0.24,0.902,0.409,0.606,0.377,0.177,0.246,0.482,0.062,0.269,0.312,0.722,0.985,0.318
1.0,0.461,0.806,0.494,0.277,0.733,0.746,0.405,0.725,0.991,0.865,0.935,0.1,0.691,0.747,0.957,0.654,0.861,0.964,0.933,0.485,0.82,0.319,0.111,0.161,0.287,0.515,0.989,0.743,0.867,0.957,0.807,0.992,0.208,0.538,0.206,0.917,0.365,0.542,0.368,0.523
0.0,0.283,0.958,0.901,0.282,0.191,0.266,0.96,0.249,0.258,0.575,0.536,0.994,0.905,0.559,0.209,0.304,0.422,0.066,0.536,0.053,0.201,0.846,0.203,0.647,0.84,0.125,0.491,0.96,0.367,0.719,0.62,0.862,0.272,0.406,0.834,0.176,0.87,0.963,0.074,0.626
1.0,0.485,0.186,0.307,0.21,0.024,0.595,0.119,0.489,0.785,0.075,0.261,0.542,0.082,0.793,0.382,0.368,0.013,0.745,0.514,0.857,0.518,0.301,0.063,0.947,0.224,0.931,0.101,0.616,0.931,0.519,0.622,0.924,0.638,0.252,0.011,0.35,0.884,0.582,0.178,0.629
0.0,0.714,0.495,0.522,0.932,0.985,0.61,0.692,0.982,0.611,0.439,0.652,0.621,0.261,0.65,0.649,0.251,0.177,0.222,0.622,0.727,0.047,0.81,0.613,0.376,0.099,0.118,0.527,0.564,0.928,0.096,0.382,0.398,0.614,0.883,0.396,0.17,0.838,0.445,0.727,0.91
1.0,0.32,0.93,0.412,0.052,0.401,0.584,0.234,0.078,0.063,0.536,0.323,0.451,0.072,0.749,0.019,0.158,0.621,0.143,0.556,0.303,0.672,0.358,0.075,0.387,0.502,0.504,0.095,0.704,0.404,0.168,0.794,0.54,0.062,0.712,0.172,0.068,0.59,0.656,0.081,0.944
1.0,0.502,0.38,0.942,0.453,0.26,0.919,0.783,0.856,0.781,0.546,0.39,0.488,0.92,0.543,0.3,0.708,0.976,0.144,0.036,0.175,0.62,0.033,0.368,0.749,0.723,0.96,0.435,0.942,0.632,0.96,0.579,0.377,0.486,0.358,0.909,0.219,0.564,0.767,0.813,0.185
1.0,0.802,0.502,0.973,0.561,0.117,0.093,0.246,0.192,0.899,0.34,0.615,0.72,0.112,0.822,0.659,0.194,0.085,0.198,0.987,0.435,0.759,0.741,0.243,0.119,0.4,0.573,0.008,0.974,0.436,0.664,0.143,0.138,0.608,0.335,0.013,0.165,0.264,0.386,0.041,0.397
1.0,0.845,0.681,0.184,0.883,0.475,0.218,0.585,0.029,0.611,0.805,0.462,0.531,0.413,0.29,0.429,0.717,0.834,0.241,0.62,0.029,0.996,0.367,0.691,0.212,0.545,0.798,0.32,0.972,0.754,0.16,0.586,0.245,0.893,0.867,0.175,0.353,0.018,0.621,0.016,0.026
0.0,0.504,0.763,0.967,0.225,0.605,0.28,0.046,0.43,0.853,0.426,0.441,0.853,0.86,0.281,0.473,0.359,0.684,0.8,0.915,0.525,0.282,0.132,0.888,0.695,0.81,0.376,0.086,0.48,0.393,0.895,0.349,0.876,0.756,0.65,0.426,0.032,0.801,0.924,0.426,0.823
1.0,0.522,0.536,0.338,0.67,0.745,0.453,0.82,0.202,0.632,0.445,0.478,0.063,0.442,0.414,0.248,0.439,0.865,0.296,0.885,0.789,0.722,0.118,0.034,0.83,0.525,0.262,0.146,0.856,0.676,0.662,0.437,0.083,0.459,0.603,0.759,0.776,0.741,0.445,0.68,0.515
0.0,0.368,0.102,0.532,0.817,0.78,0.805,0.948,0.049,0.596,0.212,0.431,0.109,0.796,0.369,0.74,0.207,0.147,0.025,0.569,0.317,0.731,0.9,0.863,0.034,0.885,0.724,0.445,0.87,0.781,0.203,0.986,0.797,0.6,0.612,0.553,0.446,0.258,0.134,0.273,0.264
1.0,0.465,0.603,0.62,0.168,0.774,0.142,0.306,0.206,0.926,0.26,0.46,0.219,0.015,0.039,0.889,0.656,0.616,0.276,0.907,0.323,0.031,0.264,0.563,0.587,0.848,0.139,0.426,0.085,0.247,0.719,0.899,0.915,0.985,0.109,0.641,0.414,0.901,0.475,0.312,0.145
1.0,0.306,0.112,0.186,0.724,0.099,0.264,0.201,0.028,0.179,0.332,0.777,0.498,0.531,0.711,0.254,0.228,0.876,0.89,0.388,0.37,0.283,0.611,0.398,0.631,0.161,0.807,0.63,0.294,0.607,0.943,0.381,0.328,0.139,0.671,0.025,0.806,0.773,0.247,0.68,0.496
0.0,0.593,0.172,0.622,0.26,0.16,0.997,0.714,0.909,0.27,0.718,0.592,0.814,0.002,0.771,0.507,0.288,0.276,0.064,0.886,0.38,0.528,0.616,0.838,0.729,0.803,0.543,0.471,0.571,0.123,0.232,0.378,0.861,0.601,0.765,0.876,0.281,0.739,0.96,0.985,0.249
0.0,0.267,0.038,0.042,0.862,0.267,0.973,0.628,0.435,0.2,0.211,0.979,0.435,0.79,0.028,0.065,0.216,0.1,0.376,0.825,0.422,0.402,0.555,0.975,0.717,0.883,0.089,0.633,0.284,0.304,0.596,0.86,0.528,0.716,0.179,0.194,0.348,0.858,0.607,0.703,0.246
0.0,0.989,0.944,0.288,0.775,0.511,0.635,0.818,0.862,0.447,0.735,0.898,0.68,0.251,0.693,0.21,0.006,0.209,0.489,0.628,0.222,0.869,0.952,0.371,0.595,0.803,0.227,0.842,0.404,0.711,0.535,0.411,0.59,0.366,0.425,0.26,0.728,0.507,0.112,0.302,0.845
0.0,0.226,0.801,0.214,0.164,0.868,0.266,0.79,0.315,0.547,0.481,0.828,0.604,0.769,0.57,0.434,0.114,0.55,0.171,0.869,0.57,0.601,0.619,0.796,0.773,0.478,0.573,0.88,0.994,0.617,0.154,0.023,0.224,0.365,0.211,0.825,0.74,0.58,0.637,0.312,0.902
1.0,0.923,0.427,0.033,0.692,0.135,0.016,0.518,0.894,0.163,0.755,0.996,0.384,0.135,0.336,0.389,0.074,0.021,0.801,0.338,0.456,0.32,0.422,0.074,0.264,0.273,0.151,0.585,0.505,0.93,0.818,0.696,0.117,0.085,0.359,0.402,0.066,0.39,0.297,0.981,0.93
0.0,0.625,0.791,0.982,0.718,0.071,0.928,0.218,0.475,0.17,0.827,0.979,0.699,0.661,0.961,0.175,0.937,0.954,0.506,0.531,0.042,0.135,0.304,0.852,0.592,0.016,0.386,0.331,0.256,0.58,0.731,0.581,0.263,0.825,0.914,0.439,0.31,0.442,0.72,0.742,0.306
1.0,0.558,0.028,0.577,0.716,0.333,0.836,0.707,0.796,0.193,0.574,0.266,0.04,0.545,0.694,0.115,0.097,0.052,0.164,0.153,0.726,0.631,0.907,0.473,0.949,0.325,0.69,0.548,0.607,0.411,0.782,0.716,0.429,0.246,0.616,0.939,0.546,0.317,0.966,0.987,0.869
0.0,0.888,0.152,0.317,0.091,0.64,0.532,0.925,0.808,0.336,0.734,0.543,0.093,0.247,0.96,0.803,0.574,0.848,0.515,0.45,0.322,0.83,0.095,0.795,0.063,0.15,0.735,0.892,0.368,0.196,0.276,0.473,0.787,0.079,0.553,0.281,0.073,0.265,0.535,0.264,0.078
0.0,0.799,0.215,0.035,0.198,0.534,0.481,0.153,0.918,0.413,0.024,0.01,0.904,0.22,0.526,0.006,0.286,0.257,0.167,0.833,0.996,0.55,0.367,0.822,0.627,0.157,0.942,0.715,0.279,0.175,0.209,0.061,0.186,0.134,0.9,0.42,0.741,0.856,0.614,0.144,0.496
0.0,0.711,0.653,0.914,0.237,0.597,0.849,0.666,0.016,0.943,0.843,0.261,0.99,0.79,0.737,0.293,0.505,0.053,0.182,0.78,0.286,0.992,0.801,0.755,0.03,0.799,0.263,0.095,0.707,0.125,0.965,0.517,0.649,0.398,0.633,0.396,0.447,0.82,0.719,0.716,0.287
0.0,0.776,0.095,0.13,0.759,0.036,0.255,0.186,0.789,0.499,0.468,0.654,0.046,0.765,0.7,0.131,0.951,0.606,0.981,0.24,0.67,0.448,0.96,0.879,0.995,0.607,0.975,0.668,0.716,0.774,0.827,0.735,0.809,0.608,0.674,0.828,0.831,0.868,0.885,0.451,0.518
0.0,0.167,0.678,0.376,0.159,0.776,0.961,0.657,0.246,0.147,0.805,0.248,0.858,0.841,0.899,0.242,0.983,0.895,0.287,0.808,0.48,0.024,0.739,0.406,0.265,0.242,0.62,0.964,0.205,0.166,0.415,0.487,0.983,0.224,0.852,0.099,0.242,0.705,0.975,0.155,0.156
1.0,0.394,0.038,0.478,0.541,0.46,0.426,0.951,0.266,0.592,0.619,0.84,0.312,0.095,0.479,0.033,0.834,0.485,0.684,0.765,0.693,0.154,0.471,0.444,0.866,0.735,0.457,0.825,0.351,0.7,0.558,0.286,0.928,0.384,0.044,0.501,0.919,0.405,0.686,0.059,0.485
1.0,0.812,0.518,0.448,0.581,0.675,0.665,0.92,0.127,0.204,0.757,0.447,0.338,0.005,0.655,0.559,0.889,0.671,0.494,0.909,0.707,0.206,0.544,0.943,0.76,0.357,0.654,0.368,0.771,0.139,0.131,0.719,0.364,0.421,0.406,0.638,0.909,0.365,0.931,0.982,0.895
0.0,0.434,0.927,0.168,0.965,0.468,0.083,0.951,0.336,0.482,0.5,0.192,0.805,0.871,0.356,0.68,0.125,0.136,0.678,0.814,0.213,0.68,0.815,0.827,0.128,0.969,0.13,0.538,0.614,0.672,0.261,0.015,0.849,0.145,0.531,0.215,0.909,0.574,0.662,0.376,0.322
1.0,0.472,0.235,0.376,0.207,0.424,0.099,0.172,0.854,0.204,0.799,0.006,0.03,0.627,0.243,0.882,0.791,0.981,0.929,0.111,0.602,0.698,0.761,0.72,0.011,0.491,0.499,0.679,0.501,0.598,0.187,0.902,0.184,0.947,0.971,0.412,0.352,0.829,0.013,0.57,0.476
1.0,0.242,0.794,0.212,0.76,0.509,0.648,0.241,0.002,0.181,0.514,0.445,0.425,0.3,0.091,0.281,0.867,0.182,0.287,0.332,0.759,0.562,0.238,0.417,0.34,0.252,0.482,0.771,0.06,0.598,0.461,0.06,0.075,0.601,0.218,0.195,0.861,0.457,0.599,0.031,0.948
0.0,0.32,0.899,0.707,0.652,0.062,0.688,0.168,0.51,0.463,0.252,0.282,0.993,0.346,0.161,0.238,0.995,0.481,0.024,0.522,0.029,0.718,0.691,0.128,0.354,0.14,0.264,0.338,0.311,0.741,0.606,0.533,0.782,0.331,0.851,0.138,0.973,0.598,0.494,0.775,0.927
0.0,0.496,0.022,0.989,0.878,0.986,0.625,0.549,0.376,0.089,0.762,0.802,0.412,0.138,0.206,0.423,0.886,0.914,0.097,0.73,0.202,0.046,0.39,0.061,0.772,0.285,0.826,0.478,0.898,0.426,0.119,0.872,0.919,0.476,0.315,0.876,0.141,0.641,0.037,0.181,0.319
0.0,0.739,0.716,0.732,0.272,0.393,0.568,0.139,0.258,0.731,0.024,0.704,0.628,0.294,0.851,0.84,0.321,0.281,0.597,0.247,0.323,0.57,0.797,0.993,0.071,0.592,0.913,0.434,0.285,0.088,0.887,0.79,0.032,0.31,0.464,0.13,0.169,0.484,0.354,0.004,0.552
1.0,0.929,0.472,0.468,0.86,0.136,0.006,0.499,0.297,0.535,0.14,0.82,0.261,0.183,0.614,0.45,0.27,0.629,0.343,0.616,0.108,0.255,0.891,0.002,0.163,0.629,0.887,0.419,0.216,0.264,0.775,0.717,0.384,0.514,0.9,0.814,0.894,0.488,0.453,0.315,0.236
1.0,0.191,0.08,0.612,0.237,0.684,0.754,0.537,0.947,0.019,0.619,0.982,0.09,0.242,0.196,0.122,0.367,0.793,0.091,0.216,0.474,0.93,0.444,0.632,0.432,0.838,0.047,0.851,0.175,0.092,0.759,0.855,0.214,0.594,0.542,0.569,0.685,0.351,0.892,0.098,0.677
1.0,0.193,0.496,0.924,0.02,0.787,0.648,0.701,0.074,0.036,0.456,0.442,0.597,0.136,0.861,0.435,0.127,0.081,0.473,0.976,0.911,0.235,0.806,0.149,0.121,0.174,0.624,0.04,0.788,0.735,0.95,0.181,0.466,0.933,0.266,0.632,0.291,0.991,0.821,0.879,0.522
0.0,0.237,0.442,0.632,0.809,0.413,0.917,0.724,0.288,0.864,0.898,0.723,0.863,0.642,0.801,0.57,0.988,0.865,0.105,0.245,0.592,0.436,0.692,0.663,0.092,0.258,0.474,0.858,0.348,0.344,0.865,0.57,0.755,0.902,0.12,0.444,0.199,0.832,0.456,0.351,0.565
1.0,0.894,0.706,0.65,0.502,0.105,0.322,0.95,0.483,0.87,0.971,0.429,0.174,0.149,0.749,0.713,0.999,0.763,0.946,0.717,0.63,0.796,0.142,0.525,0.277,0.195,0.852,0.634,0.162,0.135,0.475,0.577,0.375,0.525,0.966,0.809,0.087,0.571,0.452,0.188,0.329
1.0,0.966,0.35,0.646,0.967,0.276,0.078,0.466,0.367,0.395,0.442,0.371,0.4,0.592,0.711,0.629,0.427,0.32,0.044,0.295,0.432,0.082,0.074,0.648,0.895,0.584,0.162,0.824,0.329,0.274,0.316,0.582,0.359,0.018,0.003,0.813,0.832,0.731,0.65,0.877,0.89
0.0,0.434,0.352,0.459,0.745,0.961,0.168,0.132,0.012,0.9,0.772,0.308,0.693,0.69,0.419,0.641,0.661,0.065,0.915,0.163,0.696,0.438,0.643,0.46,0.765,0.965,0.442,0.267,0.405,0.542,0.671,0.123,0.432,0.719,0.895,0.966,0.039,0.257,0.531,0.554,0.24
1.0,0.604,0.034,0.142,0.456,0.092,0.687,0.521,0.135,0.887,0.842,0.062,0.1,0.378,0.107,0.167,0.516,0.702,0.726,0.673,0.197,0.821,0.145,0.079,0.845,0.296,0.042,0.502,0.412,0.188,0.221,0.909,0.658,0.359,0.386,0.886,0.284,0.729,0.882,0.726,0.836
0.0,0.224,0.868,0.797,0.786,0.175,0.297,0.154,0.934,0.293,0.741,0.595,0.135,0.668,0.653,0.957,0.589,0.267,0.305,0.812,0.848,0.526,0.978,0.931,0.394,0.184,0.119,0.138,0.191,0.648,0.329,0.97,0.036,0.558,0.449,0.458,0.534,0.755,0.933,0.931,0.124
0.0,0.914,0.51,0.329,0.813,0.185,0.078,0.213,0.611,0.223,0.61,0.86,0.595,0.126,0.587,0.943,0.475,0.841,0.043,0.578,0.752,0.264,0.247,0.952,0.987,0.854,0.088,0.57,0.816,0.468,0.172,0.265,0.865,0.208,0.291,0.372,0.769,0.529,0.569,0.415,0.273
0.0,0.98,0.62,0.766,0.132,0.618,0.652,0.519,0.032,0.301,0.415,0.481,0.833,0.916,0.054,0.092,0.56,0.852,0.537,0.908,0.288,0.122,0.143,0.684,0.531,0.014,0.845,0.46,0.372,0.074,0.032,0.375,0.991,0.503,0.99,0.344,0.777,0.176,0.435,0.419,0.152
0.0,0.502,0.528,0.218,0.302,0.473,0.379,0.67,0.105,0.84,0.229,0.195,0.771,0.623,0.861,0.913,0.589,0.257,0.687,0.192,0.19,0.517,0.121,0.08,0.562,0.628,0.198,0.75,0.722,0.494,0.269,0.597,0.041,0.422,0.389,0.808,0.194,0.781,0.432,0.842,0.73
1.0,0.793,0.618,0.818,0.324,0.442,0.61,0.17,0.092,0.647,0.201,0.819,0.385,0.7,0.69,0.162,0.34,0.676,0.706,0.88,0.269,0.287,0.133,0.228,0.084,0.907,0.068,0.446,0.924,0.096,0.074,0.8,0.106,0.408,0.927,0.619,0.23,0.535,0.413,0.678,0.05
1.0,0.904,0.59,0.069,0.582,0.262,0.457,0.429,0.286,0.119,0.241,0.664,0.412,0.199,0.711,0.46,0.717,0.766,0.142,0.835,0.376,0.381,0.919,0.36,0.682,0.224,0.505,0.226,0.348,0.186,0.402,0.037,0.126,0.09,0.437,0.472,0.543,0.012,0.192,0.036,0.671
0.0,0.569,0.273,0.847,0.171,0.374,0.664,0.528,0.445,0.149,0.365,0.472,0.78,0.116,0.602,0.919,0.762,0.767,0.357,0.764,0.425,0.624,0.154,0.682,0.036,0.76,0.717,0.395,0.619,0.459,0.876,0.878,0.362,0.626,0.717,0.611,0.278,0.333,0.181,0.334,0.656
1.0,0.281,0.642,0.624,0.477,0.476,0.229,0.172,0.756,0.02,0.947,0.593,0.658,0.531,0.282,0.886,0.209,0.102,0.485,0.624,0.983,0.784,0.379,0.598,0.33,0.027,0.112,0.992,0.499,0.904,0.196,0.6,0.761,0.817,0.606,0.076,0.257,0.078,0.771,0.246,0.454
1.0,0.422,0.956,0.013,0.541,0.427,0.633,0.413,0.293,0.076,0.49,0.878,0.714,0.504,0.274,0.878,0.993,0.91,0.388,0.37,0.683,0.606,0.334,0.198,0.535,0.663,0.631,0.261,0.915,0.433,0.572,0.2,0.236,0.198,0.535,0.569,0.235,0.765,0.051,0.705,0.303
1.0,0.544,0.246,0.646,0.351,0.575,0.78,0.707,0.129,0.29,0.679,0.088,0.419,0.513,0.9,0.591,0.624,0.235,0.757,0.122,0.107,0.421,0.481,0.645,0.958,0.565,0.262,0.504,0.148,0.347,0.283,0.097,0.397,0.294,0.272,0.08,0.869,0.526,0.888,0.378,0.512
1.0,0.554,0.42,0.671,0.909,0.838,0.485,0.261,0.085,0.462,0.682,0.212,0.638,0.611,0.417,0.509,0.396,0.137,0.688,0.536,0.321,0.801,0.502,0.426,0.79,0.119,0.723,0.532,0.153,0.678,0.899,0.079,0.177,0.668,0.658,0.868,0.355,0.747,0.949,0.368,0.813
1.0,0.921,0.53,0.734,0.765,0.322,0.95,0.713,0.479,0.038,0.791,0.343,0.596,0.751,0.055,0.738,0.15,0.057,0.742,0.782,0.292,0.298,0.017,0.722,0.137,0.745,0.834,0.852,0.549,0.052,0.378,0.871,0.223,0.802,0.833,0.894,0.06,0.742,0.03,0.755,0.076
1.0,0.973,0.795,0.187,0.996,0.173,0.952,0.159,0.311,0.87,0.344,0.609,0.678,0.34,0.006,0.447,0.053,0.36,0.542,0.111,0.921,0.275,0.164,0.465,0.877,0.766,0.69,0.257,0.716,0.488,0.796,0.244,0.083,0.656,0.752,0.25,0.258,0.415,0.179,0.892,0.501
1.0,0.657,0.398,0.683,0.508,0.212,0.861,0.368,0.373,0.824,0.87,0.777,0.65,0.236,0.187,0.553,0.708,0.618,0.122,0.808,0.204,0.262,0.503,0.293,0.437,0.646,0.071,0.583,0.965,0.032,0.273,0.74,0.247,0.339,0.402,0.361,0.485,0.174,0.815,0.927,0.314
0.0,0.637,0.61,0.473,0.564,0.536,0.779,0.015,0.382,0.374,0.824,0.395,0.81,0.303,0.139,0.078,0.417,0.866,0.461,0.813,0.082,0.585,0.475,0.712,0.696,0.85,0.347,0.619,0.091,0.11,0.221,0.726,0.232,0.376,0.106,0.664,0.527,0.037,0.402,0.453,0.759
1.0,0.287,0.096,0.742,0.74,0.119,0.93,0.341,0.141,0.715,0.654,0.894,0.882,0.101,0.938,0.986,0.774,0.367,0.746,0.883,0.628,0.76,0.28,0.911,0.766,0.97,0.306,0.037,0.047,0.594,0.636,0.607,0.753,0.98,0.974,0.058,0.884,0.872,0.007,0.582,0.641
0.0,0.26,0.981,0.316,0.937,0.282,0.147,0.31,0.328,0.62,0.662,0.941,0.774,0.351,0.658,0.963,0.26,0.827,0.569,0.435,0.324,0.205,0.302,0.834,0.532,0.728,0.961,0.674,0.703,0.805,0.391,0.657,0.146,0.433,0.822,0.9,0.917,0.254,0.638,0.562,0.087
0.0,0.023,0.769,0.445,0.668,0.677,0.717,0.453,0.073,0.689,0.794,0.697,0.174,0.442,0.233,0.717,0.78,0.785,0.713,0.565,0.949,0.546,0.251,0.793,0.337,0.036,0.852,0.57,0.325,0.777,0.708,0.861,0.643,0.408,0.735,0.369,0.925,0.6,0.784,0.42,0.025
0.0,0.946,0.424,0.228,0.551,0.717,0.337,0.639,0.007,0.703,0.984,0.556,0.049,0.592,0.813,0.213,0.962,0.667,0.497,0.956,0.985,0.817,0.906,0.949,0.551,0.395,0.829,0.571,0.574,0.122,0.239,0.384,0.244,0.127,0.932,0.808,0.298,0.53,0.71,0.563,0.222
1.0,0.175,0.817,0.756,0.209,0.211,0.969,0.084,0.374,0.35,0.157,0.65,0.613,0.113,0.605,0.943,0.435,0.635,0.623,0.963,0.389,0.367,0.084,0.429,0.329,0.867,0.489,0.116,0.77,0.247,0.653,0.301,0.155,0.946,0.237,0.02,0.383,0.031,0.767,0.55,0.665
0.0,0.988,0.336,0.127,0.701,0.156,0.356,0.761,0.956,0.696,0.763,0.784,0.907,0.826,0.104,0.324,0.214,0.799,0.588,0.907,0.153,0.879,0.238,0.475,0.5,0.85,0.686,0.05,0.1,0.402,0.303,0.066,0.621,0.703,0.512,0.305,0.717,0.559,0.76,0.957,0.05
1.0,0.335,0.354,0.513,0.25,0.232,0.211,0.091,0.909,0.98,0.771,0.078,0.517,0.228,0.567,0.264,0.767,0.425,0.07,0.304,0.526,0.618,0.132,0.48,0.414,0.039,0.047,0.208,0.577,0.541,0.138,0.241,0.634,0.593,0.488,0.215,0.289,0.011,0.698,0.312,0.199
1.0,0.448,0.278,0.239,0.645,0.454,0.055,0.69,0.673,0.733,0.719,0.028,0.141,0.364,0.293,0.427,0.797,0.537,0.517,0.362,0.37,0.638,0.035,0.359,0.157,0.455,0.993,0.483,0.759,0.239,0.644,0.895,0.766,0.26,0.125,0.75,0.535,0.527,0.163,0.017,0.748
0.0,0.621,0.095,0.433,0.038,0.97,0.821,0.53,0.533,0.201,0.048,0.869,0.246,0.08,0.182,0.209,0.5,0.945,0.537,0.716,0.752,0.778,0.853,0.222,0.891,0.54,0.487,0.783,0.901,0.062,0.626,0.025,0.06,0.512,0.975,0.885,0.647,0.946,0.425,0.144,0.917
1.0,0.54,0.952,0.661,0.41,0.665,0.483,0.923,0.023,0.647,0.261,0.606,0.388,0.653,0.744,0.752,0.88,0.06,0.276,0.769,0.671,0.533,0.971,0.395,0.023,0.731,0.554,0.015,0.891,0.793,0.52,0.206,0.622,0.6,0.98,0.126,0.18,0.481,0.492,0.412,0.327
1.0,0.045,0.577,0.247,0.042,0.502,0.638,0.049,0.562,0.427,0.426,0.75,0.107,0.192,0.342,0.086,0.048,0.218,0.892,0.049,0.736,0.943,0.12,0.254,0.687,0.898,0.046,0.043,0.836,0.958,0.667,0.701,0.619,0.451,0.919,0.116,0.407,0.902,0.604,0.232,0.319
1.0,0.318,0.106,0.809,0.137,0.18,0.97,0.93,0.846,0.183,0.106,0.859,0.764,0.885,0.969,0.474,0.408,0.413,0.36,0.483,0.076,0.783,0.499,0.406,0.536,0.791,0.941,0.454,0.065,0.298,0.864,0.046,0.056,0.162,0.064,0.732,0.058,0.425,0.996,0.532,0.017
1.0,0.617,0.605,0.636,0.19,0.78,0.614,0.705,0.106,0.992,0.221,0.059,0.545,0.537,0.673,0.465,0.888,0.294,0.921,0.072,0.99,0.687,0.97,0.209,0.228,0.68,0.527,0.421,0.703,0.715,0.958,0.201,0.417,0.907,0.187,0.46,0.336,0.892,0.024,0.019,0.031
1.0,0.695,0.358,0.69,0.459,0.247,0.941,0.157,0.492,0.865,0.74,0.517,0.025,0.083,0.291,0.798,0.714,0.152,0.532,0.715,0.075,0.541,0.826,0.13,0.49,0.806,0.037,0.824,0.799,0.024,0.739,0.539,0.072,0.971,0.794,0.374,0.743,0.367,0.537,0.799,0.59
1.0,0.991,0.869,0.12,0.549,0.163,0.879,0.374,0.072,0.56,0.092,0.169,0.693,0.52,0.869,0.055,0.804,0.323,0.026,0.131,0.208,0.876,0.74,0.576,0.94,0.177,0.756,0.933,0.221,0.729,0.473,0.353,0.276,0.014,0.809,0.665,0.012,0.861,0.642,0.676,0.684
0.0,0.091,0.936,0.121,0.267,0.503,0.169,0.956,0.135,0.9,0.614,0.537,0.575,0.465,0.603,0.961,0.205,0.69,0.737,0.184,0.192,0.336,0.489,0.101,0.306,0.298,0.058,0.167,0.948,0.351,0.708,0.44,0.267,0.398,0.841,0.11,0.739,0.715,0.428,0.717,0.902
0.0,0.167,0.534,0.182,0.75,0.16,0.464,0.296,0.032,0.565,0.352,0.646,0.748,0.445,0.608,0.668,0.246,0.034,0.892,0.301,0.102,0.872,0.678,0.842,0.949,0.353,0.798,0.914,0.455,0.693,0.391,0.566,0.081,0.813,0.517,0.767,0.868,0.802,0.388,0.518,0.125
0.0,0.933,0.113,0.467,0.066,0.286,0.575,0.938,0.39,0.208,0.922,0.989,0.215,0.057,0.47,0.64,0.216,0.95,0.569,0.493,0.336,0.846,0.182,0.927,0.247,0.042,0.004,0.862,0.428,0.764,0.552,0.005,0.03,0.25,0.188,0.537,0.091,0.93,0.707,0.162,0.97
0.0,0.766,0.892,0.898,0.677,0.994,0.544,0.518,0.184,0.671,0.509,0.05,0.948,0.995,0.199,0.375,0.517,0.574,0.763,0.125,0.556,0.924,0.118,0.626,0.491,0.583,0.181,0.062,0.083,0.419,0.178,0.641,0.745,0.995,0.357,0.212,0.191,0.17,0.83,0.53,0.463
0.0,0.318,0.281,0.812,0.436,0.572,0.606,0.528,0.847,0.509,0.178,0.046,0.902,0.946,0.814,0.234,0.196,0.454,0.706,0.274,0.13,0.195,0.594,0.533,0.737,0.859,0.037,0.775,0.148,0.151,0.386,0.366,0.51,0.551,0.316,0.197,0.943,0.171,0.407,0.764,0.896
1.0,0.184,0.218,0.778,0.429,0.133,0.691,0.914,0.11,0.85,0.523,0.067,0.382,0.738,0.394,0.836,0.999,0.109,0.212,0.319,0.221,0.354,0.558,0.736,0.507,0.224,0.945,0.809,0.945,0.807,0.73,0.18,0.81,0.545,0.128,0.257,0.397,0.347,0.223,0.335,0.811
0.0,0.165,0.95,0.17,0.943,0.037,0.313,0.225,0.572,0.013,0.326,0.28,0.225,0.933,0.898,0.191,0.115,0.672,0.386,0.74,0.125,0.399,0.855,0.978,0.722,0.24,0.897,0.43,0.113,0.88,0.384,0.348,0.17,0.672,0.325,0.853,0.711,0.502,0.379,0.31,0.204
1.0,0.117,0.048,0.663,0.035,0.103,0.781,0.857,0.635,0.805,0.479,0.575,0.593,0.277,0.63,0.776,0.461,0.081,0.287,0.302,0.976,0.789,0.088,0.102,0.697,0.185,0.502,0.122,0.326,0.294,0.778,0.506,0.766,0.762,0.621,0.413,0.743,0.124,0.313,0.419,0.757
0.0,0.633,0.039,0.875,0.599,0.962,0.236,0.758,0.79,0.139,0.386,0.524,0.05,0.476,0.684,0.531,0.052,0.09,0.993,0.491,0.97,0.122,0.35,0.655,0.302,0.163,0.506,0.139,0.742,0.908,0.665,0.26,0.105,0.231,0.473,0.51,0.4,0.077,0.326,0.727,0.458
0.0,0.704,0.972,0.866,0.896,0.759,0.056,0.91,0.432,0.403,0.922,0.313,0.971,0.864,0.768,0.286,0.036,0.009,0.757,0.421,0.847,0.747,0.44,0.962,0.847,0.48,0.826,0.206,0.266,0.836,0.915,0.067,0.953,0.243,0.884,0.272,0.031,0.722,0.042,0.441,0.867
1.0,0.262,0.316,0.143,0.795,0.809,0.55,0.987,0.807,0.627,0.849,0.877,0.421,0.199,0.902,0.562,0.804,0.495,0.808,0.758,0.319,0.558,0.499,0.565,0.931,0.267,0.212,0.192,0.888,0.472,0.352,0.947,0.318,0.169,0.197,0.753,0.57,0.732,0.697,0.12,0.88
1.0,0.389,0.506,0.633,0.611,0.493,0.066,0.362,0.086,0.306,0.061,0.584,0.42,0.895,0.708,0.65,0.437,0.98,0.364,0.577,0.476,0.46,0.872,0.42,0.166,0.938,0.699,0.879,0.727,0.924,0.413,0.514,0.509,0.444,0.155,0.453,0.202,0.544,0.633,0.923,0.725
1.0,0.205,0.752,0.067,0.453,0.249,0.859,0.347,0.981,0.782,0.367,0.336,0.139,0.954,0.239,0.113,0.7,0.296,0.25,0.764,0.82,0.505,0.804,0.7,0.048,0.267,0.016,0.134,0.837,0.923,0.883,0.104,0.277,0.453,0.515,0.074,0.924,0.978,0.832,0.663,0.114
1.0,0.534,0.132,0.766,0.943,0.356,0.827,0.838,0.577,0.879,0.63,0.297,0.607,0.481,0.44,0.141,0.964,0.966,0.963,0.084,0.766,0.06,0.24,0.247,0.753,0.192,0.444,0.027,0.4,0.671,0.182,0.515,0.647,0.737,0.805,0.71,0.229,0.769,0.293,0.973,0.504
1.0,0.865,0.676,0.731,0.459,0.626,0.768,0.734,0.66,0.843,0.813,0.132,0.723,0.598,0.387,0.27,0.833,0.554,0.288,0.534,0.028,0.432,0.485,0.751,0.472,0.99,0.782,0.845,0.164,0.85,0.467,0.122,0.733,0.357,0.957,0.092,0.553,0.438,0.215,0.272,0.732
0.0,0.409,0.763,0.909,0.023,0.424,0.101,0.995,0.619,0.285,0.349,0.179,0.145,0.271,0.306,0.336,0.811,0.94,0.781,0.141,0.09,0.283,0.164,0.937,0.994,0.121,0.568,0.105,0.3,0.743,0.218,0.619,0.985,0.299,0.215,0.997,0.548,0.679,0.868,0.133,0.14
1.0,0.724,0.508,0.982,0.97,0.849,0.528,0.613,0.445,0.193,0.098,0.799,0.241,0.701,0.155,0.42,0.699,0.729,0.699,0.909,0.595,0.842,0.329,0.802,0.671,0.917,0.941,0.443,0.04,0.708,0.296,0.935,0.058,0.026,0.542,0.542,0.202,0.484,0.323,0.92,0.036
0.0,0.152,0.497,0.406,0.65,0.773,0.805,0.631,0.414,0.004,0.334,0.538,0.21,0.019,0.218,0.699,0.401,0.103,0.543,0.492,0.879,0.334,0.877,0.926,0.832,0.537,0.83,0.661,0.46,0.297,0.61,0.381,0.523,0.094,0.477,0.765,0.647,0.97,0.873,0.974,0.852
1.0,0.124,0.165,0.9,0.285,0.832,0.063,0.826,0.441,0.201,0.798,0.038,0.08,0.985,0.172,0.503,0.247,0.899,0.647,0.778,0.988,0.295,0.179,0.575,0.744,0.216,0.264,0.193,0.832,0.02,0.751,0.475,0.166,0.124,0.151,0.292,0.392,0.87,0.603,0.877,0.913
0.0,0.524,0.571,0.046,0.123,0.828,0.503,0.403,0.074,0.554,0.312,0.671,0.915,0.303,0.859,0.099,0.098,0.297,0.933,0.569,0.643,0.695,0.592,0.759,0.368,0.444,0.263,0.709,0.437,0.677,0.359,0.8,0.741,0.128,0.029,0.93,0.918,0.391,0.591,0.548,0.18
0.0,0.814,0.956,0.87,0.561,0.475,0.898,0.571,0.631,0.76,0.971,0.618,0.626,0.233,0.517,0.855,0.21,0.979,0.589,0.616,0.637,0.236,0.721,0.91,0.229,0.722,0.409,0.215,0.745,0.809,0.749,0.587,0.273,0.564,0.191,0.754,0.267,0.242,0.614,0.507,0.726
1.0,0.247,0.783,0.666,0.044,0.687,0.303,0.996,0.543,0.508,0.057,0.897,0.383,0.717,0.194,0.059,0.725,0.951,0.506,0.298,0.788,0.103,0.41,0.119,0.036,0.459,0.575,0.911,0.45,0.211,0.499,0.012,0.576,0.067,0.784,0.761,0.48,0.961,0.677,0.232,0.076
0.0,0.526,0.05,0.935,0.388,0.365,0.982,0.099,0.664,0.591,0.224,0.985,0.499,0.995,0.842,0.046,0.234,0.528,0.888,0.853,0.193,0.816,0.268,0.952,0.867,0.052,0.734,0.962,0.941,0.387,0.99,0.385,0.642,0.62,0.544,0.784,0.945,0.321,0.064,0.619,0.165
0.0,0.085,0.289,0.928,0.137,0.352,0.498,0.527,0.524,0.32,0.398,0.658,0.753,0.011,0.337,0.255,0.886,0.447,0.083,0.94,0.886,0.16,0.545,0.901,0.359,0.155,0.908,0.558,0.707,0.612,0.602,0.859,0.739,0.561,0.255,0.426,0.205,0.476,0.726,0.897,0.351
1.0,0.183,0.457,0.032,0.426,0.343,0.84,0.459,0.27,0.255,0.498,0.996,0.679,0.777,0.925,0.258,0.852,0.277,0.012,0.422,0.443,0.236,0.557,0.549,0.58,0.568,0.041,0.375,0.699,0.141,0.869,0.423,0.05,0.204,0.178,0.584,0.239,0.352,0.664,0.919,0.083
0.0,0.951,0.051,0.922,0.892,0.113,0.934,0.796,0.866,0.066,0.629,0.034,0.069,0.209,0.905,0.522,0.381,0.957,0.844,0.392,0.56,0.928,0.639,0.951,0.462,0.145,0.955,0.854,0.968,0.967,0.208,0.424,0.637,0.234,0.068,0.458,0.036,0.2,0.372,0.419,0.126
0.0,0.829,0.084,0.747,0.374,0.838,0.889,0.074,0.173,0.047,0.875,0.925,0.992,0.708,0.525,0.338,0.403,0.342,0.657,0.558,0.307,0.06,0.273,0.919,0.573,0.678,0.689,0.669,0.008,0.615,0.934,0.182,0.642,0.833,0.326,0.805,0.088,0.948,0.654,0.046,0.625
1.0,0.738,0.684,0.261,0.39,0.421,0.099,0.031,0.93,0.359,0.896,0.135,0.397,0.603,0.341,0.813,0.049,0.778,0.402,0.114,0.61,0.42,0.642,0.918,0.138,0.942,0.237,0.246,0.039,0.248,0.4,0.028,0.532,0.914,0.287,0.407,0.476,0.526,0.927,0.722,0.634
1.0,0.305,0.196,0.973,0.936,0.615,0.787,0.679,0.871,0.168,0.134,0.575,0.1,0.243,0.635,0.002,0.828,0.357,0.343,0.574,0.186,0.307,0.896,0.175,0.217,0.979,0.316,0.047,0.27,0.702,0.73,0.968,0.777,0.308,0.524,0.161,0.467,0.964,0.711,0.061,0.589
0.0,0.385,0.635,0.488,0.184,0.673,0.829,0.745,0.625,0.974,0.858,0.219,0.808,0.449,0.226,0.882,0.355,0.762,0.069,0.164,0.885,0.712,0.396,0.758,0.702,0.325,0.346,0.067,0.423,0.785,0.637,0.271,0.46,0.878,0.684,0.458,0.839,0.842,0.428,0.098,0.561
1.0,0.335,0.782,0.337,0.354,0.383,0.409,0.953,0.373,0.96,0.932,0.816,0.055,0.864,0.732,0.203,0.341,0.793,0.751,0.566,0.282,0.615,0.244,0.426,0.161,0.007,0.793,0.927,0.318,0.093,0.802,0.729,0.991,0.594,0.24,0.111,0.543,0.285,0.256,0.167,0.833
1.0,0.204,0.135,0.361,0.793,0.427,0.196,0.54,0.816,0.917,0.908,0.814,0.538,0.672,0.118,0.333,0.79,0.205,0.929,0.234,0.871,0.716,0.815,0.083,0.603,0.5,0.35,0.865,0.967,0.908,0.564,0.008,0.415,0.49,0.24,0.436,0.235,0.775,0.312,0.371,0.057
0.0,0.56,0.245,0.389,0.128,0.402,0.564,0.097,0.38,0.937,0.95,0.03,0.729,0.498,0.722,0.676,0.959,0.251,0.534,0.834,0.513,0.331,0.784,0.97,0.032,0.502,0.059,0.475,0.204,0.016,0.804,0.055,0.654,0.554,0.276,0.181,0.677,0.448,0.329,0.628,0.321
0.0,0.355,0.19,0.905,0.366,0.206,0.259,0.395,0.144,0.614,0.463,0.056,0.093,0.51,0.854,0.892,0.093,0.919,0.61,0.215,0.829,0.639,0.883,0.802,0.364,0.822,0.62,0.291,0.576,0.126,0.716,0.389,0.169,0.133,0.025,0.997,0.869,0.587,0.615,0.574,0.877
1.0,0.411,0.908,0.511,0.074,0.584,0.089,0.143,0.298,0.756,0.941,0.46,0.711,0.509,0.811,0.523,0.171,0.328,0.166,0.852,0.809,0.395,0.084,0.647,0.979,0.546,0.249,0.228,0.832,0.322,0.601,0.004,0.47,0.508,0.432,0.438,0.804,0.435,0.56,0.402,0.542
1.0,0.136,0.738,0.871,0.357,0.747,0.694,0.528,0.011,0.289,0.543,0.679,0.115,0.249,0.755,0.14,0.99,0.813,0.157,0.781,0.418,0.826,0.599,0.347,0.405,0.32,0.875,0.13,0.206,0.01,0.452,0.774,0.271,0.835,0.454,0.109,0.603,0.919,0.95,0.022,0.507
0.0,0.711,0.624,0.34,0.132,0.999,0.288,0.226,0.514,0.754,0.216,0.99,0.05,0.067,0.785,0.945,0.025,0.856,0.63,0.856,0.334,0.018,0.667,0.085,0.91,0.624,0.114,0.719,0.705,0.286,0.878,0.488,0.84,0.652,0.664,0.277,0.036,0.393,0.243,0.02,0.723
1.0,0.276,0.726,0.74,0.447,0.21,0.72,0.443,0.385,0.452,0.8,0.345,0.821,0.877,0.859,0.964,0.08,0.808,0.241,0.16,0.043,0.626,0.921,0.95,0.543,0.608,0.786,0.496,0.79,0.783,0.371,0.176,0.295,0.92,0.008,0.667,0.01,0.187,0.432,0.817,0.492
0.0,0.332,0.672,0.964,0.39,0.461,0.455,0.047,0.695,0.87,0.969,0.45,0.386,0.139,0.308,0.422,0.776,0.851,0.854,0.659,0.724,0.35,0.051,0.803,0.18,0.427,0.458,0.652,0.403,0.285,0.314,0.242,0.16,0.472,0.037,0.241,0.25,0.321,0.42,0.797,0.128
0.0,0.436,0.261,0.871,0.513,0.204,0.424,0.859,0.878,0.291,0.944,0.766,0.947,0.248,0.84,0.459,0.393,0.478,0.505,0.667,0.037,0.3,0.374,0.197,0.158,0.574,0.926,0.828,0.56,0.543,0.765,0.235,0.29,0.246,0.151,0.779,0.172,0.98,0.031,0.234,0.598
1.0,0.174,0.93,0.64,0.486,0.313,0.866,0.221,0.806,0.094,0.537,0.935,0.162,0.922,0.007,0.068,0.661,0.149,0.543,0.105,0.673,0.355,0.944,0.173,0.452,0.206,0.581,0.505,0.985,0.878,0.515,0.282,0.192,0.115,0.696,0.15,0.881,0.937,0.811,0.975,0.672
1.0,0.697,0.397,0.023,0.849,0.393,0.489,0.12,0.567,0.23,0.602,0.759,0.607,0.161,0.722,0.821,0.25,0.515,0.87,0.442,0.738,0.864,0.694,0.343,0.568,0.951,0.496,0.267,0.885,0.176,0.282,0.515,0.475,0.387,0.067,0.445,0.479,0.973,0.177,0.09,0.282
1.0,0.13,0.918,0.399,0.806,0.318,0.191,0.143,0.057,0.223,0.168,0.711,0.332,0.392,0.542,0.605,0.72,0.063,0.54,0.637,0.324,0.343,0.848,0.617,0.306,0.816,0.98,0.374,0.738,0.641,0.887,0.006,0.12,0.671,0.083,0.084,0.415,0.106,0.093,0.403,0.95
1.0,0.542,0.583,0.294,0.524,0.411,0.589,0.297,0.775,0.671,0.167,0.686,0.575,0.639,0.019,0.903,0.276,0.834,0.706,0.797,0.429,0.265,0.059,0.672,0.23,0.976,0.798,0.913,0.735,0.513,0.821,0.777,0.982,0.236,0.426,0.057,0.783,0.616,0.469,0.54,0.117
0.0,0.976,0.589,0.128,0.315,0.151,0.589,0.244,0.405,0.675,0.132,0.51,0.85,0.582,0.139,0.768,0.204,0.552,0.464,0.182,0.77,0.488,0.275,0.914,0.23,0.495,0.236,0.36,0.298,0.449,0.742,0.159,0.509,0.099,0.051,0.757,0.801,0.143,0.157,0.476,0.772
0.0,0.465,0.887,0.189,0.963,0.952,0.86,0.971,0.032,0.036,0.413,0.249,0.269,0.671,0.531,0.808,0.44,0.368,0.956,0.854,0.892,0.817,0.686,0.685,0.932,0.662,0.479,0.876,0.341,0.275,0.868,0.313,0.834,0.55,0.747,0.161,0.284,0.707,0.575,0.833,0.543
0.0,0.162,0.925,0.133,0.283,0.66,0.373,0.176,0.942,0.301,0.5,0.366,0.414,0.079,0.293,0.641,0.139,0.409,0.557,0.323,0.123,0.145,0.514,0.936,0.628,0.954,0.317,0.055,0.595,0.446,0.246,0.971,0.585,0.606,0.511,0.001,0.353,0.55,0.615,0.968,0.406
0.0,0.505,0.227,0.802,0.632,0.29,0.358,0.817,0.81,0.276,0.001,0.459,0.811,0.403,0.863,0.618,0.761,0.157,0.478,0.165,0.983,0.637,0.045,0.46,0.039,0.901,0.778,0.35,0.23,0.173,0.689,0.822,0.995,0.903,0.624,0.038,0.994,0.372,0.718,0.495,0.166
0.0,0.304,0.78,0.2,0.844,0.907,0.854,0.601,0.882,0.965,0.794,0.914,0.979,0.402,0.264,0.384,0.924,0.108,0.432,0.181,0.28,0.456,0.759,0.719,0.113,0.643,0.838,0.373,0.112,0.332,0.596,0.358,0.789,0.31,0.613,0.984,0.687,0.829,0.171,0.12,0.003
1.0,0.779,0.421,0.958,0.973,0.036,0.882,0.267,0.811,0.245,0.714,0.006,0.214,0.154,0.568,0.51,0.794,0.264,0.842,0.77,0.091,0.854,0.058,0.274,0.863,0.53,0.316,0.323,0.091,0.542,0.398,0.484,0.028,0.276,0.268,0.264,0.549,0.68,0.211,0.659,0.358
1.0,0.84,0.809,0.457,0.081,0.372,0.124,0.103,0.469,0.918,0.669,0.432,0.576,0.089,0.823,0.331,0.242,0.531,0.393,0.597,0.817,0.363,0.07,0.747,0.748,0.876,0.99,0.847,0.936,0.891,0.765,0.974,0.178,0.142,0.88,0.966,0.107,0.681,0.794,0.183,0.99
1.0,0.405,0.609,0.176,0.725,0.78,0.515,0.286,0.34,0.547,0.013,0.768,0.55,0.603,0.357,0.864,0.397,0.296,0.39,0.574,0.978,0.363,0.877,0.525,0.357,0.824,0.488,0.796,0.72,0.037,0.139,0.659,0.55,0.645,0.741,0.298,0.98,0.834,0.84,0.27,0.198
1.0,0.461,0.334,0.319,0.674,0.994,0.156,0.948,0.212,0.039,0.7,0.951,0.505,0.719,0.269,0.509,0.026,0.494,0.866,0.313,0.691,0.506,0.686,0.525,0.567,0.756,0.753,0.188,0.842,0.481,0.852,0.093,0.62,0.276,0.225,0.989,0.611,0.816,0.574,0.181,0.717
1.0,0.155,0.206,0.179,0.245,0.731,0.564,0.356,0.71,0.628,0.953,0.819,0.295,0.485,0.559,0.366,0.878,0.421,0.503,0.874,0.249,0.31,0.919,0.465,0.603,0.478,0.461,0.078,0.517,0.672,0.791,0.634,0.034,0.841,0.253,0.563,0.425,0.909,0.473,0.09,0.113
0.0,0.985,0.129,0.822,0.186,0.741,0.906,0.194,0.378,0.224,0.757,0.699,0.924,0.405,0.467,0.78,0.349,0.89,0.915,0.25,0.858,0.853,0.073,0.32,0.435,0.453,0.474,0.174,0.139,0.373,0.629,0.049,0.838,0.166,0.346,0.142,0.862,0.277,0.618,0.02,0.067
1.0,0.76,0.369,0.64,0.495,0.835,0.255,0.366,0.654,0.717,0.514,0.641,0.719,0.857,0.621,0.282,0.142,0.402,0.143,0.302,0.986,0.803,0.637,0.127,0.736,0.276,0.041,0.679,0.484,0.553,0.001,0.312,0.095,0.317,0.575,0.644,0.795,0.057,0.42,0.93,0.418
0.0,0.87,0.147,0.62,0.823,0.899,0.888,0.418,0.134,0.203,0.652,0.778,0.403,0.302,0.026,0.872,0.165,0.479,0.498,0.635,0.587,0.936,0.017,0.652,0.924,0.705,0.314,0.061,0.319,0.654,0.967,0.209,0.083,0.188,0.694,0.357,0.605,0.959,0.237,0.632,0.598
0.0,0.928,0.904,0.472,0.09,0.266,0.931,0.565,0.778,0.335,0.698,0.661,0.836,0.867,0.74,0.44,0.991,0.551,0.715,0.336,0.995,0.323,0.159,0.591,0.657,0.078,0.857,0.395,0.447,0.663,0.452,0.834,0.208,0.228,0.366,0.365,0.931,0.711,0.891,0.619,0.02
0.0,0.633,0.1,0.954,0.878,0.49,0.718,0.895,0.061,0.458,0.955,0.082,0.625,0.97,0.584,0.965,0.573,0.315,0.498,0.366,0.065,0.685,0.289,0.894,0.574,0.567,0.69,0.589,0.459,0.445,0.106,0.827,0.306,0.286,0.66,0.288,0.351,0.01,0.328,0.004,0.751
0.0,0.335,0.523,0.191,0.514,0.545,0.013,0.525,0.615,0.835,0.045,0.288,0.484,0.0,0.967,0.951,0.405,0.62,0.764,0.475,0.966,0.809,0.983,0.788,0.599,0.971,0.393,0.297,0.82,0.568,0.402,0.546,0.039,0.574,0.662,0.698,0.133,0.265,0.065,0.844,0.396
1.0,0.976,0.894,0.864,0.21,0.0,0.276,0.839,0.891,0.978,0.6,0.591,0.25,0.235,0.053,0.601,0.477,0.172,0.551,0.177,0.952,0.969,0.973,0.053,0.651,0.257,0.753,0.489,0.033,0.455,0.116,0.015,0.4,0.517,0.261,0.434,0.096,0.296,0.772,0.584,0.351
1.0,0.966,0.035,0.954,0.155,0.12,0.891,0.742,0.801,0.124,0.672,0.088,0.522,0.752,0.044,0.107,0.607,0.888,0.353,0.176,0.472,0.819,0.695,0.597,0.792,0.534,0.737,0.101,0.8,0.623,0.613,0.633,0.912,0.066,0.427,0.624,0.998,0.282,0.257,0.397,0.735
1.0,0.494,0.739,0.086,0.874,0.342,0.876,0.632,0.087,0.412,0.341,0.631,0.49,0.786,0.538,0.781,0.079,0.645,0.936,0.187,0.078,0.725,0.978,0.277,0.195,0.965,0.594,0.433,0.973,0.87,0.074,0.032,0.575,0.797,0.113,0.383,0.704,0.161,0.816,0.323,0.728
0.0,0.555,0.829,0.485,0.869,0.774,0.686,0.991,0.828,0.191,0.643,0.51,0.981,0.198,0.384,0.084,0.842,0.277,0.032,0.842,0.323,0.37,0.005,0.737,0.166,0.801,0.686,0.849,0.67,0.109,0.689,0.861,0.421,0.256,0.039,0.949,0.645,0.902,0.356,0.34,0.494
0.0,0.166,0.035,0.662,0.793,0.204,0.982,0.937,0.27,0.207,0.271,0.447,0.436,0.369,0.98,0.744,0.496,0.818,0.444,0.01,0.797,0.421,0.614,0.839,0.528,0.252,0.446,0.498,0.045,0.556,0.717,0.635,0.866,0.667,0.07,0.977,0.067,0.566,0.761,0.052,0.717
1.0,0.464,0.979,0.05,0.669,0.323,0.294,0.027,0.511,0.155,0.682,0.684,0.712,0.623,0.778,0.109,0.989,0.411,0.296,0.906,0.624,0.725,0.293,0.687,0.502,0.631,0.981,0.368,0.408,0.622,0.13,0.274,0.579,0.451,0.132,0.085,0.773,0.933,0.727,0.361,0.448
0.0,0.167,0.432,0.982,0.133,0.077,0.205,0.34,0.559,0.922,0.046,0.686,0.664,0.898,0.537,0.53,0.68,0.869,0.462,0.169,0.116,0.712,0.51,0.863,0.953,0.335,0.151,0.661,0.153,0.881,0.334,0.752,0.621,0.252,0.566,0.255,0.775,0.905,0.014,0.104,0.803
1.0,0.521,0.429,0.939,0.007,0.392,0.811,0.029,0.898,0.418,0.576,0.071,0.382,0.402,0.288,0.234,0.433,0.854,0.596,0.3,0.028,0.047,0.927,0.625,0.787,0.813,0.554,0.346,0.987,0.107,0.827,0.206,0.358,0.988,0.411,0.628,0.779,0.437,0.302,0.928,0.452
0.0,0.551,0.514,0.054,0.248,0.991,0.156,0.427,0.043,0.933,0.645,0.161,0.45,0.433,0.019,0.055,0.28,0.673,0.616,0.342,0.738,0.885,0.502,0.858,0.991,0.773,0.081,0.153,0.66,0.972,0.672,0.573,0.755,0.956,0.594,0.096,0.427,0.855,0.11,0.486,0.805
0.0,0.904,0.52,0.076,0.391,0.875,0.661,0.64,0.86,0.299,0.288,0.473,0.66,0.195,0.89,0.041,0.936,0.01,0.009,0.892,0.525,0.948,0.195,0.584,0.763,0.916,0.127,0.689,0.38,0.492,0.088,0.203,0.065,0.078,0.816,0.693,0.478,0.774,0.975,0.196,0.506
0.0,0.004,0.053,0.817,0.433,0.867,0.372,0.182,0.295,0.166,0.304,0.705,0.555,0.603,0.387,0.783,0.192,0.008,0.033,0.746,0.673,0.942,0.744,0.259,0.065,0.902,0.467,0.684,0.094,0.865,0.206,0.459,0.826,0.803,0.873,0.763,0.548,0.178,0.451,0.32,0.468
0.0,0.164,0.117,0.391,0.79,0.787,0.897,0.728,0.148,0.808,0.235,0.947,0.914,0.129,0.669,0.153,0.141,0.41,0.547,0.785,0.017,0.711,0.965,0.595,0.632,0.54,0.33,0.403,0.566,0.339,0.762,0.756,0.837,0.411,0.228,0.867,0.052,0.442,0.053,0.96,0.625
1.0,0.798,0.076,0.62,0.021,0.085,0.219,0.121,0.073,0.445,0.112,0.161,0.303,0.62,0.464,0.648,0.056,0.58,0.486,0.873,0.662,0.063,0.824,0.463,0.263,0.715,0.726,0.148,0.301,0.627,0.627,0.974,0.497,0.469,0.596,0.704,0.465,0.276,0.699,0.206,0.461
1.0,0.958,0.888,0.494,0.544,0.113,0.583,0.046,0.301,0.717,0.362,0.418,0.253,0.025,0.991,0.932,0.951,0.154,0.953,0.865,0.657,0.426,0.049,0.266,0.941,0.916,0.6,0.877,0.986,0.594,0.5,0.592,0.646,0.333,0.994,0.038,0.631,0.801,0.081,0.641,0.787
1.0,0.302,0.13,0.47,0.571,0.492,0.932,0.448,0.356,0.866,0.299,0.104,0.271,0.109,0.014,0.956,0.339,0.33,0.874,0.9,0.796,0.491,0.125,0.667,0.788,0.274,0.923,0.772,0.469,0.443,0.01,0.367,0.542,0.842,0.381,0.009,0.048,0.574,0.167,0.092,0.619
0.0,0.428,0.611,0.58,0.749,0.894,0.464,0.159,0.881,0.636,0.387,0.96,0.088,0.542,0.439,0.466,0.147,0.846,0.252,0.184,0.908,0.701,0.664,0.173,0.789,0.297,0.677,0.41,0.614,0.469,0.649,0.1,0.955,0.967,0.499,0.816,0.964,0.636,0.227,0.641,0.525
1.0,0.026,0.356,0.488,0.327,0.657,0.165,0.263,0.778,0.902,0.03,0.39,0.327,0.993,0.079,0.811,0.881,0.61,0.312,0.937,0.295,0.45,0.008,0.171,0.905,0.147,0.929,0.836,0.529,0.882,0.21,0.403,0.563,0.921,0.152,0.235,0.245,0.683,0.016,0.873,0.788
1.0,0.715,0.21,0.664,0.346,0.17,0.153,0.403,0.893,0.536,0.84,0.124,0.277,0.038,0.879,0.14,0.988,0.49,0.838,0.108,0.897,0.203,0.286,0.708,0.209,0.595,0.974,0.89,0.294,0.834,0.287,0.054,0.613,0.664,0.479,0.987,0.848,0.839,0.733,0.119,0.51
1.0,0.078,0.17,0.331,0.627,0.811,0.095,0.99,0.469,0.475,0.168,0.199,0.136,0.928,0.067,0.868,0.623,0.588,0.076,0.906,0.033,0.922,0.506,0.662,0.891,0.846,0.863,0.185,0.446,0.564,0.537,0.94,0.795,0.483,0.123,0.667,0.711,0.605,0.904,0.23,0.328
1.0,0.914,0.304,0.828,0.206,0.021,0.0,0.027,0.351,0.684,0.397,0.766,0.27,0.289,0.726,0.541,0.679,0.047,0.345,0.662,0.954,0.375,0.985,0.752,0.05,0.123,0.051,0.748,0.551,0.355,0.071,0.652,0.431,0.855,0.243,0.884,0.122,0.262,0.249,0.127,0.988
1.0,0.977,0.411,0.407,0.955,0.788,0.433,0.057,0.366,0.746,0.989,0.262,0.195,0.815,0.867,0.751,0.844,0.363,0.162,0.472,0.434,0.063,0.016,0.441,0.804,0.788,0.177,0.337,0.097,0.3,0.802,0.105,0.284,0.509,0.223,0.408,0.147,0.032,0.484,0.034,0.005
0.0,0.921,0.341,0.376,0.602,0.957,0.795,0.647,0.898,0.987,0.731,0.264,0.02,0.91,0.657,0.448,0.873,0.324,0.715,0.773,0.117,0.763,0.875,0.018,0.457,0.888,0.837,0.047,0.575,0.844,0.193,0.199,0.534,0.148,0.068,0.205,0.291,0.382,0.918,0.7,0.165
1.0,0.948,0.5,0.841,0.246,0.07,0.991,0.4,0.254,0.914,0.54,0.817,0.579,0.812,0.586,0.55,0.954,0.256,0.789,0.498,0.594,0.968,0.542,0.772,0.096,0.197,0.458,0.17,0.363,0.824,0.957,0.313,0.804,0.551,0.101,0.38,0.112,0.961,0.734,0.18,0.883
0.0,0.913,0.046,0.507,0.628,0.762,0.872,0.891,0.781,0.247,0.354,0.209,0.683,0.505,0.143,0.74,0.243,0.064,0.044,0.925,0.941,0.977,0.883,0.948,0.757,0.278,0.309,0.775,0.776,0.349,0.042,0.972,0.696,0.739,0.101,0.322,0.018,0.81,0.206,0.337,0.006
0.0,0.607,0.88,0.675,0.207,0.889,0.61,0.956,0.035,0.216,0.86,0.95,0.689,0.866,0.994,0.625,0.898,0.902,0.37,0.207,0.971,0.907,0.504,0.07,0.151,0.322,0.516,0.679,0.836,0.023,0.582,0.87,0.214,0.316,0.818,0.394,0.213,0.47,0.831,0.195,0.498
1.0,0.71,0.858,0.899,0.613,0.063,0.313,0.288,0.346,0.489,0.169,0.333,0.23,0.99,0.275,0.951,0.62,0.841,0.417,0.38,0.68,0.251,0.976,0.525,0.106,0.007,0.948,0.604,0.752,0.142,0.824,0.539,0.612,0.567,0.797,0.879,0.417,0.329,0.21,0.697,0.495
0.0,0.495,0.648,0.146,0.697,0.876,0.503,0.483,0.072,0.944,0.312,0.039,0.981,0.93,0.369,0.715,0.87,0.162,0.367,0.53,0.734,0.323,0.923,0.931,0.986,0.344,0.296,0.048,0.349,0.793,0.071,0.555,0.79,0.728,0.105,0.097,0.356,0.669,0.475,0.045,0.064
1.0,0.771,0.533,0.133,0.018,0.568,0.627,0.762,0.157,0.026,0.612,0.182,0.403,0.992,0.453,0.575,0.794,0.534,0.765,0.366,0.893,0.951,0.264,0.167,0.604,0.936,0.502,0.259,0.136,0.205,0.515,0.485,0.576,0.074,0.629,0.681,0.45,0.58,0.438,0.174,0.251
1.0,0.785,0.094,0.611,0.548,0.593,0.146,0.426,0.22,0.017,0.506,0.517,0.022,0.304,0.459,0.555,0.08,0.031,0.458,0.943,0.834,0.707,0.026,0.697,0.202,0.135,0.587,0.822,0.137,0.916,0.722,0.073,0.111,0.241,0.621,0.375,0.104,0.141,0.182,0.693,0.755
1.0,0.268,0.5,0.866,0.564,0.781,0.557,0.278,0.044,0.622,0.069,0.797,0.495,0.757,0.732,0.671,0.759,0.148,0.595,0.865,0.836,0.099,0.976,0.551,0.659,0.433,0.834,0.724,0.579,0.275,0.78,0.404,0.773,0.755,0.077,0.542,0.988,0.538,0.026,0.389,0.919
0.0,0.882,0.942,0.905,0.982,0.318,0.734,0.484,0.109,0.914,0.723,0.599,0.579,0.846,0.498,0.995,0.412,0.714,0.544,0.486,0.233,0.41,0.769,0.961,0.998,0.666,0.737,0.741,0.232,0.9,0.676,0.294,0.998,0.127,0.948,0.53,0.561,0.249,0.562,0.984,0.759
0.0,0.629,0.756,0.281,0.96,0.91,0.429,0.79,0.389,0.509,0.743,0.556,0.306,0.717,0.672,0.486,0.723,0.175,0.189,0.634,0.31,0.733,0.868,0.001,0.234,0.324,0.098,0.54,0.86,0.364,0.676,0.559,0.153,0.505,0.606,0.279,0.783,0.642,0.621,0.651,0.96
1.0,0.362,0.376,0.372,0.384,0.354,0.485,0.161,0.471,0.014,0.298,0.238,0.079,0.134,0.174,0.573,0.504,0.262,0.145,0.431,0.898,0.281,0.865,0.326,0.256,0.544,0.446,0.556,0.78,0.788,0.541,0.184,0.89,0.632,0.911,0.327,0.44,0.648,0.753,0.832,0.199
0.0,0.645,0.861,0.095,0.107,0.168,0.477,0.255,0.034,0.266,0.749,0.959,0.858,0.743,0.489,0.284,0.446,0.443,0.787,0.94,0.52,0.415,0.922,0.392,0.993,0.25,0.247,0.522,0.681,0.602,0.199,0.377,0.826,0.213,0.939,0.756,0.607,0.551,0.057,0.818,0.877
1.0,0.487,0.745,0.521,0.506,0.274,0.745,0.584,0.55,0.667,0.369,0.894,0.119,0.479,0.288,0.946,0.642,0.058,0.749,0.247,0.729,0.135,0.382,0.074,0.741,0.505,0.919,0.853,0.637,0.279,0.44,0.688,0.242,0.11,0.453,0.559,0.532,0.008,0.683,0.926,0.784
1.0,0.02,0.797,0.476,0.391,0.338,0.091,0.167,0.017,0.656,0.931,0.812,0.734,0.162,0.024,0.742,0.236,0.407,0.123,0.729,0.13,0.23,0.819,0.251,0.308,0.705,0.679,0.381,0.823,0.796,0.044,0.903,0.655,0.44,0.607,0.319,0.839,0.505,0.639,0.635,0.701
1.0,0.813,0.721,0.022,0.912,0.667,0.277,0.1,0.373,0.056,0.328,0.663,0.385,0.509,0.059,0.443,0.54,0.035,0.672,0.096,0.794,0.912,0.569,0.143,0.769,0.296,0.736,0.294,0.929,0.802,0.477,0.266,0.872,0.37,0.119,0.724,0.989,0.335,0.438,0.895,0.185
0.0,0.951,0.016,0.955,0.138,0.583,0.581,0.367,0.49,0.885,0.048,0.029,0.843,0.738,0.159,0.488,0.448,0.088,0.922,0.271,0.909,0.374,0.283,0.753,0.886,0.431,0.624,0.867,0.274,0.889,0.183,0.391,0.122,0.355,0.471,0.366,0.129,0.992,0.563,0.21,0.927
1.0,0.455,0.378,0.886,0.111,0.627,0.139,0.601,0.84,0.929,0.922,0.13,0.129,0.203,0.846,0.9,0.948,0.343,0.705,0.691,0.683,0.529,0.781,0.055,0.586,0.29,0.903,0.72,0.151,0.141,0.292,0.063,0.435,0.966,0.494,0.575,0.599,0.808,0.263,0.903,0.687
0.0,0.809,0.088,0.611,0.832,0.429,0.149,0.053,0.922,0.574,0.091,0.438,0.996,0.559,0.546,0.141,0.914,0.542,0.861,0.664,0.026,0.797,0.488,0.702,0.76,0.698,0.135,0.86,0.323,0.15,0.955,0.784,0.695,0.908,0.695,0.76,0.151,0.594,0.327,0.12,0.895
0.0,0.821,0.498,0.229,0.92,0.288,0.807,0.732,0.13,0.851,0.131,0.756,0.628,0.142,0.437,0.061,0.212,0.748,0.022,0.157,0.174,0.312,0.938,0.98,0.731,0.522,0.738,0.701,0.126,0.568,0.202,0.947,0.168,0.747,0.847,0.98,0.893,0.495,0.415,0.926,0.191
1.0,0.403,0.313,0.294,0.502,0.234,0.926,0.265,0.394,0.219,0.442,0.686,0.174,0.171,0.1,0.638,0.24,0.186,0.682,0.601,0.82,0.564,0.81,0.424,0.692,0.813,0.324,0.475,0.343,0.602,0.878,0.284,0.592,0.315,0.46,0.92,0.683,0.485,0.425,0.412,0.755
1.0,0.629,0.199,0.903,0.111,0.742,0.295,0.47,0.627,0.299,0.785,0.107,0.526,0.995,0.624,0.683,0.4,0.415,0.04,0.499,0.061,0.787,0.05,0.422,0.776,0.264,0.616,0.136,0.433,0.33,0.77,0.009,0.927,0.341,0.73,0.013,0.547,0.972,0.055,0.635,0.7
1.0,0.438,0.484,0.02,0.749,0.692,0.275,0.646,0.31,0.313,0.419,0.983,0.252,0.271,0.869,0.187,0.568,0.21,0.989,0.725,0.89,0.203,0.87,0.184,0.359,0.295,0.416,0.022,0.457,0.784,0.863,0.19,0.353,0.853,0.979,0.332,0.236,0.062,0.603,0.846,0.266
0.0,0.623,0.286,0.53,0.948,0.928,0.777,0.786,0.493,0.99,0.828,0.85,0.937,0.677,0.338,0.764,0.443,0.937,0.907,0.076,0.027,0.181,0.204,0.725,0.443,0.278,0.434,0.212,0.625,0.309,0.609,0.104,0.724,0.954,0.779,0.967,0.557,0.496,0.135,0.358,0.512
0.0,0.479,0.763,0.976,0.769,0.387,0.397,0.001,0.692,0.261,0.323,0.895,0.133,0.069,0.679,0.362,0.523,0.706,0.365,0.105,0.341,0.531,0.53,0.842,0.797,0.991,0.702,0.013,0.948,0.601,0.639,0.852,0.705,0.588,0.743,0.874,0.779,0.176,0.2,0.911,0.938
0.0,0.197,0.502,0.52,0.36,0.215,0.622,0.351,0.579,0.63,0.344,0.386,0.996,0.93,0.315,0.989,0.034,0.24,0.167,0.644,0.809,0.056,0.485,0.118,0.215,0.891,0.444,0.185,0.788,0.373,0.743,0.167,0.431,0.591,0.927,0.336,0.862,0.141,0.216,0.508,0.187
0.0,0.629,0.832,0.056,0.803,0.323,0.098,0.066,0.406,0.152,0.181,0.796,0.848,0.019,0.652,0.301,0.153,0.722,0.965,0.375,0.549,0.168,0.037,0.444,0.031,0.342,0.641,0.373,0.334,0.987,0.102,0.189,0.868,0.41,0.368,0.014,0.179,0.005,0.45,0.545,0.858
1.0,0.569,0.206,0.284,0.9,0.658,0.927,0.595,0.013,0.998,0.175,0.81,0.466,0.618,0.968,0.997,0.6,0.781,0.929,0.013,0.592,0.829,0.096,0.642,0.563,0.532,0.206,0.333,0.981,0.67,0.171,0.768,0.004,0.066,0.56,0.018,0.098,0.573,0.036,0.069,0.252
1.0,0.277,0.185,0.917,0.076,0.667,0.407,0.889,0.238,0.6,0.195,0.827,0.269,0.107,0.643,0.216,0.623,0.931,0.224,0.427,0.342,0.499,0.911,0.542,0.161,0.84,0.361,0.645,0.734,0.384,0.701,0.301,0.072,0.76,0.463,0.312,0.201,0.696,0.873,0.366,0.272
0.0,0.745,0.458,0.303,0.362,0.811,0.25,0.759,0.837,0.503,0.089,0.569,0.472,0.804,0.141,0.347,0.01,0.324,0.853,0.698,0.48,0.651,0.37,0.699,0.634,0.711,0.275,0.991,0.615,0.38,0.722,0.978,0.725,0.079,0.365,0.164,0.87,0.99,0.189,0.619,0.298
0.0,0.71,0.769,0.965,0.343,0.733,0.483,0.541,0.685,0.74,0.689,0.845,0.182,0.643,0.723,0.274,0.705,0.828,0.426,0.798,0.883,0.117,0.069,0.34,0.728,0.683,0.931,0.756,0.173,0.703,0.195,0.701,0.585,0.134,0.907,0.539,0.335,0.357,0.603,0.566,0.643
1.0,0.577,0.238,0.668,0.303,0.279,0.432,0.085,0.859,0.881,0.174,0.173,0.556,0.778,0.658,0.237,0.75,0.259,0.557,0.767,0.538,0.353,0.618,0.056,0.631,0.892,0.881,0.188,0.902,0.913,0.844,0.064,0.509,0.188,0.843,0.624,0.45,0.535,0.917,0.55,0.744
1.0,0.603,0.163,0.538,0.485,0.517,0.931,0.389,0.076,0.073,0.161,0.591,0.289,0.816,0.117,0.151,0.468,0.715,0.208,0.636,0.383,0.665,0.436,0.142,0.744,0.735,0.142,0.692,0.285,0.936,0.614,0.713,0.326,0.318,0.246,0.461,0.496,0.655,0.577,0.965,0.201
1.0,0.551,0.187,0.993,0.44,0.303,0.87,0.092,0.007,0.617,0.896,0.392,0.459,0.48,0.227,0.829,0.055,0.258,0.88,0.53,0.503,0.908,0.685,0.421,0.54,0.738,0.745,0.749,0.666,0.02,0.353,0.855,0.505,0.411,0.781,0.443,0.94,0.902,0.281,0.293,0.782
1.0,0.833,0.115,0.834,0.026,0.572,0.023,0.987,0.477,0.069,0.324,0.679,0.084,0.11,0.288,0.587,0.887,0.574,0.515,0.349,0.52,0.127,0.263,0.477,0.266,0.307,0.349,0.466,0.286,0.751,0.042,0.988,0.719,0.043,0.53,0.46,0.785,0.334,0.47,0.037,0.788
1.0,0.276,0.168,0.071,0.42,0.543,0.312,0.242,0.693,0.294,0.815,0.695,0.07,0.338,0.336,0.184,0.412,0.496,0.854,0.324,0.047,0.483,0.751,0.236,0.091,0.113,0.203,0.402,0.363,0.859,0.024,0.626,0.083,0.128,0.703,0.881,0.883,0.629,0.305,0.389,0.439
1.0,0.767,0.834,0.204,0.595,0.324,0.673,0.422,0.023,0.275,0.894,0.345,0.929,0.461,0.894,0.997,0.589,0.144,0.631,0.383,0.773,0.907,0.193,0.275,0.498,0.782,0.927,0.02,0.583,0.799,0.241,0.342,0.578,0.653,0.363,0.206,0.725,0.213,0.809,0.003,0.15
1.0,0.351,0.697,0.599,0.473,0.256,0.804,0.285,0.656,0.267,0.496,0.266,0.096,0.57,0.92,0.239,0.017,0.456,0.776,0.725,0.021,0.109,0.595,0.067,0.442,0.254,0.252,0.4,0.109,0.627,0.395,0.44,0.243,0.278,0.988,0.262,0.728,0.168,0.448,0.124,0.86
0.0,0.886,0.955,0.647,0.491,0.004,0.341,0.576,0.852,0.329,0.419,0.355,0.784,0.886,0.462,0.385,0.329,0.139,0.751,0.961,0.015,0.603,0.797,0.412,0.634,0.766,0.021,0.586,0.671,0.898,0.721,0.698,0.421,0.422,0.142,0.034,0.005,0.557,0.291,0.112,0.067
1.0,0.148,0.278,0.949,0.799,0.515,0.758,0.311,0.243,0.344,0.684,0.324,0.661,0.541,0.288,0.628,0.246,0.663,0.642,0.399,0.703,0.101,0.928,0.047,0.672,0.668,0.636,0.507,0.656,0.944,0.104,0.883,0.298,0.346,0.025,0.112,0.299,0.716,0.621,0.806,0.867
1.0,0.537,0.904,0.415,0.11,0.292,0.233,0.864,0.117,0.803,0.445,0.078,0.231,0.582,0.893,0.974,0.184,0.71,0.267,0.348,0.697,0.741,0.619,0.032,0.592,0.873,0.366,0.226,0.735,0.859,0.68,0.934,0.338,0.866,0.217,0.984,0.231,0.465,0.592,0.952,0.648
1.0,0.71,0.478,0.187,0.116,0.687,0.527,0.822,0.047,0.772,0.308,0.863,0.398,0.865,0.364,0.771,0.445,0.979,0.217,0.532,0.939,0.887,0.115,0.594,0.16,0.479,0.582,0.234,0.341,0.924,0.711,0.815,0.433,0.111,0.277,0.791,0.676,0.583,0.61,0.599,0.261
1.0,0.305,0.913,0.658,0.754,0.206,0.196,0.841,0.472,0.961,0.052,0.573,0.437,0.1,0.081,0.79,0.53,0.731,0.057,0.002,0.543,0.253,0.419,0.269,0.493,0.183,0.22,0.312,0.301,0.819,0.82,0.503,0.984,0.482,0.683,0.045,0.082,0.751,0.91,0.091,0.68
1.0,0.541,0.843,0.822,0.875,0.457,0.31,0.412,0.146,0.78,0.587,0.094,0.136,0.122,0.941,0.219,0.861,0.326,0.438,0.547,0.712,0.307,0.678,0.523,0.207,0.807,0.647,0.393,0.722,0.233,0.231,0.551,0.714,0.21,0.894,0.465,0.651,0.957,0.914,0.017,0.657
1.0,0.637,0.623,0.272,0.083,0.695,0.328,0.572,0.421,0.083,0.598,0.728,0.609,0.11,0.047,0.636,0.874,0.19,0.9,0.039,0.361,0.64,0.377,0.397,0.925,0.314,0.267,0.489,0.833,0.404,0.116,0.363,0.996,0.955,0.062,0.439,0.635,0.949,0.288,0.797,0.125
1.0,0.153,0.868,0.505,0.756,0.682,0.757,0.416,0.298,0.121,0.014,0.899,0.419,0.762,0.338,0.232,0.022,0.815,0.791,0.422,0.526,0.178,0.31,0.117,0.98,0.191,0.176,0.91,0.437,0.561,0.607,0.525,0.424,0.759,0.086,0.598,0.645,0.304,0.696,0.175,0.69
1.0,0.653,0.419,0.271,0.63,0.655,0.176,0.826,0.931,0.743,0.161,0.111,0.665,0.209,0.621,0.075,0.54,0.672,0.137,0.166,0.105,0.159,0.856,0.694,0.131,0.944,0.877,0.899,0.327,0.847,0.166,0.154,0.324,0.797,0.824,0.939,0.969,0.29,0.251,0.155,0.768
1.0,0.814,0.82,0.137,0.669,0.488,0.164,0.38,0.794,0.715,0.88,0.391,0.489,0.165,0.999,0.768,0.489,0.91,0.279,0.53,0.613,0.442,0.247,0.533,0.685,0.996,0.09,0.151,0.581,0.821,0.173,0.971,0.463,0.341,0.706,0.542,0.039,0.853,0.348,0.764,0.148
0.0,0.225,0.676,0.558,0.829,0.217,0.708,0.539,0.417,0.274,0.865,0.724,0.101,0.918,0.584,0.56,0.908,0.099,0.109,0.868,0.573,0.163,0.482,0.911,0.282,0.04,0.888,0.444,0.776,0.202,0.505,0.506,0.836,0.188,0.736,0.632,0.548,0.953,0.976,0.228,0.378
0.0,0.609,0.487,0.615,0.893,0.109,0.207,0.374,0.15,0.228,0.777,0.811,0.816,0.091,0.902,0.186,0.404,0.424,0.437,0.17,0.215,0.229,0.612,0.937,0.473,0.053,0.075,0.423,0.696,0.763,0.791,0.386,0.486,0.606,0.053,0.642,0.078,0.469,0.052,0.645,0.103
1.0,0.891,0.59,0.723,0.97,0.187,0.412,0.247,0.47,0.62,0.101,0.616,0.2,0.34,0.299,0.141,0.417,0.532,0.003,0.212,0.732,0.582,0.246,0.01,0.322,0.415,0.12,0.982,0.794,0.686,0.161,0.929,0.941,0.72,0.09,0.766,0.072,0.707,0.842,0.926,0.94
1.0,0.976,0.732,0.807,0.788,0.506,0.444,0.382,0.828,0.957,0.38,0.032,0.948,0.855,0.348,0.004,0.622,0.008,0.27,0.891,0.82,0.364,0.914,0.911,0.505,0.351,0.876,0.56,0.073,0.783,0.474,0.43,0.239,0.011,0.14,0.792,0.556,0.618,0.221,0.474,0.767
1.0,0.329,0.974,0.9,0.628,0.266,0.839,0.927,0.081,0.597,0.426,0.351,0.034,0.149,0.949,0.024,0.779,0.937,0.05,0.698,0.957,0.606,0.785,0.78,0.277,0.127,0.65,0.033,0.789,0.669,0.988,0.489,0.347,0.729,0.882,0.605,0.043,0.885,0.107,0.994,0.154
1.0,0.728,0.167,0.743,0.033,0.721,0.994,0.488,0.689,0.755,0.06,0.945,0.744,0.276,0.515,0.318,0.002,0.933,0.341,0.339,0.003,0.232,0.227,0.005,0.704,0.258,0.939,0.7,0.244,0.385,0.188,0.715,0.182,0.082,0.912,0.662,0.791,0.696,0.723,0.053,0.413
1.0,0.99,0.001,0.979,0.041,0.353,0.578,0.785,0.368,0.941,0.708,0.279,0.35,0.602,0.588,0.93,0.472,0.192,0.032,0.284,0.13,0.387,0.339,0.615,0.346,0.9,0.509,0.98,0.972,0.968,0.269,0.031,0.791,0.402,0.644,0.942,0.58,0.45,0.698,0.144,0.5
0.0,0.255,0.881,0.211,0.823,0.634,0.39,0.009,0.056,0.911,0.945,0.205,0.796,0.059,0.169,0.317,0.37,0.298,0.592,0.558,0.907,0.765,0.946,0.325,0.665,0.28,0.976,0.683,0.516,0.704,0.074,0.347,0.887,0.379,0.424,0.404,0.871,0.921,0.558,0.201,0.881
0.0,0.102,0.154,0.598,0.916,0.956,0.486,0.508,0.313,0.409,0.054,0.153,0.49,0.872,0.382,0.918,0.292,0.218,0.022,0.226,0.352,0.238,0.334,0.988,0.888,0.236,0.697,0.092,0.767,0.718,0.107,0.232,0.449,0.44,0.311,0.847,0.254,0.611,0.128,0.03,0.436
0.0,0.68,0.497,0.098,0.13,0.557,0.02,0.231,0.96,0.091,0.78,0.035,0.531,0.325,0.593,0.268,0.068,0.923,0.045,0.137,0.801,0.892,0.626,0.385,0.568,0.734,0.574,0.346,0.236,0.175,0.348,0.851,0.336,0.432,0.722,0.459,0.795,0.669,0.065,0.406,0.416
0.0,0.503,0.747,0.914,0.345,0.957,0.231,0.352,0.182,0.174,0.56,0.102,0.092,0.01,0.18,0.089,0.442,1.0,0.97,0.345,0.368,0.781,0.789,0.474,0.308,0.604,0.735,0.513,0.019,0.323,0.979,0.083,0.663,0.076,0.578,0.427,0.22,0.333,0.185,0.182,0.391
1.0,0.429,0.366,0.173,0.186,0.508,0.711,0.425,0.416,0.56,0.961,0.872,0.651,0.519,0.446,0.123,0.53,0.18,0.057,0.467,0.607,0.971,0.905,0.596,0.902,0.104,0.603,0.426,0.062,0.939,0.949,0.066,0.074,0.373,0.343,0.423,0.77,0.23,0.756,0.32,0.256
0.0,0.323,0.665,0.242,0.602,0.819,0.143,0.351,0.657,0.694,0.528,0.155,0.899,0.012,0.405,0.084,0.041,0.343,0.531,0.586,0.771,0.383,0.732,0.554,0.614,0.209,0.166,0.552,0.132,0.664,0.082,0.797,0.565,0.457,0.197,0.527,0.284,0.371,0.678,0.455,0.068
1.0,0.989,0.902,0.04,0.767,0.719,0.607,0.273,0.986,0.658,0.715,0.392,0.649,0.388,0.315,0.905,0.978,0.462,0.804,0.063,0.711,0.663,0.52,0.738,0.334,0.772,0.681,0.072,0.319,0.564,0.725,0.317,0.36,0.692,0.46,0.082,0.634,0.651,0.603,0.651,0.187
0.0,0.698,0.6,0.437,0.386,0.581,0.866,0.004,0.073,0.125,0.476,0.567,0.123,0.773,0.458,0.871,0.528,0.643,0.546,0.017,0.832,0.389,0.898,0.787,0.082,0.557,0.864,0.346,0.724,0.576,0.557,0.984,0.055,0.972,0.138,0.33,0.219,0.298,0.741,0.687,0.788
0.0,0.917,0.176,0.404,0.996,0.104,0.831,0.144,0.268,0.134,0.094,0.778,0.82,0.213,0.329,0.218,0.801,0.273,0.236,0.793,0.758,0.245,0.13,0.244,0.365,0.228,0.394,0.307,0.024,0.743,0.769,0.276,0.051,0.789,0.625,0.513,0.741,0.74,0.629,0.89,0.261
0.0,0.766,0.199,0.991,0.554,0.556,0.238,0.859,0.023,0.695,0.385,0.832,0.046,0.132,0.55,0.226,0.494,0.154,0.417,0.878,0.089,0.19,0.574,0.793,0.08,0.631,0.488,0.281,0.826,0.242,0.595,0.715,0.609,0.34,0.969,0.425,0.662,0.149,0.046,0.322,0.656
1.0,0.359,0.806,0.008,0.145,0.572,0.076,0.475,0.64,0.392,0.992,0.553,0.479,0.892,0.408,0.596,0.762,0.356,0.571,0.318,0.938,0.215,0.888,0.72,0.49,0.71,0.312,0.389,0.662,0.528,0.043,0.442,0.517,0.712,0.254,0.48,0.442,0.623,0.543,0.652,0.133
0.0,0.742,0.31,0.691,0.29,0.708,0.642,0.924,0.013,0.683,0.659,0.256,0.836,0.259,0.424,0.482,0.832,0.254,0.314,0.257,0.867,0.404,0.124,0.142,0.997,0.835,0.124,0.857,0.416,0.657,0.381,0.603,0.058,0.223,0.387,0.401,0.56,0.432,0.644,0.641,0.319
0.0,0.328,0.23,0.878,0.099,0.371,0.647,0.994,0.011,0.138,0.955,0.469,0.979,0.707,0.609,0.339,0.625,0.574,0.913,0.509,0.127,0.661,0.633,0.372,0.731,0.447,0.177,0.964,0.042,0.174,0.857,0.403,0.494,0.261,0.459,0.417,0.871,0.762,0.976,0.581,0.388
1.0,0.036,0.371,0.067,0.75,0.714,0.126,0.576,0.706,0.792,0.661,0.814,0.663,0.855,0.921,0.698,0.431,0.237,0.067,0.057,0.789,0.401,0.044,0.512,0.294,0.617,0.526,0.634,0.85,0.388,0.265,0.899,0.65,0.762,0.396,0.89,0.324,0.739,0.446,0.02,0.638
0.0,0.729,0.909,0.441,0.83,0.067,0.72,0.744,0.672,0.288,0.107,0.466,0.388,0.044,0.676,0.376,0.191,0.122,0.365,0.21,0.06,0.606,0.839,0.226,0.543,0.069,0.189,0.896,0.859,0.836,0.456,0.072,0.129,0.067,0.705,0.456,0.104,0.58,0.807,0.845,0.137
1.0,0.391,0.649,0.84,0.819,0.65,0.381,0.277,0.646,0.967,0.399,0.544,0.936,0.974,0.573,0.768,0.348,0.429,0.877,0.244,0.336,0.691,0.086,0.311,0.274,0.178,0.708,0.508,0.258,0.528,0.633,0.222,0.62,0.429,0.331,0.406,0.273,0.036,0.038,0.662,0.758
1.0,0.05,0.831,0.787,0.285,0.154,0.325,0.711,0.852,0.871,0.096,0.332,0.232,0.094,0.053,0.339,0.466,0.892,0.823,0.181,0.704,0.573,0.587,0.382,0.419,0.477,0.067,0.516,0.207,0.514,0.067,0.044,0.192,0.166,0.696,0.56,0.633,0.767,0.323,0.702,0.72
0.0,0.913,0.286,0.006,0.51,0.058,0.084,0.274,0.119,0.333,0.582,0.926,0.956,0.221,0.958,0.594,0.883,0.348,0.486,0.66,0.673,0.08,0.648,0.115,0.926,0.88,0.813,0.056,0.67,0.388,0.506,0.057,0.851,0.662,0.243,0.297,0.648,0.017,0.952,0.49,0.266
0.0,0.753,0.262,0.978,0.266,0.456,0.725,0.523,0.569,0.759,0.105,0.441,0.974,0.252,0.671,0.123,0.992,0.323,0.78,0.316,0.548,0.684,0.254,0.252,0.23,0.171,0.764,0.099,0.732,0.718,0.364,0.154,0.315,0.241,0.24,0.623,0.108,0.194,0.497,0.275,0.176
0.0,0.972,0.3,0.969,0.537,0.966,0.615,0.624,0.686,0.695,0.124,0.014,0.256,0.017,0.411,0.532,0.758,0.827,0.322,0.433,0.938,0.159,0.747,0.755,0.786,0.599,0.386,0.887,0.618,0.01,0.26,0.017,0.861,0.046,0.473,0.785,0.34,0.205,0.106,0.805,0.645
0.0,0.464,0.364,0.433,0.997,0.802,0.044,0.699,0.332,0.027,0.219,0.003,0.902,0.273,0.583,0.615,0.509,0.831,0.453,0.707,0.147,0.316,0.125,0.62,0.844,0.829,0.223,0.284,0.395,0.04,0.537,0.624,0.692,0.573,0.131,0.009,0.662,0.735,0.102,0.414,0.858
1.0,0.148,0.634,0.098,0.479,0.453,0.209,0.565,0.151,0.594,0.193,0.863,0.52,0.812,0.166,0.08,0.471,0.221,0.102,0.118,0.578,0.674,0.467,0.335,0.925,0.293,0.745,0.183,0.91,0.097,0.872,0.491,0.685,0.536,0.031,0.647,0.566,0.626,0.25,0.798,0.124
0.0,0.78,0.354,0.457,0.949,0.713,0.741,0.402,0.313,0.588,0.993,0.912,0.985,0.537,0.484,0.594,0.381,0.701,0.851,0.244,0.31,0.224,0.566,0.611,0.718,0.299,0.163,0.839,0.913,0.854,0.066,0.581,0.629,0.16,0.59,0.323,0.361,0.326,0.159,0.09,0.243
0.0,0.835,0.295,0.325,0.322,0.959,0.842,0.196,0.823,0.336,0.843,0.027,0.007,0.341,0.647,0.015,0.657,0.167,0.717,0.677,0.483,0.805,0.534,0.185,0.203,0.678,0.467,0.566,0.481,0.251,0.859,0.054,0.427,0.617,0.542,0.717,0.213,0.874,0.857,0.993,0.728
0.0,0.392,0.174,0.719,0.026,0.891,0.535,0.451,0.818,0.203,0.718,0.239,0.6,0.099,0.325,0.504,0.879,0.093,0.338,0.908,0.433,0.222,0.146,0.958,0.878,0.121,0.818,0.03,0.133,0.597,0.211,0.9,0.354,0.3,0.847,0.453,0.287,0.269,0.006,0.079,0.046
0.0,0.419,0.829,0.957,0.016,0.94,0.423,0.987,0.903,0.193,0.674,0.231,0.104,0.749,0.211,0.894,0.714,0.61,0.306,0.335,0.663,0.07,0.993,0.129,0.749,0.734,0.594,0.104,0.429,0.29,0.65,0.188,0.178,0.038,0.057,0.389,0.225,0.836,0.392,0.183,0.807
0.0,0.407,0.852,0.103,0.705,0.857,0.159,0.686,0.955,0.426,0.588,0.39,0.884,0.196,0.629,0.101,0.946,0.427,0.632,0.896,0.692,0.624,0.18,0.077,0.102,0.166,0.883,0.631,0.098,0.578,0.099,0.598,0.487,0.399,0.416,0.924,0.997,0.122,0.875,0.21,0.924
0.0,0.757,0.779,0.201,0.038,0.15,0.045,0.582,0.717,0.346,0.379,0.573,0.86,0.027,0.421,0.606,0.913,0.962,0.092,0.084,0.806,0.923,0.708,0.434,0.329,0.669,0.651,0.792,0.812,0.037,0.716,0.894,0.79,0.785,0.137,0.233,0.511,0.895,0.108,0.313,0.469
1.0,0.891,0.335,0.004,0.228,0.331,0.437,0.797,0.867,0.147,0.859,0.969,0.552,0.625,0.332,0.474,0.073,0.367,0.978,0.652,0.687,0.835,0.799,0.057,0.218,0.057,0.795,0.886,0.73,0.895,0.054,0.997,0.788,0.036,0.015,0.013,0.612,0.284,0.013,0.553,0.168
1.0,0.669,0.685,0.685,0.511,0.615,0.189,0.503,0.688,0.159,0.901,0.282,0.249,0.433,0.111,0.226,0.712,0.582,0.439,0.688,0.434,0.841,0.053,0.039,0.251,0.827,0.855,0.484,0.317,0.443,0.098,0.267,0.446,0.01,0.429,0.913,0.66,0.608,0.118,0.618,0.421
1.0,0.633,0.377,0.184,0.459,0.463,0.147,0.705,0.734,0.899,0.881,0.082,0.307,0.183,0.8,0.534,0.827,0.656,0.648,0.13,0.85,0.279,0.934,0.692,0.099,0.626,0.079,0.876,0.877,0.658,0.662,0.584,0.757,0.597,0.539,0.716,0.54,0.276,0.866,0.723,0.308
1.0,0.767,0.072,0.991,0.823,0.447,0.996,0.085,0.058,0.367,0.79,0.061,0.081,0.4,0.606,0.681,0.431,0.066,0.155,0.524,0.171,0.976,0.176,0.538,0.175,0.879,0.339,0.888,0.23,0.112,0.915,0.883,0.755,0.547,0.228,0.63,0.161,0.198,0.887,0.242,0.014
1.0,0.583,0.978,0.073,0.291,0.735,0.813,0.812,0.028,0.852,0.843,0.941,0.604,0.306,0.371,0.902,0.154,0.329,0.835,0.254,0.939,0.282,0.633,0.695,0.049,0.697,0.935,0.275,0.363,0.255,0.661,0.076,0.087,0.941,0.483,0.905,0.034,0.126,0.004,0.672,0.694
1.0,0.992,0.601,0.411,0.479,0.105,0.767,0.612,0.893,0.143,0.813,0.654,0.212,0.515,0.924,0.874,0.113,0.198,0.179,0.602,0.556,0.804,0.368,0.726,0.059,0.584,0.963,0.29,0.17,0.933,0.365,0.426,0.366,0.891,0.888,0.722,0.197,0.849,0.426,0.121,0.069
0.0,0.151,0.959,0.764,0.528,0.117,0.919,0.625,0.267,0.203,0.848,0.251,0.78,0.682,0.686,0.749,0.244,0.761,0.242,0.493,0.666,0.892,0.692,0.07,0.962,0.403,0.337,0.361,0.663,0.167,0.795,0.021,0.509,0.258,0.529,0.783,0.472,0.615,0.828,0.218,0.883
1.0,0.957,0.034,0.262,0.267,0.245,0.883,0.68,0.303,0.308,0.579,0.674,0.449,0.307,0.668,0.73,0.27,0.985,0.479,0.795,0.299,0.716,0.845,0.685,0.19,0.284,0.943,0.955,0.397,0.85,0.358,0.204,0.503,0.86,0.968,0.294,0.685,0.6,0.43,0.154,0.968
1.0,0.517,0.226,0.992,0.899,0.761,0.088,0.906,0.626,0.713,0.634,0.496,0.205,0.47,0.369,0.189,0.976,0.462,0.229,0.887,0.392,0.431,0.036,0.365,0.253,0.831,0.973,0.508,0.179,0.663,0.45,0.452,0.125,0.858,0.841,0.412,0.885,0.199,0.532,0.172,0.514
0.0,0.246,0.753,0.21,0.453,0.686,0.911,0.724,0.254,0.489,0.085,0.27,0.807,0.504,0.927,0.073,0.558,0.086,0.249,0.214,0.007,0.554,0.536,0.211,0.512,0.59,0.107,0.664,0.999,0.508,0.449,0.815,0.496,0.626,0.438,0.995,0.953,0.438,0.387,0.168,0.621
0.0,0.949,0.482,0.017,0.992,0.274,0.346,0.922,0.682,0.068,0.574,0.658,0.931,0.365,0.141,0.729,0.431,0.629,0.369,0.711,0.839,0.892,0.157,0.523,0.222,0.242,0.94,0.384,0.134,0.087,0.548,0.312,0.95,0.587,0.226,0.289,0.21,0.591,0.717,0.35,0.486
0.0,0.705,0.98,0.893,0.126,0.373,0.597,0.539,0.188,0.254,0.233,0.116,0.185,0.626,0.157,0.924,0.159,0.381,0.352,0.415,0.109,0.567,0.676,0.816,0.884,0.519,0.762,0.711,0.544,0.526,0.186,0.679,0.232,0.545,0.772,0.647,0.031,0.677,0.448,0.512,0.914
0.0,0.307,0.928,0.49,0.756,0.284,0.719,0.258,0.602,0.744,0.753,0.902,0.668,0.042,0.229,0.876,0.208,0.375,0.876,0.941,0.112,0.209,0.39,0.939,0.754,0.73,0.278,0.11,0.008,0.994,0.188,0.268,0.808,0.16,0.938,0.228,0.647,0.298,0.987,0.675,0.01
1.0,0.404,0.633,0.131,0.635,0.588,0.134,0.153,0.696,0.717,0.506,0.726,0.768,0.035,0.561,0.346,0.114,0.256,0.137,0.299,0.043,0.079,0.148,0.354,0.94,0.812,0.61,0.296,0.776,0.868,0.668,0.16,0.208,0.459,0.331,0.97,0.175,0.14,0.512,0.632,0.565
1.0,0.265,0.074,0.646,0.056,0.007,0.93,0.798,0.74,0.707,0.213,0.49,0.202,0.215,0.536,0.419,0.702,0.821,0.497,0.625,0.794,0.486,0.258,0.257,0.255,0.607,0.883,0.794,0.562,0.151,0.111,0.583,0.694,0.131,0.175,0.041,0.677,0.893,0.23,0.313,0.577
1.0,0.383,0.453,0.898,0.706,0.288,0.213,0.133,0.611,0.242,0.231,0.129,0.08,0.135,0.718,0.107,0.066,0.873,0.801,0.833,0.546,0.199,0.32,0.388,0.385,0.388,0.263,0.659,0.166,0.475,0.921,0.634,0.37,0.032,0.927,0.624,0.072,0.674,0.356,0.121,0.345
0.0,0.91,0.646,0.477,0.151,0.388,0.482,0.241,0.222,0.589,0.884,0.611,0.833,0.015,0.203,0.082,0.525,0.083,0.505,0.411,0.451,0.623,0.852,0.435,0.117,0.132,0.118,0.382,0.425,0.757,0.39,0.36,0.381,0.986,0.937,0.79,0.366,0.406,0.05,0.998,0.35
0.0,0.398,0.277,0.415,0.108,0.017,0.765,0.102,0.215,0.017,0.458,0.003,1.0,0.866,0.655,0.627,0.734,0.589,0.761,0.674,0.664,0.602,0.474,0.908,0.756,0.901,0.601,0.808,0.707,0.988,0.978,0.638,0.59,0.201,0.183,0.77,0.371,0.787,0.34,0.208,0.374
0.0,0.623,0.612,0.696,0.911,0.178,0.749,0.261,0.98,0.142,0.072,0.657,0.977,0.891,0.948,0.443,0.019,0.432,0.488,0.795,0.791,0.484,0.963,0.284,0.32,0.761,0.773,0.4,0.154,0.293,0.649,0.397,0.243,0.85,0.851,0.482,0.761,0.22,0.354,0.941,0.474
0.0,0.646,0.497,0.062,0.441,0.725,0.708,0.416,0.996,0.16,0.716,0.397,0.6,0.585,0.48,0.61,0.265,0.219,0.426,0.412,0.159,0.228,0.473,0.898,0.521,0.897,0.377,0.244,0.266,0.829,0.7,0.737,0.132,0.69,0.109,0.608,0.885,0.996,0.264,0.661,0.055
0.0,0.033,0.826,0.632,0.429,0.972,0.391,0.434,0.534,0.18,0.486,0.185,0.635,0.749,0.799,0.085,0.758,0.397,0.532,0.57,0.14,0.315,0.85,0.634,0.438,0.949,0.066,0.337,0.314,0.054,0.243,0.421,0.155,0.645,0.608,0.706,0.924,0.559,0.513,0.315,0.072
1.0,0.165,0.24,0.746,0.727,0.242,0.443,0.607,0.178,0.617,0.41,0.148,0.346,0.665,0.762,0.917,0.093,0.875,0.162,0.131,0.053,0.086,0.292,0.608,0.547,0.996,0.062,0.537,0.32,0.957,0.232,0.037,0.396,0.482,0.393,0.594,0.707,0.326,0.664,0.44,0.816
0.0,0.41,0.686,0.849,0.833,0.181,0.8,0.141,0.371,0.405,0.518,0.395,0.858,0.084,0.407,0.674,0.871,0.639,0.114,0.975,0.197,0.02,0.618,0.208,0.771,0.059,0.526,0.736,0.575,0.461,0.08,0.58,0.881,0.83,0.813,0.371,0.112,0.289,0.9,0.225,0.101
1.0,0.899,0.838,0.934,0.928,0.103,0.053,0.8,0.53,0.811,0.716,0.085,0.846,0.114,0.927,0.637,0.597,0.975,0.953,0.149,0.442,0.098,0.351,0.332,0.247,0.35,0.827,0.198,0.093,0.024,0.296,0.595,0.708,0.286,0.594,0.266,0.113,0.89,0.842,0.557,0.663
0.0,0.385,0.568,0.942,0.954,0.103,0.274,0.78,0.462,0.974,0.094,0.862,0.124,0.524,0.222,0.845,0.353,0.421,0.665,0.006,0.005,0.764,0.302,0.123,0.575,0.293,0.499,0.225,0.411,0.614,0.59,0.747,0.252,0.605,0.587,0.942,0.047,0.271,0.337,0.928,0.709
0.0,0.031,0.08,0.562,0.41,0.974,0.774,0.942,0.433,0.714,0.226,0.474,0.836,0.662,0.703,0.77,0.202,0.513,0.829,0.18,0.243,0.416,0.579,0.942,0.061,0.834,0.396,0.009,0.808,0.676,0.595,0.53,0.175,0.11,0.865,0.672,0.281,0.432,0.166,0.951,0.545
0.0,0.705,0.923,0.203,0.114,0.865,0.345,0.648,0.027,0.756,0.501,0.251,0.012,0.97,0.754,0.914,0.529,0.865,0.617,0.459,0.686,0.005,0.781,0.668,0.426,0.176,0.381,0.75,0.35,0.41,0.611,0.986,0.671,0.845,0.982,0.198,0.043,0.648,0.879,0.76,0.54
0.0,0.658,0.761,0.097,0.326,0.774,0.553,0.005,0.59,0.222,0.646,0.88,0.884,0.483,0.684,0.303,0.711,0.534,0.368,0.999,0.549,0.133,0.272,0.914,0.598,0.297,0.915,0.313,0.443,0.763,0.774,0.777,0.25,0.533,0.812,0.353,0.988,0.661,0.028,0.419,0.808
0.0,0.367,0.586,0.108,0.88,0.51,0.519,0.821,0.795,0.241,0.955,0.588,0.691,0.81,0.444,0.082,0.967,0.078,0.168,0.785,0.542,0.69,0.869,0.852,0.226,0.043,0.713,0.915,0.562,0.955,0.057,0.218,0.168,0.517,0.302,0.507,0.424,0.985,0.164,0.788,0.125
0.0,0.102,0.384,0.145,0.575,0.764,0.454,0.752,0.026,0.582,0.148,0.983,0.891,0.876,0.625,0.061,0.319,0.17,0.242,0.782,0.73,0.04,0.592,0.225,0.952,0.538,0.603,0.683,0.606,0.325,0.759,0.521,0.735,0.394,0.768,0.479,0.446,0.48,0.667,0.331,0.887
1.0,0.576,0.441,0.743,0.227,0.195,0.633,0.59,0.635,0.883,0.35,0.947,0.756,0.457,0.756,0.6,0.193,0.764,0.207,0.007,0.16,0.694,0.613,0.8,0.131,0.136,0.87,0.987,0.781,0.133,0.448,0.96,0.072,0.871,0.7,0.527,0.813,0.026,0.865,0.748,0.898
0.0,0.529,0.947,0.94,0.654,0.923,0.434,0.608,0.916,0.658,0.181,0.661,0.741,0.834,0.832,0.431,0.562,0.798,0.341,0.263,0.885,0.193,0.218,0.708,0.184,0.803,0.96,0.473,0.831,0.11,0.412,0.004,0.938,0.285,0.701,0.636,0.42,0.072,0.931,0.641,0.785
0.0,0.85,0.226,0.255,0.662,0.89,0.804,0.528,0.251,0.77,0.642,0.545,0.644,0.18,0.161,0.504,0.62,0.559,0.9,0.906,0.179,0.039,0.028,0.14,0.587,0.183,0.975,0.981,0.287,0.12,0.684,0.117,0.853,0.308,0.342,0.078,0.409,0.817,0.664,0.862,0.827
0.0,0.1,0.141,0.152,0.461,0.098,0.776,0.453,0.662,0.351,0.198,0.386,0.942,0.248,0.294,0.775,0.344,0.118,0.114,0.254,0.318,0.326,0.318,0.378,0.832,0.804,0.373,0.04,0.736,0.456,0.539,0.828,0.257,0.813,0.427,0.451,0.326,0.877,0.504,0.332,0.748
1.0,0.947,0.616,0.458,0.09,0.652,0.775,0.707,0.316,0.032,0.883,0.601,0.644,0.487,0.372,0.629,0.157,0.274,0.321,0.419,0.894,0.606,0.165,0.672,0.587,0.334,0.684,0.331,0.824,0.909,0.258,0.491,0.115,0.357,0.507,0.589,0.368,0.058,0.592,0.573,0.16
0.0,0.953,0.918,0.038,0.615,0.724,0.298,0.771,0.806,0.362,0.179,0.734,0.941,0.576,0.79,0.279,0.512,0.405,0.231,0.12,0.338,0.832,0.949,0.093,0.364,0.691,0.622,0.499,0.182,0.219,0.46,0.935,0.412,0.9,0.113,0.761,0.415,0.228,0.388,0.43,0.106
1.0,0.686,0.629,0.439,0.761,0.645,0.509,0.752,0.436,0.666,0.667,0.183,0.457,0.66,0.471,0.184,0.124,0.119,0.74,0.279,0.609,0.828,0.445,0.258,0.811,0.74,0.02,0.466,0.252,0.757,0.824,0.46,0.71,0.37,0.464,0.987,0.762,0.599,0.994,0.467,0.355
0.0,0.994,0.312,0.215,0.321,0.467,0.237,0.355,0.893,0.076,0.038,0.451,0.108,0.788,0.964,0.348,0.592,0.363,0.368,0.791,0.225,0.105,0.335,0.963,0.364,0.842,0.794,0.202,0.437,0.983,0.962,0.308,0.359,0.806,0.467,0.669,0.48,0.05,0.98,0.839,0.048
1.0,0.773,0.414,0.313,0.975,0.184,0.336,0.615,0.672,0.175,0.353,0.342,0.243,0.764,0.841,0.465,0.173,0.231,0.733,0.258,0.643,0.363,0.526,0.113,0.888,0.817,0.4,0.64,0.331,0.996,0.007,0.151,0.669,0.477,0.669,0.318,0.763,0.794,0.882,0.125,0.923
1.0,0.325,0.01,0.28,0.746,0.751,0.309,0.338,0.225,0.177,0.45,0.911,0.065,0.098,0.692,0.736,0.077,0.843,0.012,0.805,0.071,0.407,0.535,0.621,0.483,0.204,0.962,0.598,0.331,0.203,0.231,0.887,0.052,0.835,0.454,0.463,0.041,0.317,0.86,0.629,0.84
1.0,0.247,0.772,0.16,0.615,0.643,0.929,0.656,0.911,0.683,0.392,0.601,0.36,0.265,0.057,0.748,0.589,0.635,0.0,0.11,0.199,0.693,0.823,0.906,0.757,0.188,0.411,0.097,0.549,0.863,0.303,0.959,0.006,0.942,0.393,0.336,0.965,0.533,0.328,0.302,0.944
0.0,0.803,0.761,0.864,0.611,0.238,0.382,0.1,0.15,0.27,0.104,0.979,0.32,0.545,0.42,0.912,0.931,0.585,0.821,0.872,0.576,0.704,0.178,0.972,0.912,0.511,0.742,0.325,0.868,0.101,0.33,0.449,0.446,0.359,0.987,0.513,0.201,0.619,0.061,0.318,0.517
1.0,0.128,0.821,0.772,0.239,0.762,0.875,0.874,0.541,0.797,0.292,0.966,0.401,0.67,0.909,0.889,0.674,0.293,0.43,0.388,0.996,0.771,0.011,0.396,0.406,0.898,0.937,0.092,0.034,0.301,0.137,0.822,0.269,0.31,0.337,0.249,0.867,0.626,0.021,0.293,0.644
1.0,0.259,0.459,0.391,0.597,0.489,0.947,0.807,0.567,0.785,0.413,0.943,0.715,0.336,0.822,0.648,0.843,0.356,0.27,0.764,0.298,0.346,0.396,0.031,0.979,0.344,0.162,0.428,0.009,0.646,0.501,0.79,0.147,0.869,0.137,0.595,0.946,0.596,0.555,0.542,0.585
0.0,0.446,0.073,0.001,0.623,0.376,0.445,0.826,0.896,0.65,0.681,0.837,0.888,0.785,0.286,0.954,0.811,0.705,0.577,0.021,0.831,0.564,0.789,0.936,0.576,0.553,0.039,0.127,0.445,0.099,0.043,0.838,0.281,0.126,0.019,0.47,0.532,0.746,0.538,0.529,0.27
0.0,0.724,0.449,0.727,0.261,0.737,0.216,0.186,0.828,0.764,0.398,0.888,0.801,0.598,0.78,0.488,0.966,0.067,0.743,0.031,0.46,0.143,0.397,0.004,0.328,0.191,0.064,0.753,0.053,0.781,0.348,0.158,0.94,0.668,0.959,0.589,0.301,0.24,0.479,0.933,0.24
0.0,0.028,0.194,0.044,0.024,0.39,0.305,0.162,0.01,0.041,0.071,0.103,0.991,0.291,0.191,0.518,0.987,0.815,0.75,0.525,0.834,0.578,0.531,0.924,0.738,0.891,0.565,0.413,0.368,0.546,0.608,0.401,0.808,0.62,0.317,0.233,0.247,0.143,0.358,0.518,0.172
1.0,0.539,0.189,0.4,0.19,0.749,0.663,0.186,0.844,0.91,0.181,0.528,0.053,0.691,0.431,0.158,0.638,0.98,0.532,0.122,0.202,0.094,0.66,0.761,0.788,0.168,0.956,0.394,0.805,0.933,0.6,0.508,0.541,0.058,0.959,0.605,0.251,0.399,0.254,0.62,0.718
0.0,0.228,0.256,0.296,0.527,0.579,0.155,0.029,0.669,0.906,0.653,0.28,0.962,0.457,0.422,0.726,0.714,0.129,0.006,0.808,0.98,0.563,0.753,0.685,0.529,0.92,0.305,0.874,0.005,0.114,0.13,0.282,0.669,0.172,0.442,0.222,0.056,0.099,0.542,0.34,0.165
0.0,0.511,0.17,0.522,0.106,0.544,0.741,0.309,0.666,0.448,0.179,0.729,0.932,0.617,0.507,0.294,0.588,0.945,0.29,0.274,0.112,0.809,0.845,0.385,0.897,0.142,0.3,0.172,0.645,0.437,0.014,0.8,0.906,0.201,0.414,0.884,0.271,0.994,0.452,0.547,0.815
0.0,0.206,0.94,0.239,0.974,0.889,0.197,0.586,0.123,0.537,0.733,0.989,0.159,0.343,0.318,0.011,0.607,0.279,0.877,0.275,0.858,0.537,0.296,0.61,0.146,0.593,0.405,0.317,0.022,0.826,0.484,0.287,0.294,0.256,0.149,0.897,0.248,0.28,0.335,0.343,0.366
0.0,0.8,0.229,0.91,0.984,0.571,0.508,0.309,0.867,0.583,0.853,0.162,0.116,0.544,0.189,0.718,0.028,0.42,0.993,0.104,0.673,0.962,0.171,0.945,0.704,0.235,0.518,0.732,0.763,0.558,0.427,0.059,0.235,0.263,0.3,0.666,0.724,0.583,0.667,0.695,0.535
1.0,0.84,0.229,0.298,0.77,0.748,0.398,0.625,0.226,0.19,0.668,0.866,0.448,0.75,0.593,0.489,0.066,0.951,0.706,0.962,0.064,0.762,0.938,0.693,0.919,0.194,0.718,0.423,0.929,0.016,0.625,0.788,0.89,0.065,0.938,0.308,0.543,0.934,0.991,0.485,0.329
1.0,0.938,0.337,0.237,0.985,0.801,0.02,0.809,0.775,0.333,0.521,0.278,0.752,0.271,0.97,0.665,0.755,0.199,0.151,0.882,0.643,0.622,0.655,0.046,0.183,0.398,0.264,0.652,0.013,0.341,0.734,0.136,0.848,0.074,0.869,0.045,0.709,0.158,0.968,0.67,0.592
1.0,0.389,0.666,0.251,0.445,0.262,0.038,0.136,0.083,0.874,0.279,0.901,0.063,0.926,0.554,0.119,0.853,0.577,0.765,0.222,0.77,0.295,0.953,0.706,0.55,0.166,0.458,0.642,0.206,0.25,0.665,0.435,0.444,0.124,0.135,0.626,0.308,0.219,0.141,0.772,0.52
1.0,0.235,0.448,0.081,0.219,0.579,0.243,0.817,0.576,0.582,0.249,0.497,0.735,0.162,0.399,0.966,0.049,0.331,0.473,0.417,0.649,0.622,0.819,0.17,0.086,0.999,0.266,0.593,0.063,0.707,0.068,0.477,0.496,0.457,0.399,0.04,0.461,0.759,0.678,0.959,0.045
1.0,0.896,0.863,0.906,0.668,0.041,0.862,0.742,0.947,0.792,0.113,0.439,0.394,0.726,0.665,0.245,0.206,0.567,0.697,0.371,0.021,0.554,0.112,0.306,0.238,0.004,0.038,0.495,0.971,0.522,0.116,0.177,0.983,0.451,0.495,0.161,0.618,0.389,0.177,0.498,0.363
0.0,0.039,0.74,0.406,0.377,0.161,0.807,0.511,0.717,0.856,0.506,0.943,0.954,0.154,0.002,0.198,0.089,0.752,0.503,0.45,0.634,0.143,0.709,0.934,0.507,0.106,0.341,0.029,0.908,0.944,0.855,0.301,0.478,0.132,0.066,0.672,0.877,0.961,0.787,0.18,0.616
1.0,0.447,0.136,0.976,0.846,0.341,0.446,0.979,0.65,0.819,0.25,0.036,0.061,0.776,0.02,0.821,0.98,0.938,0.161,0.582,0.209,0.148,0.592,0.384,0.801,0.282,0.618,0.093,0.089,0.148,0.934,0.805,0.232,0.116,0.442,0.144,0.519,0.017,0.665,0.381,0.261
1.0,0.245,0.797,0.623,0.171,0.329,0.771,0.705,0.146,0.327,0.073,0.999,0.647,0.46,0.521,0.146,0.942,0.628,0.518,0.143,0.096,0.731,0.831,0.245,0.818,0.08,0.624,0.955,0.328,0.727,0.249,0.244,0.609,0.75,0.148,0.817,0.125,0.663,0.399,0.14,0.097
0.0,0.252,0.001,0.697,0.518,0.86,0.088,0.744,0.732,0.856,0.206,0.376,0.832,0.204,0.988,0.303,0.744,0.761,0.057,0.858,0.174,0.104,0.8,0.117,0.075,0.312,0.728,0.15,0.603,0.015,0.737,0.711,0.374,0.896,0.738,0.218,0.179,0.295,0.816,0.646,0.739
1.0,0.401,0.148,0.301,0.287,0.102,0.783,0.165,0.851,0.033,0.527,0.632,0.765,0.153,0.782,0.875,0.528,0.82,0.28,0.375,0.924,0.893,0.776,0.535,0.904,0.383,0.23,0.723,0.683,0.004,0.505,0.81,0.667,0.785,0.028,0.707,0.933,0.706,0.849,0.806,0.666
1.0,0.851,0.354,0.0,0.327,0.808,0.063,0.65,0.644,0.954,0.247,0.329,0.113,0.169,0.869,0.521,0.226,0.85,0.027,0.933,0.286,0.073,0.438,0.504,0.233,0.437,0.478,0.346,0.152,0.728,0.951,0.744,0.69,0.769,0.71,0.993,0.791,0.995,0.564,0.572,0.112
0.0,0.04,0.089,0.486,0.494,0.467,0.411,0.164,0.424,0.577,0.361,0.796,0.821,0.854,0.322,0.795,0.526,0.902,0.453,0.52,0.152,0.057,0.132,0.224,0.339,0.705,0.972,0.091,0.692,0.731,0.878,0.766,0.327,0.344,0.695,0.257,0.55,0.708,0.593,0.713,0.165
1.0,0.117,0.531,0.439,0.425,0.371,0.754,0.868,0.964,0.821,0.876,0.856,0.589,0.539,0.565,0.063,0.743,0.676,0.514,0.792,0.853,0.99,0.494,0.102,0.0,0.55,0.988,0.996,0.136,0.52,0.145,0.54,0.902,0.0,0.517,0.452,0.233,0.263,0.839,0.492,0.002
1.0,0.417,0.134,0.936,0.59,0.393,0.641,0.191,0.577,0.53,0.456,0.829,0.328,0.901,0.761,0.088,0.134,0.813,0.855,0.435,0.455,0.912,0.88,0.186,0.318,0.882,0.751,0.817,0.463,0.894,0.734,0.604,0.888,0.44,0.153,0.968,0.787,0.588,0.943,0.805,0.276
1.0,0.894,0.644,0.701,0.627,0.38,0.064,0.608,0.276,0.411,0.336,0.293,0.211,0.771,0.984,0.977,0.209,0.109,0.142,0.714,0.627,0.649,0.613,0.218,0.014,0.402,0.466,0.901,0.328,0.445,0.813,0.4,0.854,0.077,0.72,0.38,0.666,0.143,0.521,0.578,0.101
1.0,0.529,0.632,0.633,0.422,0.262,0.161,0.515,0.539,0.359,0.462,0.729,0.635,0.799,0.74,0.317,0.262,0.415,0.463,0.103,0.095,0.746,0.42,0.696,0.082,0.963,0.157,0.258,0.134,0.37,0.725,0.258,0.487,0.015,0.506,0.702,0.341,0.413,0.695,0.234,0.87
1.0,0.224,0.998,0.202,0.848,0.713,0.868,0.377,0.948,0.472,0.196,0.979,0.128,0.637,0.58,0.001,0.016,0.901,0.295,0.941,0.031,0.494,0.432,0.624,0.275,0.647,0.753,0.632,0.771,0.164,0.779,0.212,0.485,0.61,0.082,0.969,0.369,0.421,0.481,0.35,0.573
1.0,0.918,0.96,0.035,0.506,0.186,0.43,0.401,0.484,0.382,0.384,0.483,0.731,0.32,0.81,0.711,0.157,0.765,0.824,0.357,0.853,0.45,0.926,0.54,0.617,0.377,0.641,0.185,0.263,0.197,0.532,0.091,0.899,0.916,0.031,0.7,0.853,0.193,0.212,0.826,0.196
1.0,0.389,0.319,0.371,0.76,0.493,0.245,0.946,0.862,0.413,0.725,0.257,0.655,0.726,0.976,0.873,0.338,0.68,0.025,0.076,0.219,0.636,0.57,0.917,0.769,0.021,0.992,0.412,0.286,0.238,0.692,0.677,0.895,0.734,0.587,0.093,0.218,0.662,0.275,0.399,0.985
1.0,0.504,0.032,0.599,0.873,0.435,0.052,0.038,0.826,0.286,0.274,0.643,0.442,0.532,0.577,0.5,0.857,0.706,0.026,0.879,0.34,0.913,0.091,0.711,0.714,0.094,0.139,0.763,0.037,0.451,0.307,0.779,0.531,0.283,0.349,0.63,0.005,0.901,0.486,0.038,0.176
0.0,0.691,0.006,0.513,0.827,0.243,0.696,0.61,0.028,0.774,0.715,0.296,0.062,0.419,0.248,0.674,0.985,0.034,0.839,0.448,0.81,0.289,0.223,0.025,0.823,0.155,0.22,0.571,0.908,0.596,0.738,0.428,0.143,0.612,0.241,0.569,0.439,0.048,0.737,0.171,0.559
1.0,0.157,0.914,0.852,0.596,0.219,0.174,0.851,0.618,0.304,0.483,0.416,0.408,0.562,0.124,0.305,0.043,0.291,0.561,0.665,0.848,0.308,0.919,0.384,0.363,0.276,0.137,0.859,0.263,0.048,0.924,0.533,0.842,0.129,0.093,0.872,0.045,0.3,0.326,0.939,0.59
0.0,0.084,0.26,0.906,0.676,0.794,0.535,0.623,0.455,0.199,0.51,0.491,0.495,0.777,0.123,0.309,0.695,0.898,0.901,0.769,0.78,0.973,0.294,0.666,0.422,0.428,0.67,0.362,0.948,0.295,0.145,0.419,0.228,0.585,0.911,0.956,0.417,0.057,0.314,0.77,0.203
1.0,0.243,0.803,0.39,0.495,0.29,0.075,0.077,0.911,0.884,0.03,0.484,0.198,0.683,0.978,0.654,0.88,0.724,0.389,0.306,0.805,0.796,0.309,0.145,0.163,0.673,0.349,0.894,0.78,0.718,0.581,0.867,0.313,0.594,0.401,0.129,0.89,0.7,0.404,0.257,0.422
0.0,0.702,0.435,0.106,0.06,0.611,0.813,0.511,0.197,0.767,0.88,0.591,0.638,0.189,0.139,0.733,0.559,0.51,0.196,0.204,0.669,0.848,0.516,0.888,0.165,0.424,0.833,0.058,0.207,0.226,0.929,0.753,0.128,0.845,0.859,0.38,0.631,0.664,0.567,0.641,0.879
0.0,0.995,0.168,0.553,0.585,0.452,0.952,0.574,0.228,0.419,0.411,0.214,0.844,0.614,0.373,0.376,0.074,0.891,0.648,0.592,0.137,0.48,0.35,0.457,0.05,0.735,0.468,0.061,0.208,0.721,0.317,0.798,0.546,0.091,0.893,0.368,0.353,0.451,0.699,0.01,0.967
1.0,0.723,0.599,0.544,0.64,0.323,0.506,0.952,0.131,0.373,0.199,0.879,0.512,0.647,0.342,0.834,0.762,0.187,0.667,0.788,0.461,0.058,0.796,0.536,0.962,0.526,0.928,0.717,0.831,0.116,0.546,0.979,0.721,0.847,0.276,0.554,0.728,0.187,0.581,0.229,0.101
0.0,0.818,0.312,0.211,0.056,0.352,0.893,0.873,0.999,0.38,0.489,0.405,0.859,0.496,0.763,0.067,0.179,0.684,0.122,0.393,0.325,0.64,0.687,0.18,0.804,0.657,0.647,0.138,0.181,0.254,0.338,0.557,0.591,0.812,0.36,0.282,0.281,0.036,0.988,0.614,0.433
0.0,0.343,0.639,0.81,0.072,0.61,0.873,0.052,0.059,0.555,0.327,0.377,0.971,0.135,0.65,0.861,0.758,0.891,0.022,0.988,0.605,0.871,0.845,0.556,0.423,0.336,0.675,0.586,0.567,0.671,0.464,0.382,0.428,0.233,0.607,0.515,0.182,0.411,0.878,0.058,0.333
1.0,0.338,0.432,0.068,0.893,0.331,0.441,0.845,0.243,0.049,0.834,0.447,0.26,0.332,0.721,0.894,0.405,0.017,0.573,0.876,0.011,0.11,0.862,0.235,0.583,0.269,0.924,0.299,0.898,0.102,0.459,0.5,0.906,0.345,0.82,0.276,0.642,0.363,0.431,0.088,0.82
0.0,0.068,0.962,0.835,0.745,0.898,0.311,0.307,0.414,0.946,0.919,0.28,0.511,0.764,0.515,0.822,0.956,0.452,0.231,0.499,0.858,0.967,0.311,0.218,0.697,0.902,0.466,0.545,0.693,0.74,0.965,0.443,0.369,0.413,0.249,0.348,0.882,0.802,0.985,0.363,0.154
0.0,0.263,0.709,0.426,0.565,0.225,0.379,0.384,0.968,0.479,0.985,0.101,0.301,0.589,0.736,0.834,0.965,0.726,0.369,0.388,0.118,0.887,0.309,0.887,0.818,0.686,0.363,0.261,0.605,0.728,0.663,0.793,0.054,0.008,0.691,0.579,0.314,0.168,0.594,0.619,0.414
0.0,0.844,0.737,0.144,0.403,0.523,0.492,0.203,0.676,0.186,0.929,0.083,0.933,0.346,0.527,0.639,0.778,0.963,0.029,0.506,0.691,0.244,0.066,0.946,0.887,0.204,0.603,0.043,0.762,0.503,0.823,0.212,0.935,0.396,0.949,0.897,0.33,0.175,0.634,0.526,0.118
1.0,0.779,0.622,0.504,0.477,0.675,0.175,0.541,0.667,0.274,0.003,0.093,0.531,0.067,0.665,0.606,0.11,0.234,0.349,0.444,0.305,0.971,0.404,0.312,0.622,0.528,0.755,0.504,0.637,0.691,0.011,0.423,0.332,0.787,0.304,0.729,0.55,0.72,0.134,0.584,0.73
1.0,0.728,0.716,0.872,0.405,0.823,0.005,0.665,0.266,0.155,0.009,0.667,0.556,0.655,0.924,0.067,0.157,0.472,0.507,0.747,0.424,0.299,0.649,0.365,0.771,0.516,0.348,0.154,0.037,0.488,0.893,0.622,0.688,0.115,0.859,0.358,0.905,0.833,0.806,0.341,0.263
0.0,0.978,0.514,0.375,0.453,0.413,0.124,0.451,0.261,0.202,0.928,0.292,0.619,0.82,0.093,0.665,0.052,0.468,0.712,0.363,0.109,0.111,0.691,0.977,0.887,0.795,0.69,0.217,0.801,0.546,0.002,0.819,0.968,0.208,0.181,0.364,0.598,0.731,0.398,0.234,0.221
1.0,0.392,0.57,0.511,0.846,0.166,0.635,0.236,0.012,0.885,0.834,0.811,0.363,0.847,0.855,0.374,0.967,0.568,0.648,0.925,0.843,0.532,0.311,0.612,0.307,0.138,0.33,0.039,0.88,0.456,0.855,0.618,0.881,0.246,0.865,0.863,0.027,0.274,0.517,0.424,0.078
1.0,0.773,0.309,0.713,0.615,0.615,0.233,0.087,0.567,0.019,0.957,0.993,0.529,0.337,0.305,0.465,0.312,0.76,0.462,0.056,0.829,0.025,0.18,0.56,0.348,0.504,0.321,0.292,0.783,0.557,0.716,0.203,0.937,0.642,0.322,0.855,0.894,0.717,0.246,0.286,0.841
0.0,0.087,0.664,0.135,0.708,0.971,0.195,0.817,0.081,0.188,0.444,0.519,0.966,0.922,0.293,0.63,0.896,0.768,0.012,0.552,0.699,0.738,0.434,0.048,0.792,0.921,0.676,0.002,0.986,0.606,0.602,0.719,0.19,0.727,0.778,0.79,0.656,0.878,0.213,0.796,0.533
0.0,0.408,0.61,0.623,0.735,0.29,0.449,0.259,0.779,0.395,0.14,0.096,0.985,0.404,0.39,0.226,0.863,0.24,0.073,0.952,0.491,0.758,0.239,0.755,0.45,0.926,0.636,0.849,0.98,0.281,0.081,0.093,0.595,0.563,0.61,0.975,0.151,0.059,0.979,0.03,0.915
0.0,0.679,0.746,0.034,0.916,0.366,0.272,0.771,0.24,0.007,0.146,0.121,0.274,0.875,0.79,0.035,0.718,0.311,0.26,0.901,0.613,0.189,0.517,0.695,0.101,0.989,0.369,0.756,0.157,0.394,0.669,0.734,0.018,0.304,0.863,0.333,0.066,0.347,0.782,0.786,0.901
0.0,0.706,0.68,0.634,0.46,0.978,0.553,0.272,0.203,0.648,0.54,0.328,0.271,0.887,0.781,0.362,0.318,0.929,0.317,0.762,0.45,0.58,0.807,0.67,0.254,0.632,0.167,0.506,0.702,0.382,0.189,0.945,0.23,0.575,0.609,0.279,0.001,0.493,0.171,0.755,0.044
0.0,0.308,0.307,0.217,0.88,0.431,0.38,0.041,0.771,0.165,0.606,0.676,0.723,0.805,0.676,0.126,0.037,0.448,0.938,0.226,0.525,0.17,0.544,0.937,0.374,0.63,0.063,0.837,0.321,0.554,0.774,0.064,0.457,0.685,0.895,0.673,0.557,0.498,0.567,0.142,0.42
1.0,0.455,0.001,0.546,0.797,0.349,0.376,0.363,0.208,0.187,0.073,0.731,0.617,0.137,0.169,0.464,0.964,0.912,0.087,0.935,0.524,0.098,0.29,0.548,0.026,0.406,0.172,0.341,0.236,0.13,0.579,0.877,0.574,0.591,0.019,0.828,0.435,0.075,0.762,0.848,0.224
1.0,0.045,0.701,0.853,0.136,0.199,0.702,0.917,0.542,0.732,0.006,0.486,0.678,0.781,0.235,0.216,0.869,0.623,0.163,0.994,0.063,0.461,0.28,0.072,0.833,0.54,0.261,0.858,0.261,0.986,0.468,0.103,0.196,0.645,0.302,0.438,0.13,0.181,0.954,0.352,0.229
1.0,0.094,0.904,0.959,0.44,0.456,0.386,0.565,0.988,0.366,0.389,0.581,0.186,0.918,0.015,0.392,0.433,0.89,0.734,0.035,0.11,0.428,0.336,0.209,0.256,0.7,0.684,0.269,0.983,0.927,0.91,0.451,0.222,0.954,0.617,0.824,0.159,0.897,0.978,0.724,0.268
1.0,0.368,0.411,0.337,0.231,0.055,0.872,0.503,0.546,0.288,0.038,0.804,0.08,0.846,0.088,0.783,0.841,0.204,0.83,0.105,0.456,0.658,0.535,0.283,0.993,0.028,0.556,0.442,0.166,0.439,0.145,0.794,0.976,0.583,0.566,0.846,0.056,0.696,0.126,0.237,0.564
0.0,0.732,0.419,0.664,0.345,0.582,0.953,0.182,0.115,0.435,0.117,0.833,0.622,0.789,0.405,0.314,0.174,0.384,0.106,0.955,0.733,0.389,0.745,0.862,0.429,0.554,0.627,0.877,0.614,0.334,0.937,0.736,0.236,0.256,0.984,0.177,0.297,0.626,0.188,0.557,0.926
1.0,0.971,0.638,0.503,0.778,0.533,0.231,0.581,0.91,0.761,0.736,0.192,0.163,0.846,0.703,0.334,0.284,0.335,0.889,0.653,0.967,0.24,0.22,0.441,0.631,0.673,0.777,0.342,0.096,0.758,0.162,0.231,0.84,0.68,0.79,0.522,0.348,0.434,0.768,0.209,0.619
1.0,0.183,0.912,0.252,0.354,0.316,0.814,0.491,0.132,0.784,0.104,0.999,0.737,0.934,0.964,0.798,0.872,0.361,0.095,0.44,0.056,0.787,0.083,0.169,0.53,0.838,0.69,0.072,0.149,0.734,0.458,0.826,0.584,0.234,0.923,0.578,0.505,0.966,0.887,0.824,0.892
0.0,0.805,0.102,0.364,0.52,0.479,0.357,0.802,0.945,0.614,0.429,0.627,0.303,0.046,0.716,0.478,0.714,0.536,0.527,0.901,0.47,0.375,0.771,0.782,0.312,0.738,0.789,0.765,0.05,0.716,0.862,0.365,0.329,0.039,0.564,0.983,0.744,0.914,0.729,0.932,0.861
0.0,0.438,0.081,0.324,0.135,0.394,0.367,0.235,0.58,0.436,0.721,0.203,0.882,0.266,0.97,0.816,0.527,0.575,0.366,0.481,0.426,0.313,0.39,0.575,0.981,0.577,0.695,0.969,0.609,0.264,0.151,0.809,0.996,0.656,0.275,0.654,0.52,0.969,0.421,0.772,0.547
0.0,0.165,0.493,0.232,0.644,0.057,0.729,0.348,0.755,0.545,0.394,0.262,0.808,0.583,0.501,0.037,0.582,0.614,0.541,0.694,0.416,0.761,0.425,0.866,0.949,0.609,0.272,0.012,0.816,0.352,0.243,0.328,0.163,0.742,0.246,0.226,0.092,0.94,0.048,0.691,0.006
0.0,0.154,0.094,0.556,0.433,0.144,0.854,0.928,0.269,0.587,0.059,0.561,0.902,0.255,0.394,0.878,0.079,0.41,0.759,0.195,0.237,0.766,0.872,0.632,0.434,0.847,0.313,0.763,0.017,0.983,0.396,0.215,0.971,0.335,0.453,0.264,0.715,0.806,0.014,0.302,0.264
0.0,0.104,0.428,0.333,0.542,0.859,0.577,0.267,0.676,0.236,0.926,0.047,0.844,0.353,0.542,0.892,0.124,0.4,0.052,0.217,0.667,0.401,0.038,0.473,0.306,0.67,0.781,0.658,0.836,0.322,0.271,0.483,0.14,0.737,0.51,0.239,0.414,0.894,0.624,0.915,0.16
0.0,0.073,0.929,0.746,0.924,0.86,0.233,0.707,0.791,0.072,0.959,0.742,0.52,0.917,0.949,0.946,0.501,0.306,0.117,0.603,0.207,0.571,0.808,0.065,0.729,0.143,0.086,0.577,0.194,0.363,0.012,0.444,0.711,0.699,0.706,0.074,0.216,0.328,0.647,0.209,0.547
0.0,0.579,0.871,0.862,0.441,0.334,0.515,0.096,0.157,0.453,0.795,0.505,0.979,0.177,0.79,0.268,0.264,0.121,0.703,0.24,0.101,0.718,0.495,0.53,0.416,0.734,0.645,0.641,0.539,0.591,0.513,0.38,0.996,0.442,0.894,0.727,0.732,0.926,0.934,0.356,0.916
1.0,0.866,0.19,0.596,0.079,0.483,0.366,0.757,0.857,0.298,0.829,0.594,0.928,0.827,0.217,0.574,0.709,0.205,0.284,0.205,0.89,0.757,0.957,0.542,0.066,0.133,0.771,0.927,0.714,0.703,0.936,0.324,0.308,0.311,0.411,0.305,0.716,0.991,0.312,0.967,0.43
0.0,0.208,0.701,0.729,0.25,0.841,0.265,0.652,0.227,0.039,0.441,0.241,0.444,0.351,0.427,0.642,0.09,0.886,0.019,0.146,0.878,0.963,0.828,0.807,0.308,0.263,0.856,0.601,0.457,0.244,0.413,0.908,0.066,0.089,0.017,0.689,0.742,0.343,0.46,0.961,0.953
0.0,0.219,0.716,0.727,0.523,0.139,0.93,0.774,0.191,0.751,0.429,0.493,0.801,0.378,0.366,0.638,0.51,0.92,0.753,0.759,0.872,0.451,0.166,0.41,0.007,0.61,0.401,0.796,0.554,0.061,0.493,0.172,0.334,0.234,0.138,0.571,0.299,0.197,0.636,0.154,0.57
1.0,0.187,0.911,0.156,0.203,0.262,0.584,0.522,0.001,0.958,0.628,0.572,0.136,0.239,0.356,0.592,0.174,0.854,0.229,0.556,0.631,0.132,0.118,0.323,0.128,0.126,0.997,0.42,0.818,0.833,0.259,0.214,0.862,0.886,0.133,0.57,0.774,0.642,0.37,0.41,0.823
1.0,0.921,0.641,0.256,0.625,0.198,0.912,0.557,0.023,0.768,0.148,0.243,0.594,0.91,0.229,0.387,0.375,0.126,0.786,0.125,0.73,0.382,0.619,0.208,0.847,0.241,0.348,0.162,0.654,0.33,0.004,0.097,0.236,0.686,0.679,0.633,0.777,0.679,0.999,0.005,0.084
0.0,0.594,0.118,0.146,0.275,0.091,0.027,0.896,0.927,0.272,0.056,0.136,0.553,0.412,0.859,0.63,0.395,0.284,0.24,0.865,0.36,0.26,0.143,0.817,0.322,0.394,0.241,0.23,0.04,0.176,0.834,0.564,0.062,0.478,0.961,0.553,0.681,0.743,0.673,0.009,0.481
1.0,0.385,0.358,0.771,0.405,0.123,0.91,0.401,0.882,0.191,0.403,0.238,0.479,0.594,0.92,0.664,0.944,0.234,0.821,0.536,0.071,0.907,0.287,0.002,0.864,0.696,0.776,0.602,0.291,0.228,0.764,0.741,0.752,0.826,0.673,0.294,0.306,0.193,0.366,0.616,0.003
0.0,0.924,0.413,0.671,0.239,0.775,0.107,0.167,0.244,0.577,0.634,0.615,0.968,0.868,0.415,0.419,0.761,0.968,0.625,0.231,0.441,0.43,0.189,0.149,0.941,0.178,0.429,0.614,0.488,0.114,0.961,0.747,0.291,0.137,0.017,0.038,0.467,0.72,0.355,0.129,0.505
0.0,0.399,0.311,0.365,0.755,0.69,0.2,0.232,0.784,0.447,0.068,0.184,0.285,0.862,0.236,0.603,0.447,0.142,0.663,0.241,0.486,0.659,0.676,0.797,0.979,0.264,0.234,0.224,0.787,0.873,0.041,0.939,0.456,0.75,0.068,0.896,0.257,0.446,0.137,0.694,0.439
1.0,0.362,0.836,0.788,0.393,0.036,0.253,0.421,0.22,0.728,0.744,0.935,0.074,0.056,0.673,0.234,0.906,0.808,0.956,0.249,0.774,0.06,0.208,0.709,0.633,0.388,0.228,0.489,0.874,0.62,0.65,0.366,0.382,0.143,0.701,0.366,0.305,0.29,0.734,0.904,0.954
1.0,0.386,0.477,0.89,0.954,0.28,0.147,0.484,0.373,0.165,0.261,0.767,0.152,0.645,0.147,0.574,0.506,0.279,0.198,0.878,0.441,0.752,0.794,0.33,0.817,0.823,0.292,0.409,0.02,0.446,0.802,0.03,0.92,0.17,0.983,0.009,0.308,0.181,0.593,0.842,0.908
0.0,0.634,0.284,0.114,0.403,0.765,0.869,0.718,0.809,0.967,0.139,0.574,0.877,0.051,0.171,0.503,0.305,0.198,0.079,0.424,0.52,0.023,0.521,0.099,0.126,0.328,0.63,0.877,0.859,0.606,0.856,0.38,0.827,0.382,0.893,0.874,0.411,0.591,0.043,0.828,0.573
1.0,0.282,0.761,0.714,0.328,0.437,0.384,0.968,0.17,0.952,0.989,0.212,0.577,0.233,0.263,0.056,0.967,0.376,0.914,0.511,0.243,0.195,0.255,0.111,0.127,0.421,0.71,0.696,0.552,0.976,0.874,0.753,0.795,0.178,0.207,0.467,0.642,0.475,0.911,0.291,0.343
0.0,0.293,0.128,0.032,0.026,0.843,0.51,0.861,0.287,0.835,0.681,0.239,0.469,0.063,0.611,0.995,0.443,0.855,0.846,0.536,0.775,0.296,0.675,0.892,0.731,0.198,0.54,0.602,0.473,0.01,0.022,0.724,0.978,0.191,0.415,0.825,0.804,0.664,0.638,0.715,0.491
0.0,0.464,0.504,0.118,0.96,0.067,0.209,0.844,0.399,0.323,0.823,0.247,0.976,0.495,0.626,0.563,0.5,0.544,0.633,0.008,0.942,0.165,0.531,0.625,0.348,0.945,0.674,0.931,0.283,0.296,0.395,0.252,0.107,0.628,0.171,0.562,0.268,0.655,0.968,0.497,0.49
1.0,0.475,0.532,0.813,0.552,0.398,0.371,0.601,0.763,0.941,0.898,0.836,0.151,0.246,0.929,0.586,0.607,0.106,0.708,0.99,0.245,0.584,0.91,0.97,0.13,0.822,0.675,0.88,0.109,0.28,0.481,0.114,0.225,0.153,0.204,0.075,0.712,0.304,0.617,0.641,0.355
0.0,0.057,0.746,0.475,0.662,0.984,0.555,0.916,0.528,0.294,0.66,0.025,0.349,0.586,0.972,0.38,0.104,0.64,0.194,0.226,0.933,0.958,0.854,0.291,0.112,0.835,0.066,0.05,0.798,0.75,0.614,0.526,0.787,0.708,0.63,0.888,0.276,0.208,0.555,0.023,0.818
0.0,0.256,0.779,0.231,0.313,0.232,0.338,0.034,0.546,0.757,0.899,0.511,0.579,0.522,0.142,0.589,0.389,0.949,0.061,0.232,0.937,0.739,0.349,0.783,0.577,0.887,0.856,0.851,0.75,0.041,0.48,0.975,0.941,0.647,0.413,0.978,0.053,0.031,0.532,0.417,0.078
0.0,0.23,0.088,0.201,0.996,0.951,0.923,0.916,0.61,0.166,0.119,0.272,0.778,0.758,0.107,0.886,0.075,0.967,0.765,0.875,0.198,0.319,0.082,0.612,0.142,0.518,0.647,0.156,0.983,0.062,0.803,0.63,0.212,0.205,0.296,0.81,0.944,0.005,0.931,0.238,0.061
1.0,0.702,0.85,0.945,0.093,0.033,0.633,0.324,0.73,0.439,0.19,0.162,0.696,0.849,0.781,0.27,0.942,0.709,0.448,0.96,0.934,0.767,0.584,0.767,0.14,0.965,0.855,0.242,0.731,0.536,0.32,0.092,0.148,0.675,0.217,0.841,0.48,0.465,0.571,0.572,0.843
1.0,0.483,0.586,0.838,0.06,0.76,0.506,0.003,0.212,0.627,0.069,0.909,0.003,0.118,0.578,0.93,0.523,0.459,0.849,0.653,0.653,0.737,0.099,0.099,0.893,0.107,0.506,0.001,0.965,0.238,0.334,0.948,0.203,0.291,0.99,0.175,0.215,0.479,0.598,0.731,0.701
1.0,0.959,0.309,0.445,0.705,0.811,0.077,0.714,0.537,0.198,0.143,0.639,0.766,0.569,0.52,0.536,0.865,0.184,0.67,0.373,0.406,0.043,0.657,0.62,0.599,0.282,0.798,0.919,0.166,0.176,0.322,0.633,0.225,0.421,0.283,0.861,0.91,0.423,0.138,0.805,0.81
0.0,0.432,0.17,0.328,0.474,0.358,0.071,0.238,0.455,0.06,0.687,0.144,0.761,0.586,0.548,0.924,0.752,0.878,0.825,0.605,0.255,0.618,0.863,0.795,0.33,0.678,0.334,0.05,0.622,0.315,0.378,0.228,0.284,0.09,0.134,0.693,0.661,0.691,0.123,0.382,0.865
1.0,0.032,0.752,0.109,0.343,0.583,0.567,0.998,0.534,0.628,0.255,0.637,0.59,0.281,0.689,0.615,0.255,0.359,0.221,0.23,0.064,0.835,0.174,0.48,0.878,0.383,0.653,0.508,0.088,0.368,0.104,0.763,0.528,0.967,0.788,0.971,0.412,0.453,0.079,0.772,0.727
1.0,0.078,0.597,0.146,0.398,0.799,0.457,0.419,0.216,0.906,0.359,0.889,0.317,0.033,0.622,0.358,0.326,0.484,0.249,0.322,0.078,0.836,0.524,0.718,0.707,0.585,0.637,0.289,0.457,0.585,0.721,0.628,0.873,0.823,0.46,0.792,0.272,0.013,0.05,0.334,0.311
1.0,0.462,0.52,0.035,0.101,0.183,0.402,0.036,0.476,0.407,0.231,0.356,0.534,0.66,0.372,0.212,0.408,0.432,0.585,0.566,0.039,0.85,0.707,0.697,0.323,0.374,0.96,0.022,0.82,0.118,0.043,0.268,0.183,0.169,0.904,0.808,0.323,0.945,0.005,0.724,0.611
1.0,0.953,0.818,0.421,0.441,0.272,0.443,0.105,0.403,0.39,0.47,0.841,0.866,0.427,0.431,0.083,0.459,0.528,0.623,0.148,0.591,0.67,0.014,0.194,0.697,0.001,0.062,0.994,0.912,0.697,0.522,0.628,0.505,0.002,0.636,0.022,0.497,0.653,0.7,0.044,0.382
1.0,0.323,0.407,0.987,0.81,0.838,0.857,0.113,0.252,0.414,0.046,0.557,0.533,0.773,0.753,0.985,0.385,0.188,0.744,0.643,0.314,0.934,0.878,0.363,0.34,0.913,0.921,0.348,0.242,0.446,0.568,0.177,0.488,0.801,0.923,0.867,0.479,0.534,0.13,0.993,0.905
0.0,0.337,0.2,0.686,0.326,0.564,0.629,0.166,0.871,0.095,0.856,0.377,0.908,0.058,0.05,0.34,0.69,0.931,0.036,0.947,0.714,0.426,0.467,0.774,0.956,0.623,0.641,0.87,0.363,0.2,0.284,0.751,0.973,0.618,0.59,0.156,0.898,0.743,0.47,0.546,0.232
1.0,0.91,0.485,0.622,0.4,0.828,0.643,0.693,0.853,0.902,0.855,0.452,0.753,0.858,0.839,0.445,0.342,0.294,0.445,0.462,0.747,0.49,0.275,0.617,0.577,0.44,0.701,0.273,0.8,0.028,0.875,0.304,0.724,0.104,0.743,0.982,0.6,0.241,0.682,0.121,0.653
1.0,0.071,0.03,0.069,0.152,0.401,0.64,0.657,0.023,0.981,0.582,0.05,0.344,0.388,0.596,0.322,0.435,0.205,0.615,0.309,0.627,0.786,0.799,0.699,0.683,0.334,0.465,0.634,0.839,0.428,0.132,0.761,0.297,0.42,0.234,0.474,0.886,0.331,0.465,0.498,0.647
0.0,0.958,0.629,0.889,0.498,0.529,0.844,0.391,0.716,0.036,0.422,0.131,0.863,0.409,0.193,0.838,0.164,0.918,0.984,0.44,0.733,0.498,0.804,0.92,0.031,0.256,0.426,0.914,0.047,0.714,0.78,0.855,0.761,0.827,0.656,0.273,0.704,0.956,0.926,0.622,0.693
1.0,0.073,0.805,0.642,0.595,0.386,0.91,0.886,0.682,0.174,0.795,0.826,0.561,0.722,0.549,0.774,0.675,0.101,0.354,0.558,0.31,0.868,0.387,0.353,0.487,0.028,0.868,0.845,0.662,0.457,0.538,0.915,0.078,0.537,0.472,0.703,0.243,0.777,0.142,0.95,0.359
1.0,0.558,0.918,0.767,0.047,0.766,0.152,0.596,0.078,0.025,0.443,0.902,0.691,0.508,0.665,0.235,0.239,0.332,0.506,0.422,0.976,0.342,0.161,0.444,0.612,0.492,0.544,0.077,0.975,0.149,0.902,0.303,0.155,0.885,0.663,0.746,0.927,0.307,0.027,0.406,0.475
0.0,0.014,0.786,0.844,0.007,0.208,0.615,0.327,0.215,0.281,0.479,0.972,0.487,0.25,0.603,0.643,0.738,0.495,0.997,0.355,0.614,0.044,0.392,0.843,0.957,0.428,0.84,0.581,0.647,0.397,0.28,0.879,0.109,0.34,0.236,0.912,0.628,0.491,0.106,0.906,0.327
1.0,0.394,0.241,0.548,0.32,0.547,0.817,0.714,0.744,0.724,0.744,0.669,0.039,0.289,0.41,0.663,0.448,0.953,0.258,0.289,0.427,0.749,0.982,0.533,0.443,0.628,0.491,0.423,0.765,0.303,0.745,0.231,0.824,0.268,0.018,0.472,0.213,0.156,0.433,0.7,0.557
1.0,0.733,0.34,0.491,0.014,0.104,0.951,0.83,0.685,0.092,0.743,0.166,0.103,0.761,0.146,0.868,0.241,0.942,0.905,0.015,0.807,0.966,0.099,0.078,0.354,0.81,0.437,0.813,0.947,0.685,0.407,0.817,0.392,0.194,0.762,0.65,0.744,0.711,0.651,0.768,0.233
0.0,0.016,0.809,0.448,0.452,0.572,0.688,0.468,0.286,0.058,0.093,0.422,0.894,0.476,0.167,0.488,0.236,0.192,0.475,0.762,0.518,0.585,0.09,0.345,0.086,0.709,0.735,0.133,0.386,0.696,0.954,0.896,0.749,0.463,0.741,0.998,0.51,0.146,0.832,0.949,0.721
0.0,0.7,0.05,0.697,0.847,0.837,0.485,0.439,0.429,0.196,0.371,0.604,0.002,0.507,0.347,0.811,0.425,0.411,0.636,0.376,0.191,0.421,0.588,0.098,0.84,0.749,0.033,0.94,0.049,0.446,0.457,0.615,0.9,0.65,0.387,0.036,0.823,0.186,0.241,0.733,0.735
1.0,0.012,0.924,0.258,0.353,0.408,0.987,0.733,0.568,0.673,0.443,0.64,0.005,0.031,0.635,0.541,0.621,0.259,0.778,0.029,0.797,0.236,0.697,0.597,0.074,0.705,0.53,0.218,0.218,0.574,0.123,0.745,0.687,0.608,0.619,0.916,0.019,0.47,0.169,0.555,0.134
1.0,0.464,0.769,0.272,0.61,0.36,0.421,0.971,0.356,0.75,0.601,0.448,0.26,0.845,0.884,0.609,0.585,0.88,0.169,0.375,0.667,0.317,0.978,0.382,0.548,0.258,0.237,0.853,0.327,0.331,0.537,0.874,0.111,0.924,0.315,0.725,0.91,0.907,0.627,0.913,0.089
0.0,0.627,0.682,0.578,0.166,0.862,0.288,0.664,0.687,0.359,0.503,0.303,0.222,0.124,0.214,0.115,0.34,0.721,0.191,0.148,0.365,0.673,0.387,0.136,0.473,0.709,0.828,0.755,0.372,0.497,0.567,0.973,0.68,0.214,0.239,0.378,0.601,0.495,0.04,0.938,0.732
0.0,0.559,0.962,0.835,0.992,0.43,0.315,0.831,0.58,0.045,0.071,0.885,0.098,0.73,0.731,0.277,0.911,0.302,0.232,0.316,0.887,0.013,0.574,0.538,0.686,0.741,0.984,0.34,0.284,0.635,0.961,0.385,0.372,0.226,0.836,0.84,0.503,0.85,0.564,0.451,0.223
0.0,0.26,0.126,0.57,0.497,0.202,0.548,0.347,0.797,0.218,0.345,0.137,0.754,0.53,0.631,0.159,0.295,0.488,0.476,0.825,0.374,0.37,0.403,0.963,0.283,0.836,0.722,0.701,0.357,0.163,0.59,0.147,0.197,0.844,0.203,0.978,0.436,0.911,0.543,0.198,0.166
0.0,0.584,0.735,0.166,0.852,0.995,0.488,0.147,0.481,0.17,0.006,0.346,0.033,0.474,0.711,0.89,0.507,0.111,0.036,0.135,0.873,0.949,0.648,0.118,0.906,0.263,0.828,0.794,0.229,0.539,0.982,0.762,0.279,0.423,0.587,0.099,0.662,0.675,0.958,0.783,0.822
1.0,0.189,0.667,0.763,0.178,0.147,0.421,0.679,0.934,0.935,0.976,0.428,0.734,0.469,0.808,0.589,0.821,0.378,0.991,0.382,0.761,0.202,0.536,0.47,0.011,0.437,0.556,0.545,0.915,0.584,0.066,0.419,0.393,0.908,0.138,0.417,0.795,0.188,0.315,0.453,0.4
1.0,0.961,0.16,0.827,0.414,0.241,0.835,0.905,0.168,0.244,0.474,0.995,0.527,0.054,0.551,0.564,0.405,0.991,0.988,0.958,0.077,0.812,0.941,0.389,0.528,0.25,0.741,0.608,0.13,0.137,0.86,0.102,0.387,0.626,0.338,0.339,0.466,0.788,0.998,0.537,0.07
1.0,0.173,0.696,0.51,0.973,0.2,0.221,0.362,0.942,0.213,0.039,0.661,0.167,0.728,0.803,0.782,0.569,0.048,0.015,0.034,0.508,0.366,0.32,0.063,0.923,0.793,0.403,0.913,0.876,0.03,0.271,0.551,0.239,0.192,0.821,0.461,0.734,0.353,0.006,0.404,0.24
1.0,0.331,0.752,0.599,0.295,0.809,0.608,0.733,0.728,0.919,0.518,0.68,0.199,0.496,0.306,0.3,0.837,0.486,0.59,0.459,0.859,0.81,0.3,0.172,0.067,0.723,0.498,0.624,0.268,0.273,0.505,0.066,0.817,0.837,0.173,0.036,0.628,0.882,0.061,0.167,0.408
1.0,0.4,0.161,0.9,0.995,0.711,0.567,0.041,0.156,0.406,0.488,0.4,0.481,0.131,0.151,0.966,0.525,0.174,0.501,0.397,0.929,0.923,0.917,0.137,0.803,0.898,0.593,0.56,0.296,0.409,0.368,0.09,0.342,0.801,0.757,0.049,0.613,0.272,0.973,0.158,0.867
1.0,0.744,0.988,0.067,0.01,0.017,0.758,0.508,0.778,0.31,0.231,0.929,0.006,0.004,0.363,0.871,0.136,0.925,0.842,0.524,0.208,0.621,0.568,0.231,0.912,0.436,0.937,0.434,0.072,0.456,0.3,0.99,0.886,0.595,0.116,0.679,0.046,0.804,0.727,0.524,0.857
0.0,0.184,0.206,0.644,0.124,0.94,0.595,0.693,0.309,0.462,0.373,0.217,0.239,0.391,0.095,0.434,0.136,0.989,0.243,0.881,0.14,0.427,0.614,0.119,0.167,0.352,0.581,0.489,0.161,0.184,0.992,0.643,0.766,0.713,0.496,0.349,0.001,0.073,0.448,0.287,0.909
0.0,0.684,0.984,0.575,0.687,0.714,0.503,0.121,0.574,0.848,0.255,0.214,0.82,0.261,0.969,0.423,0.613,0.282,0.914,0.375,0.751,0.889,0.987,0.306,0.364,0.174,0.236,0.246,0.775,0.359,0.335,0.509,0.348,0.841,0.962,0.626,0.777,0.387,0.301,0.149,0.101
0.0,0.709,0.354,0.185,0.034,0.452,0.046,0.695,0.107,0.922,0.667,0.081,0.987,0.349,0.301,0.681,0.781,0.65,0.052,0.833,0.868,0.643,0.085,0.695,0.857,0.34,0.232,0.8,0.005,0.255,0.894,0.722,0.639,0.734,0.774,0.037,0.817,0.899,0.89,0.307,0.68
1.0,0.999,0.066,0.882,0.09,0.879,0.368,0.038,0.756,0.608,0.719,0.085,0.918,0.371,0.295,0.589,0.112,0.922,0.041,0.299,0.621,0.304,0.31,0.559,0.659,0.299,0.513,0.49,0.351,0.58,0.731,0.494,0.922,0.572,0.085,0.526,0.933,0.089,0.341,0.712,0.779
0.0,0.4,0.021,0.127,0.9,0.704,0.437,0.219,0.916,0.873,0.564,0.248,0.802,0.747,0.801,0.356,0.371,0.424,0.265,0.411,0.584,0.721,0.562,0.361,0.354,0.391,0.371,0.857,0.07,0.169,0.36,0.066,0.827,0.484,0.677,0.798,0.769,0.956,0.362,0.031,0.47
1.0,0.077,0.822,0.435,0.625,0.77,0.913,0.673,0.621,0.569,0.697,0.118,0.739,0.849,0.621,0.86,0.945,0.166,0.526,0.487,0.911,0.902,0.988,0.7,0.957,0.199,0.612,0.342,0.492,0.833,0.363,0.295,0.211,0.841,0.045,0.005,0.975,0.895,0.17,0.891,0.971
1.0,0.754,0.989,0.773,0.273,0.188,0.384,0.393,0.398,0.932,0.62,0.576,0.498,0.712,0.474,0.735,0.364,0.128,0.039,0.118,0.879,0.904,0.351,0.55,0.516,0.904,0.665,0.19,0.986,0.405,0.945,0.876,0.103,0.688,0.221,0.749,0.73,0.95,0.32,0.368,0.249
0.0,0.438,0.108,0.414,0.178,0.146,0.219,0.512,0.644,0.062,0.023,0.666,0.812,0.822,0.785,0.684,0.998,0.136,0.318,0.43,0.215,0.976,0.082,0.738,0.538,0.505,0.188,0.398,0.633,0.383,0.613,0.898,0.548,0.623,0.456,0.952,0.581,0.776,0.594,0.296,0.898
1.0,0.727,0.222,0.008,0.807,0.685,0.807,0.524,0.909,0.828,0.402,0.454,0.471,0.365,0.855,0.068,0.282,0.786,0.289,0.247,0.751,0.72,0.886,0.583,0.557,0.883,0.713,0.343,0.255,0.828,0.515,0.319,0.754,0.785,0.048,0.638,0.998,0.538,0.123,0.972,0.831
0.0,0.077,0.039,0.406,0.543,0.504,0.377,0.247,0.024,0.331,0.038,0.909,0.65,0.36,0.569,0.084,0.066,0.276,0.195,0.872,0.167,0.912,0.67,0.807,0.712,0.288,0.779,0.885,0.586,0.072,0.057,0.209,0.176,0.878,0.505,0.89,0.135,0.634,0.617,0.499,0.945
1.0,0.775,0.175,0.519,0.717,0.387,0.812,0.467,0.571,0.196,0.573,0.913,0.723,0.217,0.886,0.317,0.271,0.704,0.387,0.956,0.293,0.615,0.625,0.03,0.474,0.366,0.401,0.479,0.507,0.142,0.207,0.24,0.421,0.946,0.747,0.412,0.358,0.869,0.743,0.726,0.974
0.0,0.952,0.808,0.241,0.685,0.198,0.704,0.618,0.105,0.731,0.114,0.374,0.973,0.123,0.842,0.101,0.251,0.12,0.625,0.942,0.899,0.884,0.066,0.776,0.082,0.898,0.038,0.962,0.283,0.756,0.298,0.517,0.253,0.087,0.147,0.336,0.688,0.727,0.642,0.158,0.355
0.0,0.285,0.846,0.108,0.908,0.216,0.314,0.62,0.211,0.291,0.431,0.221,0.611,0.149,0.735,0.901,0.921,0.702,0.842,0.288,0.439,0.512,0.868,0.976,0.102,0.924,0.447,0.74,0.998,0.818,0.599,0.117,0.886,0.855,0.377,0.707,0.107,0.97,0.276,0.377,0.363
1.0,0.373,0.598,0.88,0.003,0.74,0.683,0.341,0.212,0.581,0.578,0.829,0.055,0.969,0.89,0.348,0.881,0.955,0.025,0.697,0.016,0.993,0.903,0.48,0.26,0.332,0.118,0.161,0.572,0.208,0.434,0.067,0.966,0.41,0.574,0.868,0.537,0.073,0.865,0.888,0.503
1.0,0.709,0.875,0.07,0.815,0.829,0.881,0.863,0.162,0.32,0.606,0.609,0.558,0.184,0.782,0.341,0.426,0.993,0.301,0.054,0.662,0.528,0.868,0.142,0.508,0.394,0.581,0.23,0.836,0.067,0.606,0.63,0.693,0.489,0.68,0.518,0.442,0.459,0.512,0.076,0.514
0.0,0.552,0.247,0.003,0.049,0.924,0.218,0.369,0.6,0.778,0.352,0.014,0.336,0.438,0.984,0.005,0.177,0.126,0.712,0.96,0.343,0.288,0.76,0.29,0.599,0.069,0.372,0.436,0.85,0.468,0.973,0.462,0.81,0.647,0.357,0.667,0.158,0.324,0.485,0.977,0.671
1.0,0.544,0.669,0.615,0.218,0.058,0.94,0.873,0.787,0.105,0.861,0.147,0.417,0.727,0.582,0.243,0.535,0.694,0.471,0.318,0.978,0.17,0.789,0.164,0.355,0.718,0.456,0.848,0.358,0.826,0.516,0.735,0.209,0.37,0.999,0.913,0.375,0.586,0.996,0.6,0.533
1.0,0.158,0.567,0.96,0.303,0.407,0.7,0.859,0.981,0.422,0.472,0.773,0.224,0.75,0.14,0.183,0.639,0.438,0.226,0.338,0.905,0.656,0.337,0.286,0.476,0.553,0.12,0.516,0.194,0.982,0.628,0.017,0.489,0.727,0.227,0.151,0.369,0.76,0.268,0.989,0.646
1.0,0.936,0.355,0.107,0.92,0.509,0.541,0.95,0.621,0.031,0.057,0.691,0.25,0.341,0.308,0.301,0.954,0.956,0.171,0.478,0.429,0.263,0.263,0.14,0.81,0.034,0.499,0.632,0.256,0.373,0.431,0.058,0.155,0.409,0.978,0.329,0.691,0.464,0.333,0.68,0.804
0.0,0.047,0.788,0.408,0.859,0.72,0.638,0.983,0.546,0.826,0.636,0.118,0.426,0.365,0.284,0.781,0.876,0.21,0.731,0.641,0.975,0.355,0.869,0.855,0.464,0.38,0.799,0.76,0.773,0.088,0.269,0.488,0.982,0.291,0.62,0.408,0.929,0.456,0.905,0.69,0.77
0.0,0.298,0.177,0.832,0.311,0.021,0.601,0.845,0.704,0.893,0.383,0.008,0.794,0.087,0.398,0.44,0.505,0.726,0.361,0.591,0.074,0.433,0.026,0.782,0.354,0.08,0.8,0.247,0.146,0.528,0.976,0.748,0.255,0.321,0.368,0.763,0.332,0.761,0.591,0.364,0.21
0.0,0.533,0.098,0.271,0.335,0.017,0.654,0.191,0.521,0.611,0.542,0.35,0.192,0.209,0.732,0.415,0.995,0.497,0.213,0.598,0.363,0.002,0.802,0.979,0.153,0.652,0.683,0.217,0.655,0.679,0.677,0.962,0.08,0.457,0.899,0.349,0.214,0.05,0.476,0.804,0.854
0.0,0.96,0.794,0.806,0.149,0.709,0.96,0.246,0.547,0.783,0.703,0.23,0.937,0.095,0.167,0.184,0.871,0.893,0.073,0.585,0.258,0.126,0.432,0.675,0.003,0.251,0.295,0.463,0.083,0.091,0.731,0.019,0.312,0.176,0.354,0.68,0.824,0.126,0.694,0.762,0.368
0.0,0.738,0.158,0.736,0.73,0.395,0.478,0.062,0.786,0.056,0.846,0.913,0.823,0.005,0.742,0.763,0.422,0.155,0.55,0.736,0.311,0.5,0.194,0.288,0.391,0.885,0.149,0.688,0.087,0.867,0.778,0.268,0.43,0.06,0.853,0.137,0.516,0.317,0.337,0.514,0.898
0.0,0.34,0.054,0.893,0.361,0.688,0.713,0.899,0.717,0.568,0.939,0.032,0.558,0.249,0.225,0.571,0.367,0.736,0.325,0.664,0.439,0.919,0.431,0.995,0.647,0.648,0.376,0.839,0.459,0.155,0.031,0.265,0.115,0.555,0.723,0.615,0.877,0.459,0.709,0.729,0.795
0.0,0.008,0.394,0.066,0.27,0.35,0.016,0.041,0.948,0.176,0.866,0.56,0.683,0.043,0.01,0.935,0.85,0.254,0.351,0.169,0.901,0.155,0.319,0.825,0.567,0.887,0.295,0.558,0.167,0.414,0.58,0.327,0.243,0.365,0.258,0.196,0.467,0.982,0.15,0.901,0.104
1.0,0.671,0.67,0.352,0.207,0.794,0.827,0.787,0.48,0.562,0.679,0.862,0.304,0.33,0.523,0.69,0.593,0.979,0.652,0.723,0.866,0.89,0.751,0.281,0.533,0.259,0.087,0.802,0.235,0.281,0.421,0.975,0.655,0.224,0.03,0.096,0.612,0.319,0.0,0.517,0.534
1.0,0.523,0.634,0.122,0.74,0.28,0.935,0.657,0.402,0.342,0.559,0.302,0.318,0.672,0.927,0.706,0.223,0.998,0.601,0.232,0.458,0.164,0.169,0.277,0.491,0.722,0.903,0.78,0.521,0.372,0.028,0.899,0.075,0.51,0.03,0.843,0.22,0.667,0.744,0.167,0.757
1.0,0.056,0.456,0.676,0.065,0.511,0.264,0.57,0.977,0.871,0.02,0.17,0.743,0.375,0.836,0.348,0.459,0.842,0.229,0.805,0.768,0.044,0.538,0.032,0.847,0.935,0.184,0.958,0.629,0.433,0.588,0.105,0.021,0.458,0.181,0.822,0.79,0.682,0.233,0.982,0.696
0.0,0.633,0.424,0.402,0.21,0.864,0.85,0.095,0.326,0.346,0.331,0.721,0.783,0.375,0.021,0.071,0.293,0.432,0.031,0.516,0.066,0.22,0.395,0.143,0.756,0.406,0.549,0.089,0.086,0.777,0.301,0.318,0.282,0.052,0.402,0.064,0.387,0.548,0.177,0.303,0.145
1.0,0.074,0.657,0.62,0.072,0.134,0.884,0.609,0.297,0.489,0.093,0.248,0.253,0.803,0.402,0.325,0.74,0.645,0.954,0.441,0.865,0.08,0.814,0.48,0.911,0.242,0.895,0.683,0.994,0.108,0.082,0.466,0.564,0.587,0.619,0.497,0.359,0.083,0.639,0.094,0.727
0.0,0.231,0.307,0.178,0.777,0.213,0.002,0.696,0.995,0.552,0.653,0.882,0.704,0.106,0.66,0.639,0.167,0.035,0.866,0.729,0.344,0.389,0.93,0.483,0.861,0.026,0.016,0.908,0.895,0.544,0.916,0.929,0.322,0.27,0.946,0.857,0.294,0.168,0.393,0.768,0.158
0.0,0.56,0.78,0.392,0.119,0.307,0.895,0.354,0.905,0.638,0.797,0.408,0.9,0.155,0.713,0.92,0.93,0.618,0.752,0.423,0.949,0.354,0.726,0.024,0.987,0.655,0.303,0.654,0.795,0.653,0.801,0.228,0.514,0.775,0.597,0.567,0.338,0.614,0.725,0.059,0.068
1.0,0.662,0.939,0.482,0.171,0.663,0.398,0.593,0.77,0.084,0.863,0.916,0.166,0.623,0.072,0.106,0.489,0.514,0.135,0.54,0.687,0.98,0.207,0.104,0.915,0.971,0.64,0.549,0.871,0.883,0.171,0.658,0.491,0.14,0.009,0.41,0.745,0.786,0.366,0.998,0.122
0.0,0.648,0.768,0.752,0.797,0.035,0.247,0.223,0.564,0.253,0.195,0.589,0.191,0.28,0.011,0.67,0.116,0.945,0.124,0.893,0.652,0.675,0.394,0.867,0.162,0.343,0.744,0.732,0.957,0.577,0.254,0.324,0.001,0.865,0.296,0.991,0.883,0.377,0.708,0.472,0.665
0.0,0.868,0.011,0.102,0.643,0.079,0.763,0.928,0.977,0.36,0.893,0.712,0.783,0.358,0.675,0.651,0.953,0.648,0.364,0.464,0.425,0.435,0.509,0.776,0.241,0.414,0.373,0.206,0.479,0.961,0.96,0.961,0.84,0.438,0.544,0.242,0.798,0.02,0.627,0.395,0.759
0.0,0.118,0.736,0.236,0.519,0.85,0.493,0.05,0.038,0.615,0.125,0.392,0.789,0.607,0.547,0.276,0.569,0.333,0.359,0.174,0.129,0.083,0.443,0.553,0.061,0.436,0.122,0.885,0.302,0.33,0.278,0.352,0.432,0.013,0.103,0.934,0.451,0.276,0.197,0.44,0.079
1.0,0.884,0.374,0.94,0.083,0.38,0.963,0.14,0.392,0.609,0.877,0.586,0.665,0.887,0.346,0.623,0.199,0.089,0.153,0.078,0.491,0.72,0.544,0.485,0.047,0.003,0.78,0.763,0.692,0.939,0.321,0.8,0.479,0.684,0.331,0.188,0.06,0.837,0.098,0.174,0.877
0.0,0.975,0.334,0.256,0.064,0.969,0.494,0.266,0.704,0.022,0.787,0.886,0.765,0.517,0.335,0.07,0.799,0.592,0.43,0.266,0.562,0.118,0.638,0.903,0.351,0.735,0.937,0.027,0.973,0.202,0.539,0.93,0.589,0.32,0.964,0.39,0.499,0.297,0.635,0.148,0.443
0.0,0.201,0.989,0.402,0.561,0.055,0.821,0.267,0.422,0.584,0.087,0.543,0.526,0.033,0.604,0.733,0.979,0.845,0.574,0.996,0.656,0.387,0.089,0.893,0.046,0.5,0.409,0.034,0.944,0.298,0.358,0.643,0.471,0.272,0.75,0.094,0.99,0.791,0.866,0.924,0.377
1.0,0.944,0.807,0.444,0.429,0.692,0.993,0.701,0.467,0.828,0.091,0.608,0.44,0.697,0.761,0.465,0.964,0.197,0.324,0.048,0.154,0.063,0.513,0.3,0.239,0.773,0.61,0.46,0.507,0.19,0.31,0.721,0.637,0.548,0.103,0.245,0.51,0.641,0.271,0.076,0.787
1.0,0.491,0.92,0.455,0.578,0.079,0.856,0.821,0.19,0.107,0.644,0.907,0.561,0.386,0.594,0.284,0.158,0.394,0.295,0.944,0.138,0.791,0.796,0.336,0.868,0.739,0.216,0.395,0.954,0.838,0.542,0.239,0.68,0.35,0.281,0.284,0.952,0.228,0.962,0.443,0.656
0.0,0.76,0.084,0.321,0.957,0.895,0.198,0.077,0.51,0.113,0.839,0.453,0.066,0.142,0.261,0.442,0.584,0.884,0.863,0.619,0.004,0.003,0.848,0.079,0.57,0.797,0.963,0.992,0.15,0.461,0.606,0.086,0.949,0.575,0.742,0.802,0.684,0.789,0.347,0.301,0.741
0.0,0.573,0.44,0.668,0.294,0.959,0.377,0.413,0.158,0.033,0.455,0.613,0.694,0.435,0.661,0.374,0.661,0.265,0.837,0.602,0.794,0.87,0.022,0.47,0.464,0.446,0.669,0.729,0.583,0.384,0.54,0.107,0.706,0.802,0.349,0.676,0.017,0.145,0.296,0.262,0.888
1.0,0.385,0.958,0.005,0.714,0.237,0.382,0.597,0.66,0.371,0.615,0.372,0.815,0.536,0.558,0.677,0.318,0.048,0.104,0.908,0.69,0.382,0.077,0.371,0.259,0.649,0.133,0.337,0.826,0.315,0.873,0.641,0.893,0.338,0.333,0.129,0.669,0.895,0.189,0.274,0.437
1.0,0.119,0.938,0.687,0.472,0.185,0.789,0.465,0.15,0.537,0.254,0.696,0.132,0.989,0.986,0.913,0.511,0.541,0.805,0.302,0.387,0.93,0.379,0.566,0.965,0.127,0.61,0.545,0.655,0.466,0.437,0.189,0.552,0.609,0.964,0.258,0.93,0.615,0.968,0.703,0.04
1.0,0.516,0.923,0.633,0.845,0.55,0.588,0.572,0.259,0.51,0.738,0.644,0.613,0.769,0.006,0.091,0.619,0.187,0.781,0.753,0.367,0.494,0.491,0.337,0.269,0.635,0.432,0.316,0.846,0.456,0.243,0.267,0.867,0.977,0.118,0.642,0.768,0.344,0.937,0.491,0.573
1.0,0.724,0.477,0.497,0.082,0.814,0.419,0.197,0.516,0.648,0.303,0.001,0.101,0.229,0.764,0.769,0.875,0.047,0.598,0.371,0.228,0.788,0.147,0.322,0.493,0.614,0.994,0.284,0.842,0.325,0.528,0.252,0.4,0.045,0.689,0.703,0.967,0.864,0.738,0.082,0.984
0.0,0.415,0.004,0.951,0.76,0.458,0.138,0.907,0.488,0.084,0.488,0.569,0.8,0.182,0.916,0.754,0.173,0.676,0.519,0.878,0.829,0.612,0.234,0.79,0.693,0.919,0.691,0.386,0.062,0.532,0.606,0.58,0.117,0.651,0.34,0.378,0.708,0.645,0.378,0.294,0.901
1.0,0.924,0.25,0.385,0.658,0.448,0.016,0.129,0.047,0.67,0.26,0.642,0.757,0.638,0.048,0.893,0.34,0.49,0.645,0.968,0.151,0.1,0.687,0.387,0.145,0.136,0.785,0.569,0.106,0.074,0.207,0.212,0.535,0.271,0.945,0.395,0.424,0.289,0.216,0.404,0.913
1.0,0.914,0.891,0.21,0.134,0.182,0.361,0.904,0.273,0.481,0.31,0.28,0.118,0.516,0.023,0.918,0.013,0.427,0.192,0.767,0.967,0.458,0.496,0.298,0.652,0.676,0.659,0.419,0.118,0.926,0.263,0.131,0.181,0.528,0.375,0.783,0.69,0.363,0.989,0.585,0.175
0.0,0.26,0.249,0.046,0.01,0.605,0.224,0.148,0.963,0.441,0.243,0.197,0.038,0.404,0.488,0.575,0.929,0.106,0.15,0.126,0.135,0.515,0.096,0.854,0.718,0.383,0.595,0.293,0.91,0.21,0.626,0.422,0.3,0.16,0.414,0.069,0.543,0.177,0.572,0.139,0.081
0.0,0.169,0.474,0.753,0.75,0.999,0.93,0.285,0.31,0.806,0.031,0.098,0.916,0.925,0.701,0.111,0.382,0.559,0.98,0.385,0.102,0.798,0.161,0.924,0.49,0.549,0.645,0.216,0.112,0.587,0.724,0.611,0.789,0.564,0.326,0.47,0.963,0.689,0.497,0.195,0.447
1.0,0.032,0.481,0.404,0.031,0.575,0.151,0.76,0.481,0.361,0.031,0.704,0.583,0.14,0.774,0.198,0.125,0.706,0.947,0.357,0.543,0.537,0.308,0.557,0.206,0.612,0.932,0.673,0.013,0.602,0.069,0.336,0.496,0.261,0.651,0.571,0.155,0.931,0.565,0.75,0.175
0.0,0.394,0.317,0.553,0.06,0.93,0.09,0.511,0.087,0.559,0.362,0.566,0.679,0.34,0.16,0.187,0.056,0.973,0.783,0.403,0.63,0.481,0.441,0.328,0.948,0.891,0.289,0.061,0.761,0.597,0.63,0.957,0.025,0.281,0.138,0.872,0.536,0.197,0.529,0.207,0.709
1.0,0.996,0.686,0.549,0.075,0.584,0.338,0.502,0.7,0.743,0.633,0.336,0.537,0.155,0.731,0.912,0.797,0.116,0.916,0.608,0.41,0.308,0.492,0.738,0.937,0.421,0.031,0.36,0.019,0.833,0.215,0.481,0.601,0.042,0.877,0.032,0.626,0.831,0.547,0.617,0.728
1.0,0.862,0.729,0.422,0.374,0.629,0.984,0.765,0.714,0.209,0.733,0.452,0.315,0.427,0.776,0.974,0.142,0.067,0.312,0.562,0.508,0.492,0.63,0.463,0.044,0.945,0.95,0.565,0.74,0.647,0.306,0.951,0.309,0.392,0.332,0.143,0.853,0.935,0.39,0.076,0.318
1.0,0.011,0.699,0.341,0.077,0.536,0.194,0.172,0.171,0.202,0.659,0.134,0.11,0.396,0.653,0.29,0.037,0.894,0.53,0.661,0.375,0.088,0.593,0.119,0.356,0.834,0.083,0.368,0.312,0.25,0.383,0.205,0.488,0.443,0.344,0.738,0.435,0.978,0.86,0.05,0.747
0.0,0.464,0.436,0.002,0.593,0.403,0.432,0.195,0.509,0.36,0.742,0.438,0.561,0.291,0.28,0.442,0.223,0.487,0.609,0.432,0.482,0.227,0.461,0.827,0.57,0.802,0.529,0.44,0.595,0.903,0.974,0.756,0.779,0.462,0.314,0.262,0.418,0.43,0.416,0.055,0.653
0.0,0.636,0.981,0.427,0.905,0.435,0.273,0.179,0.397,0.427,0.104,0.776,0.47,0.201,0.971,0.671,0.225,0.417,0.467,0.224,0.223,0.663,0.321,0.815,0.184,0.247,0.377,0.849,0.742,0.791,0.484,0.891,0.971,0.287,0.285,0.783,0.607,0.705,0.591,0.324,0.232
1.0,0.601,0.625,0.856,0.54,0.751,0.777,0.226,0.122,0.195,0.383,0.026,0.544,0.598,0.605,0.982,0.362,0.219,0.907,0.501,0.587,0.412,0.579,0.092,0.692,0.606,0.688,0.934,0.68,0.259,0.145,0.125,0.327,0.66,0.375,0.255,0.061,0.213,0.675,0.671,0.044
1.0,0.693,0.881,0.852,0.197,0.721,0.434,0.673,0.442,0.254,0.925,0.461,0.106,0.056,0.067,0.032,0.518,0.281,0.798,0.898,0.394,0.268,0.203,0.767,0.211,0.111,0.3,0.354,0.395,0.189,0.314,0.921,0.447,0.203,0.356,0.177,0.587,0.284,0.644,0.275,0.201
1.0,0.49,0.835,0.135,0.936,0.331,0.44,0.687,0.026,0.334,0.217,0.372,0.269,0.677,0.793,0.512,0.423,0.356,0.909,0.261,0.186,0.752,0.147,0.573,0.465,0.135,0.004,0.055,0.874,0.488,0.284,0.507,0.26,0.881,0.152,0.861,0.29,0.875,0.966,0.53,0.567
0.0,0.244,0.868,0.091,0.898,0.538,0.618,0.266,0.351,0.175,0.675,0.757,0.416,0.178,0.971,0.23,0.307,0.977,0.518,0.497,0.171,0.766,0.234,0.884,0.498,0.697,0.052,0.505,0.53,0.956,0.849,0.461,0.992,0.084,0.505,0.421,0.638,0.623,0.262,0.163,0.937
0.0,0.527,0.985,0.422,0.41,0.768,0.997,0.801,0.5,0.38,0.64,0.81,0.786,0.537,0.136,0.627,0.882,0.869,0.218,0.184,0.022,0.785,0.11,0.681,0.966,0.367,0.32,0.304,0.316,0.514,0.404,0.278,0.692,0.077,0.662,0.326,0.999,0.256,0.995,0.19,0.561
0.0,0.839,0.086,0.933,0.662,0.737,0.77,0.62,0.614,0.139,0.967,0.12,0.28,0.34,0.533,0.241,0.501,0.795,0.624,0.14,0.396,0.467,0.336,0.96,0.481,0.244,0.552,0.972,0.973,0.751,0.878,0.513,0.611,0.675,0.687,0.999,0.93,0.595,0.59,0.113,0.114
1.0,0.949,0.602,0.621,0.873,0.056,0.487,0.008,0.134,0.671,0.912,0.755,0.669,0.658,0.264,0.482,0.131,0.61,0.078,0.265,0.53,0.432,0.95,0.693,0.854,0.708,0.218,0.898,0.134,0.59,0.606,0.875,0.653,0.203,0.34,0.017,0.543,0.987,0.9,0.605,0.823
1.0,0.075,0.915,0.054,0.63,0.653,0.113,0.139,0.712,0.601,0.542,0.921,0.044,0.803,0.747,0.393,0.943,0.545,0.248,0.539,0.591,0.735,0.349,0.091,0.483,0.653,0.742,0.879,0.403,0.804,0.967,0.173,0.991,0.342,0.614,0.487,0.924,0.952,0.683,0.976,0.116
0.0,0.373,0.47,0.859,0.47,0.119,0.209,0.843,0.011,0.448,0.909,0.017,0.13,0.399,0.172,0.599,0.642,0.154,0.158,0.541,0.66,0.57,0.006,0.353,0.377,0.309,0.683,0.25,0.56,0.243,0.413,0.355,0.409,0.791,0.401,0.313,0.459,0.099,0.688,0.075,0.877
0.0,0.71,0.233,0.325,0.267,0.503,0.169,0.247,0.343,0.515,0.352,0.735,0.456,0.961,0.426,0.412,0.413,0.026,0.699,0.866,0.17,0.407,0.51,0.944,0.83,0.756,0.905,0.086,0.385,0.673,0.884,0.58,0.512,0.775,0.52,0.92,0.099,0.583,0.194,0.692,0.64
0.0,0.846,0.811,0.227,0.058,0.86,0.18,0.098,0.991,0.97,0.88,0.821,0.597,0.477,0.234,0.846,0.614,0.946,0.976,0.971,0.926,0.714,0.707,0.758,0.856,0.496,0.37,0.18,0.164,0.939,0.123,0.843,0.886,0.32,0.808,0.327,0.061,0.265,0.359,0.984,0.081
0.0,0.329,0.896,0.703,0.518,0.982,0.749,0.346,0.438,0.755,0.609,0.122,0.711,0.373,0.099,0.678,0.971,0.308,0.382,0.628,0.876,0.876,0.79,0.53,0.996,0.489,0.447,0.892,0.197,0.422,0.123,0.857,0.916,0.002,0.944,0.176,0.52,0.453,0.158,0.25,0.395
0.0,0.705,0.046,0.659,0.835,0.933,0.858,0.989,0.284,0.553,0.033,0.532,0.726,0.885,0.364,0.438,0.308,0.507,0.684,0.536,0.771,0.666,0.288,0.855,0.197,0.16,0.519,0.768,0.404,0.371,0.073,0.963,0.125,0.674,0.277,0.074,0.147,0.709,0.828,0.797,0.096
1.0,0.471,0.651,0.047,0.947,0.647,0.759,0.663,0.836,0.301,0.744,0.036,0.136,0.462,0.754,0.895,0.292,0.333,0.481,0.649,0.406,0.8,0.319,0.054,0.911,0.871,0.57,0.078,0.132,0.974,0.185,0.495,0.173,0.969,0.01,0.61,0.113,0.77,0.21,0.733,0.191
1.0,0.438,0.632,0.901,0.238,0.599,0.128,0.979,0.771,0.302,0.95,0.509,0.524,0.374,0.568,0.61,0.477,0.067,0.023,0.117,0.307,0.683,0.192,0.079,0.427,0.154,0.588,0.906,0.89,0.817,0.224,0.311,0.896,0.634,0.944,0.858,0.6,0.145,0.883,0.269,0.52
1.0,0.692,0.752,0.438,0.381,0.833,0.835,0.765,0.062,0.3,0.864,0.193,0.022,0.536,0.468,0.086,0.33,0.468,0.918,0.687,0.417,0.941,0.183,0.106,0.139,0.643,0.781,0.415,0.99,0.349,0.364,0.223,0.336,0.816,0.394,0.69,0.216,0.423,0.029,0.832,0.271
0.0,0.199,0.491,0.949,0.055,0.413,0.808,0.817,0.898,0.754,0.027,0.886,0.994,0.883,0.031,0.27,0.572,0.149,0.801,0.754,0.234,0.107,0.633,0.901,0.736,0.94,0.394,0.17,0.24,0.305,0.462,0.967,0.462,0.312,0.206,0.674,0.593,0.259,0.196,0.135,0.917
1.0,0.778,0.718,0.003,0.953,0.329,0.479,0.328,0.655,0.655,0.094,0.779,0.553,0.586,0.556,0.201,0.14,0.395,0.955,0.866,0.604,0.227,0.843,0.544,0.828,0.24,0.242,0.237,0.036,0.143,0.995,0.516,0.277,0.209,0.757,0.408,0.569,0.013,0.438,0.53,0.156
0.0,0.698,0.976,0.162,0.763,0.261,0.505,0.58,0.87,0.045,0.071,0.277,0.623,0.129,0.87,0.027,0.559,0.591,0.022,0.929,0.011,0.052,0.24,0.461,0.09,0.783,0.54,0.991,0.872,0.057,0.333,0.852,0.934,0.656,0.71,0.874,0.073,0.89,0.813,0.697,0.04
0.0,0.023,0.163,0.642,0.593,0.441,0.636,0.892,0.595,0.662,0.235,0.221,0.253,0.873,0.468,0.087,0.744,0.417,0.027,0.147,0.267,0.054,0.307,0.946,0.518,0.535,0.77,0.29,0.825,0.715,0.68,0.264,0.67,0.774,0.463,0.076,0.058,0.502,0.893,0.85,0.469
0.0,0.102,0.879,0.799,0.086,0.84,0.635,0.331,0.848,0.231,0.532,0.743,0.944,0.15,0.253,0.293,0.347,0.157,0.42,0.502,0.298,0.191,0.717,0.182,0.44,0.125,0.467,0.263,0.505,0.105,0.92,0.446,0.452,0.465,0.233,0.345,0.314,0.059,0.04,0.385,0.187
1.0,0.492,0.667,0.414,0.629,0.209,0.189,0.898,0.688,0.333,0.184,0.6,0.213,0.787,0.538,0.316,0.141,0.066,0.32,0.092,0.706,0.531,0.684,0.552,0.947,0.967,0.162,0.367,0.643,0.513,0.194,0.172,0.318,0.044,0.96,0.685,0.901,0.915,0.831,0.839,0.002
1.0,0.212,0.789,0.321,0.721,0.084,0.762,0.105,0.954,0.261,0.927,0.848,0.223,0.224,0.566,0.453,0.5,0.918,0.739,0.612,0.637,0.073,0.478,0.397,0.272,0.855,0.94,0.679,0.801,0.267,0.975,0.465,0.633,0.126,0.487,0.633,0.16,0.847,0.715,0.875,0.906
0.0,0.846,0.889,0.977,0.287,0.606,0.248,0.469,0.776,0.682,0.423,0.055,0.985,0.416,0.75,0.273,0.631,0.759,0.349,0.49,0.603,0.244,0.719,0.945,0.842,0.324,0.695,0.75,0.824,0.44,0.969,0.316,0.641,0.828,0.819,0.783,0.19,0.265,0.198,0.684,0.199
0.0,0.014,0.527,0.273,0.875,0.015,0.015,0.908,0.867,0.322,0.213,0.843,0.603,0.344,0.685,0.717,0.189,0.243,0.251,0.964,0.602,0.082,0.983,0.911,0.258,0.702,0.062,0.416,0.993,0.233,0.254,0.891,0.537,0.695,0.829,0.629,0.036,0.44,0.653,0.057,0.905
1.0,0.172,0.021,0.077,0.286,0.381,0.394,0.557,0.342,0.021,0.148,0.182,0.53,0.869,0.146,0.371,0.316,0.135,0.294,0.872,0.358,0.131,0.403,0.359,0.069,0.103,0.282,0.185,0.818,0.662,0.78,0.706,0.404,0.165,0.218,0.111,0.077,0.984,0.551,0.576,0.911
1.0,0.53,0.77,0.116,0.552,0.992,0.22,0.552,0.543,0.85,0.194,0.331,0.016,0.174,0.377,0.832,0.001,0.272,0.242,0.196,0.857,0.054,0.545,0.015,0.246,0.132,0.026,0.328,0.787,0.178,0.156,0.638,0.141,0.4,0.747,0.474,0.423,0.08,0.554,0.803,0.519
1.0,0.144,0.408,0.688,0.827,0.74,0.913,0.621,0.9,0.696,0.707,0.72,0.617,0.352,0.41,0.508,0.309,0.262,0.528,0.004,0.241,0.611,0.431,0.369,0.655,0.296,0.458,0.053,0.064,0.949,0.088,0.408,0.29,0.833,0.662,0.572,0.688,0.104,0.127,0.369,0.319
0.0,0.971,0.451,0.678,0.841,0.806,0.004,0.656,0.291,0.948,0.288,0.617,0.746,0.727,0.251,0.462,0.276,0.223,0.604,0.605,0.723,0.383,0.072,0.988,0.329,0.331,0.983,0.523,0.094,0.821,0.301,0.154,0.437,0.806,0.555,0.814,0.463,0.3,0.319,0.011,0.225
1.0,0.227,0.8,0.906,0.759,0.465,0.529,0.704,0.144,0.026,0.317,0.096,0.4,0.987,0.375,0.505,0.31,0.891,0.614,0.351,0.333,0.301,0.287,0.309,0.488,0.44,0.304,0.092,0.808,0.81,0.201,0.049,0.405,0.788,0.098,0.42,0.812,0.576,0.117,0.537,1.0
1.0,0.513,0.078,0.086,0.722,0.166,0.641,0.834,0.15,0.386,0.692,0.806,0.125,0.636,0.078,0.299,0.701,0.678,0.228,0.639,0.957,0.33,0.003,0.018,0.533,0.859,0.773,0.239,0.372,0.22,0.372,0.879,0.237,0.241,0.41,0.499,0.334,0.927,0.993,0.226,0.049
1.0,0.006,0.094,0.056,0.777,0.718,0.751,0.573,0.236,0.299,0.408,0.786,0.623,0.511,0.87,0.493,0.207,0.406,0.519,0.868,0.231,0.862,0.877,0.015,0.952,0.432,0.392,0.732,0.872,0.34,0.734,0.939,0.134,0.043,0.189,0.788,0.748,0.62,0.453,0.348,0.218
1.0,0.384,0.324,0.989,0.786,0.326,0.635,0.184,0.725,0.217,0.081,0.093,0.296,0.533,0.504,0.298,0.363,0.141,0.156,0.93,0.038,0.114,0.843,0.746,0.06,0.551,0.474,0.719,0.611,0.034,0.435,0.291,0.864,0.533,0.522,0.436,0.121,0.89,0.081,0.868,0.168
0.0,0.433,0.258,0.5,0.022,0.837,0.301,0.467,0.598,0.462,0.82,0.83,0.852,0.655,0.886,0.535,0.289,0.293,0.837,0.978,0.461,0.713,0.869,0.207,0.759,0.767,0.269,0.771,0.668,0.606,0.889,0.311,0.066,0.265,0.494,0.012,0.956,0.077,0.043,0.652,0.576
0.0,0.666,0.467,0.353,0.598,0.547,0.338,0.499,0.792,0.323,0.326,0.523,0.915,0.607,0.486,0.069,0.917,0.021,0.689,0.403,0.932,0.068,0.252,0.334,0.616,0.599,0.083,0.425,0.841,0.113,0.271,0.295,0.978,0.921,0.151,0.835,0.054,0.55,0.326,0.498,0.628
0.0,0.757,0.06,0.173,0.701,0.771,0.402,0.828,0.165,0.001,0.892,0.664,0.826,0.245,0.797,0.016,0.073,0.129,0.18,0.393,0.953,0.246,0.112,0.222,0.233,0.476,0.269,0.779,0.149,0.066,0.075,0.176,0.333,0.728,0.665,0.358,0.044,0.898,0.235,0.042,0.143
1.0,0.567,0.138,0.826,0.773,0.229,0.128,0.385,0.25,0.731,0.74,0.919,0.452,0.559,0.251,0.586,0.62,0.836,0.493,0.493,0.531,0.345,0.866,0.51,0.623,0.509,0.353,0.083,0.997,0.6,0.652,0.743,0.929,0.322,0.797,0.707,0.811,0.961,0.626,0.083,0.433
0.0,0.462,0.294,0.34,0.346,0.122,0.986,0.778,0.859,0.78,0.341,0.048,0.768,0.134,0.038,0.735,0.453,0.934,0.955,0.969,0.597,0.838,0.421,0.889,0.371,0.622,0.387,0.53,0.32,0.268,0.452,0.51,0.457,0.048,0.884,0.636,0.91,0.002,0.784,0.263,0.665
1.0,0.681,0.318,0.658,0.279,0.424,0.072,0.622,0.555,0.862,0.983,0.976,0.138,0.919,0.243,0.963,0.921,0.37,0.202,0.105,0.831,0.77,0.427,0.942,0.936,0.994,0.993,0.526,0.732,0.85,0.145,0.404,0.865,0.077,0.796,0.625,0.886,0.553,0.048,0.194,0.379
1.0,0.471,0.844,0.49,0.337,0.54,0.349,0.031,0.058,0.613,0.495,0.221,0.365,0.226,0.89,0.085,0.349,0.883,0.15,0.343,0.289,0.166,0.849,0.432,0.214,0.059,0.175,0.539,0.866,0.557,0.249,0.855,0.759,0.572,0.746,0.537,0.466,0.387,0.754,0.962,0.361
1.0,0.722,0.813,0.226,0.381,0.674,0.378,0.933,0.278,0.346,0.566,0.95,0.61,0.305,0.716,0.378,0.663,0.013,0.449,0.434,0.073,0.28,0.184,0.083,0.327,0.733,0.397,0.198,0.234,0.485,0.39,0.631,0.6,0.18,0.328,0.392,0.331,0.497,0.797,0.946,0.983
1.0,0.484,0.224,0.178,0.0,0.383,0.224,0.985,0.788,0.471,0.37,0.329,0.057,0.073,0.786,0.147,0.971,0.73,0.124,0.947,0.128,0.036,0.914,0.365,0.811,0.511,0.579,0.933,0.542,0.247,0.328,0.728,0.66,0.859,0.653,0.133,0.305,0.887,0.551,0.61,0.703
1.0,0.596,0.56,0.193,0.374,0.359,0.295,0.077,0.611,0.909,0.511,0.456,0.707,0.366,0.825,0.683,0.795,0.351,0.238,0.693,0.598,0.099,0.79,0.078,0.683,0.88,0.984,0.511,0.984,0.181,0.389,0.934,0.477,0.894,0.45,0.031,0.398,0.452,0.632,0.529,0.799
0.0,0.814,0.374,0.838,0.99,0.845,0.636,0.935,0.716,0.164,0.929,0.727,0.649,0.034,0.026,0.505,0.403,0.132,0.335,0.419,0.411,0.604,0.801,0.212,0.211,0.293,0.275,0.751,0.65,0.222,0.846,0.329,0.869,0.521,0.575,0.514,0.194,0.456,0.902,0.647,0.989
1.0,0.889,0.421,0.546,0.617,0.288,0.825,0.683,0.505,0.892,0.31,0.729,0.286,0.582,0.747,0.907,0.504,0.729,0.162,0.257,0.563,0.496,0.392,0.428,0.262,0.066,0.275,0.768,0.678,0.472,0.492,0.153,0.6,0.049,0.58,0.268,0.423,0.26,0.935,0.297,0.779
1.0,0.909,0.474,0.469,0.975,0.342,0.04,0.368,0.736,0.622,0.812,0.7,0.513,0.897,0.402,0.869,0.08,0.166,0.899,0.27,0.383,0.541,0.383,0.444,0.28,0.39,0.062,0.884,0.628,0.508,0.525,0.557,0.655,0.325,0.148,0.779,0.995,0.248,0.371,0.248,0.244
1.0,0.314,0.491,0.85,0.126,0.606,0.824,0.938,0.206,0.311,0.539,0.435,0.25,0.973,0.155,0.533,0.161,0.284,0.011,0.359,0.768,0.198,0.011,0.377,0.823,0.137,0.166,0.776,0.616,0.271,0.925,0.587,0.558,0.371,0.638,0.291,0.214,0.988,0.528,0.476,0.796
0.0,0.505,0.171,0.2,0.384,0.189,0.022,0.027,0.846,0.352,0.726,0.542,0.966,0.358,0.581,0.111,0.268,0.357,0.619,0.763,0.884,0.534,0.675,0.039,0.323,0.646,0.196,0.504,0.328,0.642,0.982,0.375,0.947,0.395,0.819,0.269,0.89,0.292,0.558,0.2,0.552
1.0,0.46,0.771,0.075,0.972,0.374,0.581,0.971,0.745,0.699,0.458,0.826,0.667,0.034,0.485,0.266,0.128,0.433,0.865,0.305,0.788,0.239,0.123,0.463,0.683,0.321,0.253,0.068,0.023,0.46,0.452,0.1,0.111,0.597,0.737,0.074,0.859,0.292,0.495,0.609,0.754
1.0,0.046,0.413,0.056,0.083,0.833,0.526,0.375,0.848,0.548,0.666,0.817,0.066,0.026,0.297,0.89,0.578,0.638,0.527,0.51,0.284,0.632,0.064,0.72,0.381,0.014,0.444,0.57,0.148,0.535,0.481,0.471,0.764,0.63,0.672,0.152,0.333,0.284,0.298,0.482,0.668
0.0,0.32,0.033,0.002,0.818,0.969,0.308,0.111,0.184,0.612,0.514,0.789,0.269,0.997,0.165,0.365,0.85,0.407,0.433,0.02,0.351,0.444,0.463,0.515,0.236,0.394,0.864,0.66,0.721,0.491,0.678,0.272,0.554,0.898,0.368,0.278,0.147,0.342,0.439,0.421,0.746
0.0,0.01,0.185,0.269,0.088,0.771,0.307,0.921,0.976,0.721,0.025,0.504,0.745,0.518,0.611,0.25,0.284,0.56,0.228,0.664,0.277,0.065,0.55,0.804,0.307,0.457,0.08,0.65,0.876,0.701,0.917,0.093,0.786,0.491,0.864,0.619,0.829,0.671,0.862,0.928,0.802
0.0,0.748,0.81,0.297,0.782,0.64,0.511,0.938,0.745,0.906,0.663,0.92,0.05,0.346,0.946,0.749,0.559,0.758,0.733,0.869,0.169,0.904,0.179,0.897,0.657,0.465,0.718,0.927,0.208,0.682,0.338,0.977,0.865,0.451,0.094,0.52,0.287,0.078,0.507,0.278,0.722
1.0,0.059,0.702,0.7,0.205,0.266,0.119,0.353,0.142,0.489,0.646,0.91,0.023,0.923,0.527,0.582,0.57,0.122,0.753,0.065,0.69,0.667,0.786,0.001,0.819,0.527,0.642,0.907,0.361,0.213,0.757,0.729,0.107,0.471,0.544,0.187,0.687,0.676,0.259,0.438,0.495
1.0,0.755,0.685,0.497,0.863,0.28,0.912,0.21,0.586,0.239,0.33,0.466,0.4,0.604,0.845,0.935,0.085,0.109,0.45,0.601,0.018,0.244,0.02,0.608,0.955,0.135,0.564,0.06,0.151,0.254,0.486,0.132,0.317,0.87,0.695,0.891,0.972,0.445,0.285,0.232,0.347
1.0,0.442,0.669,0.69,0.682,0.126,0.288,0.603,0.75,0.385,0.209,0.432,0.72,0.049,0.764,0.926,0.496,0.09,0.347,0.171,0.356,0.06,0.892,0.475,0.041,0.168,0.375,0.131,0.339,0.915,0.078,0.245,0.286,0.963,0.517,0.055,0.857,0.711,0.49,0.332,0.111
0.0,0.135,0.676,0.129,0.498,0.437,0.859,0.52,0.784,0.248,0.526,0.586,0.851,0.552,0.725,0.271,0.733,0.202,0.524,0.167,0.871,0.858,0.09,0.462,0.878,0.919,0.804,0.467,0.026,0.794,0.969,0.273,0.465,0.073,0.727,0.579,0.442,0.253,0.917,0.71,0.5
0.0,0.146,0.077,0.697,0.46,0.875,0.237,0.867,0.422,0.01,0.343,0.179,0.431,0.633,0.094,0.359,0.756,0.057,0.465,0.739,0.567,0.205,0.293,0.977,0.671,0.431,0.274,0.194,0.66,0.084,0.734,0.815,0.916,0.069,0.858,0.282,0.724,0.57,0.962,0.872,0.181
0.0,0.923,0.469,0.875,0.286,0.534,0.077,0.406,0.785,0.967,0.106,0.539,0.332,0.537,0.763,0.411,0.554,0.032,0.695,0.86,0.488,0.783,0.044,0.869,0.617,0.651,0.863,0.826,0.071,0.164,0.59,0.228,0.762,0.878,0.36,0.993,0.07,0.111,0.165,0.385,0.145
0.0,0.239,0.384,0.599,0.129,0.281,0.125,0.838,0.982,0.705,0.72,0.166,0.844,0.387,0.27,0.152,0.613,0.222,0.802,0.795,0.801,0.74,0.824,0.261,0.173,0.098,0.51,0.243,0.892,0.349,0.991,0.852,0.251,0.378,0.1,0.003,0.218,0.214,0.777,0.177,0.163
0.0,0.506,0.931,0.424,0.912,0.513,0.6,0.209,0.147,0.938,0.112,0.352,0.321,0.233,0.281,0.216,0.438,0.171,0.731,0.324,0.238,0.42,0.879,0.209,0.021,0.755,0.408,0.241,0.578,0.629,0.374,0.492,0.647,0.23,0.253,0.007,0.537,0.661,0.254,0.394,0.406
0.0,0.868,0.123,0.993,0.15,0.675,0.315,0.992,0.513,0.44,0.454,0.733,0.809,0.063,0.389,0.027,0.442,0.645,0.745,0.18,0.081,0.993,0.567,0.307,0.987,0.941,0.685,0.065,0.721,0.512,0.617,0.987,0.282,0.536,0.925,0.64,0.769,0.399,0.934,0.405,0.031
0.0,0.498,0.977,0.928,0.984,0.854,0.046,0.908,0.185,0.744,0.105,0.961,0.484,0.389,0.782,0.732,0.177,0.446,0.82,0.475,0.535,0.037,0.179,0.86,0.194,0.214,0.089,0.471,0.408,0.445,0.594,0.124,0.108,0.238,0.658,0.792,0.913,0.65,0.567,0.15,0.575
0.0,0.883,0.331,0.304,0.288,0.14,0.883,0.263,0.723,0.594,0.48,0.699,0.953,0.426,0.275,0.631,0.035,0.346,0.238,0.854,0.486,0.227,0.561,0.585,0.337,0.397,0.124,0.766,0.188,0.634,0.509,0.442,0.287,0.632,0.303,0.252,0.608,0.708,0.77,0.86,0.151
0.0,0.257,0.571,0.136,0.515,0.63,0.009,0.169,0.275,0.985,0.84,0.981,0.849,0.689,0.075,0.74,0.097,0.938,0.549,0.534,0.439,0.429,0.67,0.472,0.492,0.243,0.467,0.623,0.659,0.538,0.073,0.12,0.124,0.759,0.733,0.109,0.481,0.81,0.726,0.657,0.087
0.0,0.923,0.326,0.875,0.675,0.958,0.611,0.52,0.494,0.526,0.008,0.501,0.163,0.413,0.763,0.779,0.931,0.326,0.502,0.704,0.415,0.003,0.804,0.517,0.027,0.693,0.693,0.591,0.081,0.404,0.812,0.815,0.217,0.914,0.704,0.769,0.596,0.937,0.682,0.952,0.05
1.0,0.135,0.769,0.133,0.471,0.163,0.111,0.702,0.796,0.943,0.341,0.947,0.095,0.734,0.735,0.803,0.742,0.768,0.553,0.041,0.167,0.438,0.659,0.446,0.586,0.533,0.909,0.045,0.144,0.537,0.541,0.846,0.908,0.532,0.358,0.655,0.495,0.292,0.59,0.682,0.692
1.0,0.511,0.46,0.1,0.14,0.626,0.962,0.381,0.248,0.846,0.413,0.366,0.32,0.784,0.51,0.4,0.766,0.796,0.024,0.326,0.119,0.078,0.707,0.225,0.261,0.035,0.427,0.684,0.273,0.062,0.623,0.669,0.182,0.878,0.698,0.269,0.652,0.075,0.322,0.944,0.925
1.0,0.796,0.897,0.849,0.589,0.639,0.681,0.76,0.654,0.788,0.862,0.09,0.086,0.275,0.512,0.244,0.169,0.074,0.003,0.105,0.813,0.056,0.6,0.134,0.554,0.92,0.806,0.711,0.506,0.207,0.673,0.968,0.115,0.943,0.193,0.669,0.702,0.51,0.639,0.613,0.985
0.0,0.924,0.236,0.901,0.614,0.236,0.897,0.359,0.299,0.832,0.0,0.591,0.215,0.699,0.557,0.964,0.642,0.205,0.062,0.164,0.009,0.26,0.543,0.873,0.877,0.862,0.609,0.622,0.947,0.91,0.582,0.418,0.171,0.175,0.82,0.1,0.799,0.762,0.687,0.827,0.863
0.0,0.325,0.047,0.84,0.35,0.372,0.326,0.427,0.695,0.087,0.152,0.208,0.934,0.896,0.944,0.229,0.663,0.969,0.323,0.299,0.303,0.445,0.934,0.958,0.544,0.84,0.469,0.749,0.279,0.874,0.72,0.543,0.179,0.668,0.334,0.271,0.462,0.806,0.367,0.525,0.299
0.0,0.859,0.372,0.34,0.33,0.999,0.133,0.623,0.041,0.987,0.011,0.599,0.444,0.118,0.323,0.893,0.264,0.933,0.877,0.26,0.055,0.552,0.161,0.05,0.779,0.77,0.401,0.676,0.072,0.327,0.007,0.167,0.045,0.178,0.151,0.359,0.411,0.679,0.369,0.686,0.722
1.0,0.028,0.311,0.763,0.56,0.644,0.063,0.348,0.439,0.241,0.995,0.249,0.107,0.253,0.059,0.197,0.924,0.136,0.869,0.345,0.278,0.648,0.617,0.29,0.689,0.197,0.389,0.35,0.24,0.432,0.608,0.652,0.714,0.248,0.803,0.654,0.372,0.445,0.368,0.752,0.07
0.0,0.383,0.771,0.04,0.969,0.828,0.057,0.172,0.457,0.229,0.957,0.771,0.397,0.613,0.55,0.414,0.646,0.124,0.618,0.878,0.291,0.706,0.469,0.794,0.315,0.857,0.158,0.018,0.002,0.611,0.82,0.158,0.918,0.586,0.264,0.652,0.592,0.212,0.869,0.849,0.46
1.0,0.78,0.419,0.267,0.309,0.408,0.855,0.166,0.678,0.854,0.311,0.687,0.507,0.925,0.415,0.95,0.857,0.968,0.249,0.508,0.998,0.978,0.374,0.531,0.86,0.241,0.814,0.891,0.403,0.421,0.086,0.816,0.728,0.474,0.654,0.127,0.048,0.162,0.569,0.52,0.638
1.0,0.309,0.545,0.947,0.128,0.082,0.347,0.628,0.925,0.052,0.967,0.986,0.676,0.665,0.003,0.836,0.82,0.273,0.785,0.43,0.048,0.991,0.357,0.719,0.231,0.15,0.812,0.964,0.796,0.162,0.729,0.494,0.079,0.687,0.872,0.546,0.402,0.998,0.644,0.173,0.056
1.0,0.968,0.947,0.685,0.197,0.708,0.036,0.641,0.66,0.879,0.057,0.02,0.007,0.518,0.011,0.32,0.074,0.317,0.988,0.71,0.966,0.989,0.518,0.658,0.656,0.766,0.572,0.572,0.513,0.756,0.299,0.695,0.953,0.518,0.131,0.501,0.613,0.699,0.092,0.927,0.332
1.0,0.602,0.459,0.683,0.66,0.385,0.24,0.828,0.239,0.397,0.022,0.52,0.004,0.336,0.798,0.431,0.245,0.806,0.448,0.525,0.831,0.601,0.187,0.398,0.955,0.796,0.034,0.717,0.595,0.208,0.208,0.258,0.347,0.142,0.394,0.669,0.881,0.923,0.447,0.46,0.326
1.0,0.286,0.329,0.888,0.95,0.143,0.681,0.06,0.403,0.353,0.918,0.616,0.171,0.406,0.482,0.48,0.756,0.123,0.565,0.046,0.511,0.561,0.487,0.435,0.732,0.296,0.796,0.092,0.407,0.462,0.628,0.42,0.751,0.504,0.887,0.507,0.318,0.559,0.31,0.772,0.164
1.0,0.587,0.065,0.285,0.137,0.179,0.441,0.306,0.909,0.932,0.593,0.296,0.512,0.374,0.269,0.438,0.597,0.72,0.079,0.355,0.025,0.219,0.254,0.018,0.698,0.111,0.7,0.588,0.468,0.296,0.083,0.16,0.69,0.471,0.118,0.892,0.506,0.579,0.058,0.214,0.376
1.0,0.412,0.661,0.931,0.702,0.425,0.667,0.096,0.119,0.073,0.43,0.344,0.501,0.313,0.712,0.441,0.536,0.855,0.752,0.453,0.799,0.235,0.521,0.506,0.262,0.456,0.116,0.058,0.24,0.447,0.582,0.727,0.004,0.416,0.001,0.022,0.006,0.304,0.806,0.873,0.188
0.0,0.83,0.611,0.048,0.065,0.948,0.013,0.379,0.924,0.465,0.591,0.452,0.236,0.627,0.103,0.435,0.738,0.134,0.525,0.518,0.306,0.416,0.133,0.892,0.415,0.765,0.245,0.637,0.276,0.232,0.026,0.272,0.032,0.588,0.833,0.419,0.657,0.215,0.505,0.074,0.682
0.0,0.605,0.851,0.201,0.161,0.864,0.915,0.133,0.784,0.459,0.693,0.45,0.221,0.139,0.229,0.131,0.543,0.8,0.738,0.077,0.989,0.903,0.886,0.281,0.605,0.641,0.914,0.841,0.548,0.228,0.655,0.025,0.774,0.312,0.548,0.439,0.631,0.754,0.723,0.483,0.589
0.0,0.728,0.994,0.344,0.183,0.641,0.56,0.584,0.325,0.257,0.207,0.193,0.772,0.542,0.522,0.817,0.62,0.171,0.632,0.642,0.049,0.322,0.298,0.462,0.171,0.387,0.926,0.493,0.472,0.732,0.168,0.833,0.031,0.811,0.644,0.257,0.469,0.546,0.552,0.126,0.575
1.0,0.798,0.826,0.058,0.524,0.2,0.462,0.065,0.3,0.91,0.098,0.096,0.013,0.287,0.609,0.82,0.279,0.776,0.245,0.694,0.31,0.293,0.086,0.636,0.657,0.245,0.387,0.491,0.954,0.432,0.314,0.518,0.47,0.65,0.079,0.073,0.921,0.19,0.851,0.462,0.112
0.0,0.427,0.239,0.957,0.745,0.694,0.259,0.97,0.442,0.892,0.414,0.482,0.216,0.606,0.813,0.477,0.122,0.116,0.893,0.113,0.008,0.088,0.233,0.96,0.708,0.682,0.73,0.418,0.418,0.882,0.937,0.923,0.717,0.164,0.244,0.524,0.197,0.515,0.263,0.403,0.131
0.0,0.666,0.051,0.222,0.23,0.657,0.398,0.604,0.401,0.512,0.13,0.97,0.816,0.796,0.092,0.569,0.5,0.726,0.454,0.879,0.716,0.912,0.378,0.436,0.351,0.504,0.46,0.217,0.159,0.035,0.434,0.446,0.466,0.473,0.385,0.32,0.284,0.504,0.927,0.556,0.399
0.0,0.494,0.771,0.77,0.096,0.189,0.471,0.323,0.777,0.231,0.361,0.557,0.89,0.728,0.977,0.125,0.651,0.515,0.447,0.45,0.211,0.384,0.184,0.24,0.279,0.397,0.529,0.816,0.684,0.073,0.718,0.913,0.962,0.544,0.363,0.176,0.941,0.281,0.766,0.978,0.461
1.0,0.311,0.431,0.595,0.878,0.058,0.7,0.216,0.364,0.107,0.547,0.159,0.725,0.861,0.378,0.201,0.203,0.138,0.313,0.607,0.28,0.634,0.075,0.414,0.26,0.2,0.493,0.405,0.489,0.236,0.646,0.739,0.025,0.33,0.135,0.575,0.172,0.014,0.826,0.258,0.996
1.0,0.024,0.448,0.401,0.81,0.471,0.368,0.992,0.614,0.47,0.7,0.725,0.071,0.312,0.897,0.185,0.094,0.677,0.776,0.716,0.252,0.839,0.447,0.379,0.324,0.641,0.596,0.16,0.758,0.205,0.066,0.954,0.691,0.785,0.418,0.244,0.52,0.106,0.241,0.988,0.247
0.0,0.085,0.645,0.115,0.687,0.282,0.837,0.432,0.976,0.852,0.459,0.063,0.998,0.181,0.491,0.67,0.371,0.683,0.077,0.243,0.003,0.898,0.175,0.049,0.279,0.249,0.576,0.378,0.671,0.03,0.491,0.741,0.102,0.703,0.945,0.621,0.674,0.945,0.802,0.427,0.62
1.0,0.621,0.948,0.156,0.788,0.794,0.76,0.426,0.547,0.133,0.307,0.763,0.461,0.461,0.738,0.411,0.231,0.901,0.017,0.343,0.576,0.047,0.995,0.019,0.306,0.192,0.148,0.05,0.366,0.761,0.8,0.387,0.766,0.562,0.454,0.3,0.935,0.68,0.502,0.116,0.324
0.0,0.973,0.431,0.392,0.413,0.742,0.598,0.771,0.417,0.517,0.266,0.158,0.973,0.341,0.707,0.562,0.881,0.005,0.705,0.659,0.962,0.694,0.455,0.794,0.497,0.607,0.419,0.132,0.723,0.054,0.004,0.517,0.276,0.162,0.363,0.613,0.082,0.58,0.89,0.304,0.069
1.0,0.136,0.148,0.675,0.002,0.566,0.954,0.798,0.817,0.344,0.27,0.856,0.027,0.036,0.42,0.574,0.911,0.555,0.037,0.162,0.736,0.264,0.751,0.728,0.199,0.569,0.844,0.585,0.075,0.939,0.588,0.154,0.374,0.146,0.404,0.221,0.979,0.496,0.566,0.112,0.406
1.0,0.623,0.565,0.987,0.215,0.569,0.523,0.283,0.722,0.923,0.587,0.002,0.748,0.822,0.013,0.12,0.034,0.461,0.466,0.013,0.782,0.777,0.702,0.687,0.224,0.024,0.249,0.808,0.538,0.813,0.289,0.159,0.443,0.102,0.392,0.783,0.834,0.876,0.797,0.233,0.784
0.0,0.221,0.647,0.348,0.744,0.567,0.745,0.109,0.083,0.201,0.098,0.026,0.342,0.302,0.689,0.532,0.858,0.527,0.292,0.684,0.07,0.72,0.823,0.835,0.336,0.556,0.516,0.436,0.084,0.213,0.73,0.317,0.99,0.472,0.049,0.643,0.813,0.423,0.792,0.514,0.01
1.0,0.729,0.335,0.075,0.091,0.394,0.043,0.689,0.362,0.721,0.512,0.038,0.481,0.361,0.603,0.501,0.386,0.532,0.136,0.54,0.639,0.525,0.692,0.258,0.187,0.067,0.112,0.4,0.904,0.596,0.898,0.218,0.35,0.533,0.418,0.007,0.869,0.259,0.125,0.974,0.387
1.0,0.68,0.371,0.37,0.743,0.768,0.566,0.564,0.908,0.101,0.089,0.774,0.484,0.735,0.749,0.307,0.706,0.96,0.123,0.756,0.671,0.931,0.778,0.52,0.997,0.611,0.065,0.062,0.731,0.26,0.521,0.912,0.614,0.0,0.387,0.748,0.845,0.92,0.662,0.163,0.536
0.0,0.85,0.872,0.319,0.795,0.863,0.342,0.026,0.106,0.552,0.779,0.776,0.292,0.797,0.932,0.811,0.837,0.667,0.265,0.391,0.115,0.131,0.658,0.019,0.81,0.346,0.604,0.251,0.847,0.999,0.733,0.524,0.213,0.223,0.032,0.492,0.932,0.354,0.653,0.788,0.564
1.0,0.824,0.697,0.393,0.722,0.297,0.948,0.795,0.052,0.891,0.365,0.695,0.763,0.273,0.534,0.034,0.313,0.37,0.48,0.882,0.605,0.452,0.086,0.462,0.083,0.354,0.4,0.223,0.236,0.713,0.896,0.183,0.768,0.876,0.517,0.945,0.404,0.103,0.425,0.449,0.025
1.0,0.764,0.319,0.632,0.17,0.784,0.526,0.766,0.024,0.46,0.21,0.073,0.633,0.555,0.643,0.878,0.385,0.741,0.948,0.016,0.226,0.838,0.216,0.471,0.695,0.725,0.482,0.406,0.188,0.823,0.717,0.759,0.637,0.31,0.177,0.215,0.824,0.754,0.765,0.277,0.388
0.0,0.0,0.091,0.87,0.238,0.004,0.994,0.535,0.895,0.973,0.648,0.534,0.895,0.313,0.389,0.251,0.673,0.464,0.591,0.28,0.312,0.593,0.768,0.215,0.844,0.834,0.27,0.708,0.656,0.782,0.146,0.765,0.04,0.772,0.873,0.245,0.811,0.007,0.412,0.921,0.489
1.0,0.016,0.418,0.124,0.538,0.462,0.439,0.796,0.709,0.344,0.646,0.825,0.107,0.211,0.505,0.981,0.167,0.304,0.396,0.527,0.999,0.271,0.891,0.074,0.482,0.121,0.105,0.582,0.358,0.591,0.988,0.959,0.722,0.543,0.855,0.278,0.106,0.332,0.383,0.247,0.462
1.0,0.842,0.868,0.262,0.474,0.549,0.071,0.994,0.668,0.472,0.831,0.827,0.627,0.286,0.926,0.681,0.019,0.013,0.189,0.922,0.241,0.178,0.183,0.456,0.563,0.53,0.249,0.352,0.957,0.45,0.907,0.155,0.437,0.492,0.339,0.532,0.21,0.03,0.057,0.33,0.242
0.0,0.562,0.946,0.943,0.064,0.965,0.374,0.931,0.93,0.625,0.515,0.343,0.022,0.313,0.838,0.521,0.418,0.659,0.784,0.001,0.076,0.214,0.116,0.582,0.583,0.242,0.119,0.406,0.598,0.818,0.233,0.103,0.681,0.474,0.509,0.548,0.724,0.96,0.017,0.86,0.984
1.0,0.165,0.163,0.614,0.587,0.754,0.112,0.878,0.297,0.787,0.606,0.046,0.678,0.521,0.766,0.97,0.963,0.028,0.347,0.41,0.464,0.409,0.922,0.699,0.632,0.242,0.513,0.463,0.518,0.621,0.708,0.251,0.9,0.898,0.831,0.704,0.204,0.027,0.556,0.38,0.299
1.0,0.268,0.075,0.11,0.932,0.793,0.497,0.838,0.747,0.354,0.023,0.354,0.174,0.37,0.647,0.102,0.337,0.727,0.878,0.352,0.552,0.284,0.372,0.161,0.474,0.528,0.115,0.666,0.697,0.127,0.335,0.222,0.058,0.029,0.31,0.827,0.623,0.276,0.411,0.138,0.992
1.0,0.004,0.13,0.334,0.645,0.723,0.067,0.768,0.746,0.991,0.893,0.676,0.452,0.172,0.889,0.735,0.387,0.887,0.878,0.225,0.253,0.254,0.266,0.697,0.159,0.98,0.764,0.444,0.136,0.139,0.517,0.885,0.251,0.911,0.873,0.17,0.95,0.298,0.822,0.964,0.396
1.0,0.867,0.755,0.715,0.556,0.626,0.149,0.161,0.456,0.402,0.274,0.252,0.203,0.385,0.853,0.323,0.628,0.887,0.21,0.8,0.89,0.541,0.869,0.705,0.71,0.873,0.514,0.489,0.031,0.723,0.516,0.756,0.274,0.352,0.505,0.591,0.099,0.461,0.377,0.059,0.314
1.0,0.129,0.081,0.591,0.276,0.441,0.988,0.422,0.808,0.095,0.426,0.48,0.404,0.974,0.497,0.239,0.314,0.602,0.28,0.655,0.697,0.213,0.083,0.752,0.784,0.806,0.226,0.591,0.118,0.396,0.216,0.959,0.266,0.911,0.546,0.141,0.917,0.252,0.954,0.669,0.221
1.0,0.144,0.996,0.744,0.847,0.323,0.134,0.154,0.755,0.644,0.01,0.175,0.345,0.559,0.864,0.757,0.474,0.292,0.201,0.796,0.588,0.682,0.188,0.774,0.1,0.831,0.173,0.948,0.259,0.198,0.907,0.19,0.803,0.419,0.564,0.149,0.549,0.574,0.075,0.717,0.611
0.0,0.116,0.072,0.72,0.499,0.886,0.302,0.254,0.21,0.156,0.579,0.923,0.994,0.419,0.848,0.731,0.644,0.673,0.945,0.192,0.628,0.859,0.682,0.541,0.502,0.251,0.085,0.792,0.139,0.656,0.281,0.129,0.575,0.568,0.568,0.669,0.013,0.722,0.542,0.647,0.006
0.0,0.646,0.179,0.022,0.42,0.454,0.236,0.228,0.172,0.617,0.214,0.711,0.581,0.498,0.92,0.692,0.614,0.259,0.451,0.949,0.876,0.521,0.844,0.87,0.758,0.156,0.545,0.874,0.472,0.519,0.921,0.92,0.29,0.777,0.273,0.903,0.225,0.466,0.576,0.535,0.625
0.0,0.804,0.217,0.26,0.886,0.622,0.616,0.26,0.729,0.359,0.452,0.533,0.75,0.994,0.76,0.661,0.966,0.785,0.574,0.939,0.961,0.401,0.571,0.799,0.687,0.488,0.564,0.903,0.222,0.16,0.161,0.032,0.951,0.096,0.397,0.488,0.018,0.747,0.657,0.639,0.475
0.0,0.629,0.854,0.239,0.883,0.87,0.94,0.249,0.24,0.169,0.63,0.646,0.628,0.571,0.963,0.436,0.244,0.854,0.402,0.765,0.455,0.57,0.447,0.373,0.094,0.196,0.601,0.551,0.239,0.619,0.241,0.386,0.043,0.973,0.965,0.401,0.114,0.07,0.311,0.791,0.815
1.0,0.335,0.278,0.246,0.455,0.231,0.58,0.851,0.059,0.921,0.16,0.837,0.976,0.092,0.83,0.989,0.363,0.464,0.039,0.46,0.319,0.48,0.318,0.908,0.942,0.635,0.203,0.73,0.186,0.966,0.652,0.372,0.044,0.27,0.104,0.217,0.53,0.888,0.179,0.179,0.557
1.0,0.828,0.247,0.015,0.914,0.628,0.01,0.848,0.215,0.737,0.01,0.545,0.536,0.296,0.139,0.215,0.654,0.275,0.405,0.971,0.51,0.468,0.065,0.764,0.258,0.675,0.905,0.249,0.826,0.306,0.329,0.68,0.31,0.964,0.525,0.652,0.917,0.752,0.993,0.279,0.106
1.0,0.333,0.472,0.718,0.605,0.303,0.949,0.703,0.587,0.872,0.911,0.62,0.567,0.08,0.054,0.088,0.776,0.433,0.245,0.595,0.701,0.001,0.14,0.223,0.508,0.515,0.259,0.087,0.946,0.348,0.484,0.571,0.53,0.897,0.912,0.45,0.156,0.129,0.089,0.529,0.889
0.0,0.509,0.997,0.278,0.048,0.842,0.528,0.668,0.328,0.003,0.947,0.587,0.802,0.287,0.116,0.609,0.668,0.47,0.559,0.549,0.508,0.406,0.309,0.829,0.403,0.352,0.508,0.681,0.302,0.097,0.423,0.351,0.738,0.449,0.487,0.705,0.654,0.144,0.517,0.194,0.016
1.0,0.013,0.31,0.407,0.605,0.094,0.931,0.696,0.742,0.77,0.467,0.344,0.288,0.325,0.856,0.159,0.5,0.931,0.027,0.541,0.532,0.782,0.016,0.189,0.873,0.337,0.815,0.813,0.893,0.6,0.326,0.94,0.489,0.976,0.636,0.505,0.665,0.038,0.989,0.25,0.055
1.0,0.13,0.487,0.871,0.682,0.551,0.542,0.8,0.78,0.299,0.84,0.292,0.554,0.577,0.963,0.795,0.36,0.987,0.77,0.281,0.647,0.309,0.924,0.166,0.713,0.501,0.736,0.697,0.864,0.362,0.804,0.117,0.187,0.576,0.778,0.039,0.508,0.966,0.776,0.724,0.707
0.0,0.375,0.545,0.379,0.165,0.237,0.53,0.803,0.575,0.063,0.021,0.911,0.235,0.724,0.416,0.804,0.49,0.911,0.067,0.1,0.293,0.846,0.938,0.852,0.388,0.228,0.536,0.064,0.294,0.789,0.957,0.913,0.104,0.525,0.079,0.204,0.856,0.634,0.945,0.756,0.08
1.0,0.469,0.263,0.817,0.612,0.177,0.987,0.666,0.88,0.241,0.978,0.249,0.131,0.895,0.635,0.735,0.951,0.03,0.393,0.84,0.464,0.011,0.93,0.098,0.383,0.021,0.935,0.238,0.947,0.717,0.778,0.3,0.227,0.478,0.761,0.808,0.688,0.178,0.456,0.237,0.998
1.0,0.752,0.43,0.564,0.091,0.684,0.898,0.827,0.768,0.789,0.11,0.333,0.561,0.269,0.555,0.776,0.517,0.902,0.75,0.943,0.978,0.366,0.941,0.633,0.2,0.401,0.049,0.61,0.673,0.256,0.471,0.449,0.936,0.679,0.87,0.238,0.521,0.223,0.442,0.036,0.868
0.0,0.699,0.572,0.937,0.02,0.252,0.909,0.847,0.753,0.23,0.208,0.23,0.184,0.391,0.792,0.665,0.134,0.15,0.435,0.749,0.775,0.49,0.807,0.978,0.983,0.772,0.537,0.931,0.453,0.273,0.688,0.923,0.581,0.487,0.992,0.57,0.239,0.2,0.002,0.977,0.232
1.0,0.765,0.497,0.737,0.131,0.823,0.196,0.637,0.866,0.161,0.199,0.773,0.692,0.306,0.248,0.909,0.932,0.632,0.752,0.366,0.471,0.257,0.916,0.086,0.271,0.561,0.083,0.479,0.128,0.078,0.525,0.666,0.504,0.09,0.978,0.318,0.397,0.846,0.853,0.818,0.41
1.0,0.466,0.295,0.056,0.44,0.442,0.584,0.272,0.897,0.959,0.211,0.581,0.78,0.341,0.374,0.194,0.569,0.565,0.519,0.768,0.23,0.939,0.339,0.18,0.079,0.227,0.899,0.975,0.192,0.585,0.329,0.527,0.163,0.863,0.442,0.618,0.669,0.461,0.634,0.11,0.243
0.0,0.903,0.887,0.47,0.979,0.924,0.229,0.03,0.232,0.669,0.707,0.955,0.293,0.648,0.986,0.919,0.576,0.256,0.07,0.035,0.464,0.172,0.773,0.353,0.825,0.141,0.716,0.361,0.828,0.204,0.889,0.479,0.895,0.543,0.837,0.744,0.71,0.726,0.73,0.384,0.419
0.0,0.5,0.323,0.83,0.621,0.443,0.413,0.28,0.891,0.984,0.046,0.64,0.395,0.908,0.427,0.039,0.603,0.187,0.66,0.308,0.982,0.513,0.633,0.875,0.026,0.013,0.401,0.183,0.969,0.413,0.259,0.794,0.768,0.734,0.999,0.176,0.671,0.79,0.578,0.204,0.571
1.0,0.273,0.382,0.128,0.929,0.811,0.93,0.502,0.224,0.285,0.546,0.968,0.222,0.02,0.098,0.165,0.585,0.038,0.083,0.72,0.796,0.109,0.848,0.425,0.507,0.675,0.323,0.143,0.319,0.739,0.954,0.821,0.443,0.516,0.341,0.566,0.031,0.993,0.352,0.335,0.494
0.0,0.025,0.14,0.696,0.464,0.121,0.993,0.13,0.061,0.066,0.9,0.178,0.232,0.643,0.249,0.208,0.758,0.843,0.133,0.274,0.736,0.412,0.215,0.93,0.203,0.113,0.941,0.675,0.694,0.218,0.172,0.963,0.29,0.752,0.103,0.947,0.021,0.688,0.612,0.652,0.354
0.0,0.168,0.908,0.037,0.494,0.261,0.312,0.827,0.026,0.507,0.216,0.06,0.799,0.672,0.418,0.594,0.045,0.574,0.023,0.528,0.574,0.515,0.152,0.623,0.717,0.595,0.581,0.083,0.121,0.324,0.368,0.387,0.344,0.365,0.53,0.635,0.984,0.523,0.148,0.257,0.039
1.0,0.648,0.634,0.059,0.423,0.396,0.454,0.007,0.077,0.863,0.98,0.375,0.735,0.945,0.747,0.027,0.017,0.878,0.178,0.135,0.748,0.855,0.062,0.778,0.306,0.475,0.435,0.758,0.682,0.812,0.093,0.451,0.034,0.938,0.575,0.224,0.124,0.832,0.494,0.728,0.898
1.0,0.043,0.251,0.339,0.899,0.608,0.986,0.992,0.044,0.832,0.646,0.298,0.631,0.499,0.012,0.363,0.84,0.894,0.017,0.946,0.733,0.886,0.425,0.21,0.667,0.4,0.813,0.312,0.362,0.577,0.706,0.347,0.133,0.132,0.541,0.648,0.203,0.766,0.05,0.953,0.247
1.0,0.842,0.734,0.047,0.223,0.067,0.5,0.69,0.118,0.402,0.665,0.011,0.023,0.02,0.079,0.656,0.33,0.263,0.196,0.026,0.309,0.509,0.474,0.23,0.391,0.017,0.453,0.312,0.512,0.171,0.541,0.261,0.713,0.463,0.293,0.429,0.407,0.774,0.623,0.132,0.271
0.0,0.626,0.494,0.961,0.488,0.728,0.613,0.88,0.783,0.825,0.375,0.656,0.202,0.303,0.387,0.858,0.788,0.011,0.944,0.184,0.223,0.513,0.354,0.839,0.286,0.324,0.579,0.131,0.015,0.096,0.641,0.619,0.999,0.132,0.568,0.196,0.358,0.944,0.374,0.007,0.001
0.0,0.318,0.836,0.021,0.008,0.366,0.173,0.548,0.115,0.28,0.454,0.238,0.985,0.124,0.815,0.192,0.923,0.581,0.564,0.073,0.242,0.674,0.297,0.149,0.797,0.928,0.381,0.961,0.398,0.787,0.036,0.718,0.134,0.854,0.97,0.23,0.653,0.687,0.261,0.082,0.314
1.0,0.859,0.001,0.694,0.229,0.486,0.264,0.688,0.222,0.113,0.004,0.364,0.269,0.782,0.099,0.3,0.108,0.817,0.038,0.783,0.823,0.623,0.313,0.301,0.87,0.307,0.385,0.143,0.699,0.675,0.45,0.162,0.365,0.846,0.487,0.388,0.38,0.539,0.119,0.073,0.579
0.0,0.117,0.873,0.382,0.396,0.937,0.97,0.373,0.903,0.818,0.15,0.622,0.336,0.87,0.136,0.594,0.662,0.449,0.554,0.071,0.845,0.353,0.352,0.789,0.269,0.054,0.306,0.03,0.397,0.78,0.067,0.022,0.218,0.127,0.411,0.148,0.152,0.534,0.068,0.25,0.603
1.0,0.28,0.017,0.702,0.419,0.2,0.424,0.047,0.602,0.034,0.163,0.006,0.769,0.766,0.748,0.919,0.678,0.712,0.713,0.183,0.189,0.845,0.427,0.7,0.252,0.103,0.961,0.199,0.367,0.389,0.982,0.606,0.727,0.088,0.403,0.438,0.97,0.3,0.346,0.253,0.174
0.0,0.75,0.006,0.255,0.295,0.461,0.704,0.108,0.283,0.223,0.907,0.274,0.2,0.086,0.503,0.163,0.582,0.397,0.577,0.001,0.784,0.437,0.281,0.861,0.622,0.46,0.906,0.979,0.875,0.638,0.551,0.756,0.172,0.563,0.145,0.02,0.032,0.934,0.016,0.245,0.796
0.0,0.31,0.246,0.538,0.82,0.073,0.569,0.849,0.589,0.756,0.639,0.06,0.053,0.483,0.962,0.693,0.878,0.048,0.371,0.978,0.601,0.962,0.476,0.214,0.267,0.992,0.861,0.262,0.438,0.003,0.664,0.987,0.032,0.959,0.876,0.359,0.618,0.138,0.826,0.395,0.972
1.0,0.759,0.654,0.669,0.07,0.754,0.321,0.043,0.976,0.397,0.188,0.206,0.543,0.109,0.412,0.375,0.502,0.954,0.496,0.561,0.127,0.184,0.322,0.214,0.942,0.858,0.582,0.771,0.131,0.766,0.595,0.957,0.123,0.018,0.436,0.167,0.038,0.625,0.184,0.112,0.367
0.0,0.654,0.09,0.991,0.766,0.59,0.878,0.607,0.32,0.542,0.973,0.276,0.707,0.375,0.862,0.571,0.767,0.016,0.503,0.821,0.416,0.31,0.052,0.815,0.127,0.43,0.628,0.657,0.983,0.312,0.678,0.687,0.548,0.265,0.104,0.471,0.083,0.549,0.978,0.921,0.694
0.0,0.323,0.077,0.313,0.397,0.861,0.147,0.928,0.816,0.066,0.99,0.341,0.204,0.926,0.91,0.078,0.274,0.893,0.034,0.854,0.166,0.356,0.024,0.266,0.689,0.061,0.768,0.954,0.294,0.49,0.177,0.888,0.324,0.333,0.061,0.168,0.885,0.071,0.083,0.25,0.2
1.0,0.055,0.565,0.271,0.136,0.405,0.603,0.765,0.485,0.344,0.448,0.611,0.719,0.507,0.546,0.609,0.291,0.081,0.647,0.315,0.695,0.064,0.023,0.346,0.876,0.264,0.971,0.796,0.299,0.327,0.138,0.131,0.502,0.209,0.876,0.524,0.189,0.746,0.989,0.488,0.678
0.0,0.487,0.263,0.172,0.513,0.963,0.503,0.814,0.156,0.924,0.834,0.626,0.555,0.321,0.851,0.547,0.076,0.502,0.195,0.467,0.46,0.216,0.879,0.654,0.061,0.371,0.775,0.247,0.683,0.56,0.78,0.648,0.787,0.958,0.203,0.879,0.918,0.101,0.177,0.325,0.018
1.0,0.093,0.946,0.222,0.793,0.885,0.367,0.756,0.559,0.733,0.859,0.716,0.352,0.165,0.995,0.806,0.445,0.654,0.703,0.646,0.29,0.488,0.636,0.03,0.23,0.985,0.164,0.23,0.31,0.505,0.679,0.481,0.094,0.061,0.211,0.789,0.579,0.926,0.24,0.727,0.971
1.0,0.751,0.212,0.205,0.542,0.176,0.438,0.048,0.063,0.952,0.323,0.325,0.152,0.346,0.207,0.467,0.831,0.987,0.321,0.458,0.696,0.351,0.642,0.053,0.246,0.675,0.627,0.103,0.148,0.321,0.307,0.235,0.514,0.343,0.823,0.487,0.97,0.618,0.732,0.819,0.554
0.0,0.759,0.944,0.096,0.809,0.27,0.993,0.584,0.784,0.538,0.774,0.79,0.833,0.746,0.131,0.463,0.2,0.9,0.187,0.901,0.279,0.878,0.628,0.019,0.091,0.531,0.742,0.073,0.183,0.24,0.614,0.033,0.633,0.721,0.142,0.583,0.909,0.817,0.799,0.308,0.051
0.0,0.006,0.582,0.637,0.495,0.596,0.242,0.277,0.506,0.663,0.761,0.196,0.755,0.392,0.225,0.085,0.745,0.881,0.311,0.41,0.443,0.559,0.127,0.108,0.152,0.469,0.923,0.308,0.208,0.328,0.067,0.331,0.3,0.7,0.593,0.071,0.363,0.655,0.624,0.48,0.897
1.0,0.308,0.469,0.726,0.815,0.804,0.032,0.319,0.475,0.251,0.79,0.9,0.234,0.646,0.032,0.42,0.019,0.22,0.109,0.257,0.006,0.552,0.454,0.551,0.813,0.546,0.196,0.195,0.241,0.327,0.621,0.211,0.489,0.331,0.924,0.445,0.267,0.633,0.774,0.686,0.802
1.0,0.018,0.55,0.586,0.805,0.277,0.903,0.396,0.423,0.738,0.128,0.254,0.446,0.346,0.305,0.15,0.383,0.383,0.243,0.592,0.571,0.344,0.892,0.26,0.599,0.755,0.621,0.49,0.046,0.18,0.018,0.515,0.222,0.708,0.213,0.986,0.912,0.48,0.014,0.479,0.693
0.0,0.719,0.664,0.061,0.411,0.496,0.546,0.076,0.101,0.008,0.347,0.211,0.866,0.059,0.436,0.789,0.025,0.917,0.208,0.597,0.76,0.542,0.287,0.665,0.099,0.54,0.58,0.041,0.225,0.26,0.169,0.588,0.777,0.595,0.557,0.663,0.276,0.345,0.544,0.012,0.332
0.0,0.891,0.45,0.314,0.624,0.853,0.485,0.584,0.005,0.542,0.627,0.292,0.892,0.255,0.149,0.965,0.044,0.748,0.351,0.805,0.972,0.545,0.502,0.871,0.712,0.158,0.829,0.194,0.278,0.686,0.603,0.348,0.406,0.903,0.632,0.163,0.528,0.264,0.043,0.746,0.019
0.0,0.255,0.377,0.661,0.103,0.163,0.426,0.08,0.048,0.034,0.295,0.278,0.923,0.757,0.54,0.439,0.465,0.171,0.015,0.755,0.733,0.644,0.05,0.451,0.126,0.725,0.487,0.2,0.837,0.408,0.771,0.98,0.329,0.413,0.862,0.037,0.813,0.301,0.228,0.548,0.81
1.0,0.96,0.234,0.337,0.993,0.616,0.967,0.026,0.115,0.137,0.566,0.642,0.409,0.144,0.107,0.491,0.865,0.65,0.369,0.709,0.911,0.765,0.697,0.635,0.339,0.545,0.921,0.03,0.378,0.372,0.953,0.421,0.836,0.704,0.64,0.725,0.309,0.301,0.842,0.655,0.637
1.0,0.941,0.0,0.671,0.374,0.537,0.81,0.218,0.064,0.251,0.617,0.594,0.235,0.367,0.843,0.675,0.468,0.493,0.724,0.585,0.296,0.345,0.7,0.683,0.144,0.267,0.277,0.086,0.002,0.96,0.627,0.186,0.677,0.027,0.243,0.753,0.112,0.206,0.066,0.746,0.987
1.0,0.403,0.413,0.114,0.181,0.333,0.011,0.168,0.945,0.671,0.698,0.744,0.193,0.563,0.201,0.981,0.312,0.551,0.474,0.458,0.109,0.906,0.367,0.316,0.79,0.758,0.813,0.556,0.458,0.925,0.626,0.068,0.903,0.593,0.671,0.213,0.758,0.558,0.362,0.724,0.832
1.0,0.346,0.026,0.239,0.83,0.645,0.554,0.502,0.286,0.435,0.323,0.825,0.455,0.113,0.736,0.193,0.405,0.047,0.007,0.017,0.286,0.932,0.693,0.227,0.217,0.246,0.738,0.814,0.374,0.965,0.087,0.475,0.628,0.623,0.924,0.132,0.131,0.443,0.232,0.215,0.812
1.0,0.347,0.246,0.141,0.068,0.326,0.387,0.039,0.404,0.52,0.887,0.412,0.586,0.37,0.742,0.291,0.762,0.517,0.956,0.545,0.538,0.639,0.932,0.747,0.278,0.429,0.814,0.573,0.848,0.995,0.953,0.499,0.026,0.177,0.188,0.618,0.123,0.332,0.594,0.145,0.051
0.0,0.61,0.757,0.141,0.318,0.763,0.567,0.254,0.199,0.597,0.404,0.824,0.905,0.461,0.939,0.745,0.724,0.308,0.47,0.919,0.623,0.388,0.811,0.212,0.305,0.785,0.872,0.087,0.894,0.174,0.054,0.123,0.537,0.364,0.565,0.725,0.696,0.495,0.386,0.612,0.077
0.0,0.022,0.239,0.732,0.377,0.931,0.204,0.744,0.676,0.698,0.998,0.251,0.779,0.151,0.395,0.752,0.061,0.714,0.346,0.309,0.41,0.425,0.564,0.384,0.465,0.482,0.064,0.933,0.597,0.94,0.132,0.787,0.385,0.594,0.721,0.484,0.137,0.934,0.166,0.581,0.395
0.0,0.053,0.901,0.392,0.567,0.034,0.127,0.904,0.731,0.511,0.383,0.91,0.358,0.145,0.431,0.292,0.486,0.013,0.906,0.155,0.426,0.909,0.653,0.803,0.299,0.083,0.793,0.984,0.413,0.998,0.057,0.473,0.45,0.933,0.258,0.827,0.546,0.243,0.449,0.791,0.896
0.0,0.336,0.265,0.554,0.121,0.912,0.425,0.176,0.047,0.253,0.199,0.457,0.903,0.061,0.159,0.066,0.62,0.662,0.57,0.131,0.486,0.168,0.74,0.646,0.095,0.841,0.28,0.59,0.709,0.846,0.815,0.749,0.192,0.657,0.359,0.299,0.037,0.638,0.002,0.859,0.906
0.0,0.098,0.364,0.482,0.928,0.718,0.285,0.632,0.992,0.592,0.636,0.844,0.277,0.047,0.193,0.266,0.778,0.607,0.275,0.775,0.552,0.962,0.245,0.321,0.499,0.072,0.908,0.67,0.477,0.478,0.733,0.674,0.702,0.112,0.952,0.115,0.068,0.214,0.979,0.96,0.359
1.0,0.869,0.201,0.337,0.819,0.538,0.398,0.267,0.095,0.153,0.063,0.809,0.123,0.343,0.878,0.408,0.946,0.086,0.721,0.18,0.834,0.999,0.647,0.261,0.882,0.502,0.246,0.223,0.214,0.666,0.71,0.388,0.634,0.171,0.967,0.443,0.14,0.319,0.957,0.406,0.566
1.0,0.016,0.227,0.04,0.067,0.804,0.345,0.667,0.866,0.2,0.717,0.437,0.327,0.013,0.093,0.803,0.342,0.85,0.775,0.231,0.429,0.845,0.919,0.759,0.197,0.665,0.531,0.068,0.162,0.316,0.946,0.488,0.732,0.671,0.962,0.805,0.964,0.169,0.7,0.362,0.815
0.0,0.845,0.849,0.245,0.333,0.473,0.73,0.733,0.845,0.679,0.142,0.374,0.243,0.495,0.168,0.566,0.944,0.798,0.033,0.545,0.047,0.102,0.489,0.949,0.042,0.31,0.83,0.425,0.563,0.174,0.088,0.607,0.176,0.514,0.617,0.45,0.036,0.441,0.256,0.852,0.698
1.0,0.348,0.022,0.533,0.592,0.939,0.729,0.699,0.518,0.378,0.148,0.459,0.056,0.367,0.569,0.188,0.558,0.977,0.535,0.445,0.268,0.617,0.646,0.728,0.931,0.211,0.42,0.756,0.492,0.141,0.635,0.855,0.428,0.849,0.42,0.506,0.073,0.758,0.025,0.631,0.456
0.0,0.322,0.191,0.327,0.182,0.636,0.372,0.212,0.631,0.895,0.7,0.784,0.968,0.74,0.499,0.997,0.815,0.521,0.632,0.004,0.718,0.645,0.456,0.773,0.389,0.086,0.034,0.921,0.856,0.444,0.84,0.054,0.1,0.634,0.265,0.593,0.26,0.684,0.116,0.913,0.324
0.0,0.823,0.036,0.715,0.189,0.11,0.921,0.156,0.75,0.064,0.604,0.93,0.591,0.138,0.372,0.672,0.13,0.868,0.844,0.154,0.713,0.287,0.772,0.985,0.965,0.671,0.618,0.054,0.648,0.847,0.023,0.357,0.862,0.345,0.245,0.227,0.193,0.748,0.741,0.663,0.254
0.0,0.184,0.913,0.028,0.58,0.145,0.964,0.765,0.793,0.292,0.124,0.496,0.823,0.347,0.185,0.155,0.982,0.748,0.333,0.482,0.077,0.118,0.223,0.273,0.864,0.595,0.42,0.873,0.204,0.275,0.116,0.7,0.18,0.922,0.067,0.323,0.184,0.98,0.918,0.488,0.12
1.0,0.523,0.874,0.554,0.786,0.006,0.923,0.787,0.378,0.75,0.415,0.728,0.532,0.104,0.298,0.004,0.972,0.485,0.995,0.113,0.57,0.221,0.422,0.068,0.546,0.186,0.748,0.785,0.791,0.59,0.917,0.601,0.58,0.378,0.08,0.652,0.859,0.996,0.181,0.581,0.142
1.0,0.777,0.075,0.714,0.622,0.832,0.941,0.221,0.75,0.42,0.628,0.519,0.577,0.298,0.332,0.521,0.341,0.858,0.72,0.478,0.75,0.203,0.551,0.019,0.773,0.742,0.359,0.106,0.229,0.559,0.278,0.585,0.37,0.348,0.555,0.572,0.083,0.586,0.715,0.886,0.608
0.0,0.283,0.993,0.319,0.395,0.863,0.755,0.403,0.559,0.652,0.87,0.96,0.092,0.028,0.983,0.792,0.984,0.757,0.063,0.623,0.408,0.743,0.245,0.892,0.566,0.546,0.912,0.368,0.001,0.756,0.163,0.236,0.184,0.243,0.422,0.528,0.784,0.324,0.347,0.844,0.873
0.0,0.7,0.584,0.609,0.041,0.891,0.749,0.605,0.311,0.349,0.167,0.405,0.894,0.907,0.687,0.788,0.982,0.038,0.235,0.064,0.338,0.912,0.8,0.811,0.787,0.25,0.336,0.104,0.068,0.951,0.038,0.738,0.064,0.471,0.887,0.489,0.942,0.586,0.528,0.511,0.535
1.0,0.578,0.298,0.372,0.299,0.076,0.148,0.988,0.763,0.488,0.113,0.415,0.321,0.803,0.507,0.159,0.824,0.458,0.649,0.326,0.493,0.969,0.553,0.752,0.085,0.099,0.276,0.011,0.917,0.332,0.193,0.805,0.966,0.496,0.441,0.595,0.732,0.987,0.353,0.94,0.342
1.0,0.185,0.506,0.499,0.754,0.746,0.409,0.784,0.154,0.329,0.674,0.999,0.183,0.321,0.633,0.404,0.133,0.401,0.266,0.936,0.787,0.876,0.51,0.197,0.534,0.302,0.848,0.01,0.449,0.011,0.136,0.547,0.836,0.815,0.806,0.334,0.934,0.584,0.038,0.192,0.945
1.0,0.787,0.091,0.713,0.623,0.555,0.451,0.456,0.184,0.737,0.121,0.874,0.255,0.376,0.631,0.859,0.809,0.136,0.654,0.42,0.125,0.641,0.623,0.43,0.011,0.769,0.814,0.487,0.157,0.114,0.539,0.286,0.442,0.23,0.802,0.7,0.529,0.622,0.505,0.351,0.074
1.0,0.637,0.65,0.732,0.43,0.217,0.641,0.403,0.907,0.721,0.807,0.297,0.06,0.659,0.776,0.853,0.545,0.556,0.228,0.879,0.965,0.792,0.093,0.358,0.613,0.103,0.487,0.716,0.03,0.612,0.758,0.694,0.502,0.72,0.527,0.821,0.44,0.809,0.507,0.524,0.534
1.0,0.174,0.401,0.51,0.5,0.694,0.232,0.641,0.753,0.976,0.897,0.104,0.522,0.039,0.471,0.522,0.067,0.522,0.804,0.865,0.805,0.403,0.188,0.393,0.242,0.875,0.781,0.327,0.682,0.17,0.182,0.225,0.137,0.978,0.491,0.164,0.288,0.115,0.646,0.23,0.534
0.0,0.937,0.502,0.419,0.033,0.304,0.444,0.658,0.827,0.561,0.433,0.716,0.869,0.996,0.232,0.637,0.279,0.504,0.899,0.311,0.787,0.162,0.112,0.216,0.439,0.638,0.435,0.914,0.45,0.684,0.993,0.434,0.016,0.57,0.625,0.46,0.446,0.697,0.282,0.607,0.662
1.0,0.797,0.972,0.834,0.355,0.201,0.889,0.513,0.108,0.383,0.646,0.734,0.212,0.017,0.928,0.801,0.855,0.817,0.915,0.419,0.795,0.244,0.464,0.641,0.375,0.715,0.626,0.833,0.747,0.276,0.099,0.631,0.795,0.708,0.73,0.841,0.166,0.351,0.648,0.013,0.594
0.0,0.485,0.232,0.429,0.003,0.826,0.077,0.058,0.716,0.25,0.088,0.21,0.857,0.064,0.119,0.201,0.256,0.903,0.097,0.27,0.566,0.312,0.199,0.02,0.805,0.264,0.245,0.168,0.943,0.493,0.439,0.021,0.404,0.048,0.028,0.904,0.767,0.593,0.162,0.645,0.719
0.0,0.786,0.838,0.864,0.647,0.764,0.011,0.233,0.901,0.668,0.344,0.348,0.021,0.399,0.366,0.116,0.05,0.487,0.198,0.156,0.685,0.004,0.21,0.327,0.747,0.107,0.532,0.494,0.705,0.95,0.045,0.037,0.556,0.763,0.494,0.52,0.332,0.845,0.06,0.025,0.016
1.0,0.619,0.758,0.433,0.033,0.507,0.744,0.984,0.905,0.516,0.283,0.991,0.411,0.313,0.219,0.378,0.305,0.849,0.639,0.639,0.127,0.046,0.224,0.025,0.333,0.87,0.431,0.012,0.638,0.888,0.734,0.062,0.733,0.051,0.561,0.959,0.819,0.253,0.066,0.161,0.926
0.0,0.879,0.768,0.113,0.181,0.23,0.725,0.48,0.777,0.846,0.438,0.418,0.925,0.737,0.324,0.15,0.642,0.787,0.469,0.012,0.623,0.605,0.182,0.509,0.255,0.825,0.331,0.395,0.612,0.804,0.209,0.621,0.189,0.977,0.087,0.073,0.662,0.957,0.686,0.527,0.313
1.0,0.627,0.465,0.728,0.88,0.491,0.55,0.067,0.279,0.331,0.782,0.669,0.575,0.214,0.542,0.9,0.486,0.539,0.885,0.216,0.325,0.006,0.608,0.659,0.968,0.787,0.406,0.582,0.801,0.953,0.052,0.954,0.337,0.996,0.435,0.835,0.847,0.026,0.33,0.397,0.976
0.0,0.629,0.031,0.275,0.294,0.988,0.474,0.986,0.178,0.892,0.483,0.976,0.307,0.771,0.548,0.054,0.884,0.468,0.883,0.698,0.609,0.03,0.67,0.377,0.306,0.782,0.753,0.285,0.97,0.421,0.758,0.986,0.456,0.245,0.667,0.837,0.762,0.915,0.661,0.676,0.049
1.0,0.45,0.111,0.952,0.352,0.271,0.395,0.241,0.169,0.578,0.488,0.061,0.112,0.778,0.265,0.882,0.125,0.156,0.949,0.432,0.675,0.868,0.856,0.507,0.904,0.758,0.502,0.689,0.535,0.189,0.396,0.22,0.869,0.053,0.109,0.125,0.907,0.37,0.091,0.227,0.546
1.0,0.576,0.912,0.704,0.556,0.76,0.929,0.581,0.533,0.369,0.524,0.822,0.095,0.343,0.941,0.19,0.555,0.388,0.567,0.521,0.249,0.781,0.595,0.087,0.721,0.831,0.31,0.617,0.598,0.192,0.906,0.544,0.644,0.096,0.789,0.847,0.066,0.957,0.045,0.479,0.517
0.0,0.801,0.893,0.086,0.522,0.833,0.745,0.098,0.343,0.802,0.211,0.595,0.902,0.339,0.017,0.563,0.923,0.13,0.288,0.133,0.229,0.137,0.522,0.981,0.723,0.813,0.89,0.861,0.852,0.017,0.143,0.983,0.068,0.616,0.296,0.804,0.554,0.257,0.655,0.777,0.708
1.0,0.496,0.245,0.209,0.734,0.216,0.855,0.203,0.03,0.837,0.194,0.211,0.588,0.405,0.102,0.131,0.475,0.801,0.823,0.622,0.242,0.868,0.431,0.775,0.024,0.883,0.96,0.932,0.56,0.181,0.06,0.091,0.905,0.433,0.045,0.339,0.419,0.648,0.943,0.332,0.478
0.0,0.797,0.997,0.532,0.02,0.275,0.528,0.139,0.919,0.067,0.475,0.389,1.0,0.598,0.416,0.398,0.151,0.04,0.121,0.247,0.713,0.591,0.275,0.557,0.046,0.07,0.851,0.552,0.053,0.389,0.79,0.876,0.618,0.468,0.429,0.372,0.757,0.124,0.879,0.397,0.206
1.0,0.032,0.929,0.39,0.319,0.29,0.957,0.864,0.253,0.731,0.756,0.47,0.642,0.013,0.412,0.909,0.306,0.255,0.596,0.523,0.551,0.205,0.196,0.089,0.278,0.222,0.408,0.124,0.982,0.055,0.469,0.165,0.384,0.011,0.608,0.445,0.458,0.857,0.132,0.719,0.802
1.0,0.221,0.155,0.651,0.093,0.676,0.815,0.143,0.385,0.685,0.276,0.888,0.088,0.273,0.283,0.428,0.161,0.68,0.018,0.1,0.877,0.895,0.63,0.182,0.301,0.356,0.436,0.886,0.046,0.01,0.037,0.315,0.806,0.777,0.999,0.488,0.138,0.97,0.925,0.428,0.973
1.0,0.362,0.392,0.184,0.209,0.504,0.523,0.246,0.878,0.268,0.556,0.379,0.517,0.398,0.739,0.532,0.707,0.309,0.229,0.48,0.121,0.903,0.821,0.664,0.745,0.083,0.79,0.38,0.571,0.023,0.274,0.554,0.068,0.116,0.08,0.477,0.506,0.931,0.55,0.193,0.451
0.0,0.196,0.015,0.662,0.966,0.661,0.659,0.557,0.793,0.736,0.063,0.488,0.6,0.464,0.412,0.304,0.078,0.317,0.048,0.624,0.964,0.442,0.661,0.973,0.188,0.721,0.174,0.183,0.402,0.598,0.434,0.334,0.392,0.096,0.884,0.929,0.445,0.467,0.682,0.992,0.127
1.0,0.322,0.671,0.523,0.829,0.323,0.215,0.917,0.368,0.723,0.832,0.592,0.263,0.915,0.916,0.001,0.82,0.153,0.12,0.02,0.323,0.008,0.138,0.395,0.039,0.461,0.244,0.667,0.4,0.023,0.068,0.727,0.143,0.148,0.953,0.969,0.53,0.535,0.546,0.893,0.474
1.0,0.198,0.409,0.024,0.005,0.619,0.867,0.912,0.17,0.654,0.623,0.476,0.403,0.901,0.093,0.977,0.1,0.328,0.646,0.355,0.273,0.272,0.632,0.651,0.728,0.43,0.719,0.215,0.622,0.229,0.352,0.714,0.12,0.62,0.739,0.854,0.496,0.281,0.172,0.636,0.975
0.0,0.045,0.949,0.379,0.478,0.18,0.591,0.841,0.62,0.654,0.153,0.37,0.755,0.268,0.537,0.925,0.684,0.691,0.984,0.086,0.49,0.709,0.17,0.997,0.475,0.281,0.826,0.635,0.982,0.173,0.069,0.933,0.214,0.149,0.121,0.131,0.505,0.751,0.926,0.038,0.048
1.0,0.548,0.822,0.645,0.73,0.188,0.853,0.712,0.397,0.403,0.587,0.319,0.262,0.11,0.416,0.954,0.94,0.476,0.751,0.007,0.817,0.062,0.169,0.181,0.358,0.975,0.892,0.94,0.582,0.209,0.881,0.457,0.101,0.801,0.028,0.941,0.357,0.123,0.869,0.039,0.497
0.0,0.92,0.237,0.004,0.637,0.873,0.924,0.88,0.039,0.814,0.229,0.407,0.707,0.61,0.512,0.233,0.849,0.611,0.143,0.033,0.587,0.985,0.512,0.047,0.231,0.402,0.976,0.344,0.196,0.702,0.879,0.731,0.883,0.858,0.992,0.03,0.53,0.714,0.866,0.954,0.593
0.0,0.621,0.674,0.35,0.508,0.248,0.335,0.343,0.223,0.664,0.525,0.207,0.939,0.01,0.389,0.169,0.109,0.822,0.851,0.759,0.813,0.886,0.168,0.034,0.108,0.842,0.524,0.153,0.219,0.108,0.676,0.743,0.65,0.102,0.974,0.64,0.688,0.857,0.562,0.287,0.758
1.0,0.653,0.095,0.062,0.637,0.684,0.12,0.203,0.83,0.462,0.49,0.115,0.735,0.847,0.497,0.307,0.326,0.965,0.735,0.308,0.452,0.295,0.93,0.009,0.452,0.885,0.893,0.088,0.252,0.557,0.207,0.934,0.126,0.889,0.702,0.546,0.093,0.912,0.82,0.09,0.965
0.0,0.263,0.856,0.413,0.998,0.995,0.447,0.792,0.352,0.711,0.871,0.296,0.664,0.523,0.952,0.573,0.779,0.848,0.146,0.098,0.769,0.241,0.647,0.415,0.211,0.561,0.429,0.207,0.818,0.957,0.371,0.046,0.702,0.889,0.87,0.345,0.119,0.557,0.972,0.844,0.195
0.0,0.052,0.663,0.422,0.451,0.756,0.135,0.784,0.866,0.897,0.661,0.835,0.12,0.213,0.922,0.945,0.212,0.082,0.288,0.032,0.689,0.171,0.754,0.408,0.633,0.846,0.946,0.263,0.297,0.232,0.231,0.63,0.886,0.935,0.809,0.726,0.184,0.84,0.82,0.753,0.91
1.0,0.47,0.989,0.955,0.947,0.282,0.95,0.997,0.406,0.068,0.947,0.297,0.145,0.32,0.373,0.023,0.416,0.501,0.323,0.115,0.929,0.532,0.477,0.55,0.823,0.363,0.011,0.949,0.469,0.109,0.673,0.915,0.02,0.458,0.48,0.996,0.933,0.835,0.774,0.827,0.56
1.0,0.773,0.236,0.812,0.472,0.239,0.143,0.198,0.379,0.31,0.854,0.176,0.58,0.582,0.324,0.26,0.651,0.804,0.731,0.078,0.753,0.431,0.501,0.071,0.374,0.535,0.898,0.362,0.516,0.956,0.016,0.969,0.293,0.753,0.529,0.204,0.245,0.098,0.256,0.473,0.956
0.0,0.515,0.885,0.07,0.03,0.683,0.328,0.281,0.082,0.141,0.469,0.86,0.55,0.38,0.73,0.244,0.861,0.107,0.149,0.853,0.38,0.776,0.406,0.185,0.834,0.696,0.204,0.375,0.247,0.92,0.773,0.724,0.957,0.606,0.424,0.49,0.711,0.001,0.438,0.618,0.305
0.0,0.701,0.596,0.85,0.495,0.895,0.106,0.626,0.728,0.341,0.011,0.82,0.853,0.847,0.066,0.529,0.984,0.421,0.981,0.833,0.553,0.7,0.842,0.013,0.048,0.929,0.703,0.699,0.26,0.367,0.257,0.376,0.174,0.173,0.02,0.826,0.529,0.486,0.483,0.271,0.701
1.0,0.041,0.412,0.726,0.318,0.075,0.885,0.797,0.603,0.518,0.02,0.561,0.667,0.522,0.435,0.069,0.445,0.44,0.707,0.194,0.597,0.551,0.839,0.641,0.552,0.752,0.181,0.779,0.884,0.682,0.302,0.136,0.691,0.57,0.411,0.151,0.051,0.757,0.924,0.123,0.966
1.0,0.79,0.922,0.711,0.088,0.307,0.509,0.797,0.202,0.91,0.096,0.513,0.483,0.707,0.283,0.759,0.466,0.536,0.882,0.882,0.317,0.644,0.646,0.4,0.663,0.666,0.998,0.143,0.381,0.64,0.701,0.805,0.083,0.766,0.31,0.273,0.734,0.8,0.818,0.011,0.701
1.0,0.104,0.831,0.58,0.044,0.106,0.47,0.804,0.162,0.441,0.125,0.464,0.427,0.396,0.433,0.462,0.432,0.248,0.472,0.121,0.528,0.312,0.636,0.043,0.516,0.437,0.145,0.894,0.98,0.076,0.5,0.054,0.558,0.163,0.169,0.241,0.117,0.649,0.241,0.728,0.54
0.0,0.733,0.536,0.866,0.472,0.735,0.513,0.821,0.71,0.465,0.778,0.031,0.913,0.485,0.925,0.493,0.923,0.771,0.138,0.216,0.152,0.874,0.938,0.654,0.097,0.751,0.416,0.411,0.118,0.057,0.917,0.817,0.472,0.181,0.311,0.414,0.817,0.222,0.285,0.799,0.793
0.0,0.249,0.588,0.183,0.042,0.07,0.737,0.426,0.229,0.426,0.75,0.988,0.951,0.375,0.915,0.784,0.743,0.951,0.774,0.911,0.181,0.643,0.971,0.258,0.044,0.231,0.295,0.073,0.532,0.325,0.694,0.874,0.802,0.897,0.668,0.437,0.584,0.957,0.967,0.002,0.886
1.0,0.262,0.457,0.251,0.353,0.418,0.772,0.071,0.876,0.038,0.648,0.194,0.379,0.767,0.258,0.963,0.658,0.409,0.758,0.4,0.918,0.349,0.849,0.112,0.268,0.68,0.527,0.595,0.177,0.942,0.229,0.162,0.883,0.482,0.999,0.778,0.274,0.682,0.091,0.621,0.039
0.0,0.638,0.681,0.635,0.129,0.734,0.86,0.841,0.887,0.976,0.047,0.643,0.839,0.443,0.151,0.073,0.306,0.33,0.093,0.378,0.925,0.251,0.906,0.685,0.272,0.073,0.869,0.355,0.752,0.934,0.629,0.361,0.697,0.747,0.701,0.735,0.134,0.442,0.97,0.594,0.779
1.0,0.34,0.136,0.846,0.254,0.132,0.89,0.47,0.905,0.793,0.525,0.173,0.559,0.454,0.752,0.698,0.537,0.135,0.397,0.342,0.459,0.08,0.493,0.329,0.1,0.859,0.498,0.173,0.771,0.517,0.587,0.526,0.994,0.113,0.44,0.999,0.841,0.987,0.364,0.01,0.083
1.0,0.286,0.025,0.052,0.12,0.558,0.488,0.932,0.297,0.388,0.608,0.243,0.203,0.722,0.201,0.314,0.275,0.272,0.317,0.347,0.036,0.394,0.308,0.502,0.945,0.038,0.99,0.068,0.641,0.557,0.183,0.49,0.665,0.389,0.723,0.962,0.063,0.814,0.383,0.387,0.564
1.0,0.814,0.924,0.14,0.926,0.418,0.254,0.018,0.055,0.151,0.02,0.104,0.316,0.014,0.226,0.095,0.838,0.398,0.592,0.713,0.749,0.924,0.73,0.354,0.111,0.154,0.29,0.323,0.839,0.97,0.596,0.973,0.367,0.155,0.876,0.662,0.131,0.934,0.659,0.581,0.811
1.0,0.348,0.846,0.115,0.326,0.504,0.362,0.344,0.878,0.189,0.232,0.454,0.354,0.314,0.697,0.729,0.97,0.955,0.54,0.94,0.385,0.93,0.89,0.561,0.62,0.954,0.94,0.94,0.906,0.93,0.521,0.461,0.258,0.94,0.468,0.326,0.649,0.149,0.265,0.334,0.521
0.0,0.366,0.391,0.338,0.902,0.228,0.561,0.094,0.544,0.699,0.216,0.96,0.795,0.931,0.428,0.647,0.912,0.152,0.156,0.468,0.882,0.186,0.475,0.342,0.89,0.91,0.547,0.866,0.367,0.845,0.661,0.565,0.986,0.897,0.083,0.266,0.194,0.471,0.027,0.085,0.816
1.0,0.343,0.287,0.631,0.816,0.806,0.639,0.009,0.226,0.697,0.744,0.105,0.056,0.922,0.733,0.984,0.617,0.662,0.165,0.037,0.181,0.335,0.938,0.62,0.847,0.827,0.019,0.62,0.614,0.261,0.983,0.437,0.306,0.15,0.404,0.99,0.051,0.462,0.825,0.773,0.256
0.0,0.168,0.506,0.722,0.162,0.746,0.883,0.882,0.941,0.416,0.972,0.151,0.93,0.472,0.398,0.207,0.934,0.848,0.914,0.468,0.34,0.372,0.515,0.335,0.236,0.53,0.976,0.479,0.353,0.071,0.044,0.667,0.053,0.442,0.603,0.167,0.43,0.349,0.054,0.034,0.24
0.0,0.515,0.345,0.503,0.877,0.145,0.519,0.423,0.294,0.991,0.258,0.314,0.864,0.384,1.0,0.844,0.427,0.052,0.41,0.122,0.762,0.199,0.237,0.65,0.247,0.192,0.254,0.005,0.644,0.906,0.725,0.833,0.871,0.793,0.767,0.38,0.915,0.501,0.139,0.101,0.209
0.0,0.33,0.683,0.034,0.394,0.587,0.946,0.188,0.688,0.837,0.299,0.606,0.017,0.052,0.686,0.921,0.38,0.398,0.107,0.2,0.834,0.689,0.093,0.895,0.457,0.713,0.656,0.388,0.614,0.484,0.547,0.167,0.781,0.972,0.423,0.826,0.892,0.716,0.709,0.514,0.069
1.0,0.114,0.755,0.202,0.559,0.761,0.656,0.328,0.78,0.033,0.955,0.45,0.944,0.466,0.956,0.283,0.452,0.953,0.708,0.441,0.823,0.611,0.247,0.205,0.575,0.069,0.12,0.645,0.568,0.872,0.59,0.071,0.52,0.713,0.657,0.829,0.252,0.379,0.526,0.292,0.846
0.0,0.231,0.513,0.532,0.088,0.876,0.348,0.49,0.918,0.369,0.305,0.449,0.757,0.663,0.399,0.548,0.075,0.472,0.601,0.846,0.329,0.51,0.35,0.673,0.102,0.884,0.456,0.987,0.465,0.476,0.774,0.802,0.097,0.469,0.132,0.539,0.187,0.608,0.577,0.594,0.499
0.0,0.54,0.419,0.861,0.52,0.821,0.972,0.642,0.06,0.451,0.806,0.999,0.287,0.902,0.347,0.13,0.027,0.477,0.139,0.632,0.418,0.016,0.944,0.802,0.078,0.913,0.55,0.432,0.672,0.002,0.31,0.621,0.039,0.347,0.605,0.357,0.647,0.752,0.538,0.238,0.82
0.0,0.025,0.565,0.476,0.087,0.134,0.874,0.585,0.708,0.885,0.675,0.547,0.796,0.052,0.277,0.934,0.619,0.089,0.396,0.251,0.995,0.399,0.614,0.637,0.404,0.883,0.624,0.46,0.499,0.43,0.132,0.229,0.7,0.027,0.36,0.136,0.634,0.702,0.917,0.595,0.559
1.0,0.001,0.968,0.017,0.297,0.355,0.581,0.999,0.53,0.253,0.644,0.643,0.167,0.216,0.059,0.491,0.475,0.296,0.565,0.542,0.029,0.438,0.677,0.521,0.208,0.449,0.976,0.034,0.965,0.281,0.439,0.675,0.843,0.081,0.426,0.512,0.147,0.791,0.695,0.086,0.762
1.0,0.955,0.559,0.597,0.237,0.138,0.339,0.162,0.696,0.729,0.866,0.226,0.301,0.002,0.607,0.302,0.088,0.419,0.241,0.061,0.118,0.761,0.179,0.452,0.358,0.816,0.551,0.515,0.822,0.615,0.142,0.442,0.905,0.572,0.781,0.005,0.786,0.108,0.017,0.942,0.21
1.0,0.952,0.361,0.93,0.529,0.598,0.195,0.583,0.659,0.043,0.031,0.662,0.407,0.828,0.694,0.978,0.966,0.593,0.909,0.597,0.412,0.49,0.559,0.639,0.658,0.533,0.606,0.954,0.875,0.03,0.026,0.654,0.836,0.865,0.578,0.169,0.468,0.301,0.256,0.925,0.141
0.0,0.323,0.605,0.94,0.613,0.743,0.658,0.863,0.404,0.948,0.51,0.935,0.847,0.487,0.277,0.945,0.081,0.866,0.226,0.126,0.096,0.854,0.415,0.124,0.298,0.752,0.124,0.825,0.907,0.439,0.137,0.342,0.907,0.841,0.883,0.912,0.448,0.853,0.575,0.482,0.421
1.0,0.154,0.689,0.817,0.511,0.171,0.569,0.762,0.252,0.565,0.82,0.877,0.353,0.414,0.191,0.166,0.631,0.491,0.096,0.779,0.876,0.803,0.319,0.457,0.052,0.633,0.502,0.177,0.712,0.232,0.001,0.099,0.008,0.082,0.35,0.623,0.188,0.563,0.641,0.284,0.466
0.0,0.464,0.956,0.465,0.623,0.744,0.104,0.046,0.126,0.659,0.001,0.702,0.656,0.272,0.726,0.104,0.003,0.827,0.005,0.804,0.845,0.282,0.766,0.988,0.839,0.724,0.497,0.221,0.043,0.866,0.513,0.325,0.622,0.032,0.316,0.489,0.473,0.189,0.472,0.604,0.97
1.0,0.275,0.801,0.267,0.847,0.409,0.008,0.903,0.288,0.421,0.853,0.78,0.012,0.449,0.91,0.863,0.79,0.958,0.698,0.44,0.065,0.041,0.019,0.17,0.084,0.612,0.279,0.278,0.1,0.586,0.358,0.964,0.598,0.045,0.59,0.145,0.113,0.239,0.235,0.663,0.664
0.0,0.059,0.267,0.866,0.521,0.925,0.564,0.796,0.903,0.219,0.345,0.841,0.532,0.246,0.485,0.783,0.094,0.677,0.765,0.048,0.461,0.997,0.428,0.814,0.637,0.818,0.967,0.314,0.753,0.188,0.316,0.704,0.208,0.921,0.943,0.166,0.028,0.916,0.174,0.482,0.231
1.0,0.786,0.241,0.557,0.179,0.181,0.061,0.607,0.408,0.582,0.155,0.871,0.724,0.652,0.822,0.864,0.822,0.85,0.159,0.021,0.171,0.074,0.459,0.088,0.325,0.648,0.98,0.134,0.882,0.989,0.648,0.874,0.81,0.065,0.207,0.099,0.581,0.178,0.383,0.555,0.116
0.0,0.465,0.422,0.51,0.402,0.367,0.8,0.463,0.004,0.721,0.449,0.506,0.32,0.903,0.488,0.887,0.146,0.004,0.55,0.107,0.4,0.133,0.526,0.814,0.209,0.468,0.224,0.722,0.045,0.351,0.161,0.317,0.509,0.705,0.377,0.841,0.272,0.177,0.467,0.122,0.865
0.0,0.586,0.104,0.296,0.145,0.033,0.178,0.267,0.03,0.164,0.694,0.382,0.802,0.652,0.533,0.128,0.692,0.453,0.647,0.382,0.142,0.795,0.477,0.298,0.505,0.701,0.086,0.467,0.274,0.114,0.735,0.345,0.687,0.199,0.09,0.539,0.28,0.643,0.999,0.301,0.791
1.0,0.254,0.712,0.626,0.59,0.573,0.433,0.099,0.081,0.631,0.8,0.92,0.966,0.358,0.835,0.102,0.247,0.529,0.314,0.36,0.165,0.058,0.429,0.964,0.813,0.379,0.423,0.237,0.444,0.998,0.781,0.975,0.814,0.961,0.372,0.435,0.243,0.499,0.113,0.158,0.708
1.0,0.466,0.632,0.528,0.235,0.135,0.861,0.903,0.845,0.812,0.204,0.372,0.367,0.674,0.592,0.005,0.46,0.694,0.396,0.604,0.144,0.466,0.241,0.038,0.044,0.222,0.179,0.005,0.126,0.905,0.824,0.466,0.126,0.649,0.901,0.999,0.447,0.192,0.007,0.496,0.455
1.0,0.238,0.475,0.647,0.856,0.477,0.995,0.711,0.519,0.318,0.805,0.052,0.373,0.819,0.146,0.149,0.514,0.493,0.397,0.329,0.494,0.911,0.539,0.522,0.73,0.882,0.257,0.218,0.367,0.931,0.879,0.735,0.021,0.195,0.369,0.152,0.15,0.353,0.258,0.466,0.792
0.0,0.001,0.861,0.127,0.882,0.164,0.802,0.695,0.754,0.32,0.19,0.47,0.616,0.191,0.25,0.033,0.947,0.596,0.105,0.03,0.883,0.231,0.047,0.832,0.161,0.325,0.938,0.001,0.38,0.676,0.563,0.684,0.781,0.377,0.828,0.008,0.498,0.701,0.76,0.754,0.579
0.0,0.034,0.73,0.993,0.781,0.854,0.598,0.111,0.251,0.376,0.982,0.734,0.095,0.492,0.87,0.268,0.165,0.434,0.76,0.051,0.755,0.477,0.025,0.461,0.473,0.028,0.108,0.599,0.312,0.252,0.778,0.349,0.553,0.653,0.088,0.214,0.464,0.934,0.076,0.982,0.408
0.0,0.774,0.584,0.422,0.178,0.206,0.434,0.405,0.007,0.96,0.198,0.712,0.025,0.105,0.905,0.726,0.165,0.795,0.421,0.575,0.838,0.437,0.587,0.872,0.598,0.463,0.441,0.299,0.356,0.848,0.539,0.546,0.693,0.988,0.964,0.521,0.418,0.728,0.655,0.095,0.909
1.0,0.616,0.536,0.52,0.296,0.767,0.551,0.932,0.372,0.46,0.191,0.517,0.474,0.171,0.968,0.601,0.991,0.284,0.308,0.135,0.248,0.086,0.935,0.351,0.162,0.474,0.109,0.49,0.831,0.182,0.479,0.56,0.715,0.4,0.558,0.611,0.534,0.017,0.415,0.443,0.606
0.0,0.426,0.211,0.492,0.039,0.15,0.34,0.636,0.861,0.584,0.934,0.546,0.164,0.629,0.335,0.974,0.778,0.738,0.258,0.77,0.083,0.857,0.78,0.784,0.756,0.229,0.102,0.464,0.352,0.787,0.5,0.996,0.539,0.45,0.91,0.01,0.634,0.446,0.571,0.797,0.285
0.0,0.455,0.013,0.361,0.615,0.9,0.278,0.738,0.427,0.512,0.8,0.478,0.203,0.169,0.359,0.149,0.259,0.806,0.328,0.269,0.592,0.981,0.657,0.725,0.863,0.755,0.365,0.323,0.216,0.076,0.103,0.956,0.016,0.972,0.084,0.601,0.331,0.148,0.187,0.563,0.543
1.0,0.053,0.787,0.036,0.297,0.164,0.536,0.034,0.131,0.774,0.422,0.641,0.336,0.964,0.907,0.868,0.289,0.786,0.211,0.387,0.992,0.592,0.226,0.71,0.513,0.078,0.623,0.878,0.129,0.43,0.827,0.295,0.187,0.754,0.828,0.346,0.731,0.789,0.186,0.928,0.968
1.0,0.291,0.541,0.935,0.735,0.608,0.083,0.656,0.927,0.721,0.465,0.316,0.067,0.991,0.603,0.744,0.135,0.477,0.326,0.592,0.845,0.966,0.796,0.213,0.151,0.866,0.212,0.631,0.529,0.273,0.075,0.806,0.622,0.346,0.391,0.53,0.208,0.256,0.427,0.572,0.127
0.0,0.622,0.729,0.582,0.513,0.406,0.009,0.601,0.133,0.914,0.323,0.736,0.783,0.744,0.371,0.906,0.068,0.26,0.381,0.444,0.702,0.273,0.886,0.989,0.871,0.718,0.588,0.321,0.298,0.744,0.421,0.701,0.006,0.224,0.152,0.197,0.512,0.705,0.328,0.037,0.835
1.0,0.511,0.724,0.981,0.564,0.063,0.161,0.814,0.574,0.172,0.9,0.068,0.712,0.171,0.733,0.911,0.256,0.938,0.997,0.661,0.713,0.64,0.473,0.521,0.555,0.364,0.101,0.478,0.583,0.71,0.082,0.299,0.115,0.211,0.082,0.329,0.165,0.56,0.218,0.108,0.679
0.0,0.582,0.016,0.347,0.167,0.356,0.07,0.781,0.047,0.426,0.817,0.808,0.644,0.393,0.837,0.6,0.988,0.516,0.753,0.295,0.795,0.529,0.094,0.949,0.026,0.746,0.02,0.72,0.052,0.449,0.127,0.601,0.102,0.218,0.175,0.95,0.826,0.512,0.257,0.67,0.491
1.0,0.007,0.559,0.773,0.121,0.509,0.33,0.199,0.786,0.915,0.533,0.117,0.692,0.813,0.122,0.579,0.296,0.506,0.331,0.29,0.827,0.233,0.135,0.223,0.815,0.02,0.752,0.199,0.745,0.279,0.577,0.395,0.932,0.465,0.7,0.544,0.263,0.128,0.239,0.588,0.206
1.0,0.718,0.777,0.475,0.392,0.112,0.862,0.831,0.39,1.0,0.945,0.432,0.361,0.048,0.047,0.797,0.718,0.026,0.253,0.1,0.465,0.04,0.705,0.403,0.561,0.778,0.467,0.317,0.877,0.187,0.899,0.898,0.16,0.11,0.366,0.154,0.094,0.59,0.91,0.264,0.619
1.0,0.943,0.036,0.577,0.214,0.607,0.351,0.489,0.08,0.03,0.2,0.57,0.588,0.404,0.443,0.704,0.902,0.379,0.604,0.6,0.291,0.03,0.86,0.227,0.67,0.665,0.596,0.2,0.838,0.112,0.274,0.971,0.59,0.284,0.305,0.614,0.115,0.865,0.812,0.348,0.73
0.0,0.967,0.162,0.755,0.4,0.93,0.555,0.533,0.536,0.417,0.855,0.317,0.198,0.277,0.162,0.153,0.357,0.751,0.688,0.575,0.842,0.979,0.006,0.238,0.48,0.472,0.191,0.912,0.159,0.531,0.847,0.775,0.332,0.432,0.068,0.341,0.22,0.212,0.079,0.662,0.458
1.0,0.01,0.999,0.575,0.424,0.757,0.999,0.671,0.986,0.726,0.93,0.973,0.472,0.183,0.466,0.77,0.335,0.998,0.642,0.702,0.554,0.789,0.49,0.343,0.47,0.562,0.645,0.431,0.329,0.859,0.244,0.827,0.674,0.303,0.714,0.821,0.948,0.036,0.978,0.146,0.699
0.0,0.526,0.644,0.758,0.394,0.663,0.743,0.513,0.565,0.875,0.664,0.69,0.411,0.162,0.249,0.185,0.793,0.685,0.698,0.31,0.729,0.851,0.215,0.964,0.719,0.735,0.787,0.522,0.527,0.553,0.424,0.055,0.225,0.371,0.91,0.912,0.716,0.623,0.252,0.37,0.026
1.0,0.087,0.916,0.386,0.918,0.75,0.607,0.901,0.535,0.461,0.754,0.409,0.677,0.501,0.794,0.885,0.624,0.424,0.984,0.525,0.624,0.625,0.595,0.634,0.647,0.981,0.584,0.563,0.519,0.901,0.268,0.292,0.163,0.544,0.67,0.851,0.07,0.595,0.652,0.688,0.549
0.0,0.893,0.513,0.133,0.42,0.953,0.577,0.447,0.283,0.182,0.074,0.291,0.116,0.46,0.401,0.143,0.364,0.163,0.371,0.962,0.543,0.722,0.239,0.974,0.823,0.643,0.501,0.65,0.879,0.951,0.285,0.612,0.582,0.2,0.34,0.972,0.98,0.49,0.805,0.228,0.771
0.0,0.179,0.32,0.908,0.161,0.15,0.992,0.389,0.312,0.912,0.68,0.257,0.872,0.073,0.376,0.691,0.373,0.989,0.859,0.666,0.918,0.184,0.135,0.266,0.173,0.504,0.671,0.955,0.438,0.927,0.663,0.079,0.363,0.574,0.815,0.077,0.082,0.884,0.954,0.331,0.467
0.0,0.579,0.711,0.518,0.407,0.818,0.285,0.409,0.235,0.503,0.285,0.045,0.664,0.639,0.179,0.613,0.718,0.633,0.727,0.804,0.942,0.79,0.079,0.932,0.351,0.278,0.322,0.308,0.617,0.845,0.388,0.529,0.555,0.503,0.661,0.557,0.8,0.603,0.105,0.559,0.674
1.0,0.717,0.83,0.665,0.42,0.023,0.152,0.521,0.377,0.452,0.634,0.819,0.113,0.176,0.971,0.099,0.531,0.139,0.781,0.997,0.536,0.004,0.667,0.61,0.064,0.287,0.943,0.936,0.527,0.492,0.556,0.793,0.017,0.002,0.035,0.851,0.207,0.712,0.435,0.913,0.007
0.0,0.759,0.39,0.919,0.628,0.736,0.595,0.398,0.587,0.834,0.958,0.255,0.837,0.439,0.642,0.502,0.007,0.664,0.511,0.099,0.764,0.633,0.851,0.323,0.821,0.144,0.258,0.339,0.147,0.736,0.091,0.105,0.218,0.672,0.203,0.44,0.38,0.594,0.462,0.59,0.43
0.0,0.094,0.944,0.657,0.509,0.06,0.505,0.764,0.116,0.614,0.642,0.933,0.494,0.702,0.35,0.268,0.133,0.536,0.788,0.363,0.894,0.2,0.296,0.178,0.206,0.586,0.937,0.288,0.336,0.9,0.995,0.466,0.541,0.05,0.173,0.173,0.988,0.59,0.689,0.091,0.395
1.0,0.566,0.916,0.244,0.281,0.692,0.717,0.338,0.401,0.755,0.714,0.245,0.679,0.283,0.104,0.172,0.917,0.593,0.259,0.302,0.398,0.766,0.795,0.043,0.14,0.933,0.192,0.591,0.43,0.704,0.907,0.681,0.467,0.861,0.61,0.815,0.14,0.623,1.0,0.279,0.293
0.0,0.586,0.508,0.078,0.525,0.252,0.19,0.397,0.026,0.961,0.309,0.536,0.266,0.288,0.186,0.082,0.43,0.127,0.653,0.447,0.642,0.729,0.864,0.997,0.313,0.49,0.816,0.905,0.605,0.518,0.334,0.085,0.924,0.771,0.995,0.415,0.905,0.059,0.857,0.314,0.277
0.0,0.2,0.694,0.38,0.101,0.113,0.595,0.057,0.772,0.092,0.483,0.658,0.667,0.572,0.028,0.805,0.372,0.659,0.315,0.328,0.737,0.933,0.915,0.868,0.6,0.599,0.891,0.716,0.891,0.125,0.659,0.672,0.314,0.676,0.431,0.053,0.911,0.022,0.908,0.179,0.097
1.0,0.394,0.185,0.748,0.211,0.668,0.2,0.057,0.345,0.082,0.261,0.386,0.479,0.282,0.578,0.906,0.66,0.713,0.352,0.852,0.241,0.034,0.853,0.599,0.424,0.695,0.045,0.139,0.387,0.56,0.771,0.766,0.341,0.012,0.554,0.501,0.905,0.053,0.41,0.003,0.904
1.0,0.28,0.355,0.233,0.238,0.617,0.356,0.739,0.134,0.083,0.111,0.469,0.525,0.187,0.897,0.145,0.091,0.166,0.104,0.996,0.68,0.885,0.09,0.588,0.526,0.231,0.609,0.359,0.094,0.819,0.4,0.971,0.881,0.431,0.644,0.226,0.846,0.486,0.469,0.981,0.643
0.0,0.661,0.069,0.45,0.347,0.419,0.412,0.262,0.614,0.558,0.353,0.398,0.488,0.526,0.187,0.998,0.546,0.484,0.841,0.859,0.969,0.496,0.544,0.397,0.503,0.921,0.377,0.894,0.478,0.449,0.348,0.787,0.669,0.302,0.395,0.997,0.446,0.262,0.187,0.634,0.694
1.0,0.379,0.53,0.867,0.57,0.422,0.823,0.432,0.679,0.54,0.612,0.955,0.18,0.807,0.834,0.026,0.056,0.907,0.991,0.782,0.344,0.709,0.308,0.645,0.192,0.546,0.859,0.756,0.873,0.944,0.273,0.641,0.576,0.036,0.141,0.654,0.094,0.414,0.704,0.588,0.977
1.0,0.92,0.85,0.0,0.968,0.159,0.227,0.154,0.891,0.917,0.442,0.511,0.663,0.868,0.052,0.831,0.687,0.329,0.962,0.845,0.323,0.168,0.406,0.555,0.817,0.544,0.98,0.598,0.64,0.947,0.207,0.646,0.83,0.683,0.397,0.309,0.945,0.322,0.6,0.1,0.409
0.0,0.605,0.222,0.367,0.8,0.999,0.747,0.718,0.922,0.963,0.039,0.214,0.108,0.346,0.76,0.747,0.162,0.552,0.229,0.323,0.235,0.406,0.333,0.176,0.74,0.73,0.807,0.727,0.76,0.171,0.098,0.79,0.571,0.646,0.049,0.621,0.772,0.264,0.367,0.336,0.662
0.0,0.663,0.239,0.476,0.945,0.09,0.22,0.785,0.325,0.955,0.565,0.198,0.052,0.384,0.107,0.499,0.621,0.621,0.905,0.59,0.592,0.488,0.549,0.996,0.717,0.655,0.238,0.768,0.249,0.627,0.56,0.641,0.38,0.154,0.549,0.031,0.767,0.149,0.409,0.001,0.501
1.0,0.642,0.868,0.404,0.801,0.463,0.109,0.551,0.075,0.829,0.43,0.506,0.642,0.1,0.75,0.371,0.407,0.346,0.407,0.767,0.948,0.594,0.789,0.214,0.608,0.41,0.921,0.291,0.4,0.307,0.654,0.991,0.713,0.54,0.276,0.006,0.97,0.135,0.199,0.005,0.703
0.0,0.061,0.464,0.168,0.575,0.077,0.911,0.36,0.437,0.908,0.966,0.882,0.843,0.014,0.816,0.197,0.35,0.663,0.521,0.177,0.581,0.335,0.315,0.15,0.572,0.042,0.383,0.671,0.319,0.369,0.121,0.629,0.271,0.316,0.007,0.35,0.979,0.846,0.173,0.161,0.379
1.0,0.233,0.913,0.414,0.693,0.713,0.408,0.751,0.891,0.685,0.734,0.226,0.31,0.912,0.88,0.619,0.734,0.599,0.425,0.498,0.923,0.203,0.392,0.476,0.838,0.867,0.083,0.449,0.092,0.498,0.036,0.315,0.217,0.255,0.703,0.536,0.236,0.975,0.61,0.456,0.546
0.0,0.082,0.416,0.665,0.426,0.904,0.645,0.924,0.477,0.829,0.537,0.667,0.975,0.604,0.859,0.591,0.911,0.141,0.498,0.01,0.496,0.816,0.638,0.162,0.661,0.547,0.537,0.542,0.22,0.088,0.382,0.23,0.515,0.273,0.385,0.861,0.637,0.665,0.164,0.627,0.924
0.0,0.152,0.82,0.952,0.569,0.254,0.788,0.238,0.39,0.351,0.137,0.634,0.848,0.611,0.416,0.706,0.735,0.113,0.523,0.585,0.41,0.64,0.038,0.37,0.804,0.591,0.182,0.709,0.42,0.133,0.369,0.287,0.35,0.223,0.934,0.343,0.061,0.991,0.468,0.522,0.601
1.0,1.0,0.525,0.602,0.043,0.591,0.139,0.192,0.999,0.95,0.41,0.501,0.624,0.39,0.399,0.299,0.434,0.931,0.585,0.299,0.675,0.334,0.131,0.299,0.605,0.661,0.735,0.93,0.389,0.91,0.745,0.621,0.135,0.687,0.642,0.107,0.661,0.391,0.039,0.711,0.782
1.0,0.034,0.547,0.221,0.928,0.748,0.557,0.877,0.767,0.939,0.812,0.828,0.832,0.874,0.557,0.652,0.281,0.058,0.801,0.262,0.314,0.923,0.125,0.845,0.123,0.701,0.904,0.375,0.702,0.944,0.003,0.225,0.368,0.2,0.619,0.143,0.486,0.723,0.902,0.139,0.084
1.0,0.929,0.872,0.489,0.876,0.365,0.326,0.813,0.561,0.641,0.81,0.093,0.423,0.783,0.308,0.404,0.788,0.834,0.462,0.618,0.229,0.669,0.058,0.58,0.605,0.477,0.984,0.334,0.777,0.575,0.899,0.068,0.877,0.933,0.248,0.213,0.743,0.391,0.361,0.721,0.638
1.0,0.451,0.166,0.285,0.954,0.667,0.132,0.971,0.369,0.581,0.663,0.474,0.381,0.111,0.581,0.551,0.032,0.144,0.165,0.109,0.767,0.59,0.415,0.343,0.281,0.93,0.044,0.566,0.521,0.095,0.184,0.546,0.389,0.695,0.394,0.604,0.226,0.692,0.509,0.703,0.475
0.0,0.229,0.994,0.396,0.313,0.132,0.358,0.209,0.033,0.658,0.561,0.076,0.89,0.364,0.982,0.609,0.723,0.501,0.141,0.499,0.587,0.103,0.788,0.731,0.515,0.795,0.26,0.448,0.824,0.943,0.56,0.307,0.44,0.22,0.185,0.546,0.811,0.565,0.905,0.962,0.871
0.0,0.383,0.244,0.797,0.502,0.883,0.332,0.627,0.703,0.312,0.177,0.094,0.222,0.918,0.893,0.17,0.617,0.422,0.277,0.075,0.339,0.598,0.982,0.634,0.526,0.803,0.127,0.904,0.416,0.926,0.347,0.191,0.321,0.186,0.04,0.257,0.858,0.971,0.193,0.52,0.248
1.0,0.022,0.771,0.979,0.601,0.497,0.348,0.6,0.781,0.144,0.2,0.151,0.311,0.77,0.892,0.515,0.976,0.775,0.986,0.888,0.056,0.584,0.386,0.468,0.966,0.069,0.178,0.396,0.224,0.822,0.276,0.684,0.023,0.478,0.047,0.207,0.493,0.584,0.923,0.947,0.461
0.0,0.462,0.399,0.054,0.226,0.687,0.388,0.287,0.583,0.89,0.692,0.08,0.911,0.087,0.012,0.257,0.809,0.145,0.022,0.359,0.122,0.823,0.394,0.445,0.459,0.461,0.715,0.832,0.34,0.272,0.617,0.714,0.862,0.824,0.071,0.471,0.662,0.272,0.986,0.877,0.845
1.0,0.244,0.057,0.287,0.285,0.356,0.993,0.219,0.789,0.765,0.996,0.714,0.72,0.564,0.497,0.166,0.763,0.974,0.37,0.173,0.407,0.032,0.196,0.606,0.273,0.625,0.149,0.208,0.729,0.592,0.195,0.693,0.847,0.55,0.502,0.549,0.464,0.27,0.732,0.971,0.891
0.0,0.304,0.125,0.108,0.256,0.379,0.28,0.747,0.392,0.941,0.84,0.394,0.962,0.187,0.416,0.774,0.119,0.738,0.621,0.29,0.788,0.117,0.755,0.875,0.174,0.91,0.119,0.178,0.899,0.055,0.471,0.851,0.789,0.293,0.34,0.189,0.336,0.984,0.301,0.923,0.268
0.0,0.389,0.98,0.585,0.056,0.872,0.451,0.212,0.44,0.414,0.994,0.303,0.672,0.602,0.305,0.135,0.515,0.342,0.582,0.832,0.238,0.244,0.387,0.831,0.801,0.646,0.252,0.099,0.73,0.514,0.315,0.296,0.974,0.527,0.479,0.762,0.265,0.107,0.931,0.846,0.559
1.0,0.24,0.63,0.991,0.308,0.841,0.617,0.37,0.363,0.659,0.906,0.169,0.1,0.825,0.106,0.834,0.504,0.339,0.791,0.29,0.459,0.945,0.799,0.577,0.28,0.094,0.077,0.172,0.072,0.125,0.793,0.936,0.802,0.379,0.87,0.772,0.327,0.195,0.789,0.696,0.316
1.0,0.164,0.041,0.427,0.781,0.132,0.885,0.09,0.831,0.949,0.477,0.427,0.236,0.816,0.454,0.158,0.974,0.99,0.883,0.139,0.61,0.02,0.341,0.398,0.593,0.428,0.659,0.518,0.592,0.872,0.899,0.087,0.984,0.96,0.577,0.575,0.337,0.701,0.783,0.875,0.295
0.0,0.291,0.983,0.692,0.411,0.356,0.007,0.241,0.929,0.967,0.639,0.009,0.551,0.459,0.474,0.003,0.969,0.794,0.386,0.524,0.206,0.049,0.294,0.955,0.89,0.535,0.71,0.173,0.621,0.129,0.849,0.186,0.218,0.383,0.863,0.475,0.737,0.037,0.05,0.568,0.524
0.0,0.63,0.611,0.586,0.768,0.536,0.889,0.063,0.381,0.999,0.003,0.013,0.017,0.35,0.453,0.549,0.788,0.935,0.184,0.746,0.154,0.954,0.278,0.86,0.336,0.603,0.99,0.233,0.524,0.427,0.328,0.015,0.4,0.549,0.267,0.136,0.953,0.645,0.183,0.859,0.334
0.0,0.67,0.275,0.974,0.91,0.948,0.015,0.631,0.66,0.553,0.624,0.051,0.875,0.084,0.742,0.845,0.698,0.304,0.712,0.668,0.982,0.434,0.577,0.738,0.729,0.71,0.101,0.993,0.954,0.496,0.297,0.729,0.142,0.437,0.359,0.756,0.676,0.822,0.712,0.595,0.518
1.0,0.284,0.217,0.882,0.17,0.353,0.799,0.518,0.07,0.041,0.755,0.124,0.263,0.224,0.57,0.167,0.918,0.991,0.72,0.804,0.675,0.892,0.498,0.529,0.61,0.091,0.681,0.069,0.343,0.273,0.19,0.407,0.91,0.374,0.138,0.543,0.219,0.79,0.152,0.406,0.883
1.0,0.036,0.575,0.055,0.468,0.299,0.838,0.199,0.655,0.088,0.622,0.157,0.738,0.425,0.584,0.732,0.008,0.836,0.064,0.095,0.948,0.227,0.791,0.562,0.44,0.457,0.6,0.858,0.112,0.83,0.982,0.314,0.717,0.561,0.328,0.994,0.699,0.585,0.738,0.65,0.55
1.0,0.239,0.786,0.384,0.352,0.567,0.737,0.032,0.276,0.476,0.141,0.558,0.52,0.187,0.624,0.913,0.364,0.023,0.809,0.972,0.652,0.241,0.786,0.018,0.315,0.345,0.371,0.84,0.294,0.884,0.11,0.371,0.816,0.611,0.648,0.262,0.705,0.48,0.01,0.432,0.769
0.0,0.368,0.676,0.992,0.248,0.732,0.898,0.837,0.531,0.231,0.474,0.456,0.832,0.794,0.135,0.398,0.287,0.451,0.621,0.484,0.953,0.537,0.121,0.164,0.315,0.52,0.583,0.182,0.088,0.704,0.053,0.995,0.881,0.206,0.307,0.13,0.788,0.779,0.354,0.385,0.26
1.0,0.574,0.295,0.207,0.912,0.116,0.805,0.549,0.061,0.814,0.769,0.328,0.099,0.644,0.706,0.707,0.558,0.303,0.005,0.193,0.314,0.383,0.997,0.32,0.462,0.426,0.192,0.927,0.633,0.525,0.091,0.636,0.517,0.482,0.317,0.819,0.048,0.167,0.255,0.302,0.554
0.0,0.093,0.632,0.056,0.975,0.568,0.423,0.265,0.946,0.555,0.564,0.651,0.002,0.665,0.839,0.796,0.858,0.788,0.591,0.081,0.864,0.583,0.98,0.853,0.429,0.081,0.927,0.597,0.649,0.88,0.179,0.372,0.447,0.965,0.625,0.068,0.974,0.558,0.516,0.472,0.027
1.0,0.259,0.222,0.336,0.579,0.344,0.838,0.002,0.165,0.164,0.351,0.121,0.204,0.629,0.47,0.122,0.38,0.983,0.777,0.413,0.144,0.495,0.556,0.272,0.052,0.159,0.399,0.271,0.472,0.379,0.352,0.13,0.105,0.415,0.194,0.148,0.599,0.325,0.949,0.276,0.403
1.0,0.552,0.492,0.772,0.118,0.97,0.132,0.936,0.704,0.591,0.607,0.186,0.039,0.794,0.594,0.246,0.341,0.334,0.687,0.533,0.492,0.631,0.694,0.734,0.182,0.972,0.11,0.011,0.252,0.43,0.119,0.509,0.845,0.3,0.359,0.981,0.904,0.047,0.783,0.612,0.373
1.0,0.745,0.389,0.832,0.329,0.735,0.358,0.419,0.852,0.528,0.742,0.905,0.241,0.296,0.022,0.428,0.655,0.391,0.123,0.431,0.483,0.82,0.296,0.456,0.975,0.124,0.363,0.385,0.509,0.878,0.053,0.749,0.169,0.166,0.197,0.023,0.128,0.623,0.186,0.417,0.033
0.0,0.247,0.083,0.491,0.078,0.414,0.904,0.916,0.585,0.125,0.471,0.802,0.158,0.873,0.44,0.952,0.473,0.301,0.248,0.304,0.911,0.508,0.26,0.925,0.47,0.029,0.271,0.518,0.518,0.426,0.279,0.937,0.239,0.605,0.14,0.924,0.457,0.812,0.556,0.155,0.393
0.0,0.568,0.253,0.573,0.199,0.848,0.946,0.46,0.212,0.796,0.107,0.129,0.508,0.768,0.244,0.013,0.65,0.281,0.965,0.989,0.809,0.942,0.97,0.324,0.008,0.547,0.594,0.972,0.099,0.041,0.244,0.364,0.165,0.344,0.007,0.614,0.969,0.036,0.671,0.396,0.761
1.0,0.732,0.952,0.281,0.097,0.498,0.93,0.78,0.842,0.058,0.285,0.812,0.736,0.873,0.424,0.122,0.405,0.245,0.92,0.869,0.034,0.524,0.202,0.746,0.605,0.341,0.083,0.754,0.142,0.549,0.051,0.824,0.206,0.732,0.645,0.569,0.6,0.364,0.527,0.792,0.423
0.0,0.133,0.005,0.382,0.097,0.103,0.4,0.182,0.612,0.037,0.7,0.126,0.261,0.952,0.586,0.504,0.948,0.714,0.19,0.637,0.482,0.008,0.718,0.886,0.971,0.42,0.282,0.604,0.899,0.7,0.643,0.725,0.689,0.666,0.458,0.721,0.2,0.516,0.251,0.286,0.006
0.0,0.928,0.266,0.456,0.428,0.851,0.361,0.627,0.815,0.373,0.116,0.466,0.653,0.421,0.006,0.74,0.476,0.417,0.22,0.091,0.89,0.45,0.891,0.979,0.664,0.311,0.707,0.729,0.344,0.829,0.773,0.239,0.594,0.502,0.115,0.195,0.801,0.826,0.023,0.274,0.459
1.0,0.051,0.541,0.559,0.601,0.319,0.361,0.554,0.048,0.504,0.963,0.577,0.186,0.676,0.823,0.187,0.71,0.144,0.404,0.715,0.242,0.391,0.904,0.239,0.209,0.609,0.529,0.584,0.179,0.381,0.146,0.967,0.146,0.316,0.127,0.133,0.179,0.822,0.848,0.719,0.675
0.0,0.664,0.756,0.306,0.826,0.617,0.641,0.06,0.737,0.434,0.109,0.911,0.943,0.18,0.118,0.573,0.734,0.868,0.847,0.576,0.395,0.075,0.347,0.684,0.968,0.878,0.24,0.202,0.752,0.601,0.03,0.126,0.3,0.046,0.613,0.639,0.828,0.301,0.456,0.381,0.957
0.0,0.414,0.815,0.852,0.214,0.214,0.486,0.971,0.928,0.26,0.298,0.527,0.556,0.772,0.613,0.278,0.981,0.513,0.681,0.201,0.313,0.383,0.714,0.921,0.046,0.674,0.215,0.895,0.888,0.26,0.364,0.086,0.701,0.562,0.602,0.973,0.793,0.026,0.709,0.349,0.275
1.0,0.115,0.77,0.155,0.8,0.263,0.189,0.044,0.616,0.83,0.598,0.7,0.204,0.476,0.242,0.185,0.262,0.816,0.023,0.762,0.583,0.461,0.229,0.546,0.825,0.238,0.733,0.603,0.7,0.744,0.198,0.507,0.3,0.025,0.83,0.582,0.023,0.009,0.225,0.461,0.922
0.0,0.443,0.882,0.62,0.852,0.737,0.821,0.048,0.731,0.454,0.042,0.697,0.833,0.38,0.854,0.289,0.225,0.279,0.321,0.856,0.189,0.304,0.65,0.411,0.531,0.184,0.704,0.495,0.02,0.88,0.937,0.312,0.703,0.42,0.113,0.921,0.356,0.163,0.311,0.723,0.492
1.0,0.942,0.006,0.782,0.063,0.652,0.946,0.462,0.222,0.955,0.513,0.5,0.571,0.767,0.284,0.418,0.122,0.817,0.342,0.672,0.329,0.901,0.104,0.182,0.152,0.7,0.611,0.152,0.971,0.486,0.546,0.31,0.376,0.387,0.083,0.692,0.624,0.619,0.85,0.256,0.584
0.0,0.775,0.098,0.832,0.153,0.106,0.289,0.126,0.84,0.65,0.632,0.063,0.941,0.802,0.138,0.933,0.808,0.694,0.83,0.401,0.337,0.47,0.876,0.751,0.001,0.793,0.366,0.321,0.398,0.389,0.835,0.616,0.436,0.736,0.8,0.918,0.867,0.86,0.328,0.668,0.387
0.0,0.901,0.883,0.817,0.712,0.231,0.845,0.317,0.084,0.702,0.766,0.272,0.09,0.183,0.351,0.805,0.937,0.242,0.958,0.491,0.553,0.289,0.157,0.925,0.06,0.799,0.021,0.937,0.819,0.348,0.755,0.905,0.172,0.13,0.786,0.629,0.975,0.081,0.988,0.373,0.652
1.0,0.223,0.349,0.012,0.426,0.642,0.185,0.336,0.005,0.184,0.279,0.455,0.138,0.463,0.633,0.998,0.549,0.9,0.509,0.984,0.461,0.98,0.149,0.627,0.738,0.612,0.498,0.782,0.447,0.691,0.349,0.247,0.704,0.275,0.985,0.142,0.65,0.593,0.354,0.567,0.018
0.0,0.975,0.588,0.844,0.647,0.145,0.923,0.896,0.636,0.273,0.02,0.08,0.802,0.297,0.155,0.988,0.672,0.471,0.851,0.761,0.264,0.007,0.504,0.048,0.179,0.039,0.173,0.818,0.504,0.957,0.436,0.026,0.089,0.315,0.082,0.455,0.566,0.24,0.449,0.548,0.608
1.0,0.641,0.788,0.753,0.517,0.758,0.098,0.235,0.646,0.446,0.45,0.687,0.3,0.738,0.93,0.863,0.447,0.772,0.478,0.982,0.692,0.796,0.281,0.286,0.96,0.91,0.001,0.872,0.289,0.843,0.286,0.39,0.632,0.346,0.189,0.233,0.922,0.721,0.192,0.562,0.871
0.0,0.252,0.477,0.711,0.67,0.295,0.6,0.082,0.36,0.576,0.805,0.67,0.696,0.437,0.339,0.015,0.978,0.102,0.069,0.644,0.876,0.562,0.618,0.939,0.614,0.957,0.244,0.163,0.936,0.976,0.464,0.181,0.732,0.143,0.964,0.795,0.389,0.636,0.084,0.596,0.157
0.0,0.049,0.078,0.794,0.645,0.53,0.434,0.258,0.41,1.0,0.515,0.438,0.052,0.283,0.564,0.411,0.592,0.42,0.421,0.98,0.114,0.162,0.031,0.981,0.627,0.177,0.375,0.549,0.623,0.972,0.953,0.293,0.756,0.277,0.44,0.724,0.087,0.997,0.304,0.973,0.834
0.0,0.683,0.829,0.007,0.757,0.044,0.516,0.877,0.248,0.435,0.142,0.412,0.864,0.836,0.401,0.199,0.596,0.083,0.282,0.796,0.144,0.021,0.293,0.645,0.084,0.17,0.598,0.332,0.293,0.173,0.568,0.846,0.594,0.871,0.991,0.472,0.175,0.915,0.563,0.238,0.905
0.0,0.969,0.063,0.866,0.576,0.04,0.092,0.32,0.163,0.249,0.894,0.512,0.922,0.006,0.561,0.969,0.101,0.693,0.417,0.796,0.342,0.864,0.213,0.107,0.159,0.247,0.147,0.086,0.157,0.913,0.63,0.944,0.333,0.159,0.911,0.474,0.373,0.487,0.185,0.228,0.379
0.0,0.358,0.193,0.536,0.282,0.675,0.653,0.901,0.16,0.06,0.912,0.918,0.441,0.544,0.944,0.661,0.439,0.97,0.251,0.708,0.181,0.205,0.6,0.957,0.992,0.69,0.691,0.047,0.204,0.793,0.379,0.213,0.197,0.119,0.651,0.821,0.686,0.077,0.025,0.576,0.317
1.0,0.075,0.876,0.948,0.34,0.509,0.716,0.98,0.707,0.953,0.056,0.038,0.111,0.972,0.323,0.516,0.421,0.03,0.692,0.615,0.26,0.038,0.114,0.35,0.543,0.411,0.488,0.8,0.875,0.473,0.698,0.28,0.02,0.001,0.722,0.921,0.659,0.286,0.877,0.399,0.087
1.0,0.346,0.863,0.181,0.596,0.032,0.458,0.352,0.353,0.306,0.651,0.477,0.341,0.093,0.044,0.624,0.226,0.497,0.811,0.137,0.113,0.88,0.746,0.759,0.581,0.245,0.854,0.088,0.967,0.033,0.376,0.591,0.507,0.729,0.658,0.817,0.938,0.694,0.707,0.766,0.072
0.0,0.856,0.267,0.362,0.219,0.973,0.412,0.946,0.862,0.617,0.064,0.278,0.72,0.124,0.52,0.601,0.232,0.351,0.87,0.351,0.406,0.486,0.419,0.642,0.706,0.859,0.459,0.149,0.097,0.166,0.923,0.232,0.087,0.411,0.297,0.455,0.184,0.081,0.804,0.389,0.747
0.0,0.326,0.604,0.086,0.902,0.997,0.411,0.497,0.398,0.373,0.629,0.183,0.658,0.534,0.39,0.125,0.185,0.045,0.44,0.517,0.685,0.337,0.567,0.503,0.545,0.189,0.315,0.118,0.18,0.186,0.378,0.324,0.989,0.448,0.231,0.467,0.548,0.838,0.397,0.573,0.961
0.0,0.262,0.786,0.784,0.461,0.855,0.209,0.236,0.69,0.346,0.045,0.166,0.391,0.197,0.445,0.055,0.874,0.359,0.216,0.178,0.286,0.088,0.644,0.072,0.476,0.558,0.802,0.528,0.913,0.399,0.82,0.283,0.185,0.884,0.868,0.638,0.82,0.118,0.883,0.377,0.834
0.0,0.901,0.005,0.551,0.032,0.358,0.341,0.467,0.288,0.058,1.0,0.616,0.441,0.529,0.013,0.342,0.654,0.557,0.311,0.874,0.563,0.453,0.553,0.819,0.068,0.948,0.614,0.275,0.371,0.654,0.294,0.354,0.283,0.111,0.984,0.011,0.364,0.279,0.12,0.939,0.354
1.0,0.362,0.871,0.628,0.262,0.082,0.532,0.013,0.4,0.739,0.025,0.599,0.541,0.455,0.484,0.274,0.493,0.547,0.858,0.018,0.612,0.087,0.533,0.62,0.411,0.379,0.739,0.126,0.272,0.243,0.112,0.906,0.341,0.62,0.396,0.326,0.575,0.358,0.951,0.197,0.347
1.0,0.476,0.388,0.344,0.457,0.453,0.701,0.095,0.322,0.003,0.811,0.438,0.637,0.416,0.589,0.112,0.986,0.034,0.361,0.096,0.01,0.155,0.999,0.787,0.621,0.155,0.257,0.016,0.047,0.874,0.889,0.351,0.577,0.097,0.18,0.189,0.227,0.761,0.7,0.757,0.714
1.0,0.171,0.026,0.378,0.413,0.031,0.7,0.893,0.993,0.127,0.566,0.779,0.28,0.305,0.325,0.131,0.791,0.343,0.539,0.974,0.468,0.694,0.091,0.484,0.666,0.896,0.628,0.492,0.798,0.41,0.988,0.645,0.616,0.069,0.277,0.313,0.331,0.236,0.958,0.255,0.516
0.0,0.617,0.588,0.677,0.004,0.244,0.408,0.579,0.667,0.271,0.25,0.632,0.893,0.625,0.97,0.482,0.105,0.232,0.435,0.332,0.073,0.696,0.719,0.481,0.591,0.605,0.858,0.439,0.94,0.192,0.321,0.764,0.845,0.731,0.173,0.265,0.417,0.575,0.032,0.83,0.533
0.0,0.833,0.816,0.897,0.808,0.872,0.981,0.974,0.886,0.655,0.56,0.384,0.043,0.904,0.725,0.127,0.604,0.343,0.235,0.323,0.443,0.854,0.549,0.007,0.848,0.509,0.659,0.973,0.439,0.393,0.772,0.387,0.244,0.648,0.656,0.087,0.822,0.664,0.079,0.183,0.484
1.0,0.826,0.33,0.6,0.187,0.079,0.832,0.787,0.475,0.658,0.984,0.135,0.347,0.363,0.949,0.308,0.151,0.934,0.288,0.446,0.429,0.459,0.861,0.486,0.661,0.598,0.696,0.798,0.273,0.906,0.848,0.805,0.1,0.363,0.891,0.291,0.68,0.491,0.156,0.383,0.968
1.0,0.435,0.948,0.145,0.36,0.623,0.006,0.347,0.62,0.298,0.186,0.07,0.021,0.597,0.089,0.697,0.541,0.561,0.889,0.031,0.636,0.522,0.45,0.524,0.865,0.814,0.762,0.072,0.958,0.267,0.911,0.501,0.488,0.37,0.15,0.358,0.955,0.928,0.123,0.392,0.467
0.0,0.179,0.503,0.934,0.218,0.46,0.593,0.19,0.722,0.816,0.224,0.124,0.419,0.511,0.47,0.73,0.881,0.436,0.571,0.344,0.678,0.353,0.803,0.133,0.648,0.205,0.14,0.598,0.747,0.791,0.598,0.411,0.95,0.815,0.262,0.14,0.361,0.811,0.37,0.854,0.343
1.0,0.507,0.083,0.228,0.508,0.426,0.71,0.699,0.148,0.137,0.19,0.637,0.444,0.168,0.104,0.105,0.427,0.365,0.611,0.199,0.699,0.319,0.081,0.258,0.575,0.361,0.85,0.249,0.312,0.617,0.632,0.4,0.918,0.245,0.661,0.566,0.082,0.72,0.803,0.401,0.901
0.0,0.102,0.341,0.416,0.948,0.843,0.648,0.125,0.572,0.305,0.586,0.407,0.971,0.083,0.323,0.296,0.517,0.727,0.49,0.051,0.34,0.659,0.559,0.654,0.196,0.276,0.696,0.296,0.897,0.103,0.245,0.805,0.6,0.272,0.888,0.826,0.216,0.499,0.523,0.407,0.219
1.0,0.185,0.656,0.795,0.514,0.364,0.873,0.63,0.902,0.42,0.152,0.817,0.192,0.082,0.849,0.697,0.591,0.135,0.059,0.425,0.63,0.849,0.916,0.735,0.412,0.702,0.295,0.334,0.23,0.835,0.872,0.341,0.931,0.651,0.655,0.45,0.545,0.499,0.277,0.68,0.073
0.0,0.567,0.637,0.22,0.778,0.815,0.875,0.475,0.752,0.938,0.872,0.39,0.229,0.674,0.267,0.144,0.825,0.695,0.868,0.042,0.411,0.951,0.552,0.911,0.081,0.346,0.404,0.02,0.337,0.244,0.221,0.377,0.125,0.136,0.561,0.021,0.691,0.144,0.622,0.972,0.472
1.0,0.084,0.598,0.223,0.886,0.663,0.58,0.469,0.926,0.228,0.283,0.508,0.252,0.335,0.541,0.984,0.873,0.885,0.668,0.125,0.431,0.195,0.675,0.195,0.016,0.481,0.117,0.628,0.528,0.714,0.817,0.063,0.531,0.79,0.52,0.292,0.296,0.952,0.763,0.833,0.549
0.0,0.349,0.984,0.817,0.779,0.384,0.772,0.085,0.754,0.594,0.686,0.335,0.175,0.324,0.569,0.112,0.551,0.588,0.232,0.727,0.198,0.349,0.19,0.854,0.886,0.889,0.919,0.984,0.206,0.177,0.031,0.224,0.299,0.525,0.105,0.255,0.72,0.532,0.357,0.949,0.008
0.0,0.052,0.247,0.477,0.901,0.38,0.236,0.607,0.244,0.476,0.224,0.425,0.751,0.475,0.083,0.14,0.6,0.444,0.465,0.946,0.138,0.108,0.089,0.852,0.058,0.31,0.292,0.516,0.421,0.039,0.1,0.807,0.671,0.732,0.954,0.102,0.345,0.907,0.701,0.619,0.204
0.0,0.869,0.208,0.025,0.361,0.879,0.035,0.197,0.748,0.229,0.879,0.241,0.617,0.137,0.378,0.715,0.493,0.613,0.593,0.232,0.406,0.773,0.435,0.723,0.827,0.209,0.51,0.251,0.123,0.695,0.08,0.93,0.769,0.4,0.086,0.421,0.464,0.198,0.016,0.031,0.92
0.0,0.909,0.848,0.042,0.286,0.652,0.238,0.155,0.311,0.561,0.669,0.931,0.355,0.03,0.919,0.58,0.874,0.366,0.423,0.547,0.076,0.413,0.997,0.857,0.267,0.576,0.575,0.924,0.026,0.895,0.029,0.175,0.703,0.091,0.856,0.993,0.027,0.338,0.963,0.587,0.819
0.0,0.533,0.402,0.025,0.109,0.438,0.019,0.779,0.659,0.309,0.686,0.858,0.508,0.738,0.12,0.066,0.162,0.739,0.749,0.052,0.288,0.036,0.561,0.82,0.742,0.467,0.14,0.456,0.895,0.871,0.066,0.382,0.779,0.827,0.038,0.708,0.932,0.317,0.839,0.391,0.713
1.0,0.911,0.603,0.611,0.408,0.836,0.287,0.501,0.871,0.273,0.25,0.96,0.199,0.57,0.136,0.975,0.65,0.926,0.085,0.795,0.389,0.009,0.286,0.273,0.123,0.373,0.533,0.527,0.521,0.052,0.398,0.778,0.781,0.218,0.096,0.698,0.913,0.88,0.457,0.245,0.429
0.0,0.252,0.982,0.413,0.423,0.566,0.181,0.757,0.896,0.2,0.877,0.03,0.686,0.923,0.749,0.014,0.926,0.386,0.235,0.902,0.967,0.907,0.056,0.908,0.921,0.758,0.86,0.171,0.06,0.636,0.074,0.564,0.45,0.066,0.274,0.192,0.334,0.868,0.383,0.403,0.874
1.0,0.861,0.311,0.011,0.335,0.268,0.623,0.685,0.346,0.06,0.836,0.802,0.17,0.402,0.322,0.76,0.746,0.7,0.94,0.698,0.932,0.663,0.246,0.013,0.475,0.569,0.135,0.529,0.647,0.251,0.75,0.045,0.118,0.392,0.158,0.152,0.897,0.018,0.059,0.748,0.396
1.0,0.499,0.101,0.057,0.711,0.404,0.19,0.211,0.859,0.672,0.252,0.276,0.016,0.457,0.168,0.093,0.3,0.134,0.3,0.131,0.571,0.347,0.373,0.449,0.507,0.262,0.834,0.53,0.289,0.744,0.523,0.316,0.979,0.918,0.009,0.736,0.726,0.587,0.731,0.922,0.362
0.0,0.808,0.22,0.024,0.644,0.462,0.473,0.245,0.777,0.945,0.14,0.839,0.982,0.445,0.166,0.553,0.434,0.596,0.831,0.917,0.733,0.657,0.812,0.551,0.555,0.202,0.54,0.488,0.148,0.987,0.809,0.671,0.525,0.49,0.623,0.162,0.81,0.954,0.318,0.549,0.783
1.0,0.802,0.635,0.163,0.044,0.671,0.993,0.328,0.84,0.116,0.918,0.559,0.047,0.271,0.247,0.149,0.082,0.191,0.326,0.216,0.959,0.637,0.598,0.358,0.244,0.172,0.223,0.893,0.369,0.724,0.532,0.436,0.998,0.287,0.864,0.189,0.992,0.797,0.411,0.712,0.854
1.0,0.688,0.142,0.677,0.45,0.802,0.837,0.941,0.03,0.611,0.633,0.293,0.355,0.71,0.914,0.039,0.299,0.448,0.591,0.822,0.042,0.345,0.301,0.051,0.44,0.48,0.099,0.807,0.025,0.922,0.229,0.949,0.723,0.391,0.183,0.8,0.68,0.514,0.341,0.638,0.366
0.0,0.104,0.525,0.685,0.939,0.39,0.074,0.469,0.075,0.418,0.041,0.027,0.763,0.301,0.344,0.421,0.671,0.394,0.787,0.162,0.946,0.048,0.485,0.825,0.931,0.98,0.578,0.271,0.248,0.548,0.601,0.406,0.999,0.981,0.365,0.583,0.925,0.904,0.742,0.102,0.23
0.0,0.968,0.899,0.238,0.825,0.494,0.522,0.021,0.282,0.96,0.619,0.677,0.343,0.887,0.347,0.587,0.841,0.176,0.149,0.05,0.754,0.172,0.797,0.373,0.066,0.042,0.849,0.731,0.559,0.739,0.842,0.066,0.03,0.621,0.095,0.668,0.37,0.7,0.809,0.753,0.48
0.0,0.414,0.707,0.506,0.786,0.138,0.362,0.272,0.137,0.744,0.68,0.536,0.861,0.065,0.779,0.975,0.01,0.965,0.424,0.045,0.434,0.897,0.893,0.681,0.358,0.692,0.585,0.188,0.65,0.057,0.825,0.982,0.332,0.835,0.742,0.728,0.637,0.964,0.071,0.625,0.949
1.0,0.9,0.792,0.103,0.329,0.167,0.663,0.718,0.83,0.72,0.012,0.374,0.019,0.521,0.705,0.793,0.606,0.697,0.976,0.05,0.168,0.336,0.915,0.672,0.78,0.935,0.629,0.607,0.949,0.848,0.495,0.993,0.331,0.299,0.006,0.866,0.889,0.713,0.534,0.133,0.111
1.0,0.181,0.954,0.564,0.046,0.737,0.895,0.044,0.063,0.75,0.532,0.572,0.329,0.441,0.511,0.998,0.661,0.649,0.028,0.405,0.038,0.959,0.523,0.69,0.765,0.95,0.801,0.278,0.342,0.255,0.689,0.039,0.717,0.794,0.962,0.848,0.018,0.626,0.052,0.231,0.223
0.0,0.188,0.15,0.84,0.68,0.235,0.954,0.037,0.63,0.953,0.756,0.559,0.584,0.035,0.944,0.762,0.762,0.813,0.691,0.892,0.406,0.131,0.602,0.794,0.644,0.55,0.89,0.759,0.186,0.636,0.124,0.492,0.671,0.663,0.555,0.904,0.02,0.887,0.085,0.692,0.894
1.0,0.559,0.544,0.769,0.217,0.545,0.637,0.908,0.726,0.889,0.782,0.305,0.605,0.528,0.064,0.431,0.152,0.165,0.114,0.159,0.355,0.813,0.482,0.682,0.43,0.267,0.341,0.485,0.56,0.382,0.403,0.549,0.192,0.626,0.013,0.29,0.625,0.018,0.72,0.437,0.897
0.0,0.858,0.736,0.223,0.782,0.731,0.863,0.878,0.247,0.032,0.379,0.956,0.49,0.728,0.654,0.82,0.561,0.996,0.619,0.151,0.517,0.241,0.488,0.865,0.89,0.87,0.344,0.141,0.739,0.214,0.98,0.173,0.261,0.904,0.834,0.757,0.831,0.709,0.963,0.61,0.874
1.0,0.135,0.233,0.612,0.641,0.085,0.997,0.098,0.102,0.972,0.496,0.874,0.078,0.272,0.292,0.941,0.869,0.779,0.342,0.79,0.907,0.612,0.684,0.076,0.175,0.268,0.523,0.981,0.239,0.062,0.742,0.788,0.944,0.034,0.927,0.498,0.564,0.549,0.38,0.233,0.116
0.0,0.357,0.751,0.843,0.366,0.021,0.539,0.799,0.937,0.268,0.604,0.278,0.858,0.71,0.411,0.306,0.235,0.664,0.278,0.016,0.813,0.83,0.317,0.037,0.024,0.826,0.445,0.981,0.133,0.66,0.489,0.705,0.831,0.586,0.697,0.789,0.405,0.018,0.332,0.564,0.467
1.0,0.902,0.647,0.102,0.245,0.663,0.28,0.676,0.817,0.576,0.564,0.546,0.189,0.309,0.557,0.598,0.201,0.514,0.832,0.694,0.153,0.485,0.829,0.664,0.336,0.02,0.883,0.242,0.563,0.152,0.453,0.723,0.024,0.353,0.668,0.14,0.914,0.965,0.572,0.355,0.96
1.0,0.746,0.074,0.339,0.63,0.589,0.285,0.307,0.689,0.528,0.779,0.655,0.216,0.098,0.889,0.204,0.575,0.747,0.929,0.852,0.635,0.972,0.552,0.676,0.343,0.951,0.961,0.049,0.46,0.301,0.111,0.426,0.64,0.33,0.224,0.069,0.559,0.6,0.386,0.131,0.097
0.0,0.187,0.156,0.52,0.089,0.625,0.737,0.814,0.88,0.303,0.622,0.135,0.841,0.5,0.294,0.847,0.486,0.755,0.903,0.722,0.426,0.816,0.674,0.347,0.892,0.629,0.842,0.48,0.449,0.063,0.55,0.563,0.309,0.984,0.797,0.996,0.185,0.16,0.585,0.495,0.019
0.0,0.417,0.134,0.551,0.3,0.847,0.781,0.051,0.287,0.452,0.428,0.334,0.081,0.531,0.17,0.912,0.062,0.927,0.61,0.59,0.014,0.029,0.258,0.688,0.884,0.046,0.805,0.945,0.26,0.062,0.922,0.006,0.687,0.182,0.677,0.282,0.784,0.616,0.451,0.586,0.757
0.0,0.488,0.548,0.201,0.359,0.204,0.074,0.425,0.841,0.393,0.359,0.691,0.327,0.659,0.941,0.683,0.054,0.473,0.082,0.151,0.646,0.465,0.034,0.844,0.253,0.96,0.512,0.417,0.993,0.031,0.369,0.729,0.519,0.209,0.844,0.549,0.054,0.453,0.739,0.672,0.025
0.0,0.958,0.176,0.079,0.754,0.517,0.502,0.606,0.477,0.876,0.219,0.28,0.853,0.977,0.13,0.413,0.478,0.785,0.297,0.984,0.57,0.732,0.43,0.084,0.824,0.243,0.211,0.18,0.274,0.606,0.031,0.703,0.647,0.588,0.185,0.28,0.13,0.285,0.204,0.689,0.631
0.0,0.703,0.403,0.59,0.388,0.412,0.434,0.478,0.726,0.637,0.6,0.296,0.266,0.664,0.693,0.493,0.19,0.681,0.418,0.152,0.482,0.05,0.255,0.911,0.7,0.434,0.023,0.781,0.615,0.194,0.488,0.536,0.06,0.152,0.595,0.268,0.872,0.604,0.995,0.131,0.333
1.0,0.659,0.159,0.148,0.27,0.343,0.222,0.78,0.816,0.661,0.488,0.868,0.603,0.788,0.808,0.633,0.06,0.227,0.931,0.422,0.696,0.481,0.13,0.361,0.695,0.106,0.046,0.326,0.448,0.21,0.033,0.012,0.817,0.707,0.806,0.521,0.355,0.692,0.075,0.404,0.175
1.0,0.358,0.893,0.205,0.474,0.541,0.197,0.799,0.727,0.578,0.431,0.609,0.233,0.341,0.732,0.473,0.551,0.071,0.333,0.694,0.571,0.913,0.173,0.677,0.618,0.768,0.277,0.71,0.177,0.115,0.923,0.292,0.467,0.276,0.248,0.112,0.283,0.66,0.772,0.839,0.822
1.0,0.866,0.245,0.502,0.839,0.212,0.608,0.394,0.316,0.147,0.688,0.909,0.184,0.602,0.193,0.69,0.927,0.473,0.448,0.748,0.978,0.569,0.45,0.157,0.659,0.425,0.126,0.007,0.066,0.943,0.47,0.139,0.67,0.534,0.637,0.391,0.85,0.799,0.493,0.754,0.943
0.0,0.805,0.483,0.761,0.034,0.037,0.248,0.722,0.786,0.927,0.127,0.044,0.268,0.478,0.572,0.303,0.106,0.177,0.43,0.232,0.784,0.896,0.856,0.872,0.36,0.393,0.753,0.94,0.103,0.375,0.939,0.523,0.09,0.57,0.738,0.492,0.339,0.36,0.956,0.952,0.866
0.0,0.636,0.857,0.602,0.697,0.005,0.472,0.696,0.191,0.282,0.032,0.491,0.307,0.049,0.266,0.513,0.537,0.373,0.097,0.408,0.02,0.42,0.982,0.9,0.867,0.114,0.831,0.608,0.906,0.453,0.031,0.969,0.824,0.619,0.685,0.793,0.271,0.41,0.34,0.02,0.123
0.0,0.497,0.992,0.869,0.234,0.279,0.174,0.303,0.811,0.916,0.963,0.59,0.171,0.575,0.913,0.242,0.928,0.253,0.362,0.684,0.969,0.068,0.894,0.976,0.392,0.642,0.527,0.423,0.07,0.753,0.015,0.762,0.084,0.793,0.18,0.045,0.119,0.785,0.979,0.208,0.102
1.0,0.275,0.383,0.317,0.884,0.063,0.875,0.306,0.508,0.183,0.451,0.746,0.694,0.039,0.242,0.422,0.33,0.322,0.997,0.171,0.966,0.995,0.535,0.309,0.6,0.916,0.245,0.344,0.792,0.755,0.532,0.376,0.367,0.384,0.547,0.154,0.712,0.272,0.564,0.26,0.003
0.0,0.645,0.405,0.288,0.11,0.804,0.685,0.613,0.851,0.296,0.695,0.414,0.899,0.767,0.902,0.134,0.762,0.62,0.175,0.636,0.292,0.106,0.971,0.287,0.54,0.922,0.124,0.409,0.081,0.795,0.653,0.139,0.403,0.504,0.837,0.608,0.576,0.703,0.881,0.147,0.501
0.0,0.385,0.415,0.464,0.281,0.373,0.386,0.074,0.104,0.251,0.268,0.003,0.863,0.287,0.324,0.634,0.017,0.783,0.258,0.519,0.732,0.788,0.297,0.341,0.005,0.306,0.574,0.998,0.692,0.393,0.546,0.066,0.796,0.012,0.867,0.954,0.647,0.876,0.803,0.296,0.373
1.0,0.394,0.696,0.893,0.361,0.38,0.881,0.531,0.57,0.007,0.217,0.182,0.4,0.264,0.731,0.529,0.066,0.424,0.049,0.798,0.84,0.565,0.273,0.505,0.028,0.349,0.634,0.048,0.268,0.616,0.046,0.801,0.631,0.554,0.236,0.592,0.272,0.978,0.671,0.951,0.044
0.0,0.374,0.32,0.446,0.902,0.969,0.018,0.939,0.063,0.044,0.568,0.018,0.725,0.647,0.955,0.809,0.254,0.805,0.917,0.998,0.122,0.675,0.843,0.885,0.554,0.447,0.617,0.251,0.315,0.434,0.579,0.186,0.88,0.445,0.104,0.396,0.892,0.909,0.707,0.273,0.256
1.0,0.063,0.321,0.136,0.29,0.788,0.181,0.488,0.79,0.624,0.081,0.121,0.442,0.962,0.07,0.66,0.889,0.054,0.782,0.729,0.549,0.533,0.704,0.259,0.543,0.606,0.356,0.356,0.602,0.004,0.616,0.712,0.888,0.535,0.604,0.639,0.013,0.128,0.661,0.448,0.037
1.0,0.003,0.181,0.634,0.688,0.423,0.957,0.352,0.849,0.157,0.313,0.442,0.235,0.927,0.539,0.948,0.392,0.442,0.737,0.881,0.505,0.305,0.431,0.285,0.426,0.38,0.19,0.345,0.94,0.943,0.439,0.16,0.838,0.553,0.279,0.733,0.623,0.514,0.253,0.175,0.855
0.0,0.662,0.134,0.739,0.614,0.866,0.823,0.914,0.973,0.373,0.736,0.773,0.027,0.591,0.733,0.211,0.873,0.194,0.581,0.639,0.668,0.802,0.796,0.366,0.873,0.193,0.935,0.407,0.015,0.703,0.996,0.567,0.055,0.067,0.947,0.684,0.806,0.419,0.256,0.17,0.439
1.0,0.348,0.086,0.205,0.482,0.418,0.857,0.089,0.401,0.307,0.688,0.302,0.768,0.339,0.652,0.799,0.924,0.98,0.336,0.87,0.546,0.477,0.047,0.495,0.343,0.795,0.992,0.306,0.36,0.123,0.561,0.368,0.954,0.063,0.802,0.907,0.928,0.8,0.779,0.153,0.942
0.0,0.054,0.206,0.565,0.055,0.217,0.13,0.801,0.207,0.303,0.923,0.303,0.834,0.396,0.709,0.168,0.359,0.354,0.629,0.732,0.437,0.264,0.901,0.991,0.931,0.183,0.278,0.508,0.617,0.501,0.664,0.345,0.707,0.788,0.238,0.139,0.292,0.963,0.308,0.805,0.481
0.0,0.029,0.288,0.648,0.148,0.067,0.74,0.3,0.292,0.066,0.508,0.606,0.896,0.977,0.774,0.417,0.46,0.658,0.466,0.177,0.739,0.031,0.782,0.994,0.357,0.893,0.876,0.64,0.231,0.306,0.393,0.714,0.248,0.776,0.828,0.448,0.782,0.229,0.812,0.56,0.616
1.0,0.25,0.25,0.9,0.583,0.159,0.057,0.672,0.365,0.477,0.985,0.862,0.294,0.197,0.157,0.829,0.267,0.073,0.732,0.529,0.259,0.805,0.099,0.545,0.719,0.333,0.217,0.973,0.377,0.577,0.573,0.764,0.768,0.91,0.512,0.973,0.947,0.736,0.332,0.747,0.693
0.0,0.284,0.659,0.122,0.273,0.205,0.567,0.845,0.672,0.595,0.618,0.441,0.786,0.512,0.579,0.636,0.964,0.243,0.946,0.678,0.893,0.433,0.514,0.224,0.761,0.024,0.899,0.052,0.885,0.747,0.22,0.913,0.416,0.277,0.889,0.016,0.843,0.984,0.293,0.848,0.416
0.0,0.223,0.52,0.366,0.098,0.373,0.441,0.489,0.604,0.539,0.601,0.317,0.772,0.245,0.372,0.67,0.578,0.344,0.345,0.449,0.336,0.853,0.495,0.38,0.617,0.904,0.296,0.277,0.783,0.315,0.265,0.164,0.317,0.236,0.515,0.487,0.994,0.331,0.648,0.028,0.819
0.0,0.785,0.269,0.842,0.803,0.082,0.89,0.593,0.537,0.027,0.528,0.938,0.092,0.08,0.356,0.286,0.215,0.762,0.387,0.841,0.407,0.444,0.31,0.912,0.847,0.682,0.217,0.961,0.135,0.19,0.241,0.027,0.875,0.831,0.737,0.051,0.664,0.17,0.071,0.014,0.67
0.0,0.148,0.439,0.125,0.661,0.755,0.189,0.435,0.849,0.569,0.116,0.902,0.85,0.986,0.088,0.691,0.516,0.328,0.667,0.364,0.911,0.182,0.047,0.665,0.67,0.422,0.895,0.473,0.657,0.26,0.883,0.359,0.885,0.477,0.152,0.505,0.615,0.858,0.693,0.138,0.308
0.0,0.654,0.476,0.162,0.265,0.355,0.151,0.784,0.06,0.873,0.932,0.265,0.913,0.547,0.602,0.575,0.232,0.402,0.529,0.163,0.21,0.447,0.067,0.427,0.377,0.985,0.796,0.331,0.594,0.667,0.59,0.412,0.032,0.983,0.79,0.135,0.134,0.632,0.005,0.469,0.774
1.0,0.842,0.272,0.107,0.631,0.034,0.884,0.602,0.072,0.562,0.058,0.987,0.573,0.554,0.084,0.951,0.004,0.092,0.899,0.747,0.461,0.305,0.73,0.698,0.53,0.673,0.846,0.319,0.573,0.304,0.026,0.734,0.306,0.52,0.414,0.904,0.159,0.575,0.764,0.644,0.039
1.0,0.354,0.415,0.38,0.854,0.756,0.826,0.254,0.921,0.574,0.013,0.803,0.35,0.42,0.444,0.274,0.565,0.411,0.451,0.694,0.532,0.936,0.51,0.697,0.391,0.349,0.199,0.758,0.294,0.163,0.11,0.272,0.751,0.56,0.545,0.601,0.257,0.183,0.25,0.494,0.209
1.0,0.185,0.48,0.855,0.618,0.778,0.478,0.743,0.166,0.483,0.584,0.405,0.157,0.628,0.395,0.104,0.309,0.624,0.179,0.425,0.809,0.622,0.31,0.026,0.704,0.083,0.723,0.524,0.798,0.359,0.402,0.806,0.181,0.316,0.816,0.796,0.183,0.785,0.915,0.246,0.225
1.0,0.617,0.195,0.399,0.386,0.015,0.692,0.311,0.627,0.38,0.686,0.946,0.586,0.93,0.048,0.52,0.759,0.436,0.928,0.6,0.716,0.101,0.055,0.286,0.256,0.7,0.691,0.405,0.545,0.623,0.39,0.471,0.926,0.27,0.362,0.023,0.184,0.852,0.079,0.312,0.452
0.0,0.41,0.734,0.409,0.357,0.913,0.461,0.623,0.788,0.057,0.019,0.444,0.87,0.05,0.39,0.383,0.836,0.019,0.729,0.794,0.557,0.736,0.297,0.148,0.499,0.296,0.72,0.73,0.035,0.556,0.271,0.861,0.852,0.334,0.934,0.483,0.612,0.428,0.66,0.995,0.412
0.0,0.856,0.938,0.93,0.676,0.08,0.169,0.208,0.287,0.605,0.068,0.459,0.012,0.446,0.597,0.764,0.64,0.156,0.39,0.389,0.368,0.919,0.854,0.855,0.912,0.028,0.154,0.492,0.9,0.562,0.932,0.468,0.817,0.391,0.407,0.314,0.068,0.504,0.273,0.666,0.865
1.0,0.845,0.791,0.977,0.842,0.716,0.006,0.139,0.644,0.913,0.992,0.217,0.518,0.103,0.332,0.319,0.155,0.853,0.94,0.981,0.979,0.303,0.731,0.503,0.197,0.127,0.208,0.973,0.381,0.344,0.861,0.465,0.88,0.185,0.828,0.25,0.487,0.797,0.417,0.759,0.064
0.0,0.053,0.728,0.994,0.806,0.153,0.132,0.565,0.352,0.322,0.848,0.008,0.896,0.575,0.649,0.124,0.493,0.467,0.37,0.161,0.238,0.844,0.1,0.06,0.875,0.459,0.923,0.315,0.8,0.518,0.362,0.087,0.615,0.224,0.699,0.875,0.768,0.425,0.48,0.275,0.073
0.0,0.327,0.104,0.757,0.297,0.408,0.006,0.486,0.617,0.965,0.917,0.201,0.841,0.816,0.955,0.265,0.677,0.926,0.527,0.651,0.882,0.506,0.614,0.161,0.585,0.905,0.061,0.022,0.641,0.885,0.698,0.636,0.792,0.811,0.459,0.783,0.909,0.367,0.334,0.16,0.205
1.0,0.238,0.061,0.337,0.948,0.821,0.772,0.303,0.301,0.206,0.916,0.562,0.771,0.63,0.025,0.741,0.344,0.783,0.4,0.247,0.161,0.752,0.768,0.481,0.084,0.963,0.104,0.775,0.594,0.46,0.808,0.184,0.292,0.086,0.133,0.254,0.128,0.087,0.546,0.412,0.885
1.0,0.204,0.212,0.203,0.898,0.321,0.145,0.982,0.489,0.624,0.112,0.088,0.099,0.767,0.131,0.457,0.94,0.629,0.691,0.554,0.621,0.973,0.807,0.323,0.11,0.545,0.806,0.927,0.315,0.261,0.171,0.849,0.591,0.015,0.153,0.955,0.057,0.037,0.168,0.853,0.083
0.0,0.756,0.195,0.591,0.615,0.177,0.959,0.923,0.171,0.146,0.79,0.487,0.177,0.735,0.174,0.525,0.354,0.717,0.736,0.97,0.447,0.836,0.268,0.808,0.388,0.706,0.019,0.686,0.029,0.449,0.199,0.307,0.002,0.542,0.669,0.189,0.461,0.947,0.268,0.799,0.926
0.0,0.632,0.972,0.481,0.153,0.664,0.873,0.872,0.266,0.962,0.514,0.232,0.487,0.707,0.152,0.097,0.93,0.16,0.476,0.996,0.922,0.861,0.923,0.956,0.373,0.278,0.735,0.759,0.587,0.025,0.016,0.623,0.87,0.569,0.272,0.907,0.18,0.811,0.97,0.867,0.011
1.0,0.156,0.399,0.192,0.279,0.267,0.36,0.342,0.658,0.49,0.048,0.155,0.368,0.942,0.864,0.982,0.026,0.721,0.569,0.038,0.038,0.472,0.817,0.129,0.818,0.518,0.332,0.892,0.637,0.232,0.521,0.748,0.446,0.584,0.714,0.993,0.545,0.954,0.365,0.288,0.509
0.0,0.755,0.037,0.285,0.572,0.932,0.164,0.044,0.831,0.987,0.286,0.322,0.637,0.845,0.502,0.87,0.2,0.987,0.227,0.188,0.056,0.719,0.376,0.591,0.723,0.198,0.953,0.725,0.253,0.026,0.688,0.837,0.137,0.26,0.518,0.875,0.308,0.86,0.35,0.249,0.913
0.0,0.037,0.772,0.482,0.343,0.358,0.57,0.171,0.052,0.542,0.685,0.352,0.975,0.943,0.373,0.848,0.51,0.952,0.79,0.504,0.639,0.383,0.661,0.684,0.356,0.52,0.503,0.675,0.406,0.725,0.325,0.527,0.225,0.983,0.735,0.126,0.854,0.111,0.23,0.524,0.985
0.0,0.716,0.755,0.073,0.16,0.679,0.814,0.319,0.529,0.355,0.85,0.152,0.759,0.537,0.803,0.392,0.725,0.349,0.057,0.256,0.442,0.967,0.533,0.607,0.266,0.558,0.971,0.859,0.802,0.299,0.211,0.255,0.877,0.242,0.891,0.41,0.078,0.188,0.682,0.31,0.929
1.0,0.457,0.642,0.479,0.418,0.444,0.06,0.817,0.328,0.413,0.607,0.371,0.148,0.799,0.419,0.203,0.284,0.614,0.657,0.445,0.051,0.415,0.929,0.399,0.716,0.984,0.878,0.12,0.014,0.584,0.892,0.482,0.633,0.667,0.864,0.093,0.332,0.753,0.474,0.175,0.461
1.0,0.822,0.193,0.295,0.086,0.782,0.696,0.91,0.601,0.84,0.971,0.179,0.044,0.461,0.411,0.587,0.596,0.693,0.271,0.156,0.002,0.963,0.353,0.044,0.929,0.457,0.466,0.951,0.626,0.021,0.251,0.884,0.496,0.563,0.917,0.614,0.8,0.789,0.608,0.234,0.88
1.0,0.51,0.329,0.864,0.314,0.263,0.098,0.583,0.187,0.995,0.401,0.69,0.693,0.985,0.147,0.245,0.036,0.189,0.203,0.552,0.946,0.608,0.873,0.561,0.073,0.968,0.834,0.363,0.139,0.944,0.565,0.004,0.553,0.815,0.748,0.042,0.326,0.646,0.002,0.028,0.555
0.0,0.799,0.627,0.84,0.736,0.928,0.21,0.086,0.88,0.584,0.599,0.645,0.703,0.89,0.818,0.663,0.758,0.41,0.832,0.659,0.666,0.99,0.9,0.895,0.573,0.847,0.514,0.874,0.49,0.758,0.323,0.396,0.904,0.284,0.179,0.965,0.425,0.783,0.077,0.279,0.477
1.0,0.445,0.882,0.845,0.131,0.56,0.604,0.861,0.157,0.01,0.649,0.808,0.678,0.42,0.83,0.924,0.25,0.445,0.346,0.266,0.766,0.613,0.774,0.301,0.683,0.57,0.912,0.924,0.557,0.734,0.068,0.564,0.151,0.036,0.205,0.105,0.762,0.975,0.522,0.331,0.355
0.0,0.113,0.291,0.138,0.125,0.436,0.011,0.766,0.879,0.079,0.71,0.583,0.477,0.036,0.537,0.792,0.036,0.612,0.669,0.833,0.743,0.428,0.803,0.872,0.524,0.096,0.942,0.273,0.755,0.244,0.056,0.969,0.151,0.495,0.943,0.341,0.177,0.734,0.923,0.711,0.847
0.0,0.362,0.802,0.643,0.152,0.164,0.71,0.269,0.273,0.03,0.25,0.824,0.136,0.164,0.204,0.116,0.087,0.057,0.97,0.891,0.241,0.933,0.866,0.91,0.967,0.025,0.544,0.955,0.205,0.056,0.309,0.668,0.88,0.568,0.16,0.413,0.419,0.494,0.903,0.39,0.696
1.0,0.273,0.471,0.157,0.733,0.126,0.93,0.305,0.752,0.598,0.403,0.611,0.11,0.599,0.121,0.487,0.556,0.067,0.088,0.247,0.287,0.883,0.929,0.065,0.266,0.717,0.558,0.371,0.829,0.411,0.712,0.249,0.955,0.216,0.054,0.129,0.348,0.851,0.925,0.142,0.065
1.0,0.525,0.379,0.011,0.767,0.355,0.823,0.476,0.895,0.417,0.071,0.104,0.045,0.749,0.301,0.56,0.222,0.831,0.249,0.343,0.92,0.804,0.805,0.837,0.247,0.745,0.181,0.197,0.95,0.016,0.123,0.319,0.897,0.168,0.894,0.36,0.655,0.305,0.919,0.35,0.558
0.0,0.856,0.966,0.969,0.759,0.245,0.193,0.189,0.383,0.95,0.629,0.891,0.681,0.471,0.198,0.187,0.321,0.77,0.756,0.511,0.304,0.183,0.125,0.918,0.398,0.498,0.802,0.434,0.864,0.143,0.141,0.977,0.134,0.151,0.269,0.096,0.527,0.586,0.312,0.041,0.367
1.0,0.819,0.427,0.256,0.994,0.026,0.846,0.944,0.465,0.86,0.181,0.308,0.291,0.273,0.19,0.067,0.268,0.158,0.952,0.907,0.708,0.606,0.41,0.665,0.035,0.513,0.373,0.35,0.014,0.615,0.158,0.501,0.558,0.135,0.337,0.951,0.039,0.338,0.526,0.338,0.316
1.0,0.205,0.994,0.281,0.451,0.404,0.912,0.155,0.685,0.521,0.494,0.837,0.63,0.354,0.531,0.209,0.079,0.993,0.419,0.989,0.833,0.112,0.745,0.197,0.634,0.281,0.165,0.911,0.659,0.307,0.383,0.08,0.807,0.378,0.052,0.522,0.046,0.626,0.778,0.488,0.929
0.0,0.235,0.855,0.015,0.244,0.025,0.243,0.392,0.884,0.905,0.77,0.862,0.84,0.758,0.275,0.265,0.923,0.958,0.911,0.899,0.287,0.91,0.574,0.888,0.936,0.537,0.629,0.984,0.013,0.158,0.682,0.981,0.196,0.277,0.551,0.261,0.935,0.622,0.748,0.737,0.645
1.0,0.019,0.312,0.998,0.108,0.432,0.43,0.058,0.905,0.624,0.393,0.976,0.218,0.607,0.803,0.481,0.046,0.408,0.348,0.556,0.5,0.241,0.63,0.393,0.019,0.379,0.713,0.469,0.251,0.8,0.124,0.076,1.0,0.517,0.011,0.239,0.384,0.224,0.564,0.351,0.508
0.0,0.085,0.615,0.133,0.898,0.423,0.752,0.092,0.65,0.752,0.577,0.126,0.891,0.815,0.456,0.631,0.471,0.153,0.157,0.647,0.995,0.358,0.57,0.331,0.931,0.804,0.199,0.657,0.819,0.081,0.361,0.899,0.692,0.085,0.522,0.706,0.202,0.747,0.364,0.904,0.983
1.0,0.384,0.123,0.476,0.64,0.295,0.977,0.26,0.217,0.983,0.286,0.607,0.751,0.889,0.799,0.223,0.279,0.923,0.964,0.097,0.465,0.98,0.495,0.399,0.994,0.628,0.794,0.665,0.154,0.391,0.479,0.449,0.59,0.28,0.695,0.311,0.673,0.068,0.352,0.892,0.094
0.0,0.995,0.778,0.662,0.347,0.559,0.886,0.739,0.847,0.244,0.311,0.232,0.319,0.621,0.474,0.841,0.064,0.088,0.08,0.928,0.134,0.984,0.64,0.96,0.28,0.592,0.676,0.351,0.317,0.035,0.162,0.001,0.731,0.113,0.2,0.293,0.249,0.047,0.277,0.17,0.968
0.0,0.818,0.397,0.577,0.787,0.173,0.396,0.782,0.089,0.772,0.839,0.91,0.186,0.801,0.281,0.144,0.406,0.379,0.706,0.192,0.906,0.717,0.315,0.836,0.091,0.258,0.657,0.929,0.975,0.504,0.2,0.42,0.841,0.893,0.301,0.844,0.19,0.236,0.166,0.645,0.411
1.0,0.033,0.33,0.893,0.722,0.165,0.328,0.83,0.048,0.792,0.381,0.978,0.545,0.442,0.993,0.135,0.222,0.842,0.341,0.225,0.746,0.093,0.987,0.466,0.422,0.886,0.463,0.88,0.785,0.684,0.233,0.538,0.882,0.611,0.036,0.27,0.611,0.373,0.073,0.287,0.013
0.0,0.128,0.131,0.524,0.741,0.981,0.895,0.978,0.823,0.25,0.334,0.675,0.026,0.142,0.503,0.849,0.409,0.208,0.951,0.297,0.651,0.87,0.496,0.562,0.533,0.29,0.667,0.866,0.271,0.017,0.631,0.66,0.384,0.093,0.855,0.911,0.148,0.235,0.99,0.669,0.519
0.0,0.292,0.868,0.058,0.19,0.804,0.73,0.571,0.245,0.979,0.275,0.773,0.881,0.385,0.569,0.073,0.442,0.212,0.019,0.704,0.715,0.542,0.35,0.476,0.355,0.446,0.174,0.25,0.653,0.493,0.517,0.818,0.569,0.017,0.271,0.967,0.322,0.357,0.329,0.379,0.459
1.0,0.581,0.815,0.639,0.452,0.53,0.789,0.489,0.496,0.224,0.832,0.242,0.476,0.984,0.425,0.798,0.557,0.9,0.755,0.184,0.443,0.658,0.907,0.459,0.474,0.054,0.851,0.353,0.96,0.904,0.188,0.516,0.005,0.909,0.548,0.93,0.771,0.459,0.405,0.027,0.807
1.0,0.893,0.774,0.731,0.699,0.457,0.142,0.209,0.855,0.0,0.256,0.083,0.391,0.905,0.475,0.54,0.958,0.681,0.18,0.085,0.04,0.375,0.473,0.571,0.035,0.073,0.247,0.52,0.3,0.289,0.52,0.55,0.178,0.452,0.056,0.988,0.428,0.071,0.395,0.459,0.982
1.0,0.271,0.748,0.081,0.042,0.758,0.992,0.569,0.314,0.982,0.331,0.012,0.152,0.938,0.842,0.675,0.774,0.601,0.879,0.311,0.949,0.446,0.183,0.449,0.875,0.395,0.399,0.45,0.891,0.264,0.499,0.929,0.207,0.976,0.432,0.421,0.634,0.149,0.984,0.392,0.758
1.0,0.106,0.369,0.439,0.484,0.023,0.597,0.473,0.269,0.019,0.537,0.328,0.477,0.641,0.31,0.425,0.141,0.81,0.634,0.996,0.746,0.027,0.208,0.023,0.147,0.075,0.873,0.108,0.678,0.498,0.053,0.219,0.186,0.148,0.586,0.193,0.13,0.282,0.318,0.107,0.247
0.0,0.761,0.511,0.436,0.017,0.874,0.186,0.645,0.466,0.165,0.716,0.661,0.294,0.335,0.927,0.914,0.532,0.777,0.195,0.541,0.961,0.473,0.638,0.495,0.614,0.606,0.386,0.763,0.678,0.804,0.972,0.684,0.641,0.966,0.223,0.318,0.832,0.167,0.584,0.893,0.314
1.0,0.049,0.379,0.843,0.681,0.773,0.011,0.472,0.09,0.404,0.536,0.82,0.445,0.273,0.761,0.276,0.344,0.896,0.112,0.831,0.134,0.781,0.436,0.266,0.035,0.987,0.531,0.895,0.171,0.42,0.273,0.419,0.534,0.517,0.1,0.614,0.196,0.517,0.445,0.98,0.446
1.0,0.508,0.998,0.845,0.924,0.759,0.012,0.378,0.92,0.665,0.01,0.842,0.723,0.868,0.241,0.834,0.539,0.789,0.998,0.354,0.54,0.881,0.176,0.194,0.244,0.077,0.64,0.268,0.254,0.423,0.368,0.405,0.898,0.575,0.991,0.317,0.268,0.912,0.739,0.33,0.829
1.0,0.104,0.524,0.206,0.345,0.428,0.84,0.599,0.249,0.307,0.459,0.91,0.334,0.68,0.393,0.631,0.946,0.184,0.154,0.962,0.255,0.66,0.438,0.359,0.86,0.554,0.007,0.981,0.297,0.98,0.195,0.276,0.905,0.877,0.701,0.88,0.815,0.34,0.528,0.42,0.27
0.0,0.362,0.583,0.775,0.868,0.629,0.062,0.412,0.815,0.664,0.953,0.227,0.313,0.18,0.447,0.044,0.54,0.975,0.017,0.456,0.576,0.396,0.175,0.822,0.74,0.2,0.186,0.565,0.227,0.131,0.049,0.759,0.735,0.205,0.018,0.392,0.294,0.037,0.505,0.664,0.848
0.0,0.43,0.74,0.202,0.452,0.968,0.794,0.982,0.958,0.331,0.809,0.389,0.056,0.274,0.549,0.796,0.729,0.362,0.28,0.493,0.298,0.347,0.839,0.871,0.623,0.485,0.637,0.826,0.738,0.999,0.314,0.64,0.018,0.692,0.13,0.478,0.742,0.815,0.604,0.02,0.314
1.0,0.495,0.005,0.703,0.495,0.658,0.565,0.623,0.48,0.839,0.04,0.479,0.315,0.171,0.509,0.523,0.799,0.585,0.282,0.701,0.628,0.383,0.82,0.456,0.95,0.819,0.954,0.391,0.42,0.324,0.859,0.134,0.273,0.643,0.827,0.542,0.546,0.161,0.736,0.351,0.985
1.0,0.103,0.372,0.206,0.57,0.278,0.033,0.06,0.802,0.331,0.871,0.316,0.07,0.243,0.975,0.229,0.65,0.606,0.451,0.176,0.163,0.058,0.269,0.153,0.831,0.211,0.631,0.09,0.725,0.343,0.243,0.317,0.845,0.322,0.328,0.588,0.728,0.208,0.804,0.448,0.852
1.0,0.879,0.677,0.276,0.039,0.626,0.737,0.233,0.66,0.993,0.173,0.566,0.55,0.672,0.771,0.555,0.125,0.875,0.096,0.128,0.628,0.721,0.47,0.524,0.14,0.524,0.223,0.157,0.864,0.013,0.356,0.182,0.896,0.336,0.051,0.385,0.136,0.525,0.577,0.399,0.291
0.0,0.532,0.455,0.255,0.398,0.828,0.937,0.249,0.309,0.186,0.312,0.832,0.971,0.203,0.906,0.866,0.721,0.897,0.881,0.276,0.838,0.833,0.29,0.59,0.856,0.154,0.83,0.715,0.657,0.489,0.907,0.627,0.856,0.912,0.263,0.969,0.357,0.116,0.151,1.0,0.916
0.0,0.796,0.966,0.936,0.86,0.753,0.648,0.114,0.161,0.001,0.298,0.488,0.848,0.075,0.579,0.648,0.889,0.112,0.345,0.077,0.69,0.378,0.825,0.686,0.71,0.889,0.155,0.946,0.795,0.089,0.194,0.873,0.213,0.728,0.623,0.669,0.462,0.597,0.54,0.802,0.819
1.0,0.697,0.135,0.574,0.878,0.265,0.291,0.295,0.377,0.778,0.406,0.746,0.528,0.613,0.466,0.496,0.826,0.937,0.119,0.215,0.189,0.777,0.268,0.728,0.146,0.378,0.826,0.425,0.514,0.446,0.627,0.266,0.583,0.409,0.213,0.343,0.59,0.686,0.102,0.408,0.655
0.0,0.895,0.659,0.058,0.965,0.9,0.732,0.125,0.703,0.998,0.614,0.287,0.41,0.472,0.941,0.801,0.52,0.4,0.878,0.187,0.491,0.46,0.245,0.149,0.892,0.085,0.228,0.343,0.22,0.996,0.874,0.867,0.848,0.521,0.666,0.336,0.395,0.252,0.179,0.05,0.833
0.0,0.206,0.709,0.251,0.441,0.383,0.067,0.857,0.134,0.707,0.667,0.169,0.101,0.09,0.664,0.808,0.997,0.08,0.963,0.328,0.954,0.058,0.497,0.91,0.117,0.465,0.17,0.063,0.039,0.555,0.647,0.492,0.604,0.925,0.022,0.353,0.649,0.401,0.149,0.282,0.367
1.0,0.222,0.878,0.619,0.893,0.055,0.936,0.339,0.944,0.867,0.867,0.074,0.642,0.271,0.189,0.304,0.824,0.73,0.238,0.161,0.842,0.736,0.533,0.674,0.122,0.369,0.553,0.275,0.777,0.848,0.089,0.304,0.022,0.709,0.437,0.001,0.162,0.562,0.422,0.105,0.721
0.0,0.65,0.801,0.551,0.761,0.036,0.693,0.857,0.186,0.898,0.626,0.828,0.41,0.055,0.63,0.64,0.078,0.815,0.431,0.031,0.681,0.343,0.16,0.951,0.176,0.06,0.069,0.155,0.998,0.301,0.245,0.575,0.105,0.761,0.146,0.708,0.168,0.725,0.178,0.799,0.308
1.0,0.233,0.247,0.369,0.551,0.302,0.657,0.592,0.121,0.4,0.278,0.837,0.289,0.669,0.961,0.621,0.526,0.533,0.03,0.901,0.117,0.05,0.911,0.178,0.607,0.176,0.115,0.5,0.205,0.315,0.719,0.04,0.364,0.93,0.761,0.147,0.667,0.983,0.292,0.32,0.344
0.0,0.557,0.136,0.568,0.024,0.229,0.501,0.451,0.6,0.926,0.096,0.163,0.891,0.549,0.341,0.132,0.12,0.83,0.913,0.76,0.803,0.886,0.065,0.159,0.753,0.831,0.63,0.35,0.502,0.175,0.969,0.802,0.111,0.462,0.972,0.945,0.172,0.305,0.602,0.684,0.942
1.0,0.384,0.474,0.906,0.104,0.765,0.798,0.733,0.367,0.421,0.595,0.677,0.1,0.241,0.836,0.375,0.934,0.966,0.413,0.674,0.146,0.704,0.991,0.461,0.209,0.135,0.243,0.206,0.183,0.856,0.004,0.927,0.712,0.767,0.165,0.238,0.138,0.302,0.542,0.733,0.909
0.0,0.32,0.521,0.614,0.452,0.685,0.287,0.787,0.256,0.84,0.333,0.305,0.063,0.293,0.103,0.907,0.134,0.626,0.528,0.598,0.584,0.248,0.841,0.926,0.922,0.747,0.167,0.609,0.549,0.629,0.79,0.751,0.422,0.645,0.947,0.388,0.721,0.379,0.945,0.917,0.429
0.0,0.47,0.944,0.259,0.678,0.282,0.496,0.462,0.127,0.627,0.011,0.392,0.988,0.784,0.208,0.865,0.648,0.407,0.883,0.154,0.197,0.246,0.814,0.844,0.072,0.699,0.076,0.357,0.106,0.62,0.126,0.342,0.13,0.93,0.227,0.671,0.034,0.004,0.106,0.155,0.068
0.0,0.647,0.763,0.275,0.812,0.109,0.611,0.269,0.777,0.134,0.524,0.743,0.837,0.787,0.891,0.641,0.612,0.466,0.411,0.577,0.717,0.045,0.733,0.742,0.652,0.349,0.085,0.417,0.812,0.687,0.449,0.369,0.532,0.307,0.526,0.31,0.083,0.409,0.449,0.44,0.038
1.0,0.624,0.91,0.127,0.67,0.403,0.528,0.825,0.278,0.166,0.279,0.967,0.489,0.575,0.344,0.22,0.295,0.438,0.767,0.011,0.739,0.866,0.294,0.394,0.883,0.276,0.348,0.358,0.185,0.392,0.541,0.462,0.499,0.047,0.469,0.857,0.987,0.559,0.47,0.612,0.237
1.0,0.302,0.636,0.946,0.639,0.221,0.993,0.16,0.527,0.232,0.671,0.307,0.722,0.274,0.542,0.859,0.141,0.043,0.207,0.266,0.99,0.134,0.162,0.574,0.766,0.04,0.3,0.319,0.47,0.362,0.98,0.404,0.957,0.02,0.499,0.221,0.751,0.401,0.255,0.652,0.543
0.0,0.744,0.505,0.814,0.202,0.979,0.131,0.356,0.502,0.654,0.411,0.192,0.504,0.743,0.82,0.175,0.654,0.315,0.238,0.053,0.06,0.766,0.405,0.138,0.929,0.001,0.242,0.185,0.647,0.027,0.038,0.573,0.481,0.576,0.625,0.058,0.86,0.888,0.03,0.432,0.612
1.0,0.807,0.89,0.546,0.354,0.205,0.054,0.771,0.245,0.236,0.756,0.008,0.729,0.988,0.173,0.386,0.061,0.779,0.374,0.264,0.583,0.795,0.962,0.072,0.204,0.722,0.704,0.597,0.342,0.669,0.539,0.135,0.288,0.006,0.066,0.72,0.152,0.019,0.915,0.538,0.153
0.0,0.798,0.057,0.924,0.247,0.01,0.143,0.011,0.627,0.163,0.339,0.848,0.825,0.712,0.306,0.665,0.15,0.56,0.686,0.179,0.367,0.818,0.423,0.764,0.081,0.463,0.09,0.324,0.049,0.32,0.796,0.194,0.972,0.128,0.174,0.694,0.637,0.343,0.87,0.633,0.335
1.0,0.907,0.385,0.587,0.81,0.101,0.697,0.189,0.135,0.862,0.186,0.258,0.48,0.409,0.883,0.928,0.898,0.12,0.678,0.671,0.99,0.098,0.558,0.392,0.824,0.526,0.802,0.99,0.091,0.875,0.304,0.889,0.912,0.142,0.994,0.492,0.053,0.436,0.947,0.294,0.211
1.0,0.06,0.609,0.357,0.256,0.457,0.684,0.411,0.185,0.301,0.522,0.753,0.248,0.178,0.606,0.15,0.382,0.465,0.748,0.327,0.907,0.707,0.263,0.37,0.467,0.26,0.044,0.518,0.518,0.578,0.108,0.824,0.907,0.666,0.975,0.738,0.186,0.934,0.97,0.087,0.599
0.0,0.524,0.816,0.812,0.507,0.325,0.13,0.424,0.494,0.038,0.657,0.669,0.97,0.59,0.545,0.572,0.934,0.294,0.176,0.839,0.252,0.105,0.105,0.094,0.489,0.191,0.048,0.144,0.002,0.03,0.76,0.153,0.25,0.269,0.828,0.667,0.833,0.114,0.059,0.895,0.694
0.0,0.283,0.445,0.171,0.138,0.212,0.772,0.64,0.904,0.514,0.501,0.862,0.224,0.786,0.777,0.931,0.733,0.635,0.255,0.14,0.883,0.02,0.291,0.786,0.029,0.733,0.144,0.329,0.241,0.492,0.144,0.669,0.632,0.318,0.179,0.516,0.608,0.793,0.607,0.679,0.306
1.0,0.661,0.177,0.23,0.062,0.815,0.032,0.901,0.542,0.241,0.588,0.549,0.706,0.081,0.619,0.214,0.761,0.524,0.958,0.128,0.749,0.877,0.844,0.39,0.321,0.4,0.233,0.44,0.785,0.77,0.723,0.69,0.71,0.676,0.251,0.317,0.638,0.608,0.71,0.064,0.713
0.0,0.099,0.269,0.978,0.149,0.337,0.205,0.122,0.563,0.735,0.839,0.715,0.555,0.524,0.67,0.614,0.645,0.364,0.147,0.573,0.642,0.606,0.426,0.325,0.566,0.764,0.753,0.279,0.631,0.221,0.125,0.673,0.516,0.821,0.397,0.427,0.864,0.977,0.165,0.958,0.104
0.0,0.728,0.528,0.038,0.85,0.181,0.919,0.226,0.438,0.031,0.645,0.713,0.476,0.539,0.041,0.094,0.201,0.805,0.461,0.588,0.904,0.821,0.848,0.896,0.54,0.173,0.656,0.23,0.413,0.082,0.774,0.663,0.527,0.778,0.833,0.486,0.781,0.747,0.891,0.201,0.268
0.0,0.691,0.022,0.873,0.529,0.872,0.864,0.208,0.38,0.854,0.804,0.393,0.699,0.966,0.662,0.081,0.079,0.043,0.396,0.374,0.196,0.696,0.433,0.45,0.409,0.275,0.387,0.479,0.917,0.026,0.837,0.758,0.845,0.354,0.26,0.881,0.42,0.266,0.846,0.616,0.376
0.0,0.001,0.523,0.144,0.647,0.913,0.027,0.369,0.129,0.981,0.327,0.879,0.884,0.646,0.876,0.541,0.19,0.041,0.538,0.257,0.628,0.687,0.293,0.555,0.459,0.284,0.552,0.618,0.999,0.709,0.251,0.737,0.467,0.861,0.289,0.185,0.687,0.531,0.779,0.625,0.928
1.0,0.034,0.74,0.707,0.821,0.039,0.613,0.083,0.409,0.452,0.628,0.557,0.495,0.582,0.463,0.88,0.377,0.042,0.297,0.7,0.472,0.195,0.535,0.646,0.127,0.762,0.26,0.409,0.035,0.613,0.279,0.307,0.259,0.234,0.958,0.294,0.997,0.093,0.337,0.061,0.889
1.0,0.205,0.148,0.334,0.308,0.086,0.654,0.988,0.275,0.473,0.953,0.313,0.459,0.535,0.144,0.619,0.186,0.944,0.74,0.94,0.626,0.843,0.085,0.583,0.886,0.629,0.425,0.196,0.005,0.467,0.665,0.052,0.356,0.536,0.718,0.213,0.693,0.367,0.579,0.527,0.261
0.0,0.352,0.003,0.861,0.804,0.962,0.216,0.368,0.824,0.407,0.702,0.617,0.285,0.022,0.195,0.041,0.189,0.906,0.612,0.499,0.282,0.026,0.247,0.528,0.178,0.778,0.021,0.713,0.988,0.11,0.993,0.514,0.214,0.068,0.225,0.97,0.889,0.109,0.117,0.076,0.153
0.0,0.003,0.225,0.332,0.919,0.74,0.057,0.444,0.727,0.165,0.261,0.251,0.792,0.632,0.237,0.34,0.639,0.316,0.571,0.127,0.584,0.161,0.204,0.995,0.933,0.495,0.192,0.594,0.111,0.331,0.988,0.245,0.285,0.83,0.41,0.37,0.077,0.374,0.755,0.566,0.84
1.0,0.868,0.361,0.719,0.615,0.13,0.553,0.748,0.21,0.602,0.289,0.206,0.502,0.736,0.492,0.922,0.55,0.237,0.14,0.889,0.519,0.232,0.451,0.302,0.344,0.625,0.907,0.445,0.227,0.224,0.764,0.736,0.654,0.423,0.541,0.36,0.56,0.96,0.334,0.334,0.386
1.0,0.734,0.222,0.889,0.74,0.747,0.997,0.342,0.181,0.991,0.088,0.031,0.249,0.29,0.283,0.062,0.973,0.602,0.022,0.696,0.555,0.186,0.573,0.201,0.134,0.085,0.695,0.245,0.769,0.173,0.968,0.471,0.756,0.576,0.871,0.046,0.365,0.911,0.208,0.947,0.697
1.0,0.863,0.102,0.168,0.821,0.485,0.509,0.796,0.989,0.137,0.875,0.015,0.178,0.51,0.589,0.833,0.048,0.987,0.76,0.996,0.16,0.482,0.986,0.68,0.599,0.841,0.955,0.076,0.293,0.492,0.273,0.781,0.594,0.122,0.407,0.347,0.328,0.64,0.628,0.722,0.071
1.0,0.834,0.417,0.691,0.426,0.35,0.795,0.033,0.923,0.289,0.69,0.924,0.285,0.88,0.399,0.669,0.633,0.992,0.093,0.311,0.29,0.685,0.763,0.282,0.045,0.84,0.635,0.536,0.609,0.816,0.634,0.475,0.608,0.376,0.711,0.98,0.044,0.386,0.02,0.936,0.87
1.0,0.782,0.476,0.493,0.519,0.429,0.433,0.137,0.36,0.759,0.116,0.956,0.576,0.56,0.157,0.73,0.549,0.532,0.196,0.563,0.79,0.593,0.091,0.398,0.559,0.077,0.687,0.984,0.69,0.304,0.579,0.342,0.347,0.654,0.706,0.565,0.865,0.2,0.28,0.196,0.821
0.0,0.902,0.702,0.971,0.926,0.089,0.598,0.227,0.356,0.874,0.404,0.171,0.207,0.335,0.656,0.51,0.496,0.343,0.609,0.359,0.618,0.733,0.634,0.849,0.729,0.711,0.573,0.702,0.363,0.303,0.753,0.358,0.659,0.133,0.965,0.679,0.179,0.548,0.051,0.68,0.301
1.0,0.014,0.39,0.011,0.599,0.761,0.394,0.502,0.902,0.54,0.052,0.829,0.513,0.361,0.554,0.177,0.151,0.053,0.935,0.561,0.899,0.074,0.066,0.389,0.096,0.558,0.989,0.668,0.599,0.454,0.399,0.575,0.104,0.816,0.273,0.053,0.522,0.992,0.561,0.56,0.966
1.0,0.521,0.001,0.76,0.704,0.818,0.965,0.004,0.149,0.883,0.271,0.081,0.373,0.79,0.044,0.172,0.148,0.529,0.581,0.968,0.86,0.189,0.771,0.751,0.147,0.803,0.937,0.689,0.161,0.498,0.696,0.516,0.641,0.944,0.514,0.62,0.152,0.912,0.543,0.378,0.351
1.0,0.167,0.989,0.253,0.832,0.703,0.438,0.367,0.427,0.025,0.707,0.793,0.332,0.731,0.94,0.712,0.981,0.75,0.605,0.844,0.483,0.161,0.194,0.329,0.25,0.653,0.98,0.206,0.365,0.65,0.579,0.135,0.717,0.03,0.02,0.218,0.154,0.698,0.146,0.96,0.5
1.0,0.275,0.985,0.105,0.746,0.348,0.919,0.449,0.509,0.924,0.726,0.57,0.634,0.312,0.091,0.348,0.677,0.489,0.113,0.158,0.384,0.232,0.067,0.72,0.204,0.76,0.11,0.291,0.776,0.328,0.622,0.345,0.11,0.798,0.048,0.997,0.001,0.52,0.813,0.247,0.191
1.0,0.167,0.11,0.897,0.963,0.787,0.661,0.55,0.418,0.069,0.279,0.865,0.735,0.867,0.377,0.709,0.552,0.382,0.848,0.976,0.721,0.415,0.978,0.353,0.555,0.97,0.144,0.062,0.499,0.256,0.64,0.908,0.637,0.441,0.967,0.084,0.887,0.497,0.443,0.117,0.655
1.0,0.756,0.61,0.339,0.736,0.021,0.184,0.547,0.404,0.395,0.119,0.596,0.264,0.244,0.346,0.872,0.718,0.624,0.766,0.539,0.455,0.016,0.801,0.171,0.306,0.423,0.749,0.954,0.509,0.557,0.472,0.671,0.4,0.252,0.192,0.771,0.281,0.841,0.897,0.545,0.173
1.0,0.367,0.769,0.353,0.525,0.266,0.241,0.582,0.208,0.293,0.3,0.709,0.515,0.348,0.371,0.833,0.179,0.208,0.857,0.479,0.714,0.316,0.745,0.667,0.13,0.528,0.339,0.142,0.583,0.479,0.757,0.464,0.895,0.174,0.274,0.975,0.709,0.129,0.929,0.63,0.328
0.0,0.513,0.308,0.303,0.343,0.953,0.498,0.661,0.747,0.624,0.048,0.637,0.322,0.335,0.503,0.687,0.713,0.764,0.059,0.824,0.357,0.439,0.747,0.81,0.144,0.223,0.796,0.599,0.155,0.645,0.152,0.142,0.921,0.771,0.494,0.957,0.117,0.425,0.425,0.824,0.007
0.0,0.042,0.0,0.975,0.463,0.595,0.722,0.891,0.908,0.903,0.735,0.855,0.186,0.252,0.403,0.003,0.537,0.749,0.542,0.548,0.397,0.408,0.274,0.971,0.055,0.378,0.105,0.532,0.607,0.738,0.259,0.923,0.514,0.218,0.975,0.289,0.889,0.937,0.144,0.353,0.456
0.0,0.288,0.345,0.214,0.98,0.554,0.14,0.431,0.509,0.279,0.446,0.355,0.574,0.257,0.486,0.849,0.093,0.988,0.77,0.43,0.668,0.41,0.405,0.986,0.654,0.695,0.776,0.708,0.661,0.493,0.038,0.352,0.229,0.878,0.474,0.376,0.411,0.107,0.201,0.083,0.177
0.0,0.191,0.977,0.127,0.08,0.273,0.192,0.527,0.782,0.344,0.491,0.669,0.688,0.341,0.387,0.991,0.623,0.876,0.772,0.771,0.025,0.433,0.911,0.976,0.655,0.844,0.939,0.508,0.065,0.399,0.954,0.962,0.492,0.31,0.821,0.591,0.777,0.47,0.913,0.985,0.609
1.0,0.811,0.285,0.6,0.898,0.137,0.922,0.972,0.587,0.969,0.315,0.811,0.464,0.739,0.882,0.7,0.242,0.811,0.437,0.545,0.969,0.639,0.814,0.172,0.311,0.473,0.348,0.307,0.522,0.833,0.3,0.487,0.412,0.121,0.523,0.28,0.797,0.257,0.1,0.074,0.989
0.0,0.182,0.293,0.776,0.449,0.947,0.644,0.756,0.494,0.223,0.778,0.247,0.4,0.685,0.641,0.411,0.805,0.872,0.342,0.316,0.665,0.506,0.444,0.032,0.533,0.89,0.872,0.687,0.112,0.747,0.26,0.661,0.253,0.114,0.814,0.963,0.602,0.867,0.053,0.829,0.334
1.0,0.433,0.702,0.69,0.287,0.028,0.401,0.441,0.573,0.11,0.922,0.481,0.426,0.241,0.52,0.894,0.568,0.544,0.439,0.556,0.743,0.273,0.94,0.6,0.942,0.761,0.116,0.376,0.717,0.33,0.394,0.443,0.769,0.677,0.531,0.636,0.347,0.815,0.689,0.814,0.15
0.0,0.838,0.839,0.602,0.986,0.986,0.426,0.871,0.853,0.37,0.029,0.344,0.571,0.523,0.328,0.484,0.642,0.536,0.45,0.898,0.524,0.992,0.015,0.144,0.99,0.15,0.578,0.834,0.498,0.625,0.366,0.05,0.115,0.565,0.795,0.429,0.476,0.248,0.075,0.232,0.755
1.0,0.853,0.242,0.811,0.583,0.461,0.961,0.03,0.464,0.444,0.629,0.427,0.25,0.947,0.028,0.327,0.433,0.369,0.738,0.387,0.793,0.962,0.58,0.585,0.483,0.257,0.304,0.851,0.274,0.647,0.702,0.341,0.846,0.119,0.907,0.211,0.978,0.889,0.738,0.3,0.939
0.0,0.796,0.242,0.905,0.603,0.542,0.575,0.04,0.908,0.833,0.001,0.178,0.787,0.113,0.66,0.478,0.196,0.589,0.221,0.282,0.83,0.104,0.282,0.312,0.427,0.767,0.908,0.939,0.451,0.4,0.541,0.851,0.882,0.336,0.007,0.483,0.251,0.987,0.645,0.0,0.075
1.0,0.484,0.941,0.332,0.858,0.762,0.652,0.331,0.525,0.841,0.095,0.781,0.088,0.973,0.715,0.13,0.943,0.117,0.361,0.608,0.575,0.193,0.697,0.437,0.9,0.165,0.211,0.167,0.957,0.535,0.587,0.068,0.73,0.693,0.283,0.854,0.202,0.104,0.621,0.784,0.448
0.0,0.828,0.141,0.06,0.868,0.947,0.19,0.934,0.703,0.749,0.571,0.307,0.858,0.037,0.595,0.662,0.038,0.293,0.867,0.206,0.27,0.702,0.274,0.925,0.254,0.696,0.676,0.933,0.325,0.732,0.853,0.596,0.407,0.989,0.448,0.177,0.779,0.778,0.457,0.933,0.458
1.0,0.653,0.584,0.734,0.16,0.577,0.735,0.31,0.372,0.101,0.378,0.732,0.343,0.685,0.158,0.706,0.148,0.572,0.383,0.739,0.134,0.455,0.076,0.035,0.978,0.108,0.925,0.469,0.57,0.478,0.82,0.915,0.936,0.675,0.302,0.148,0.35,0.125,0.621,0.183,0.984
0.0,0.837,0.369,0.459,0.253,0.843,0.108,0.929,0.29,0.446,0.402,0.521,0.79,0.141,0.76,0.038,0.268,0.635,0.832,0.573,0.591,0.293,0.783,0.514,0.253,0.92,0.095,0.6,0.209,0.672,0.322,0.731,0.631,0.123,0.628,0.015,0.711,0.959,0.429,0.98,0.99
1.0,0.132,0.75,0.108,0.343,0.212,0.428,0.367,0.662,0.697,0.192,0.277,0.052,0.507,0.352,0.295,0.814,0.767,0.787,0.649,0.179,0.866,0.811,0.644,0.33,0.943,0.653,0.001,0.878,0.191,0.241,0.528,0.124,0.846,0.824,0.368,0.778,0.615,0.468,0.685,0.143
1.0,0.168,0.529,0.231,0.529,0.687,0.822,0.185,0.485,0.155,0.616,0.213,0.292,0.633,0.346,0.404,0.15,0.334,0.491,0.352,0.88,0.479,0.133,0.46,0.211,0.633,0.869,0.785,0.951,0.265,0.326,0.311,0.893,0.215,0.013,0.307,0.223,0.812,0.534,0.75,0.119
1.0,0.091,0.562,0.392,0.738,0.231,0.283,0.233,0.181,0.38,0.023,0.757,0.371,0.77,0.205,0.144,0.177,0.893,0.036,0.066,0.559,0.953,0.71,0.467,0.862,0.268,0.876,0.156,0.823,0.852,0.476,0.745,0.443,0.028,0.686,0.31,0.797,0.988,0.645,0.076,0.304
1.0,0.17,0.144,0.87,0.495,0.636,0.458,0.01,0.429,0.348,0.639,0.276,0.4,0.841,0.106,0.053,0.398,0.473,0.44,0.612,0.37,0.784,0.289,0.754,0.34,0.721,0.11,0.283,0.341,0.415,0.233,0.524,0.31,0.737,0.412,0.322,0.177,0.822,0.422,0.935,0.971
1.0,0.588,0.228,0.72,0.047,0.762,0.366,0.244,0.083,0.613,0.534,0.179,0.499,0.052,0.663,0.089,0.597,0.719,0.805,0.228,0.327,0.907,0.409,0.411,0.975,0.751,0.16,0.813,0.957,0.253,0.543,0.1,0.371,0.27,0.575,0.258,0.852,0.057,0.297,0.129,0.324
0.0,0.218,0.884,0.949,0.083,0.31,0.806,0.662,0.937,0.056,0.281,0.132,0.286,0.944,0.561,0.798,0.678,0.087,0.973,0.551,0.155,0.773,0.656,0.971,0.958,0.793,0.777,0.666,0.833,0.424,0.562,0.574,0.15,0.858,0.557,0.989,0.657,0.478,0.631,0.485,0.142
0.0,0.419,0.59,0.813,0.222,0.296,0.239,0.535,0.942,0.923,0.981,0.487,0.889,0.736,0.408,0.91,0.986,0.904,0.496,0.629,0.959,0.626,0.468,0.617,0.271,0.597,0.568,0.809,0.929,0.269,0.26,0.944,0.009,0.7,0.201,0.89,0.193,0.863,0.388,0.278,0.513
0.0,0.51,0.463,0.437,0.7,0.532,0.151,0.222,0.492,0.698,0.493,0.734,0.452,0.932,0.333,0.66,0.783,0.54,0.517,0.785,0.328,0.93,0.165,0.95,0.512,0.109,0.982,0.421,0.913,0.548,0.344,0.405,0.176,0.503,0.2,0.636,0.039,0.057,0.689,0.708,0.625
0.0,0.087,0.995,0.625,0.406,0.395,0.906,0.87,0.47,0.741,0.915,0.081,0.758,0.441,0.702,0.354,0.55,0.308,0.587,0.209,0.274,0.707,0.998,0.834,0.025,0.082,0.964,0.011,0.044,0.542,0.541,0.994,0.548,0.085,0.279,0.488,0.975,0.379,0.521,0.121,0.952
0.0,0.952,0.867,0.826,0.695,0.932,0.076,0.931,0.479,0.558,0.753,0.719,0.627,0.047,0.374,0.016,0.489,0.542,0.93,0.089,0.202,0.147,0.599,0.822,0.715,0.733,0.565,0.978,0.065,0.433,0.693,0.022,0.212,0.716,0.921,0.946,0.542,0.78,0.453,0.059,0.708
0.0,0.99,0.912,0.846,0.555,0.192,0.137,0.649,0.213,0.737,0.188,0.674,0.16,0.268,0.496,0.144,0.55,0.109,0.63,0.44,0.932,0.084,0.405,0.161,0.358,0.265,0.189,0.253,0.712,0.827,0.495,0.063,0.756,0.516,0.63,0.934,0.502,0.968,0.267,0.076,0.602
1.0,0.49,0.43,0.621,0.242,0.398,0.07,0.971,0.106,0.141,0.256,0.576,0.65,0.351,0.577,0.768,0.085,0.659,0.134,0.374,0.862,0.938,0.49,0.434,0.645,0.764,0.364,0.502,0.921,0.179,0.134,0.909,0.391,0.992,0.515,0.802,0.656,0.314,0.004,0.107,0.474
0.0,0.726,0.063,0.86,0.43,0.981,0.309,0.442,0.262,0.259,0.048,0.72,0.694,0.832,0.732,0.694,0.604,0.281,0.855,0.754,0.816,0.739,0.79,0.721,0.129,0.226,0.247,0.843,0.267,0.701,0.966,0.628,0.688,0.921,0.519,0.755,0.185,0.272,0.685,0.89,0.481
1.0,0.906,0.929,0.868,0.58,0.432,0.891,0.537,0.65,0.107,0.07,0.134,0.364,0.16,0.063,0.618,0.151,0.986,0.643,0.468,0.474,0.824,0.751,0.457,0.423,0.162,0.613,0.717,0.872,0.874,0.091,0.007,0.666,0.483,0.81,0.578,0.17,0.121,0.488,0.106,0.164
0.0,0.979,0.043,0.928,0.658,0.998,0.116,0.868,0.954,0.084,0.743,0.194,0.775,0.922,0.281,0.932,0.036,0.814,0.964,0.109,0.739,0.353,0.758,0.207,0.985,0.015,0.411,0.39,0.17,0.503,0.529,0.68,0.826,0.261,0.108,0.089,0.829,0.7,0.513,0.071,0.159
1.0,0.237,0.508,0.278,0.512,0.35,0.074,0.615,0.258,0.153,0.986,0.999,0.394,0.247,0.668,0.944,0.359,0.034,0.652,0.128,0.549,0.484,0.401,0.285,0.859,0.88,0.394,0.967,0.061,0.858,0.342,0.057,0.742,0.456,0.503,0.829,0.185,0.004,0.714,0.574,0.636
0.0,0.622,0.361,0.269,0.947,0.933,0.531,0.482,0.476,0.041,0.384,0.382,0.891,0.403,0.816,0.609,0.544,0.175,0.863,0.893,0.933,0.503,0.482,0.195,0.084,0.845,0.871,0.093,0.674,0.776,0.185,0.626,0.995,0.158,0.213,0.992,0.744,0.665,0.247,0.838,0.998
0.0,0.35,0.591,0.596,0.678,0.661,0.541,0.774,0.586,0.936,0.417,0.722,0.966,0.661,0.78,0.029,0.584,0.818,0.942,0.767,0.712,0.579,0.645,0.836,0.842,0.165,0.762,0.409,0.46,0.776,0.398,0.533,0.639,0.575,0.031,0.297,0.119,0.13,0.9,0.336,0.412
0.0,0.549,0.769,0.083,0.968,0.973,0.098,0.968,0.064,0.318,0.414,0.234,0.239,0.111,0.891,0.769,0.146,0.12,0.435,0.658,0.432,0.954,0.66,0.706,0.404,0.005,0.434,0.083,0.839,0.931,0.969,0.723,0.356,0.144,0.334,0.588,0.92,0.892,0.288,0.811,0.695
0.0,0.365,0.746,0.805,0.693,0.19,0.716,0.387,0.475,0.045,0.764,0.515,0.926,0.579,0.9,0.993,0.071,0.953,0.323,0.44,0.817,0.36,0.568,0.674,0.709,0.225,0.873,0.197,0.702,0.382,0.775,0.098,0.576,0.552,0.869,0.556,0.298,0.418,0.883,0.715,0.101
1.0,0.475,0.843,0.492,0.973,0.36,0.244,0.449,0.553,0.431,0.33,0.716,0.468,0.414,0.776,0.899,0.266,0.371,0.311,0.92,0.218,0.837,0.743,0.172,0.726,0.301,0.681,0.332,0.449,0.513,0.555,0.329,0.687,0.676,0.121,0.28,0.137,0.949,0.392,0.641,0.721
0.0,0.776,0.751,0.152,0.458,0.949,0.932,0.11,0.104,0.822,0.114,0.3,0.06,0.172,0.282,0.3,0.475,0.469,0.784,0.506,0.351,0.828,0.705,0.758,0.912,0.96,0.093,0.849,0.19,0.34,0.985,0.726,0.765,0.214,0.71,0.47,0.311,0.804,0.198,0.16,0.199
0.0,0.454,0.721,0.792,0.323,0.919,0.388,0.157,0.0,0.55,0.616,0.701,0.564,0.518,0.298,0.031,0.434,0.353,0.328,0.775,0.511,0.492,0.76,0.449,0.41,0.878,0.593,0.703,0.26,0.825,0.131,0.01,0.383,0.168,0.447,0.291,0.514,0.754,0.575,0.786,0.51
1.0,0.68,0.235,0.203,0.852,0.471,0.839,0.71,0.116,0.602,0.432,0.299,0.759,0.0,0.702,0.81,0.976,0.498,0.63,0.78,0.21,0.755,0.975,0.703,0.235,0.162,0.438,0.365,0.325,0.335,0.593,0.515,0.952,0.68,0.883,0.273,0.24,0.276,0.146,0.738,0.141
1.0,0.797,0.982,0.127,0.479,0.369,0.107,0.965,0.163,0.545,0.425,0.899,0.521,0.868,0.554,0.14,0.36,0.145,0.971,0.098,0.986,0.153,0.464,0.303,0.989,0.424,0.285,0.677,0.525,0.709,0.548,0.379,0.662,0.754,0.814,0.637,0.075,0.012,0.865,0.341,0.777
0.0,0.357,0.337,0.978,0.699,0.965,0.783,0.343,0.344,0.469,0.355,0.31,0.698,0.987,0.233,0.609,0.153,0.427,0.295,0.588,0.503,0.552,0.488,0.763,0.466,0.343,0.711,0.441,0.195,0.418,0.678,0.094,0.248,0.736,0.616,0.043,0.948,0.153,0.212,0.81,0.514
1.0,0.909,0.027,0.515,0.578,0.688,0.585,0.354,0.169,0.52,0.697,0.608,0.249,0.377,0.47,0.848,0.854,0.808,0.971,0.551,0.331,0.306,0.761,0.064,0.436,0.272,0.51,0.358,0.521,0.042,0.425,0.808,0.458,0.12,0.913,0.74,0.131,0.936,0.343,0.371,0.47
0.0,0.361,0.484,0.259,0.942,0.047,0.036,0.068,0.176,0.718,0.333,0.329,0.568,0.316,0.453,0.759,0.569,0.399,1.0,0.241,0.27,0.62,0.87,0.892,0.518,0.451,0.044,0.549,0.765,0.11,0.203,0.073,0.407,0.092,0.59,0.768,0.738,0.332,0.254,0.581,0.945
1.0,0.037,0.23,0.519,0.888,0.576,0.84,0.541,0.379,0.02,0.826,0.419,0.73,0.308,0.233,0.104,0.234,0.808,0.397,0.872,0.164,0.298,0.964,0.516,0.968,0.827,0.297,0.417,0.138,0.355,0.791,0.467,0.025,0.946,0.24,0.698,0.958,0.116,0.071,0.156,0.514
0.0,0.862,0.231,0.903,0.768,0.638,0.747,0.685,0.955,0.873,0.477,0.306,0.976,0.506,0.34,0.595,0.047,0.663,0.015,0.882,0.011,0.453,0.298,0.961,0.174,0.113,0.407,0.078,0.168,0.72,0.233,0.827,0.736,0.438,0.228,0.768,0.461,0.678,0.749,0.272,0.706
1.0,0.516,0.565,0.22,0.506,0.819,0.188,0.268,0.99,0.36,0.009,0.286,0.413,0.149,0.854,0.371,0.718,0.556,0.651,0.878,0.377,0.886,0.012,0.184,0.313,0.256,0.541,0.211,0.934,0.367,0.42,0.943,0.507,0.285,0.464,0.178,0.803,0.233,0.002,0.7,0.143
0.0,0.377,0.87,0.405,0.243,0.747,0.141,0.115,0.458,0.793,0.721,0.454,0.871,0.258,0.242,0.963,0.897,0.975,0.865,0.613,0.844,0.544,0.537,0.505,0.259,0.549,0.058,0.177,0.329,0.866,0.599,0.71,0.397,0.989,0.081,0.163,0.379,0.009,0.115,0.299,0.064
1.0,0.034,0.059,0.26,0.139,0.415,0.371,0.697,0.116,0.934,0.304,0.87,0.104,0.535,0.43,0.262,0.169,0.745,0.571,0.061,0.93,0.262,0.753,0.431,0.972,0.05,0.306,0.613,0.55,0.71,0.873,0.741,0.729,0.324,0.832,0.148,0.038,0.93,0.648,0.696,0.332
1.0,0.556,0.737,0.53,0.443,0.549,0.484,0.505,0.686,0.603,0.231,0.077,0.673,0.237,0.825,0.802,0.864,0.327,0.787,0.363,0.585,0.422,0.958,0.176,0.036,0.465,0.321,0.591,0.992,0.608,0.463,0.588,0.303,0.302,0.709,0.1,0.401,0.309,0.814,0.695,0.029
1.0,0.973,0.256,0.122,0.478,0.019,0.945,0.954,0.178,0.356,0.956,0.935,0.84,0.113,0.882,0.062,0.5,0.126,0.108,0.638,0.672,0.649,0.547,0.973,0.159,0.796,0.814,0.848,0.769,0.819,0.394,0.952,0.164,0.041,0.846,0.993,0.23,0.91,0.485,0.677,0.002
1.0,0.282,0.826,0.281,0.752,0.72,0.52,0.82,0.632,0.166,0.263,0.118,0.491,0.504,0.356,0.524,0.689,0.205,0.822,0.846,0.619,0.175,0.132,0.453,0.584,0.207,0.551,0.316,0.657,0.999,0.84,0.756,0.376,0.444,0.916,0.374,0.358,0.798,0.583,0.909,0.003
0.0,0.294,0.956,0.33,0.239,0.642,0.682,0.512,0.935,0.55,0.958,0.858,0.043,0.875,0.618,0.212,0.392,0.669,0.353,0.49,0.787,0.702,0.968,0.974,0.164,0.399,0.232,0.699,0.509,0.253,0.094,0.574,0.891,0.227,0.698,0.222,0.403,0.753,0.729,0.083,0.213
0.0,0.96,0.432,0.85,0.528,0.884,0.47,0.067,0.328,0.451,0.605,0.503,0.282,0.48,0.397,0.621,0.997,0.398,0.93,0.734,0.421,0.994,0.846,0.154,0.701,0.381,0.977,0.407,0.641,0.467,0.805,0.466,0.178,0.951,0.126,0.663,0.144,0.467,0.443,0.398,0.406
0.0,0.605,0.676,0.426,0.602,0.918,0.304,0.27,0.252,0.938,0.986,0.501,0.052,0.729,0.608,0.42,0.238,0.039,0.705,0.493,0.14,0.922,0.575,0.311,0.394,0.068,0.637,0.484,0.589,0.153,0.98,0.954,0.231,0.518,0.882,0.355,0.988,0.625,0.277,0.595,0.725
1.0,0.261,0.549,0.498,0.773,0.597,0.773,0.969,0.628,0.253,0.079,0.3,0.325,0.32,0.529,0.861,0.434,0.351,0.562,0.979,0.871,0.837,0.955,0.527,0.409,0.345,0.401,0.044,0.376,0.855,0.996,0.511,0.687,0.183,0.802,0.61,0.886,0.677,0.35,0.842,0.668
0.0,0.123,0.323,0.044,0.129,0.084,0.746,0.244,0.1,0.917,0.282,0.499,0.994,0.909,0.985,0.004,0.398,0.537,0.326,0.56,0.014,0.553,0.83,0.813,0.141,0.073,0.667,0.092,0.183,0.352,0.94,0.993,0.441,0.739,0.779,0.825,0.913,0.591,0.807,0.356,0.854
1.0,0.361,0.593,0.326,0.578,0.829,0.793,0.399,0.741,0.132,0.885,0.516,0.293,0.268,0.412,0.146,0.451,0.398,0.883,0.306,0.473,0.105,0.613,0.021,0.157,0.398,0.389,0.678,0.504,0.595,0.162,0.785,0.876,0.255,0.377,0.548,0.605,0.49,0.876,0.567,0.055
1.0,0.581,0.222,0.621,0.925,0.1,0.199,0.556,0.893,0.249,0.826,0.919,0.253,0.061,0.804,0.507,0.736,0.197,0.57,0.874,0.391,0.904,0.142,0.256,0.641,0.526,0.436,0.448,0.688,0.728,0.539,0.39,0.128,0.993,0.246,0.889,0.661,0.866,0.59,0.421,0.784
0.0,0.778,0.999,0.089,0.33,0.03,0.402,0.13,0.251,0.002,0.933,0.623,0.804,0.348,0.247,0.09,0.737,0.154,0.365,0.122,0.424,0.853,0.104,0.249,0.473,0.145,0.706,0.483,0.725,0.436,0.941,0.505,0.045,0.77,0.826,0.893,0.799,0.623,0.477,0.829,0.885
1.0,0.64,0.024,0.082,0.238,0.696,0.6,0.676,0.528,0.049,0.469,0.357,0.577,0.73,0.228,0.541,0.196,0.837,0.483,0.676,0.41,0.623,0.495,0.459,0.467,0.224,0.782,0.51,0.687,0.692,0.666,0.549,0.972,0.638,0.529,0.402,0.896,0.781,0.395,0.168,0.559
0.0,0.497,0.628,0.754,0.003,0.529,0.509,0.419,0.071,0.817,0.674,0.582,0.2,0.333,0.231,0.403,0.218,0.717,0.516,0.364,0.132,0.639,0.999,0.831,0.807,0.375,0.678,0.829,0.442,0.801,0.011,0.043,0.333,0.814,0.133,0.724,0.439,0.268,0.52,0.153,0.994
1.0,0.082,0.404,0.733,0.38,0.073,0.135,0.561,0.884,0.775,0.962,0.313,0.541,0.642,0.199,0.171,0.885,0.025,0.922,0.545,0.514,0.918,0.767,0.342,0.748,0.706,0.671,0.929,0.468,0.145,0.897,0.039,0.132,0.915,0.061,0.886,0.3,0.552,0.69,0.925,0.999
0.0,0.568,0.093,0.854,0.883,0.639,0.971,0.975,0.964,0.868,0.166,0.414,0.815,0.543,0.3,0.549,0.678,0.623,0.084,0.85,0.524,0.117,0.776,0.97,0.788,0.248,0.054,0.404,0.937,0.365,0.642,0.329,0.406,0.052,0.246,0.36,0.979,0.032,0.653,0.301,0.207
1.0,0.519,0.419,0.475,0.761,0.477,0.632,0.277,0.198,0.699,0.742,0.183,0.055,0.342,0.147,0.012,0.796,0.562,0.837,0.292,0.781,0.994,0.298,0.513,0.722,0.476,0.796,0.596,0.286,0.484,0.829,0.947,0.763,0.356,0.57,0.356,0.768,0.264,0.772,0.814,0.705
0.0,0.506,0.124,0.919,0.407,0.327,0.665,0.198,0.883,0.418,0.018,0.126,0.536,0.561,0.528,0.484,0.527,0.916,0.516,0.378,0.206,0.769,0.301,0.206,0.57,0.333,0.216,0.364,0.116,0.738,0.326,0.588,0.192,0.088,0.35,0.964,0.963,0.253,0.189,0.322,0.639
0.0,0.178,0.867,0.279,0.856,0.182,0.057,0.622,0.801,0.037,0.29,0.06,0.889,0.342,0.031,0.51,0.557,0.011,0.145,0.625,0.693,0.423,0.48,0.679,0.973,0.113,0.488,0.985,0.383,0.299,0.784,0.344,0.177,0.078,0.438,0.829,0.345,0.644,0.223,0.395,0.621
0.0,0.511,0.598,0.065,0.92,0.993,0.834,0.955,0.745,0.499,0.566,0.915,0.807,0.205,0.088,0.497,0.912,0.399,0.76,0.148,0.941,0.174,0.25,0.455,0.489,0.96,0.395,0.76,0.258,0.779,0.331,0.431,0.348,0.805,0.716,0.706,0.914,0.734,0.673,0.937,0.818
1.0,0.008,0.627,0.396,0.799,0.233,0.079,0.143,0.164,0.219,0.285,0.803,0.641,0.507,0.576,0.188,0.081,0.713,0.268,0.866,0.897,0.913,0.115,0.575,0.676,0.037,0.084,0.782,0.665,0.399,0.845,0.16,0.774,0.247,0.253,0.148,0.876,0.607,0.828,0.132,0.904
1.0,0.674,0.316,0.587,0.688,0.182,0.297,0.753,0.007,0.306,0.387,0.587,0.316,0.115,0.5,0.852,0.703,0.903,0.567,0.626,0.606,0.548,0.681,0.503,0.433,0.242,0.926,0.246,0.44,0.562,0.954,0.37,0.142,0.413,0.596,0.455,0.181,0.495,0.239,0.507,0.835
1.0,0.07,0.255,0.103,0.364,0.741,0.873,0.16,0.537,0.761,0.375,0.931,0.905,0.004,0.8,0.654,0.49,0.11,0.352,0.617,0.29,0.314,0.751,0.869,0.284,0.039,0.719,0.56,0.179,0.021,0.92,0.856,0.769,0.083,0.498,0.06,0.06,0.291,0.931,0.297,0.816
0.0,0.499,0.822,0.201,0.143,0.095,0.529,0.26,0.314,0.265,0.95,0.507,0.39,0.81,0.104,0.879,0.497,0.783,0.432,0.882,0.603,0.624,0.478,0.808,0.378,0.564,0.512,0.476,0.839,0.469,0.151,0.36,0.972,0.058,0.983,0.234,0.745,0.841,0.294,0.777,0.328
0.0,0.06,0.755,0.929,0.557,0.857,0.891,0.215,0.571,0.981,0.758,0.979,0.568,0.354,0.799,0.356,0.78,0.587,0.839,0.717,0.439,0.841,0.8,0.947,0.6,0.201,0.993,0.47,0.817,0.999,0.706,0.298,0.798,0.903,0.139,0.003,0.006,0.754,0.754,0.585,0.652
0.0,0.849,0.738,0.704,0.851,0.779,0.231,0.814,0.857,0.411,0.024,0.055,0.724,0.194,0.738,0.818,0.902,0.244,0.983,0.825,0.923,0.152,0.273,0.799,0.595,0.203,0.79,0.283,0.966,0.545,0.227,0.621,0.26,0.387,0.595,0.783,0.853,0.744,0.046,0.246,0.622
1.0,0.265,0.5,0.571,0.913,0.768,0.294,0.847,0.325,0.715,0.251,0.366,0.17,0.414,0.264,0.444,0.62,0.5,0.005,0.364,0.973,0.941,0.423,0.239,0.202,0.111,0.994,0.169,0.527,0.967,0.188,0.102,0.85,0.751,0.983,0.636,0.521,0.531,0.755,0.328,0.915
0.0,0.329,0.53,0.087,0.516,0.118,0.67,0.508,0.757,0.646,0.799,0.44,0.361,0.223,0.277,0.416,0.935,0.29,0.195,0.067,0.298,0.87,0.759,0.817,0.874,0.013,0.276,0.013,0.418,0.767,0.415,0.772,0.788,0.125,0.777,0.663,0.235,0.959,0.118,0.859,0.713
0.0,0.169,0.663,0.179,0.095,0.028,0.555,0.561,0.454,0.569,0.628,0.05,0.314,0.015,0.673,0.846,0.082,0.553,0.152,0.279,0.78,0.63,0.905,0.991,0.594,0.556,0.137,0.164,0.726,0.389,0.793,0.223,0.845,0.378,0.25,0.688,0.242,0.496,0.457,0.964,0.894
0.0,0.363,0.552,0.779,0.019,0.724,0.311,0.617,0.528,0.402,0.849,0.919,0.295,0.334,0.241,0.938,0.021,0.365,0.305,0.657,0.29,0.584,0.905,0.578,0.448,0.137,0.624,0.349,0.008,0.331,0.06,0.227,0.562,0.825,0.837,0.782,0.658,0.473,0.645,0.709,0.146
0.0,0.891,0.834,0.917,0.531,0.848,0.893,0.207,0.419,0.499,0.782,0.14,0.628,0.112,0.09,0.235,0.305,0.299,0.743,0.156,0.474,0.153,0.974,0.049,0.406,0.983,0.733,0.752,0.76,0.917,0.581,0.384,0.221,0.091,0.555,0.684,0.849,0.211,0.029,0.003,0.402
0.0,0.515,0.922,0.74,0.955,0.027,0.041,0.292,0.101,0.412,0.075,0.312,0.398,0.874,0.137,0.139,0.87,0.308,0.825,0.308,0.207,0.859,0.641,0.937,0.101,0.808,0.842,0.68,0.73,0.654,0.232,0.527,0.724,0.224,0.16,0.905,0.313,0.029,0.854,0.937,0.923
1.0,0.048,0.312,0.677,0.978,0.024,0.586,0.958,0.752,0.09,0.303,0.854,0.595,0.855,0.516,0.312,0.458,0.051,0.186,0.691,0.685,0.601,0.459,0.53,0.839,0.222,0.485,0.174,0.168,0.79,0.84,0.766,0.123,0.831,0.052,0.937,0.527,0.128,0.688,0.166,0.91
1.0,0.341,0.397,0.435,0.359,0.738,0.368,0.465,0.378,0.949,0.04,0.003,0.157,0.471,0.402,0.988,0.391,0.291,0.972,0.646,0.096,0.135,0.231,0.317,0.36,0.512,0.494,0.922,0.317,0.539,0.368,0.481,0.619,0.508,0.563,0.465,0.554,0.307,0.095,0.191,0.104
1.0,0.883,0.515,0.736,0.041,0.474,0.196,0.329,0.657,0.85,0.818,0.996,0.593,0.994,0.427,0.1,0.11,0.993,0.373,0.666,0.771,0.298,0.05,0.769,0.019,0.778,0.541,0.645,0.216,0.496,0.317,0.945,0.108,0.663,0.234,0.611,0.774,0.221,0.107,0.865,0.606
0.0,0.535,0.606,0.591,0.065,0.688,0.329,0.759,0.541,0.237,0.363,0.139,0.907,0.467,0.988,0.463,0.551,0.231,0.947,0.043,0.821,0.798,0.633,0.432,0.422,0.479,0.48,0.977,0.946,0.407,0.729,0.136,0.156,0.466,0.74,0.697,0.998,0.786,0.083,0.115,0.714
1.0,0.293,0.845,0.061,0.828,0.544,0.924,0.136,0.004,0.506,0.475,0.924,0.361,0.338,0.624,0.454,0.185,0.457,0.91,0.773,0.733,0.449,0.499,0.607,0.304,0.009,0.286,0.894,0.94,0.824,0.543,0.539,0.8,0.155,0.253,0.403,0.885,0.004,0.718,0.826,0.901
1.0,0.474,0.922,0.77,0.146,0.633,0.709,0.011,0.185,0.685,0.212,0.615,0.204,0.041,0.809,0.382,0.719,0.902,0.016,0.021,0.324,0.881,0.481,0.44,0.232,0.689,0.506,0.343,0.848,0.383,0.868,0.75,0.898,0.789,0.256,0.765,0.599,0.956,0.947,0.81,0.717
1.0,0.64,0.181,0.562,0.526,0.629,0.915,0.413,0.197,0.769,0.652,0.11,0.397,0.177,0.13,0.395,0.026,0.622,0.348,0.562,0.435,0.619,0.043,0.072,0.259,0.395,0.354,0.652,0.308,0.934,0.83,0.149,0.774,0.301,0.447,0.844,0.686,0.283,0.1,0.655,0.316
1.0,0.306,0.821,0.761,0.432,0.82,0.127,0.074,0.944,0.895,0.929,0.135,0.494,0.266,0.395,0.162,0.394,0.593,0.964,0.011,0.549,0.307,0.951,0.434,0.572,0.314,0.472,0.396,0.11,0.168,0.567,0.788,0.997,0.16,0.086,0.645,0.371,0.163,0.42,0.834,0.001
0.0,0.079,0.074,0.215,0.318,0.768,0.453,0.736,0.211,0.907,0.734,0.464,0.984,0.763,0.366,0.226,0.628,0.711,0.212,0.775,0.457,0.224,0.765,0.651,0.258,0.329,0.587,0.448,0.034,0.606,0.722,0.365,0.428,0.736,0.566,0.385,0.428,0.325,0.511,0.084,0.27
0.0,0.078,0.43,0.352,0.2,0.782,0.131,0.539,0.097,0.852,0.987,0.667,0.973,0.014,0.608,0.637,0.194,0.894,0.204,0.44,0.233,0.512,0.071,0.875,0.578,0.037,0.779,0.019,0.68,0.085,0.03,0.723,0.597,0.992,0.927,0.656,0.955,0.085,0.501,0.825,0.003
1.0,0.511,0.803,0.237,0.957,0.076,0.766,0.595,0.721,0.912,0.75,0.189,0.32,0.177,0.298,0.016,0.403,0.013,0.323,0.001,0.105,0.48,0.846,0.707,0.584,0.632,0.596,0.108,0.754,0.17,0.175,0.198,0.377,0.264,0.447,0.465,0.05,0.79,0.426,0.193,0.159
0.0,0.039,0.362,0.492,0.892,0.2,0.075,0.131,0.784,0.573,0.2,0.018,0.861,0.615,0.665,0.506,0.884,0.786,0.93,0.931,0.618,0.246,0.362,0.835,0.596,0.468,0.89,0.755,0.911,0.172,0.537,0.819,0.492,0.057,0.246,0.073,0.918,0.033,0.203,0.197,0.872
1.0,0.619,0.018,0.556,0.172,0.158,0.842,0.199,0.133,0.228,0.571,0.036,0.009,0.568,0.107,0.055,0.28,0.117,0.877,0.641,0.932,0.757,0.078,0.389,0.822,0.651,0.979,0.379,0.085,0.618,0.244,0.646,0.324,0.51,0.069,0.426,0.179,0.708,0.49,0.812,0.988
0.0,0.739,0.399,0.083,0.996,0.394,0.33,0.949,0.402,0.325,0.585,0.493,0.328,0.526,0.937,0.74,0.484,0.266,0.934,0.607,0.063,0.616,0.576,0.796,0.847,0.664,0.203,0.705,0.285,0.216,0.057,0.803,0.492,0.626,0.96,0.335,0.789,0.622,0.963,0.813,0.446
0.0,0.457,0.255,0.641,0.041,0.959,0.201,0.202,0.302,0.793,0.359,0.643,0.923,0.728,0.874,0.374,0.906,0.257,0.8,0.19,0.406,0.748,0.367,0.592,0.046,0.555,0.916,0.254,0.221,0.57,0.724,0.691,0.088,0.2,0.325,0.565,0.294,0.62,0.653,0.311,0.569
0.0,0.707,0.375,0.139,0.695,0.647,0.216,0.351,0.894,0.701,0.256,0.487,0.117,0.656,0.76,0.656,0.416,0.04,0.855,0.847,0.126,0.769,0.668,0.862,0.228,0.176,0.096,0.967,0.253,0.075,0.71,0.538,0.217,0.209,0.956,0.874,0.032,0.97,0.603,0.01,0.882
0.0,0.27,0.485,0.026,0.451,0.942,0.547,0.871,0.231,0.888,0.378,0.682,0.692,0.195,0.775,0.436,0.753,0.108,0.217,0.433,0.384,0.171,0.532,0.048,0.56,0.062,0.795,0.753,0.01,0.639,0.08,0.498,0.422,0.783,0.369,0.809,0.8,0.631,0.422,0.911,0.141
0.0,0.861,0.532,0.982,0.163,0.917,0.025,0.455,0.482,0.788,0.449,0.719,0.658,0.939,0.234,0.593,0.65,0.45,0.632,0.21,0.949,0.794,0.439,0.175,0.882,0.334,0.265,0.55,0.836,0.543,0.031,0.607,0.211,0.083,0.862,0.107,0.046,0.0,0.865,0.102,0.197
0.0,0.901,0.474,0.173,0.727,0.994,0.796,0.282,0.808,0.101,0.002,0.265,0.116,0.204,0.456,0.144,0.686,0.627,0.037,0.986,0.901,0.913,0.241,0.422,0.694,0.581,0.336,0.524,0.109,0.135,0.424,0.364,0.793,0.715,0.19,0.876,0.145,0.356,0.951,0.06,0.304
1.0,0.89,0.445,0.281,0.599,0.569,0.233,0.018,0.329,0.052,0.314,0.367,0.345,0.496,0.392,0.093,0.827,0.098,0.796,0.046,0.364,0.133,0.979,0.245,0.848,0.237,0.299,0.622,0.694,0.542,0.97,0.417,0.716,0.838,0.824,0.121,0.134,0.522,0.978,0.032,0.522
1.0,0.65,0.091,0.159,0.458,0.589,0.14,0.863,0.481,0.591,0.975,0.671,0.671,0.772,0.581,0.112,0.189,0.216,0.867,0.04,0.856,0.77,0.747,0.77,0.615,0.245,0.352,0.316,0.393,0.986,0.072,0.746,0.09,0.229,0.281,0.856,0.235,0.367,0.133,0.065,0.523
0.0,0.569,0.507,0.456,0.301,0.63,0.639,0.302,0.076,0.506,0.667,0.041,0.96,0.961,0.05,0.156,0.818,0.453,0.38,0.092,0.219,0.829,0.826,0.485,0.009,0.665,0.691,0.601,0.464,0.967,0.577,0.317,0.663,0.099,0.217,0.459,0.363,0.105,0.812,0.688,0.965
0.0,0.974,0.197,0.743,0.445,0.997,0.969,0.459,0.31,0.844,0.076,0.611,0.271,0.058,0.903,0.663,0.007,0.48,0.183,0.794,0.918,0.379,0.821,0.883,0.518,0.657,0.48,0.149,0.387,0.839,0.218,0.807,0.79,0.479,0.99,0.516,0.162,0.087,0.978,0.258,0.414
1.0,0.079,0.455,0.337,0.052,0.348,0.304,0.881,0.489,0.271,0.465,0.976,0.833,0.907,0.905,0.863,0.935,0.631,0.256,0.908,0.266,0.375,0.248,0.766,0.0,0.597,0.958,0.74,0.171,0.459,0.572,0.827,0.498,0.701,0.994,0.153,0.816,0.114,0.942,0.311,0.93
0.0,0.439,0.404,0.717,0.782,0.373,0.419,0.489,0.172,0.617,0.388,0.795,0.577,0.543,0.518,0.524,0.477,0.629,0.406,0.018,0.385,0.964,0.822,0.244,0.757,0.805,0.488,0.982,0.616,0.599,0.88,0.968,0.847,0.93,0.579,0.73,0.319,0.57,0.359,0.907,0.626
1.0,0.681,0.205,0.888,0.673,0.526,0.232,0.843,0.245,0.263,0.417,0.718,0.453,0.872,0.599,0.193,0.084,0.919,0.911,0.372,0.354,0.104,0.414,0.712,0.617,0.691,0.026,0.429,0.672,0.417,0.887,0.562,0.417,0.181,0.759,0.618,0.951,0.855,0.253,0.205,0.33
0.0,0.717,0.973,0.424,0.764,0.833,0.045,0.285,0.06,0.585,0.144,0.805,0.169,0.047,0.217,0.573,0.607,0.918,0.423,0.63,0.999,0.77,0.929,0.931,0.454,0.38,0.576,0.491,0.927,0.15,0.632,0.357,0.534,0.983,0.773,0.941,0.751,0.702,0.719,0.08,0.955
0.0,0.212,0.287,0.149,0.105,0.909,1.0,0.171,0.676,0.387,0.243,0.805,0.566,0.144,0.472,0.292,0.113,0.947,0.585,0.114,0.175,0.826,0.686,0.163,0.035,0.761,0.525,0.231,0.814,0.84,0.558,0.764,0.344,0.56,0.486,0.742,0.672,0.833,0.069,0.189,0.388
1.0,0.331,0.83,0.938,0.197,0.04,0.126,1.0,0.234,0.638,0.053,0.294,0.313,0.653,0.945,0.954,0.388,0.03,0.609,0.474,0.883,0.435,0.382,0.606,0.191,0.066,0.17,0.112,0.782,0.441,0.98,0.495,0.778,0.86,0.305,0.107,0.876,0.45,0.348,0.764,0.092
1.0,0.923,0.865,0.658,0.943,0.71,0.316,0.579,0.002,0.002,0.667,0.375,0.628,0.052,0.44,0.338,0.289,0.311,0.183,0.124,0.041,0.662,0.066,0.395,0.205,0.265,0.33,0.077,0.994,0.397,0.163,0.414,0.85,0.931,0.67,0.855,0.659,0.065,0.214,0.154,0.327
0.0,0.349,0.654,0.35,0.017,0.99,0.858,0.331,0.542,0.331,0.378,0.503,0.1,0.02,0.145,0.538,0.391,0.507,0.657,0.344,0.818,0.663,0.785,0.419,0.031,0.983,0.692,0.363,0.43,0.979,0.204,0.088,0.655,0.521,0.486,0.012,0.026,0.464,0.914,0.934,0.071
1.0,0.16,0.164,0.958,0.482,0.185,0.781,0.158,0.95,0.5,0.655,0.777,0.146,0.04,0.833,0.453,0.582,0.253,0.733,0.901,0.075,0.807,0.797,0.55,0.681,0.116,0.181,0.978,0.04,0.464,0.56,0.209,0.667,0.629,0.29,0.706,0.952,0.759,0.505,0.311,0.476
1.0,0.989,0.894,0.843,0.702,0.809,0.701,0.576,0.663,0.946,0.345,0.431,0.19,0.967,0.919,0.099,0.623,0.778,0.297,0.517,0.586,0.373,0.979,0.494,0.171,0.034,0.816,0.376,0.69,0.604,0.342,0.676,0.977,0.916,0.242,0.374,0.209,0.314,0.453,0.55,0.148
1.0,0.243,0.667,0.919,0.646,0.667,0.986,0.313,0.945,0.276,0.686,0.33,0.168,0.638,0.815,0.037,0.861,0.838,0.89,0.104,0.288,0.264,0.908,0.049,0.988,0.127,0.853,0.115,0.387,0.514,0.281,0.63,0.333,0.446,0.902,0.193,0.68,0.039,0.053,0.988,0.237
0.0,0.955,0.144,0.886,0.015,0.962,0.617,0.088,0.15,0.25,0.831,0.766,0.925,0.554,0.587,0.525,0.555,0.555,0.991,0.596,0.735,0.982,0.263,0.793,0.578,0.591,0.744,0.789,0.63,0.577,0.297,0.289,0.175,0.015,0.889,0.425,0.428,0.461,0.266,0.464,0.129
0.0,0.225,0.396,0.426,0.338,0.304,0.121,0.718,0.49,0.2,0.233,0.143,0.185,0.118,0.197,0.799,0.671,0.055,0.744,0.274,0.668,0.967,0.967,0.832,0.157,0.938,0.481,0.86,0.002,0.203,0.832,0.979,0.536,0.104,0.632,0.197,0.868,0.597,0.912,0.113,0.89
0.0,0.122,0.393,0.74,0.534,0.349,0.781,0.717,0.906,0.082,0.654,0.06,0.167,0.5,0.967,0.251,0.154,0.531,0.24,0.061,0.408,0.375,0.252,0.794,0.555,0.705,0.957,0.312,0.668,0.571,0.63,0.782,0.096,0.277,0.871,0.014,0.747,0.649,0.977,0.861,0.668
1.0,0.334,0.462,0.861,0.569,0.189,0.566,0.898,0.906,0.733,0.844,0.762,0.524,0.805,0.699,0.034,0.791,0.891,0.614,0.228,0.683,0.816,0.392,0.619,0.916,0.243,0.516,0.366,0.81,0.229,0.107,0.878,0.358,0.44,0.121,0.617,0.502,0.013,0.474,0.335,0.159
1.0,0.041,0.385,0.758,0.189,0.622,0.937,0.439,0.695,0.254,0.387,0.019,0.31,0.583,0.691,0.834,0.415,0.661,0.917,0.687,0.82,0.82,0.818,0.596,0.384,0.488,0.336,0.92,0.493,0.298,0.748,0.53,0.107,0.713,0.779,0.387,0.004,0.122,0.127,0.486,0.697
0.0,0.585,0.598,0.112,0.279,0.777,0.159,0.765,0.872,0.803,0.97,0.138,0.869,0.11,0.598,0.997,0.814,0.098,0.477,0.005,0.802,0.914,0.48,0.918,0.758,0.485,0.02,0.261,0.377,0.077,0.687,0.07,0.997,0.102,0.55,0.385,0.688,0.042,0.809,0.916,0.484
1.0,0.749,0.485,0.707,0.95,0.081,0.033,0.68,0.49,0.153,0.578,0.353,0.709,0.242,0.837,0.617,0.538,0.168,0.928,0.213,0.843,0.242,0.496,0.463,0.664,0.396,0.67,0.644,0.233,0.203,0.015,0.928,0.028,0.635,0.931,0.024,0.82,0.669,0.738,0.931,0.77
0.0,0.887,0.167,0.138,0.588,0.762,0.99,0.868,0.021,0.853,0.249,0.104,0.92,0.775,0.063,0.04,0.271,0.454,0.473,0.003,0.972,0.697,0.229,0.809,0.312,0.132,0.144,0.832,0.541,0.314,0.73,0.869,0.944,0.765,0.472,0.173,0.571,0.784,0.474,0.599,0.28
1.0,0.147,0.312,0.669,0.745,0.064,0.829,0.904,0.409,0.466,0.844,0.55,0.019,0.339,0.606,0.159,0.142,0.793,0.551,0.1,0.488,0.799,0.433,0.371,0.485,0.757,0.747,0.179,0.593,0.866,0.73,0.846,0.465,0.907,0.02,0.294,0.788,0.315,0.13,0.753,0.522
1.0,0.914,0.518,0.997,0.639,0.006,0.157,0.334,0.696,0.252,0.99,0.535,0.303,0.852,0.916,0.89,0.686,0.251,0.618,0.223,0.025,0.658,0.003,0.007,0.496,0.472,0.472,0.916,0.663,0.677,0.839,0.997,0.524,0.829,0.716,0.442,0.116,0.376,0.892,0.39,0.202
0.0,0.117,0.558,0.442,0.852,0.231,0.156,0.474,0.872,0.816,0.888,0.588,0.805,0.865,0.692,0.0,0.474,0.907,0.804,0.599,0.939,0.083,0.346,0.266,0.677,0.317,0.079,0.875,0.359,0.534,0.172,0.896,0.894,0.248,0.926,0.437,0.271,0.873,0.638,0.067,0.341
0.0,0.195,0.074,0.666,0.133,0.244,0.005,0.233,0.314,0.415,0.819,0.621,0.582,0.433,0.585,0.905,0.25,0.713,0.145,0.311,0.059,0.379,0.83,0.432,0.383,0.549,0.701,0.294,0.981,0.652,0.649,0.638,0.814,0.835,0.104,0.492,0.869,0.79,0.412,0.26,0.491
0.0,0.355,0.359,0.777,0.416,0.83,0.413,0.419,0.997,0.727,0.983,0.471,0.446,0.629,0.72,0.696,0.816,0.277,0.461,0.509,0.637,0.146,0.412,0.9,0.555,0.084,0.509,0.784,0.722,0.721,0.446,0.223,0.809,0.491,0.172,0.59,0.251,0.073,0.124,0.783,0.848
1.0,0.937,0.466,0.004,0.957,0.806,0.765,0.903,0.467,0.751,0.11,0.961,0.664,0.714,0.656,0.782,0.312,0.516,0.667,0.436,0.1,0.576,0.852,0.215,0.664,0.103,0.479,0.99,0.728,0.315,0.468,0.996,0.366,0.457,0.298,0.98,0.278,0.977,0.774,0.171,0.7
1.0,0.243,0.497,0.437,0.174,0.213,0.134,0.548,0.414,0.154,0.778,0.693,0.576,0.329,0.802,0.187,0.85,0.297,0.679,0.242,0.233,0.735,0.842,0.701,0.225,0.442,0.95,0.018,0.651,0.917,0.32,0.056,0.462,0.526,0.219,0.331,0.923,0.289,0.706,0.488,0.142
1.0,0.293,0.487,0.845,0.817,0.754,0.769,0.957,0.723,0.257,0.656,0.616,0.587,0.3,0.324,0.95,0.682,0.892,0.705,0.547,0.76,0.097,0.583,0.884,0.988,0.861,0.001,0.007,0.262,0.738,0.21,0.147,0.335,0.619,0.15,0.681,0.045,0.826,0.274,0.924,0.57
1.0,0.362,0.178,0.15,0.299,0.006,0.696,0.344,0.608,0.315,0.076,0.432,0.472,0.865,0.122,0.806,0.262,0.894,0.587,0.864,0.954,0.589,0.384,0.346,0.521,0.7,0.329,0.571,0.193,0.663,0.741,0.821,0.527,0.803,0.076,0.59,0.388,0.818,0.22,0.563,0.901
0.0,0.934,0.618,0.858,0.238,0.405,0.314,0.013,0.416,0.513,0.307,0.533,0.947,0.817,0.995,0.259,0.618,0.341,0.026,0.126,0.637,0.191,0.002,0.371,0.332,0.973,0.957,0.907,0.664,0.944,0.519,0.316,0.231,0.166,0.313,0.429,0.778,0.111,0.465,0.766,0.59
0.0,0.699,0.888,0.249,0.921,0.369,0.4,0.689,0.992,0.079,0.42,0.438,0.791,0.034,0.518,0.328,0.515,0.06,0.464,0.367,0.661,0.678,0.989,0.613,0.3,0.721,0.678,0.393,0.949,0.103,0.147,0.116,0.256,0.981,0.001,0.989,0.108,0.331,0.13,0.928,0.306
1.0,0.39,0.426,0.342,0.068,0.342,0.438,0.301,0.857,0.559,0.42,0.047,0.066,0.822,0.334,0.686,0.092,0.953,0.082,0.799,0.207,0.53,0.777,0.316,0.155,0.647,0.122,0.438,0.731,0.813,0.666,0.205,0.192,0.733,0.186,0.204,0.614,0.499,0.506,0.519,0.094
0.0,0.491,0.04,0.191,0.498,0.622,0.229,0.73,0.791,0.644,0.298,0.673,0.869,0.047,0.063,0.045,0.416,0.893,0.441,0.858,0.194,0.881,0.517,0.966,0.238,0.019,0.926,0.492,0.288,0.909,0.429,0.501,0.853,0.724,0.016,0.814,0.242,0.07,0.311,0.382,0.609
1.0,0.351,0.664,0.356,0.034,0.058,0.82,0.512,0.822,0.074,0.655,0.81,0.033,0.028,0.581,0.877,0.912,0.86,0.295,0.44,0.184,0.4,0.852,0.357,0.165,0.085,0.324,0.755,0.155,0.351,0.375,0.337,0.773,0.189,0.99,0.373,0.121,0.799,0.031,0.085,0.006
0.0,0.802,0.087,0.532,0.666,0.935,0.854,0.12,0.484,0.119,0.602,0.682,0.617,0.932,0.534,0.019,0.938,0.614,0.466,0.276,0.319,0.892,0.425,0.041,0.022,0.206,0.358,0.456,0.231,0.443,0.164,0.112,0.157,0.834,0.241,0.07,0.233,0.315,0.354,0.927,0.684
1.0,0.226,0.033,0.547,0.569,0.434,0.198,0.037,0.313,0.582,0.07,0.215,0.093,0.981,0.981,0.023,0.72,0.288,0.168,0.186,0.774,0.254,0.493,0.701,0.016,0.528,0.777,0.243,0.119,0.036,0.336,0.22,0.283,0.061,0.228,0.164,0.714,0.19,0.553,0.323,0.002
1.0,0.615,0.849,0.095,0.721,0.528,0.152,0.825,0.394,0.817,0.045,0.505,0.032,0.031,0.333,0.078,0.562,0.58,0.757,0.263,0.092,0.55,0.741,0.62,0.666,0.92,0.416,0.784,0.235,0.912,0.048,0.592,0.768,0.366,0.158,0.811,0.77,0.396,0.507,0.674,0.035
0.0,0.792,0.888,0.561,0.693,0.297,0.649,0.018,0.188,0.674,0.635,0.124,0.659,0.433,0.517,0.779,0.214,0.551,0.331,0.256,0.376,0.948,0.618,0.916,0.157,0.285,0.318,0.805,0.077,0.989,0.972,0.384,0.583,0.745,0.772,0.333,0.427,0.128,0.741,0.454,0.049
0.0,0.848,0.093,0.667,0.011,0.622,0.313,0.634,0.29,0.291,0.719,0.663,0.555,0.514,0.075,0.395,0.591,0.956,0.751,0.504,0.619,0.582,0.76,0.882,0.088,0.14,0.31,0.527,0.9,0.311,0.874,0.954,0.602,0.375,0.977,0.44,0.266,0.934,0.842,0.926,0.629
1.0,0.747,0.271,0.866,0.37,0.493,0.544,0.434,0.897,0.048,0.878,0.999,0.252,0.971,0.873,0.399,0.824,0.395,0.32,0.557,0.381,0.813,0.872,0.938,0.236,0.55,0.361,0.279,0.302,0.579,0.779,0.268,0.611,0.545,0.282,0.87,0.618,0.231,0.347,0.943,0.85
0.0,0.132,0.139,0.922,0.119,0.972,0.33,0.815,0.683,0.48,0.428,0.777,0.779,0.331,0.676,0.207,0.098,0.758,0.12,0.98,0.493,0.078,0.114,0.707,0.895,0.671,0.444,0.803,0.037,0.362,0.909,0.399,0.896,0.555,0.476,0.981,0.822,0.603,0.932,0.488,0.322
0.0,0.502,0.421,1.0,0.78,0.12,0.597,0.146,0.053,0.515,0.524,0.625,0.879,0.204,0.828,0.302,0.931,0.977,0.386,0.704,0.108,0.709,0.616,0.25,0.022,0.525,0.341,0.583,0.411,0.988,0.26,0.195,0.459,0.687,0.84,0.808,0.97,0.089,0.166,0.564,0.018
1.0,0.285,0.11,0.521,0.566,0.663,0.44,0.297,0.907,0.518,0.708,0.954,0.594,0.944,0.698,0.003,0.268,0.452,0.648,0.537,0.008,0.258,0.527,0.152,0.329,0.213,0.838,0.193,0.835,0.872,0.593,0.695,0.758,0.63,0.106,0.068,0.731,0.294,0.535,0.585,0.27
1.0,0.272,0.12,0.053,0.412,0.569,0.358,0.265,0.768,0.465,0.704,0.459,0.667,0.404,0.51,0.115,0.534,0.235,0.925,0.84,0.434,0.213,0.231,0.186,0.538,0.597,0.609,0.746,0.459,0.69,0.85,0.697,0.375,0.279,0.267,0.77,0.436,0.473,0.174,0.07,0.722
0.0,0.979,0.106,0.101,0.101,0.983,0.722,0.115,0.246,0.292,0.65,0.237,0.427,0.573,0.247,0.539,0.834,0.945,0.841,0.781,0.888,0.854,0.539,0.236,0.12,0.041,0.019,0.679,0.946,0.439,0.487,0.504,0.008,0.339,0.426,0.111,0.236,0.729,0.819,0.913,0.061
1.0,0.351,0.442,0.258,0.095,0.11,0.551,0.743,0.607,0.646,0.844,0.944,0.78,0.628,0.553,0.178,0.867,0.169,0.323,0.529,0.383,0.753,0.091,0.332,0.097,0.009,0.378,0.167,0.536,0.978,0.511,0.802,0.441,0.98,0.837,0.761,0.999,0.049,0.358,0.345,0.88
1.0,0.014,0.219,0.45,0.148,0.967,0.697,0.202,0.969,0.611,0.293,0.347,0.416,0.904,0.956,0.114,0.166,0.271,0.478,0.451,0.58,0.718,0.826,0.043,0.011,0.471,0.956,0.225,0.835,0.905,0.044,0.322,0.088,0.994,0.735,0.394,0.059,0.445,0.308,0.381,0.973
0.0,0.904,0.24,0.096,0.254,0.973,0.001,0.823,0.269,0.395,0.886,0.296,0.466,0.034,0.816,0.695,0.74,0.406,0.476,0.82,0.859,0.734,0.114,0.333,0.64,0.991,0.817,0.371,0.018,0.193,0.369,0.329,0.53,0.818,0.32,0.078,0.593,0.38,0.109,0.422,0.736
0.0,0.021,0.355,0.936,0.86,0.534,0.213,0.526,0.491,0.385,0.042,0.397,0.927,0.504,0.781,0.398,0.572,0.676,0.128,0.151,0.799,0.072,0.918,0.964,0.558,0.65,0.409,0.565,0.24,0.884,0.641,0.15,0.853,0.27,0.22,0.286,0.604,0.03,0.581,0.658,0.033
0.0,0.868,0.671,0.599,0.391,0.179,0.303,0.582,0.153,0.364,0.514,0.143,0.433,0.81,0.978,0.97,0.34,0.629,0.492,0.923,0.453,0.402,0.527,0.047,0.547,0.693,0.296,0.824,0.329,0.132,0.905,0.686,0.159,0.556,0.258,0.963,0.322,0.958,0.81,0.336,0.546
0.0,0.458,0.009,0.918,0.74,0.848,0.825,0.644,0.769,0.731,0.729,0.083,0.144,0.316,0.261,0.716,0.895,0.228,0.91,0.505,0.341,0.287,0.547,0.425,0.875,0.079,0.838,0.259,0.339,0.882,0.389,0.744,0.854,0.831,0.768,0.971,0.725,0.597,0.044,0.168,0.276
1.0,0.76,0.455,0.817,0.553,0.252,0.871,0.162,0.907,0.151,0.304,0.277,0.147,0.244,0.191,0.797,0.997,0.055,0.631,0.367,0.022,0.842,0.568,0.065,0.132,0.779,0.429,0.927,0.952,0.155,0.319,0.31,0.655,0.355,0.224,0.952,0.72,0.685,0.098,0.113,0.194
1.0,0.68,0.126,0.34,0.521,0.146,0.094,0.619,0.268,0.224,0.71,0.795,0.419,0.841,0.499,0.55,0.465,0.447,0.325,0.418,0.717,0.748,0.341,0.3,0.665,0.205,0.709,0.881,0.133,0.445,0.595,0.66,0.342,0.825,0.428,0.854,0.99,0.019,0.076,0.317,0.803
1.0,0.768,0.974,0.669,0.415,0.345,0.84,0.027,0.386,0.768,0.838,0.699,0.769,0.446,0.699,0.711,0.984,0.957,0.061,0.542,0.013,0.589,0.324,0.282,0.142,0.911,0.989,0.803,0.071,0.868,0.915,0.473,0.175,0.14,0.583,0.344,0.971,0.843,0.136,0.371,0.532
1.0,0.051,0.235,0.798,0.66,0.716,0.106,0.765,0.096,0.853,0.703,0.362,0.085,0.535,0.481,0.077,0.285,0.121,0.612,0.696,0.162,0.195,0.121,0.104,0.596,0.925,0.137,0.906,0.31,0.528,0.766,0.993,0.03,0.848,0.471,0.09,0.132,0.005,0.82,0.522,0.229
0.0,0.959,0.475,0.022,0.301,0.335,0.734,0.565,0.565,0.198,0.151,0.621,0.622,0.118,0.618,0.435,0.697,0.571,0.574,0.355,0.689,0.108,0.569,0.799,0.264,0.237,0.861,0.054,0.208,0.577,0.431,0.56,0.156,0.073,0.804,0.358,0.901,0.95,0.891,0.645,0.47
0.0,0.82,0.369,0.823,0.708,0.467,0.461,0.913,0.241,0.45,0.796,0.052,0.976,0.626,0.896,0.453,0.009,0.029,0.906,0.727,0.011,0.598,0.505,0.614,0.935,0.878,0.148,0.54,0.002,0.118,0.967,0.3,0.129,0.388,0.462,0.873,0.534,0.634,0.453,0.452,0.642
1.0,0.361,0.3,0.298,0.43,0.151,0.285,0.611,0.384,0.856,0.224,0.323,0.27,0.455,0.29,0.586,0.732,0.273,0.363,0.083,0.116,0.884,0.808,0.397,0.986,0.452,0.007,0.988,0.638,0.2,0.461,0.191,0.881,0.133,0.398,0.669,0.097,0.76,0.214,0.77,0.185
1.0,0.073,0.252,0.205,0.166,0.192,0.85,0.174,0.88,0.096,0.095,0.797,0.102,0.527,0.618,0.665,0.34,0.312,0.945,0.416,0.113,0.643,0.632,0.832,0.149,0.126,0.774,0.728,0.377,0.843,0.835,0.136,0.415,0.096,0.758,0.031,0.372,0.099,0.129,0.976,0.995
1.0,0.606,0.377,0.986,0.308,0.498,0.39,0.248,0.441,0.651,0.813,0.621,0.877,0.142,0.632,0.322,0.138,0.637,0.456,0.642,0.085,0.595,0.659,0.031,0.76,0.623,0.359,0.208,0.645,0.132,0.948,0.7,0.977,0.006,0.318,0.945,0.926,0.557,0.567,0.405,0.559
0.0,0.886,0.882,0.581,0.098,0.841,0.782,0.9,0.435,0.338,0.53,0.144,0.195,0.664,0.297,0.267,0.161,0.298,0.254,0.099,0.228,0.907,0.963,0.857,0.126,0.983,0.364,0.64,0.571,0.728,0.948,0.112,0.238,0.56,0.681,0.335,0.611,0.2,0.558,0.816,0.679
1.0,0.955,0.808,0.451,0.515,0.732,0.95,0.563,0.908,0.299,0.974,0.626,0.768,0.152,0.812,0.123,0.584,0.203,0.835,0.816,0.762,0.787,0.523,0.445,0.514,0.275,0.069,0.799,0.613,0.78,0.622,0.858,0.342,0.655,0.906,0.701,0.648,0.254,0.178,0.064,0.195
0.0,0.541,0.781,0.659,0.115,0.763,0.45,0.769,0.462,0.474,0.469,0.183,0.773,0.373,0.447,0.209,0.269,0.913,0.399,0.796,0.549,0.324,0.552,0.812,0.682,0.268,0.028,0.947,0.101,0.863,0.972,0.201,0.574,0.257,0.499,0.125,0.165,0.525,0.656,0.139,0.178
1.0,0.211,0.243,0.164,0.325,0.44,0.861,0.201,0.125,0.858,0.586,0.466,0.473,0.279,0.754,0.037,0.361,0.577,0.076,0.648,0.666,0.313,0.617,0.471,0.34,0.632,0.964,0.301,0.42,0.658,0.784,0.482,0.887,0.948,0.198,0.712,0.129,0.432,0.253,0.624,0.5
0.0,0.398,0.49,0.922,0.239,0.392,0.942,0.939,0.125,0.653,0.913,0.23,0.798,0.664,0.684,0.785,0.424,0.655,0.061,0.354,0.152,0.818,0.312,0.671,0.538,0.56,0.736,0.196,0.316,0.433,0.596,0.988,0.953,0.847,0.083,0.667,0.265,0.161,0.503,0.938,0.187
0.0,0.778,0.394,0.861,0.884,0.446,0.59,0.283,0.072,0.049,0.68,0.005,0.668,0.486,0.204,0.55,0.856,0.785,0.623,0.501,0.469,0.103,0.162,0.888,0.5,0.905,0.262,0.329,0.862,0.85,0.877,0.559,0.68,0.924,0.282,0.597,0.469,0.55,0.78,0.816,0.807
0.0,0.098,0.763,0.546,0.421,0.739,0.289,0.415,0.198,0.057,0.381,0.033,0.872,0.906,0.993,0.592,0.074,0.693,0.871,0.718,0.671,0.726,0.636,0.418,0.971,0.109,0.516,0.127,0.619,0.777,0.467,0.838,0.33,0.375,0.508,0.642,0.254,0.383,0.008,0.089,0.015
1.0,0.345,0.381,0.988,0.757,0.382,0.169,0.782,0.383,0.268,0.947,0.818,0.198,0.705,0.526,0.049,0.171,0.374,0.397,0.296,0.671,0.589,0.545,0.045,0.049,0.998,0.704,0.603,0.815,0.02,0.934,0.762,0.455,0.264,0.462,0.803,0.447,0.583,0.707,0.06,0.262
1.0,0.506,0.815,0.082,0.947,0.829,0.963,0.833,0.516,0.858,0.807,0.939,0.048,0.07,0.101,0.984,0.035,0.297,0.314,0.336,0.751,0.076,0.171,0.875,0.549,0.725,0.389,0.201,0.598,0.934,0.249,0.616,0.6,0.584,0.33,0.443,0.298,0.527,0.918,0.186,0.803
0.0,0.54,0.759,0.619,0.583,0.931,0.348,0.322,0.351,0.914,0.896,0.983,0.149,0.89,0.498,0.918,0.513,0.978,0.167,0.168,0.79,0.424,0.304,0.821,0.606,0.513,0.875,0.915,0.753,0.119,0.004,0.496,0.707,0.791,0.957,0.416,0.091,0.233,0.028,0.651,0.179
1.0,0.133,0.86,0.089,0.468,0.742,0.318,0.886,0.87,0.888,0.03,0.473,0.687,0.859,0.31,0.284,0.871,0.324,0.615,0.419,0.025,0.239,0.548,0.516,0.532,0.846,0.596,0.063,0.547,0.322,0.916,0.306,0.609,0.683,0.609,0.063,0.022,0.469,0.834,0.574,0.385
0.0,0.733,0.666,0.447,0.518,0.122,0.575,0.396,0.356,0.064,0.18,0.993,0.93,0.26,0.059,0.583,0.105,0.488,0.582,0.92,0.347,0.714,0.544,0.179,0.459,0.103,0.932,0.947,0.509,0.162,0.917,0.679,0.444,0.715,0.484,0.889,0.528,0.116,0.604,0.092,0.872
1.0,0.829,0.928,0.135,0.14,0.713,0.719,0.709,0.162,0.821,0.083,0.887,0.159,0.034,0.195,0.388,0.035,0.045,0.089,0.836,0.656,0.801,0.56,0.642,0.941,0.61,0.658,0.129,0.193,0.689,0.131,0.906,0.243,0.776,0.529,0.481,0.073,0.782,0.275,0.821,0.147
0.0,0.014,0.308,0.328,0.018,0.061,0.821,0.603,0.893,0.044,0.412,0.556,0.755,0.885,0.481,0.726,0.603,0.699,0.092,0.033,0.424,0.668,0.862,0.813,0.174,0.112,0.911,0.976,0.777,0.719,0.88,0.195,0.703,0.564,0.557,0.865,0.021,0.079,0.7,0.019,0.148
0.0,0.322,0.662,0.65,0.565,0.999,0.091,0.566,0.256,0.46,0.276,0.322,0.762,0.198,0.479,0.372,0.243,0.062,0.145,0.082,0.006,0.489,0.778,0.603,0.769,0.165,0.829,0.991,0.255,0.446,0.729,0.5,0.491,0.814,0.602,0.634,0.451,0.392,0.493,0.36,0.179
1.0,0.753,0.201,0.235,0.438,0.148,0.853,0.831,0.94,0.569,0.554,0.413,0.597,0.978,0.787,0.747,0.004,0.105,0.841,0.636,0.761,0.905,0.507,0.518,0.16,0.21,0.377,0.359,0.609,0.033,0.647,0.346,0.221,0.993,0.0,0.233,0.234,0.719,0.209,0.471,0.253
1.0,0.409,0.3,0.339,0.97,0.778,0.838,0.561,0.383,0.263,0.235,0.825,0.483,0.647,0.888,0.901,0.475,0.317,0.187,0.953,0.913,0.536,0.383,0.698,0.797,0.635,0.851,0.443,0.35,0.569,0.893,0.428,0.967,0.333,0.719,0.474,0.389,0.487,0.184,0.516,0.842
0.0,0.284,0.207,0.892,0.864,0.274,0.015,0.07,0.151,0.433,0.324,0.278,0.233,0.087,0.669,0.098,0.956,0.341,0.167,0.762,0.358,0.923,0.62,0.338,0.773,0.894,0.539,0.6,0.867,0.852,0.877,0.681,0.26,0.914,0.329,0.236,0.425,0.061,0.709,0.778,0.815
0.0,0.961,0.255,0.264,0.57,0.099,0.386,0.198,0.802,0.139,0.69,0.237,0.858,0.643,0.58,0.236,0.412,0.627,0.149,0.618,0.158,0.738,0.249,0.029,0.369,0.533,0.985,0.098,0.298,0.845,0.72,0.862,0.007,0.994,0.837,0.637,0.933,0.137,0.214,0.889,0.665
0.0,0.76,0.162,0.175,0.948,0.716,0.485,0.832,0.305,0.493,0.99,0.594,0.807,0.35,0.816,0.371,0.794,0.012,0.727,0.905,0.454,0.746,0.106,0.7,0.767,0.227,0.427,0.176,0.627,0.006,0.635,0.807,0.709,0.87,0.135,0.073,0.347,0.616,0.678,0.716,0.066
0.0,0.196,0.925,0.878,0.073,0.489,0.092,0.342,0.093,0.395,0.936,0.583,0.806,0.625,0.304,0.018,0.172,0.989,0.122,0.024,0.284,0.67,0.702,0.024,0.826,0.183,0.479,0.053,0.949,0.085,0.493,0.103,0.446,0.417,0.534,0.212,0.023,0.349,0.876,0.113,0.135
0.0,0.164,0.576,0.801,0.106,0.984,0.859,0.55,0.794,0.131,0.422,0.258,0.363,0.967,0.568,0.523,0.806,0.935,0.532,0.255,0.069,0.58,0.263,0.806,0.096,0.118,0.962,0.209,0.198,0.352,0.145,0.782,0.043,0.343,0.836,0.29,0.381,0.833,0.778,0.325,0.022
0.0,0.068,0.53,0.961,0.949,0.755,0.36,0.097,0.148,0.071,0.305,0.772,0.725,0.974,0.367,0.976,0.688,0.271,0.19,0.865,0.6,0.076,0.064,0.082,0.825,0.605,0.215,0.9,0.333,0.817,0.845,0.86,0.223,0.454,0.407,0.478,0.25,0.36,0.549,0.464,0.079
1.0,0.198,0.037,0.814,0.534,0.664,0.445,0.16,0.216,0.015,0.101,0.821,0.666,0.78,0.898,0.396,0.696,0.083,0.668,0.675,0.832,0.947,0.808,0.762,0.983,0.256,0.988,0.177,0.711,0.962,0.864,0.874,0.608,0.935,0.75,0.236,0.537,0.771,0.903,0.899,0.831
0.0,0.868,0.119,0.736,0.989,0.659,0.818,0.423,0.808,0.262,0.433,0.249,0.744,0.625,0.875,0.545,0.007,0.185,0.308,0.28,0.602,0.453,0.615,0.905,0.245,0.239,0.953,0.524,0.053,0.496,0.631,0.373,0.797,0.051,0.618,0.821,0.163,0.288,0.59,0.494,0.736
0.0,0.289,0.261,0.222,0.093,0.367,0.772,0.603,0.188,0.488,0.607,0.661,0.842,0.346,0.86,0.895,0.952,0.985,0.378,0.253,0.973,0.167,0.664,0.881,0.32,0.647,0.265,0.297,0.724,0.135,0.786,0.236,0.904,0.165,0.14,0.382,0.033,0.203,0.189,0.601,0.046
1.0,0.386,0.854,0.197,0.052,0.617,0.257,0.483,0.418,0.677,0.817,0.369,0.323,0.168,0.337,0.012,0.124,0.184,0.9,0.804,0.963,0.706,0.664,0.041,0.732,0.9,0.516,0.887,0.762,0.598,0.505,0.235,0.589,0.704,0.679,0.083,0.28,0.764,0.278,0.563,0.203
0.0,0.342,0.661,0.373,0.291,0.842,0.745,0.914,0.216,0.662,0.061,0.71,0.255,0.21,0.069,0.582,0.401,0.792,0.865,0.071,0.769,0.255,0.15,0.591,0.8,0.076,0.914,0.315,0.438,0.202,0.423,0.043,0.87,0.712,0.63,0.185,0.351,0.125,0.373,0.656,0.528
1.0,0.405,0.247,0.104,0.249,0.552,0.21,0.085,0.208,0.428,0.623,0.157,0.195,0.853,0.946,0.759,0.194,0.969,0.167,0.311,0.41,0.439,0.786,0.585,0.689,0.006,0.855,0.617,0.197,0.482,0.591,0.197,0.931,0.097,0.68,0.183,0.111,0.959,0.626,0.944,0.739
0.0,0.84,0.174,0.13,0.129,0.024,0.776,0.748,0.933,0.02,0.561,0.424,0.541,0.744,0.358,0.661,0.463,0.094,0.204,0.111,0.106,0.901,0.257,0.903,0.053,0.984,0.871,0.265,0.274,0.743,0.609,0.871,0.39,0.24,0.181,0.323,0.798,0.382,0.355,0.272,0.612
0.0,0.274,0.206,0.211,0.722,0.321,0.95,0.597,0.076,0.266,0.907,0.989,0.59,0.336,0.643,0.945,0.608,0.389,0.75,0.2,0.567,0.445,0.998,0.616,0.712,0.616,0.934,0.759,0.438,0.208,0.131,0.568,0.572,0.214,0.455,0.482,0.204,0.941,0.303,0.396,0.782
0.0,0.541,0.241,0.148,0.917,0.575,0.948,0.553,0.957,0.346,0.243,0.609,0.119,0.006,0.626,0.294,0.595,0.744,0.499,0.447,0.584,0.978,0.283,0.891,0.146,0.866,0.744,0.793,0.904,0.539,0.346,0.008,0.554,0.803,0.481,0.469,0.435,0.646,0.614,0.586,0.36
1.0,0.383,0.595,0.892,0.984,0.184,0.332,0.424,0.112,0.061,0.775,0.58,0.057,0.694,0.038,0.687,0.866,0.316,0.809,0.881,0.72,0.59,0.649,0.114,0.387,0.54,0.392,0.276,0.172,0.571,0.033,0.982,0.011,0.728,0.203,0.899,0.478,0.953,0.308,0.916,0.767
0.0,0.114,0.149,0.214,0.33,0.966,0.44,0.959,0.948,0.51,0.471,0.417,0.44,0.743,0.673,0.987,0.7,0.944,0.086,0.356,0.06,0.05,0.604,0.302,0.422,0.544,0.608,0.46,0.413,0.703,0.904,0.43,0.239,0.212,0.655,0.888,0.744,0.435,0.811,0.215,0.615
1.0,0.585,0.049,0.22,0.267,0.287,0.845,0.335,0.404,0.19,0.247,0.572,0.016,0.454,0.102,0.745,0.44,0.133,0.074,0.949,0.48,0.403,0.622,0.358,0.1,0.941,0.298,0.703,0.962,0.399,0.405,0.559,0.133,0.683,0.729,0.851,0.06,0.294,0.066,0.743,0.009
0.0,0.736,0.454,0.589,0.872,0.199,0.98,0.377,0.88,0.242,0.929,0.208,0.797,0.167,0.271,0.754,0.482,0.066,0.009,0.93,0.787,0.131,0.152,0.681,0.079,0.135,0.374,0.498,0.497,0.274,0.754,0.134,0.342,0.039,0.012,0.014,0.617,0.944,0.405,0.82,0.786
1.0,0.308,0.96,0.176,0.975,0.537,0.201,0.171,0.085,0.023,0.563,0.894,0.022,0.421,0.97,0.179,0.443,0.856,0.428,0.062,0.25,0.604,0.34,0.548,0.672,0.371,0.565,0.178,0.122,0.168,0.533,0.652,0.745,0.338,0.402,0.914,0.92,0.119,0.321,0.119,0.834
0.0,0.921,0.821,0.724,0.323,0.322,0.204,0.009,0.537,0.305,0.082,0.283,0.284,0.419,0.112,0.954,0.966,0.637,0.794,0.763,0.051,0.633,0.586,0.791,0.664,0.359,0.384,0.147,0.705,0.782,0.41,0.63,0.718,0.493,0.49,0.749,0.637,0.815,0.454,0.189,0.096
1.0,0.13,0.362,0.521,0.229,0.27,0.138,0.651,0.983,0.438,0.824,0.549,0.449,0.494,0.203,0.27,0.688,0.35,0.938,0.393,0.309,0.827,0.425,0.473,0.564,0.988,0.533,0.348,0.679,0.464,0.312,0.335,0.677,0.19,0.196,0.464,0.964,0.167,0.799,0.439,0.171
1.0,0.192,0.683,0.689,0.743,0.429,0.668,0.071,0.351,0.78,0.484,0.635,0.584,0.422,0.473,0.621,0.374,0.189,0.579,0.209,0.617,0.346,0.108,0.066,0.248,0.065,0.031,0.958,0.978,0.828,0.597,0.761,0.083,0.706,0.311,0.066,0.1,0.712,0.395,0.519,0.731
0.0,0.778,0.865,0.697,0.709,0.878,0.836,0.028,0.316,0.647,0.599,0.857,0.464,0.572,0.523,0.596,0.919,0.935,0.592,0.7,0.048,0.073,0.331,0.025,0.607,0.827,0.685,0.481,0.322,0.196,0.809,0.554,0.356,0.513,0.449,0.345,0.668,0.201,0.58,0.533,0.161
0.0,0.417,0.828,0.689,0.695,0.426,0.803,0.868,0.004,0.226,0.815,0.861,0.094,0.499,0.163,0.012,0.544,0.747,0.874,0.214,0.213,0.416,0.957,0.063,0.397,0.639,0.241,0.675,0.645,0.908,0.377,0.773,0.291,0.354,0.375,0.83,0.671,0.787,0.114,0.444,0.383
0.0,0.106,0.934,0.58,0.276,0.687,0.384,0.557,0.382,0.588,0.453,0.643,0.182,0.467,0.118,0.809,0.124,0.428,0.578,0.384,0.291,0.715,0.76,0.794,0.896,0.448,0.328,0.998,0.946,0.065,0.319,0.515,0.112,0.1,0.813,0.533,0.385,0.75,0.339,0.284,0.495
1.0,0.349,0.11,0.845,0.79,0.026,0.515,0.67,0.193,0.024,0.96,0.957,0.108,0.045,0.485,0.619,0.215,0.979,0.062,0.75,0.441,0.284,0.353,0.4,0.016,0.758,0.582,0.628,0.25,0.396,0.28,0.437,0.247,0.822,0.827,0.715,0.697,0.897,0.759,0.212,0.659
1.0,0.031,0.31,0.108,0.52,0.197,0.964,0.52,0.197,0.072,0.8,0.58,0.346,0.274,0.415,0.426,0.992,0.491,0.024,0.813,0.885,0.515,0.342,0.13,0.136,0.841,0.385,0.975,0.602,0.575,0.286,0.257,0.974,0.487,0.759,0.722,0.48,0.366,0.527,0.141,0.551
1.0,0.491,0.081,0.268,0.288,0.268,0.016,0.029,0.465,0.383,0.082,0.358,0.033,0.437,0.091,0.048,0.305,0.408,0.781,0.52,0.887,0.889,0.467,0.617,0.583,0.971,0.591,0.604,0.844,0.935,0.574,0.091,0.964,0.846,0.683,0.734,0.802,0.695,0.672,0.694,0.118
1.0,0.747,0.575,0.553,0.351,0.635,0.054,0.153,0.715,0.791,0.985,0.872,0.675,0.676,0.725,0.168,0.621,0.61,0.322,0.697,0.943,0.641,0.715,0.618,0.296,0.448,0.964,0.392,0.121,0.709,0.907,0.559,0.133,0.571,0.183,0.414,0.183,0.115,0.312,0.108,0.888
1.0,0.652,0.136,0.082,0.607,0.401,0.16,0.517,0.247,0.151,0.452,0.897,0.495,0.592,0.501,0.635,0.985,0.735,0.789,0.066,0.802,0.981,0.214,0.17,0.948,0.793,0.065,0.938,0.586,0.762,0.931,0.389,0.488,0.158,0.46,0.331,0.307,0.998,0.961,0.543,0.324
0.0,0.585,0.968,0.7,0.827,0.225,0.722,0.943,0.786,0.597,0.598,0.73,0.863,0.371,0.666,0.453,0.822,0.16,0.895,0.346,0.083,0.662,0.069,0.362,0.487,0.301,0.326,0.385,0.167,0.397,0.829,0.929,0.577,0.062,0.4,0.2,0.329,0.854,0.765,0.092,0.921
0.0,0.464,0.586,0.249,0.626,0.126,0.174,0.562,0.845,0.492,0.356,0.939,0.827,0.867,0.368,0.505,0.378,0.974,0.18,0.679,0.07,0.784,0.743,0.455,0.548,0.268,0.789,0.046,0.732,0.24,0.259,0.829,0.058,0.854,0.163,0.774,0.268,0.109,0.515,0.69,0.487
0.0,0.28,0.237,0.555,0.602,0.099,0.218,0.378,0.561,0.555,0.124,0.427,0.677,0.668,0.718,0.212,0.291,0.658,0.484,0.096,0.251,0.936,0.491,0.947,0.105,0.602,0.982,0.734,0.282,0.578,0.647,0.163,0.132,0.865,0.173,0.79,0.939,0.509,0.209,0.041,0.412
0.0,0.963,0.272,0.218,0.57,0.362,0.483,0.06,0.677,0.851,0.041,0.102,0.188,0.901,0.503,0.622,0.892,0.318,0.581,0.093,0.315,0.189,0.623,0.385,0.233,0.33,0.495,0.276,0.074,0.075,0.894,0.278,0.654,0.138,0.366,0.917,0.938,0.738,0.853,0.712,0.034
0.0,0.905,0.172,0.476,0.029,0.454,0.87,0.265,0.7,0.645,0.591,0.775,0.961,0.588,0.109,0.458,0.939,0.058,0.314,0.08,0.171,0.505,0.213,0.422,0.871,0.883,0.628,0.156,0.5,0.765,0.762,0.564,0.098,0.925,0.915,0.146,0.094,0.744,0.452,0.867,0.506
1.0,0.765,0.92,0.866,0.819,0.094,0.098,0.033,0.32,0.207,0.447,0.305,0.346,0.781,0.767,0.076,0.706,0.673,0.95,0.423,0.973,0.427,0.757,0.546,0.083,0.847,0.444,0.416,0.025,0.5,0.825,0.985,0.873,0.791,0.501,0.93,0.152,0.752,0.905,0.699,0.808
0.0,0.565,0.504,0.734,0.934,0.264,0.553,0.411,0.819,0.23,0.824,0.026,0.315,0.579,0.055,0.969,0.198,0.419,0.384,0.663,0.313,0.733,0.997,0.815,0.298,0.633,0.828,0.372,0.457,0.327,0.443,0.824,0.296,0.331,0.367,0.688,0.373,0.12,0.535,0.256,0.772
0.0,0.51,0.325,0.732,0.435,0.496,0.196,0.525,0.614,0.117,0.628,0.539,0.854,0.965,0.626,0.409,0.24,0.826,0.44,0.146,0.337,0.936,0.68,0.004,0.088,0.464,0.081,0.179,0.91,0.976,0.127,0.62,0.062,0.072,0.586,0.381,0.5,0.588,0.502,0.329,0.246
1.0,0.418,0.155,0.758,0.323,0.795,0.483,0.497,0.742,0.426,0.628,0.024,0.179,0.36,0.759,0.058,0.247,0.642,0.299,0.197,0.895,0.462,0.803,0.359,0.598,0.824,0.533,0.081,0.639,0.908,0.375,0.231,0.523,0.466,0.454,0.042,0.474,0.284,0.064,0.328,0.419
0.0,0.388,0.738,0.283,0.458,0.797,0.471,0.433,0.869,0.772,0.505,0.363,0.206,0.851,0.305,0.288,0.075,0.363,0.425,0.116,0.872,0.057,0.276,0.808,0.635,0.902,0.912,0.474,0.802,0.774,0.722,0.034,0.334,0.591,0.517,0.134,0.73,0.866,0.831,0.377,0.852
0.0,0.99,0.824,0.243,0.056,0.48,0.302,0.751,0.294,0.197,0.235,0.688,0.502,0.739,0.493,0.656,0.048,0.711,0.554,0.155,0.012,0.834,0.285,0.916,0.273,0.778,0.653,0.602,0.914,0.427,0.429,0.236,0.522,0.92,0.08,0.954,0.503,0.765,0.776,0.343,0.157
0.0,0.261,0.453,0.431,0.954,0.82,0.239,0.048,0.094,0.458,0.772,0.311,0.28,0.943,0.61,0.088,0.616,0.575,0.026,0.382,0.752,0.752,0.792,0.928,0.832,0.176,0.277,0.829,0.91,0.937,0.06,0.33,0.918,0.118,0.85,0.224,0.838,0.738,0.485,0.162,0.442
1.0,0.171,0.407,0.212,0.08,0.603,0.989,0.4,0.848,0.144,0.521,0.085,0.052,0.181,0.627,0.597,0.094,0.222,0.301,0.722,0.929,0.654,0.14,0.489,0.802,0.589,0.002,0.833,0.093,0.199,0.089,0.626,0.326,0.366,0.035,0.401,0.519,0.123,0.929,0.432,0.075
0.0,0.796,0.423,0.762,0.519,0.966,0.578,0.696,0.594,0.485,0.948,0.676,1.0,0.988,0.249,0.966,0.923,0.269,0.812,0.583,0.137,0.788,0.175,0.924,0.365,0.672,0.676,0.617,0.844,0.24,0.082,0.027,0.99,0.054,0.12,0.264,0.244,0.377,0.637,0.613,0.246
0.0,0.261,0.473,0.665,0.066,0.89,0.559,0.309,0.864,0.945,0.629,0.453,0.257,0.491,0.808,0.133,0.337,0.107,0.475,0.833,0.797,0.874,0.419,0.977,0.481,0.298,0.103,0.851,0.981,0.07,0.96,0.182,0.709,0.05,0.143,0.584,0.305,0.183,0.238,0.905,0.802
0.0,0.527,0.385,0.043,0.589,0.808,0.353,0.945,0.403,0.069,0.621,0.175,0.059,0.317,0.331,0.52,0.862,0.163,0.202,0.973,0.031,0.886,0.722,0.459,0.639,0.751,0.448,0.948,0.392,0.193,0.351,0.989,0.154,0.952,0.823,0.976,0.475,0.299,0.808,0.749,0.938
0.0,0.268,0.862,0.679,0.221,0.3,0.637,0.114,0.401,0.282,0.524,0.288,0.828,0.803,0.589,0.424,0.478,0.49,0.676,0.326,0.133,0.817,0.645,0.43,0.429,0.522,0.006,0.989,0.972,0.393,0.634,0.842,0.905,0.735,0.506,0.364,0.854,0.229,0.2,0.439,0.982
1.0,0.468,0.944,0.037,0.861,0.444,0.476,0.256,0.528,0.68,0.469,0.687,0.514,0.649,0.252,0.358,0.963,0.523,0.979,0.409,0.436,0.355,0.74,0.779,0.903,0.425,0.452,0.884,0.566,0.1,0.853,0.113,0.639,0.42,0.876,0.955,0.416,0.919,0.362,0.7,0.913
1.0,0.267,0.845,0.582,0.155,0.407,0.044,0.374,0.27,0.988,0.307,0.635,0.769,0.949,0.038,0.081,0.51,0.051,0.696,0.459,0.355,0.525,0.241,0.887,0.636,0.552,0.84,0.489,0.244,0.964,0.141,0.376,0.779,0.987,0.934,0.104,0.258,0.459,0.69,0.279,0.011
0.0,0.923,0.435,0.8,0.745,0.096,0.075,0.826,0.209,0.393,0.161,0.82,0.33,0.255,0.289,0.67,0.382,0.282,0.59,0.997,0.968,0.21,0.291,0.843,0.082,0.583,0.426,0.843,0.049,0.724,0.143,0.595,0.072,0.551,0.857,0.098,0.871,0.81,0.374,0.172,0.622
0.0,0.029,0.469,0.241,0.028,0.29,0.458,0.958,0.672,0.84,0.506,0.528,0.937,0.065,0.429,0.453,0.684,0.993,0.612,0.788,0.518,0.755,0.044,0.232,0.397,0.489,0.681,0.447,0.196,0.062,0.985,0.771,0.264,0.701,0.763,0.413,0.798,0.206,0.536,0.482,0.082
0.0,0.425,0.61,0.512,0.683,0.349,0.185,0.498,0.059,0.85,0.733,0.858,0.853,0.597,0.115,0.442,0.447,0.102,0.182,0.362,0.503,0.312,0.889,0.698,0.873,0.128,0.012,0.14,0.757,0.594,0.952,0.988,0.716,0.182,0.386,0.996,0.914,0.125,0.495,0.074,0.397
1.0,0.523,0.375,0.033,0.689,0.244,0.715,0.395,0.673,0.734,0.338,0.362,0.659,0.057,0.725,0.255,0.832,0.377,0.328,0.52,0.711,0.167,0.168,0.146,0.201,0.789,0.474,0.45,0.772,0.91,0.66,0.719,0.995,0.876,0.099,0.971,0.442,0.762,0.346,0.254,0.35
0.0,0.449,0.65,0.217,0.011,0.273,0.373,0.811,0.888,0.476,0.705,0.27,0.436,0.766,0.869,0.581,0.515,0.315,0.223,0.938,0.498,0.413,0.283,0.996,0.146,0.979,0.798,0.544,0.781,0.666,0.197,0.165,0.963,0.445,0.127,0.875,0.178,0.664,0.732,0.911,0.061
0.0,0.867,0.276,0.972,0.902,0.499,0.496,0.531,0.555,0.147,0.416,0.866,0.825,0.392,0.409,0.695,0.594,0.207,0.635,0.608,0.128,0.114,0.058,0.151,0.752,0.052,0.757,0.303,0.7,0.536,0.164,0.096,0.462,0.55,0.888,0.451,0.603,0.341,0.274,0.123,0.85
0.0,0.505,0.374,0.749,0.073,0.144,0.695,0.22,0.857,0.367,0.857,0.126,0.48,0.662,0.084,0.515,0.337,0.02,0.094,0.397,0.757,0.034,0.708,0.934,0.432,0.106,0.123,0.693,0.379,0.576,0.067,0.372,0.993,0.158,0.618,0.949,0.062,0.898,0.156,0.755,0.036
1.0,0.669,0.616,0.171,0.476,0.363,0.8,0.017,0.787,0.602,0.826,0.82,0.04,0.449,0.152,0.144,0.61,0.705,0.331,0.429,0.558,0.118,0.319,0.01,0.726,0.717,0.48,0.541,0.667,0.106,0.045,0.272,0.984,0.198,0.931,0.714,0.258,0.177,0.543,0.585,0.883
1.0,0.064,0.329,0.781,0.8,0.459,0.277,0.497,0.167,0.305,0.05,0.163,0.755,0.125,0.799,0.888,0.32,0.409,0.905,0.095,0.545,0.028,0.326,0.334,0.644,0.117,0.433,0.302,0.688,0.093,0.535,0.754,0.073,0.016,0.687,0.886,0.94,0.46,0.138,0.053,0.882
1.0,0.881,0.48,0.874,0.214,0.538,0.966,0.007,0.461,0.805,0.794,0.996,0.24,0.799,0.984,0.941,0.773,0.113,0.333,0.894,0.548,0.017,0.031,0.619,0.09,0.572,0.625,0.784,0.106,0.383,0.869,0.377,0.331,0.134,0.566,0.674,0.703,0.725,0.44,0.546,0.383
0.0,0.873,0.281,0.82,0.914,0.905,0.473,0.123,0.281,0.238,0.777,0.622,0.489,0.357,0.853,0.286,0.592,0.802,0.352,0.231,0.699,0.839,0.716,0.697,0.582,0.668,0.811,0.681,0.832,0.381,0.701,0.034,0.563,0.538,0.15,0.552,0.832,0.787,0.459,0.515,0.2
1.0,0.979,0.692,0.502,0.5,0.126,0.602,0.864,0.334,0.515,0.215,0.248,0.183,0.779,0.911,0.497,0.794,0.662,0.294,0.878,0.937,0.057,0.512,0.653,0.284,0.093,0.158,0.179,0.182,0.606,0.876,0.072,0.217,0.993,0.538,0.135,0.598,0.504,0.924,0.057,0.028
0.0,0.193,0.214,0.59,0.45,0.147,0.469,0.091,0.555,0.274,0.811,0.641,0.813,0.196,0.064,0.424,0.288,0.743,0.164,0.42,0.254,0.337,0.931,0.503,0.858,0.905,0.947,0.152,0.341,0.013,0.359,0.315,0.196,0.564,0.269,0.725,0.811,0.355,0.549,0.636,0.846
1.0,0.641,0.496,0.23,0.362,0.276,0.965,0.023,0.042,0.878,0.364,0.645,0.821,0.688,0.051,0.876,0.111,0.16,0.706,0.257,0.437,0.496,0.858,0.842,0.872,0.025,0.472,0.905,0.546,0.406,0.202,0.904,0.041,0.981,0.168,0.374,0.235,0.934,0.855,0.715,0.579
0.0,0.41,0.466,0.78,0.743,0.259,0.081,0.003,0.436,0.257,0.768,0.336,0.609,0.743,0.172,0.101,0.927,0.803,0.178,0.781,0.54,0.561,0.931,0.324,0.47,0.782,0.445,0.782,0.047,0.622,0.192,0.444,0.689,0.874,0.725,0.661,0.852,0.983,0.283,0.85,0.594
0.0,0.876,0.446,0.05,0.912,0.67,0.684,0.258,0.509,0.331,0.97,0.558,0.777,0.048,0.637,0.905,0.746,0.457,0.334,0.262,0.515,0.541,0.969,0.231,0.456,0.428,0.827,0.059,0.44,0.409,0.431,0.345,0.457,0.17,0.762,0.795,0.098,0.145,0.486,0.809,0.577
0.0,0.739,0.925,0.849,0.909,0.196,0.37,0.807,0.002,0.076,0.818,0.768,0.988,0.104,0.517,0.975,0.903,0.609,0.733,0.86,0.338,0.294,0.443,0.064,0.074,0.464,1.0,0.365,0.002,0.505,0.911,0.601,0.254,0.549,0.106,0.804,0.058,0.849,0.413,0.199,0.731
0.0,0.28,0.859,0.248,0.039,0.892,0.684,0.529,0.36,0.298,0.232,0.71,0.197,0.733,0.196,0.635,0.795,0.122,0.136,0.06,0.955,0.739,0.83,0.299,0.936,0.229,0.461,0.58,0.777,0.574,0.721,0.056,0.532,0.624,0.787,0.844,0.372,0.086,0.171,0.257,0.446
0.0,0.259,0.447,0.652,0.368,0.942,0.995,0.484,0.652,0.703,0.195,0.118,0.76,0.531,0.425,0.739,0.858,0.364,0.077,0.143,0.553,0.531,0.878,0.079,0.477,0.026,0.696,0.11,0.744,0.982,0.524,0.226,0.074,0.511,0.95,0.512,0.969,0.367,0.23,0.965,0.218
0.0,0.529,0.724,0.532,0.892,0.173,0.529,0.754,0.702,0.166,0.771,0.136,0.761,0.028,0.849,0.59,0.246,0.175,0.277,0.224,0.419,0.619,0.032,0.699,0.492,0.238,0.381,0.025,0.354,0.516,0.06,0.759,0.274,0.699,0.983,0.705,0.168,0.489,0.11,0.002,0.374
1.0,0.986,0.241,0.723,0.021,0.053,0.933,0.643,0.11,0.594,0.602,0.359,0.302,0.82,0.147,0.756,0.507,0.521,0.772,0.965,0.381,0.845,0.264,0.329,0.388,0.338,0.174,0.326,0.764,0.872,0.434,0.268,0.558,0.171,0.595,0.579,0.524,0.144,0.408,0.053,0.807
1.0,0.417,0.741,0.509,0.227,0.348,0.923,0.899,0.513,0.163,0.184,0.335,0.006,0.624,0.762,0.62,0.176,0.187,0.478,0.784,0.795,0.916,0.623,0.484,0.321,0.906,0.696,0.058,0.597,0.629,0.659,0.081,0.631,0.997,0.403,0.136,0.309,0.827,0.77,0.029,0.608
1.0,0.62,0.284,0.179,0.409,0.255,0.083,0.995,0.009,0.994,0.645,0.151,0.352,0.399,0.774,0.638,0.256,0.076,0.749,0.413,0.094,0.073,0.639,0.331,0.321,0.229,0.029,0.258,0.166,0.78,0.339,0.561,0.688,0.843,0.928,0.249,0.678,0.166,0.248,0.978,0.454
1.0,0.687,0.011,0.739,0.984,0.425,0.467,0.957,0.651,0.356,0.62,0.619,0.4,0.383,0.919,0.176,0.778,0.356,0.124,0.209,0.049,0.51,0.846,0.17,0.704,0.029,0.98,0.871,0.295,0.926,0.063,0.777,0.637,0.663,0.362,0.805,0.787,0.144,0.604,0.907,0.789
0.0,0.114,0.576,0.794,0.046,0.018,0.576,0.203,0.925,0.31,0.126,0.189,0.763,0.42,0.295,0.159,0.997,0.593,0.132,0.279,0.522,0.173,0.53,0.805,0.783,0.859,0.276,0.653,0.398,0.9,0.671,0.462,0.554,0.218,0.527,0.443,0.794,0.043,0.174,0.39,0.615
1.0,0.388,0.234,0.925,0.477,0.255,0.89,0.886,0.6,0.975,0.526,0.854,0.595,0.217,0.267,0.14,0.798,0.52,0.983,0.968,0.67,0.712,0.331,0.763,0.372,0.485,0.447,0.647,0.192,0.413,0.831,0.19,0.33,0.42,0.54,0.301,0.681,0.432,0.639,0.143,0.676
0.0,0.921,0.189,0.638,0.821,0.71,0.432,0.154,0.849,0.833,0.414,0.908,0.772,0.13,0.942,0.577,0.802,0.424,0.152,0.511,0.679,0.608,0.565,0.616,0.939,0.892,0.541,0.958,0.83,0.644,0.066,0.265,0.73,0.547,0.254,0.704,0.91,0.182,0.624,0.537,0.279
1.0,0.966,0.517,0.729,0.9,0.753,0.047,0.152,0.611,0.066,0.755,0.001,0.377,0.318,0.269,0.357,0.249,0.002,0.548,0.79,0.88,0.549,0.725,0.552,0.245,0.519,0.885,0.941,0.335,0.953,0.949,0.569,0.658,0.89,0.318,0.733,0.955,0.845,0.409,0.67,0.757
1.0,0.445,0.181,0.891,0.905,0.811,0.135,0.626,0.76,0.177,0.336,0.154,0.723,0.903,0.615,0.536,0.888,0.94,0.556,0.829,0.945,0.631,0.109,0.78,0.917,0.887,0.254,0.803,0.159,0.28,0.481,0.905,0.927,0.431,0.936,0.476,0.812,0.204,0.314,0.732,0.583
1.0,0.252,0.344,0.446,0.502,0.651,0.229,0.183,0.431,0.155,0.131,0.941,0.565,0.435,0.568,0.681,0.185,0.93,0.289,0.57,0.802,0.562,0.522,0.498,0.888,0.912,0.393,0.984,0.528,0.071,0.396,0.184,0.811,0.91,0.823,0.423,0.33,0.579,0.837,0.68,0.775
0.0,0.204,0.455,0.154,0.405,0.557,0.732,0.835,0.283,0.55,0.335,0.52,0.328,0.758,0.201,0.539,0.125,0.763,0.169,0.647,0.23,0.412,0.066,0.859,0.87,0.169,0.301,0.076,0.93,0.698,0.153,0.405,0.642,0.793,0.678,0.52,0.208,0.685,0.687,0.09,0.886
0.0,0.362,0.329,0.556,0.138,0.34,0.081,0.027,0.445,0.418,0.036,0.622,0.319,0.275,0.446,0.394,0.15,0.331,0.384,0.836,0.576,0.282,0.164,0.982,0.34,0.405,0.917,0.621,0.85,0.707,0.249,0.027,0.944,0.105,0.386,0.273,0.809,0.205,0.557,0.394,0.354
1.0,0.518,0.579,0.53,0.628,0.623,0.004,0.468,0.735,0.5,0.496,0.404,0.299,0.974,0.578,0.016,0.517,0.618,0.036,0.401,0.246,0.505,0.83,0.287,0.831,0.379,0.732,0.518,0.136,0.746,0.637,0.583,0.513,0.844,0.28,0.454,0.894,0.847,0.632,0.537,0.756
1.0,0.602,0.827,0.556,0.396,0.06,0.577,0.363,0.827,0.542,0.16,0.218,0.705,0.915,0.689,0.976,0.126,0.239,0.106,0.028,0.573,0.155,0.436,0.228,0.645,0.214,0.606,0.143,0.937,0.682,0.853,0.0,0.069,0.289,0.988,0.691,0.27,0.369,0.59,0.44,0.681
1.0,0.902,0.164,0.597,0.537,0.065,0.256,0.1,0.101,0.212,0.552,0.633,0.343,0.208,0.764,0.131,0.82,0.517,0.604,0.394,0.501,0.119,0.278,0.566,0.792,0.235,0.248,0.317,0.849,0.93,0.776,0.643,0.948,0.162,0.936,0.696,0.029,0.921,0.503,0.194,0.563
1.0,0.254,0.194,0.984,0.776,0.155,0.529,0.97,0.751,0.568,0.275,0.186,0.531,0.532,0.221,0.747,0.126,0.031,0.875,0.498,0.653,0.188,0.293,0.272,0.742,0.146,0.792,0.076,0.609,0.314,0.69,0.562,0.744,0.904,0.148,0.137,0.906,0.353,0.605,0.972,0.427
0.0,0.635,0.562,0.58,0.358,0.385,0.5,0.144,0.773,0.337,0.517,0.271,0.006,0.121,0.515,0.448,0.862,0.606,0.527,0.824,0.83,0.873,0.612,0.894,0.804,0.409,0.604,0.572,0.6,0.37,0.101,0.152,0.218,0.811,0.397,0.058,0.745,0.35,0.709,0.282,0.226
0.0,0.753,0.791,0.156,0.974,0.263,0.566,0.58,0.976,0.735,0.252,0.975,0.539,0.185,0.352,0.715,0.594,0.471,0.139,0.912,0.022,0.025,0.493,0.842,0.706,0.996,0.586,0.508,0.151,0.527,0.686,0.965,0.422,0.155,0.274,0.334,0.793,0.032,0.573,0.679,0.989
1.0,0.166,0.085,0.777,0.028,0.232,0.051,0.79,0.644,0.482,0.901,0.341,0.3,0.603,0.84,0.443,0.988,0.759,0.723,0.125,0.584,0.253,0.442,0.256,0.493,0.917,0.435,0.512,0.578,0.441,0.17,0.095,0.735,0.793,0.929,0.905,0.081,0.275,0.204,0.577,0.641
0.0,0.743,0.616,0.023,0.966,0.848,0.023,0.755,0.834,0.523,0.252,0.078,0.984,0.97,0.439,0.031,0.411,0.599,0.426,0.114,0.497,0.486,0.785,0.064,0.336,0.722,0.481,0.009,0.696,0.819,0.308,0.663,0.079,0.571,0.482,0.319,0.849,0.123,0.514,0.129,0.281
1.0,0.33,0.613,0.274,0.567,0.177,0.823,0.734,0.834,0.606,0.204,0.648,0.598,0.663,0.639,0.123,0.872,0.15,0.021,0.029,0.301,0.578,0.184,0.05,0.672,0.222,0.535,0.89,0.783,0.15,0.797,0.883,0.162,0.702,0.084,0.059,0.194,0.955,0.065,0.047,0.438
1.0,0.331,0.49,0.956,0.324,0.431,0.487,0.241,0.237,0.0,0.518,0.602,0.529,0.742,0.774,0.289,0.607,0.846,0.488,0.808,0.919,0.971,0.355,0.171,0.437,0.899,0.115,0.361,0.851,0.255,0.721,0.909,0.256,0.828,0.716,0.727,0.33,0.756,0.212,0.892,0.346
1.0,0.486,0.185,0.74,0.326,0.713,0.502,0.024,0.854,0.172,0.475,0.884,0.134,0.097,0.054,0.097,0.152,0.675,0.653,0.739,0.379,0.056,0.522,0.745,0.228,0.09,0.643,0.308,0.613,0.861,0.7,0.862,0.854,0.989,0.766,0.354,0.183,0.43,0.478,0.836,0.018
0.0,0.749,0.403,0.742,0.481,0.514,0.124,0.923,0.131,0.923,0.391,0.127,0.779,0.805,0.982,0.349,0.843,0.602,0.103,0.155,0.174,0.66,0.48,0.757,0.141,0.295,0.109,0.015,0.135,0.971,0.058,0.955,0.512,0.141,0.293,0.049,0.136,0.381,0.164,0.646,0.658
1.0,0.94,0.338,0.336,0.163,0.269,0.605,0.495,0.649,0.989,0.148,0.475,0.583,0.87,0.258,0.103,0.72,0.394,0.057,0.66,0.473,0.298,0.308,0.086,0.026,0.209,0.365,0.873,0.816,0.84,0.702,0.171,0.16,0.277,0.89,0.479,0.31,0.928,0.868,0.506,0.043
1.0,0.715,0.513,0.369,0.805,0.778,0.929,0.238,0.523,0.849,0.878,0.26,0.157,0.91,0.782,0.43,0.041,0.256,0.272,0.065,0.065,0.077,0.318,0.163,0.851,0.26,0.896,0.812,0.998,0.904,0.866,0.502,0.915,0.445,0.375,0.42,0.868,0.633,0.188,0.469,0.055
1.0,0.406,0.0,0.157,0.89,0.265,0.474,0.827,0.632,0.641,0.311,0.234,0.514,0.932,0.653,0.426,0.962,0.326,0.281,0.067,0.686,0.73,0.052,0.752,0.122,0.908,0.239,0.262,0.406,0.479,0.767,0.54,0.839,0.063,0.43,0.622,0.72,0.833,0.303,0.663,0.256
0.0,0.84,0.316,0.504,0.456,0.198,0.148,0.945,0.03,0.034,0.074,0.008,0.223,0.763,0.195,0.088,0.966,0.886,0.117,0.12,0.475,0.434,0.026,0.962,0.197,0.696,0.93,0.881,0.427,0.305,0.308,0.525,0.237,0.557,0.311,0.073,0.508,0.52,0.542,0.638,0.645
0.0,0.508,0.565,0.415,0.497,0.678,0.402,0.566,0.927,0.7,0.48,0.448,0.699,0.411,0.153,0.376,0.864,0.083,0.046,0.321,0.452,0.545,0.046,0.136,0.902,0.409,0.966,0.688,0.605,0.291,0.148,0.716,0.375,0.903,0.03,0.925,0.435,0.771,0.682,0.286,0.67
0.0,0.658,0.468,0.681,0.5,0.149,0.714,0.736,0.1,0.251,0.482,0.478,0.898,0.921,0.854,0.931,0.498,0.78,0.047,0.517,0.337,0.868,0.628,0.968,0.767,0.171,0.938,0.62,0.812,0.76,0.414,0.075,0.576,0.111,0.416,0.709,0.744,0.763,0.261,0.935,0.737
1.0,0.018,0.193,0.774,0.731,0.783,0.94,0.469,0.317,0.678,0.428,0.113,0.532,0.709,0.508,0.011,0.478,0.087,0.119,0.015,0.11,0.677,0.175,0.317,0.313,0.534,0.212,0.972,0.596,0.773,0.514,0.471,0.107,0.728,0.559,0.925,0.879,0.04,0.303,0.298,0.689
1.0,0.165,0.492,0.156,0.698,0.08,0.556,0.049,0.948,0.747,0.482,0.167,0.226,0.528,0.876,0.363,0.987,0.167,0.486,0.884,0.739,0.783,0.089,0.68,0.837,0.522,0.68,0.955,0.786,0.749,0.812,0.548,0.906,0.351,0.903,0.953,0.346,0.318,0.885,0.322,0.079
1.0,0.816,0.608,0.211,0.343,0.529,0.253,0.771,0.505,0.685,0.27,0.98,0.203,0.988,0.631,0.176,0.349,0.351,0.548,0.949,0.959,0.87,0.021,0.065,0.918,0.153,0.415,0.702,0.907,0.521,0.748,0.102,0.104,0.897,0.432,0.509,0.885,0.025,0.286,0.441,0.591
0.0,0.661,0.557,0.316,0.218,0.957,0.089,0.714,0.437,0.763,0.877,0.693,0.972,0.221,0.125,0.599,0.474,0.975,0.29,0.037,0.7,0.569,0.966,0.131,0.534,0.865,0.202,0.559,0.883,0.035,0.095,0.608,0.733,0.053,0.666,0.877,0.32,0.746,0.094,0.884,0.765
1.0,0.305,0.248,0.08,0.242,0.814,0.628,0.572,0.841,0.61,0.329,0.585,0.24,0.702,0.213,0.682,0.886,0.249,0.975,0.884,0.256,0.962,0.867,0.886,0.728,0.816,0.932,0.038,0.083,0.239,0.725,0.088,0.542,0.3,0.261,0.098,0.679,0.749,0.388,0.989,0.148
0.0,0.088,0.331,0.73,0.664,0.313,0.963,0.491,0.056,0.069,0.634,0.43,0.978,0.099,0.016,0.539,0.955,0.415,0.08,0.222,0.656,0.293,0.304,0.708,0.584,0.541,0.914,0.36,0.537,0.956,0.334,0.217,0.262,0.249,0.118,0.284,0.892,0.836,0.947,0.509,0.825
0.0,0.89,0.204,0.729,0.754,0.299,0.616,0.979,0.876,0.686,0.412,0.817,0.774,0.148,0.364,0.124,0.953,0.747,0.935,0.596,0.728,0.102,0.862,0.193,0.426,0.311,0.149,0.201,0.111,0.414,0.227,0.918,0.714,0.412,0.225,0.877,0.264,0.624,0.224,0.197,0.833
0.0,0.137,0.17,0.93,0.066,0.506,0.088,0.825,0.204,0.682,0.863,0.944,0.526,0.475,0.66,0.574,0.463,0.307,0.166,0.986,0.12,0.314,0.013,0.899,0.281,0.571,0.81,0.357,0.572,0.051,0.378,0.88,0.573,0.184,0.701,0.791,0.348,0.397,0.832,0.676,0.188
1.0,0.91,0.311,0.046,0.952,0.376,0.288,0.723,0.881,0.643,0.176,0.697,0.49,0.775,0.807,0.921,0.015,0.058,0.028,0.155,0.652,0.224,0.829,0.136,0.85,0.419,0.987,0.266,0.12,0.501,0.439,0.958,0.319,0.627,0.293,0.5,0.631,0.24,0.305,0.435,0.176
0.0,0.532,0.076,0.39,0.204,0.414,0.251,0.159,0.374,0.935,0.808,0.382,0.854,0.94,0.072,0.206,0.497,0.71,0.481,0.554,0.964,0.778,0.915,0.233,0.911,0.915,0.028,0.677,0.638,0.174,0.821,0.797,0.077,0.041,0.166,0.701,0.269,0.968,0.207,0.983,0.485
1.0,0.831,0.415,0.243,0.85,0.447,0.915,0.576,0.716,0.758,0.296,0.371,0.358,0.209,0.677,0.321,0.287,0.193,0.897,0.064,0.051,0.698,0.739,0.295,0.062,0.944,0.22,0.874,0.164,0.659,0.505,0.657,0.944,0.104,0.574,0.539,0.702,0.837,0.033,0.286,0.297
0.0,0.352,0.176,0.054,0.512,0.898,0.146,0.177,0.049,0.856,0.929,0.338,0.814,0.101,0.826,0.844,0.038,0.472,0.183,0.124,0.83,0.339,0.086,0.573,0.134,0.292,0.896,0.665,0.216,0.482,0.003,0.242,0.251,0.279,0.948,0.595,0.361,0.199,0.31,0.308,0.084
1.0,0.061,0.837,0.799,0.66,0.711,0.422,0.462,0.584,0.752,0.762,0.381,0.502,0.629,0.286,0.894,0.332,0.041,0.228,0.879,0.604,0.556,0.506,0.359,0.217,0.01,0.112,0.441,0.752,0.849,0.586,0.123,0.009,0.979,0.797,0.391,0.419,0.584,0.119,0.408,0.014
1.0,0.672,0.914,0.34,0.252,0.687,0.541,0.537,0.591,0.057,0.376,0.645,0.099,0.932,0.604,0.454,0.258,0.956,0.229,0.545,0.218,0.339,0.619,0.004,0.339,0.898,0.451,0.889,0.712,0.357,0.098,0.655,0.54,0.381,0.846,0.395,0.072,0.003,0.96,0.901,0.547
0.0,0.36,0.018,0.041,0.117,0.865,0.79,0.253,0.613,0.796,0.234,0.181,0.218,0.407,0.353,0.642,0.733,0.541,0.585,0.403,0.846,0.703,0.873,0.01,0.744,0.2,0.811,0.008,0.75,0.241,0.834,0.179,0.975,0.133,0.788,0.314,0.393,0.862,0.729,0.472,0.052
1.0,0.607,0.108,0.918,0.69,0.372,0.915,0.923,0.028,0.616,0.237,0.62,0.404,0.642,0.558,0.225,0.006,0.315,0.339,0.674,0.718,0.586,0.988,0.781,0.392,0.505,0.219,0.272,0.667,0.948,0.324,0.312,0.108,0.628,0.972,0.829,0.781,0.862,0.61,0.737,0.921
0.0,0.094,0.004,0.131,0.199,0.38,0.375,0.305,0.35,0.473,0.267,0.378,0.675,0.626,0.491,0.4,0.165,0.328,0.529,0.769,0.81,0.227,0.351,0.316,0.129,0.035,0.938,0.076,0.043,0.741,0.381,0.406,0.258,0.555,0.502,0.506,0.34,0.237,0.216,0.898,0.86
0.0,0.078,0.757,0.592,0.394,0.965,0.574,0.218,0.644,0.946,0.309,0.578,0.263,0.079,0.486,0.67,0.153,0.546,0.48,0.72,0.175,0.077,0.627,0.275,0.537,0.609,0.334,0.465,0.745,0.422,0.817,0.498,0.344,0.288,0.142,0.78,0.47,0.819,0.666,0.177,0.956
0.0,0.844,0.715,0.193,0.143,0.873,0.35,0.509,0.338,0.412,0.501,0.423,0.335,0.976,0.279,0.428,0.181,0.171,0.846,0.199,0.159,0.202,0.231,0.988,0.027,0.815,0.905,0.604,0.387,0.676,0.782,0.124,0.763,0.859,0.013,0.996,0.721,0.629,0.414,0.976,0.865
1.0,0.775,0.421,0.488,0.1,0.576,0.205,0.704,0.988,0.715,0.553,0.243,0.674,0.411,0.374,0.96,0.012,0.215,0.88,0.379,0.447,0.524,0.087,0.198,0.445,0.241,0.373,0.498,0.443,0.027,0.858,0.624,0.893,0.012,0.573,0.669,0.218,0.711,0.407,0.21,0.764
1.0,0.613,0.728,0.509,0.546,0.658,0.115,0.428,0.387,0.201,0.977,0.018,0.307,0.179,0.625,0.45,0.776,0.368,0.323,0.242,0.247,0.518,0.057,0.66,0.832,0.164,0.146,0.495,0.709,0.362,0.838,0.981,0.24,0.372,0.023,0.449,0.036,0.402,0.401,0.297,0.584
1.0,0.545,0.661,0.952,0.984,0.168,0.356,0.364,0.222,0.691,0.462,0.201,0.351,0.664,0.814,0.49,0.209,0.474,0.476,0.962,0.214,0.662,0.804,0.231,0.068,0.008,0.505,0.482,0.363,0.962,0.263,0.426,0.576,0.023,0.041,0.895,0.515,0.964,0.462,0.417,0.911
0.0,0.808,0.846,0.849,0.732,0.517,0.067,0.776,0.749,0.871,0.567,0.123,0.258,0.338,0.807,0.306,0.127,0.03,0.569,0.002,0.998,0.276,0.772,0.791,0.2,0.432,0.34,0.57,0.373,0.141,0.664,0.334,0.491,0.557,0.887,0.886,0.429,0.555,0.228,0.979,0.49
0.0,0.297,0.834,0.699,0.839,0.898,0.498,0.548,0.393,0.735,0.937,0.07,0.543,0.705,0.393,0.71,0.551,0.141,0.804,0.817,0.675,0.513,0.044,0.247,0.432,0.398,0.577,0.85,0.764,0.467,0.811,0.446,0.882,0.771,0.134,0.043,0.027,0.392,0.069,0.957,0.754
1.0,0.779,0.11,0.036,0.269,0.348,0.145,0.378,0.954,0.709,0.085,0.995,0.616,0.887,0.345,0.785,0.247,0.908,0.949,0.578,0.619,0.403,0.881,0.375,0.781,0.284,0.276,0.431,0.432,0.9,0.295,0.685,0.007,0.942,0.653,0.507,0.792,0.628,0.982,0.201,0.332
1.0,0.714,0.439,0.989,0.178,0.027,0.691,0.535,0.126,0.658,0.873,0.425,0.046,0.743,0.836,0.091,0.105,0.34,0.769,0.02,0.823,0.684,0.113,0.197,0.792,0.358,0.725,0.51,0.163,0.494,0.229,0.55,0.449,0.061,0.839,0.321,0.094,0.308,0.874,0.242,0.615
0.0,0.628,0.159,0.905,0.149,0.661,0.737,0.072,0.692,0.983,0.326,0.882,0.578,0.68,0.67,0.247,0.565,0.668,0.482,0.11,0.376,0.359,0.357,0.799,0.396,0.786,0.804,0.033,0.101,0.765,0.873,0.099,0.477,0.006,0.8,0.914,0.315,0.722,0.603,0.966,0.13
0.0,0.58,0.507,0.651,0.54,0.92,0.217,0.687,0.48,0.555,0.756,0.724,0.948,0.922,0.034,0.221,0.019,0.91,0.47,0.687,0.979,0.175,0.383,0.052,0.688,0.788,0.522,0.637,0.382,0.073,0.754,0.802,0.132,0.994,0.684,0.081,0.182,0.158,0.564,0.127,0.124
1.0,0.483,0.895,0.577,0.692,0.09,0.563,0.332,0.85,0.927,0.713,0.977,0.306,0.014,0.236,0.724,0.566,0.44,0.909,0.574,0.517,0.087,0.96,0.209,0.799,0.068,0.093,0.195,0.127,0.851,0.744,0.04,0.142,0.717,0.395,0.467,0.851,0.288,0.081,0.743,0.414
0.0,0.985,0.423,0.206,0.553,0.603,0.331,0.72,0.924,0.294,0.725,0.192,0.301,0.576,0.526,0.123,0.815,0.627,0.693,0.374,0.202,0.66,0.42,0.688,0.698,0.591,0.077,0.371,0.832,0.755,0.2,0.194,0.161,0.059,0.92,0.462,0.645,0.627,0.243,0.085,0.936
1.0,0.1,0.78,0.976,0.351,0.177,0.306,0.938,0.785,0.38,0.406,0.166,0.536,0.853,0.467,0.952,0.749,0.414,0.93,0.769,0.163,0.066,0.905,0.896,0.06,0.096,0.936,0.052,0.053,0.891,0.171,0.637,0.263,0.52,0.692,0.608,0.683,0.112,0.966,0.747,0.649
0.0,0.18,0.575,0.866,0.682,0.819,0.024,0.753,0.095,0.339,0.865,0.539,0.583,0.13,0.611,0.081,0.149,0.866,0.56,0.269,0.3,0.902,0.989,0.976,0.01,0.959,0.935,0.814,0.376,0.93,0.62,0.675,0.45,0.887,0.685,0.162,0.875,0.6,0.957,0.441,0.217
1.0,0.64,0.177,0.656,0.375,0.223,0.783,0.604,0.58,0.974,0.565,0.415,0.438,0.137,0.429,0.218,0.569,0.932,0.069,0.401,0.759,0.61,0.842,0.368,0.407,0.328,0.452,0.372,0.869,0.97,0.193,0.21,0.859,0.381,0.921,0.056,0.993,0.995,0.132,0.717,0.569
1.0,0.71,0.605,0.393,0.193,0.564,0.322,0.895,0.178,0.236,0.749,0.476,0.262,0.47,0.371,0.319,0.891,0.679,0.421,0.972,0.93,0.835,0.349,0.16,0.009,0.517,0.633,0.125,0.034,0.175,0.28,0.129,0.969,0.466,0.24,0.218,0.288,0.428,0.957,0.834,0.367
1.0,0.97,0.762,0.326,0.868,0.337,0.207,0.213,0.982,0.224,0.062,0.687,0.125,0.428,0.737,0.733,0.264,0.053,0.628,0.615,0.576,0.471,0.298,0.301,0.701,0.964,0.575,0.275,0.325,0.974,0.347,0.981,0.61,0.164,0.189,0.779,0.312,0.82,0.553,0.275,0.829
1.0,0.557,0.624,0.912,0.863,0.62,0.841,0.88,0.507,0.38,0.004,0.219,0.24,0.13,0.451,0.423,0.652,0.731,0.337,0.082,0.878,0.361,0.44,0.623,0.32,0.011,0.765,0.032,0.328,0.873,0.044,0.582,0.23,0.449,0.272,0.22,0.904,0.14,0.974,0.245,0.615
0.0,0.263,0.72,0.076,0.143,0.972,0.248,0.712,0.527,0.566,0.499,0.707,0.324,0.021,0.734,0.261,0.461,0.076,0.345,0.247,0.259,0.364,0.467,0.667,0.769,0.795,0.086,0.702,0.579,0.991,0.138,0.587,0.814,0.252,0.496,0.583,0.008,0.05,0.3,0.905,0.624
0.0,0.046,0.495,0.906,0.758,0.676,0.247,0.879,0.035,0.47,0.553,0.296,0.872,0.875,0.224,0.452,0.089,0.272,0.943,0.354,0.425,0.662,0.752,0.545,0.013,0.645,0.302,0.857,0.698,0.436,0.412,0.807,0.337,0.363,0.947,0.167,0.101,0.458,0.217,0.307,0.73
0.0,0.712,0.985,0.057,0.458,0.978,0.148,0.126,0.035,0.036,0.239,0.479,0.949,0.511,0.351,0.407,0.797,0.305,0.229,0.418,0.542,0.349,0.874,0.158,0.913,0.648,0.85,0.528,0.895,0.233,0.087,0.474,0.293,0.511,0.801,0.655,0.414,0.993,0.567,0.783,0.328
0.0,0.59,0.644,0.37,0.365,0.499,0.021,0.724,0.359,0.707,0.473,0.181,0.984,0.71,0.311,0.112,0.979,0.949,0.695,0.34,0.613,0.712,0.894,0.495,0.094,0.483,0.819,0.616,0.902,0.17,0.486,0.804,0.153,0.343,0.113,0.853,0.814,0.412,0.98,0.222,0.336
0.0,0.098,0.551,0.02,0.645,0.22,0.23,0.221,0.258,0.2,0.327,0.407,0.458,0.721,0.717,0.681,0.598,0.38,0.214,0.241,0.719,0.945,0.017,0.337,0.591,0.984,0.174,0.561,0.316,0.993,0.575,0.402,0.282,0.423,0.999,0.765,0.58,0.896,0.246,0.275,0.385
0.0,0.061,0.021,0.315,0.515,0.95,0.405,0.454,0.006,0.943,0.655,0.286,0.016,0.58,0.592,0.957,0.518,0.758,0.557,0.289,0.405,0.245,0.694,0.687,0.237,0.553,0.873,0.844,0.592,0.917,0.434,0.572,0.953,0.239,0.703,0.954,0.657,0.072,0.205,0.299,0.855
1.0,0.737,0.618,0.969,0.633,0.866,0.196,0.854,0.328,0.331,0.244,0.25,0.897,0.601,0.493,0.836,0.895,0.679,0.712,0.727,0.657,0.386,0.956,0.134,0.789,0.505,0.725,0.829,0.783,0.049,0.974,0.972,0.501,0.061,0.027,0.951,0.504,0.917,0.286,0.619,0.113
1.0,0.329,0.9,0.442,0.435,0.821,0.755,0.258,0.533,0.811,0.106,0.99,0.756,0.251,0.968,0.711,0.389,0.415,0.302,0.716,0.353,0.05,0.041,0.909,0.323,0.227,0.257,0.939,0.683,0.154,0.703,0.938,0.629,0.259,0.568,0.883,0.597,0.062,0.454,0.563,0.699
1.0,0.586,0.351,0.36,0.014,0.055,0.403,0.633,0.473,0.229,0.477,0.068,0.826,0.076,0.573,0.381,0.811,0.313,0.827,0.215,0.874,0.983,0.144,0.161,0.535,0.558,0.847,0.708,0.513,0.324,0.63,0.389,0.549,0.535,0.21,0.377,0.661,0.738,0.104,0.8,0.168
1.0,0.991,0.571,0.116,0.647,0.507,0.613,0.882,0.309,0.617,0.798,0.53,0.442,0.969,0.612,0.633,0.409,0.459,0.259,0.543,0.971,0.097,0.688,0.487,0.262,0.751,0.537,0.268,0.008,0.9,0.513,0.302,0.23,0.534,0.521,0.478,0.014,0.226,0.394,0.018,0.217
1.0,0.164,0.2,0.854,0.362,0.914,0.15,0.66,0.309,0.775,0.155,0.122,0.374,0.046,0.4,0.752,0.048,0.295,0.17,0.173,0.289,0.636,0.867,0.669,0.058,0.144,0.791,0.229,0.696,0.24,0.814,0.905,0.496,0.294,0.71,0.277,0.529,0.333,0.865,0.511,0.545
1.0,0.352,0.723,0.548,0.534,0.586,0.33,0.881,0.258,0.544,0.785,0.775,0.003,0.781,0.678,0.136,0.168,0.164,0.692,0.488,0.3,0.751,0.119,0.705,0.939,0.319,0.01,0.682,0.487,0.744,0.435,0.829,0.563,0.134,0.518,0.512,0.586,0.284,0.426,0.739,0.394
1.0,0.585,0.024,0.873,0.432,0.719,0.841,0.626,0.25,0.284,0.272,0.579,0.212,0.043,0.513,0.933,0.838,0.34,0.775,0.914,0.209,0.936,0.313,0.739,0.555,0.514,0.32,0.177,0.357,0.389,0.051,0.132,0.461,0.795,0.156,0.05,0.194,0.184,0.665,0.317,0.252
0.0,0.374,0.118,0.743,0.659,0.552,0.175,0.476,0.84,0.305,0.838,0.048,0.054,0.64,0.612,0.453,0.964,0.51,0.841,0.975,0.463,0.675,0.452,0.784,0.637,0.834,0.651,0.695,0.83,0.991,0.008,0.011,0.116,0.483,0.382,0.938,0.932,0.876,0.206,0.945,0.012
0.0,0.971,0.807,0.756,0.994,0.944,0.797,0.256,0.888,0.821,0.792,0.476,0.874,0.772,0.15,0.046,0.333,0.402,0.766,0.737,0.05,0.613,0.239,0.796,0.722,0.354,0.293,0.286,0.939,0.566,0.695,0.95,0.686,0.296,0.977,0.091,0.617,0.217,0.581,0.578,0.102
1.0,0.059,0.574,0.969,0.882,0.116,0.831,0.003,0.726,0.91,0.054,0.362,0.093,0.629,0.038,0.444,0.683,0.038,0.906,0.817,0.879,0.1,0.714,0.097,0.503,0.426,0.682,0.156,0.738,0.287,0.419,0.23,0.141,0.175,0.042,0.194,0.697,0.417,0.089,0.0,0.886
0.0,0.277,0.575,0.832,0.411,0.944,0.351,0.077,0.73,0.906,0.356,0.057,0.24,0.755,0.395,0.199,0.134,0.284,0.41,0.481,0.169,0.454,0.28,0.901,0.482,0.575,0.459,0.159,0.68,0.561,0.294,0.719,0.352,0.693,0.731,0.046,0.949,0.533,0.524,0.336,0.114
0.0,0.665,0.268,0.13,0.993,0.848,0.369,0.727,0.883,0.999,0.181,0.978,0.855,0.524,0.093,0.7,0.511,0.961,0.228,0.462,0.252,0.118,0.341,0.305,0.477,0.724,0.66,0.045,0.555,0.759,0.004,0.382,0.378,0.001,0.056,0.142,0.07,0.464,0.428,0.701,0.579
0.0,0.097,0.855,0.337,0.841,0.685,0.038,0.836,0.49,0.806,0.493,0.909,0.934,0.373,0.951,0.135,0.253,0.328,0.787,0.623,0.958,0.575,0.387,0.609,0.831,0.577,0.983,0.147,0.407,0.101,0.809,0.228,0.137,0.377,0.243,0.248,0.319,0.091,0.099,0.678,0.128
1.0,0.908,0.274,0.54,0.684,0.715,0.946,0.534,0.85,0.49,0.811,0.258,0.749,0.296,0.913,0.203,0.172,0.363,0.191,0.619,0.781,0.361,0.268,0.737,0.513,0.302,0.205,0.476,0.725,0.958,0.305,0.53,0.701,0.481,0.582,0.559,0.521,0.555,0.215,0.843,0.924
1.0,0.798,0.765,0.866,0.561,0.51,0.613,0.637,0.75,0.855,0.668,0.638,0.726,0.548,0.642,0.786,0.779,0.195,0.288,0.273,0.083,0.263,0.751,0.378,0.866,0.418,0.719,0.762,0.912,0.516,0.901,0.68,0.125,0.91,0.753,0.883,0.442,0.716,0.236,0.61,0.439
1.0,0.507,0.772,0.306,0.286,0.308,0.396,0.288,0.893,0.539,0.485,0.654,0.208,0.755,0.665,0.349,0.998,0.193,0.897,0.169,0.585,0.647,0.029,0.703,0.401,0.588,0.168,0.808,0.058,0.321,0.844,0.961,0.628,0.358,0.782,0.809,0.052,0.9,0.35,0.797,0.224
0.0,0.739,0.246,0.379,0.574,0.845,0.022,0.577,0.502,0.937,0.167,0.658,0.528,0.654,0.198,0.232,0.45,0.109,0.247,0.344,0.136,0.978,0.443,0.636,0.395,0.193,0.126,0.92,0.734,0.352,0.67,0.982,0.568,0.534,0.562,0.602,0.572,0.653,0.66,0.29,0.812
0.0,0.692,0.374,0.37,0.951,0.343,0.498,0.037,0.915,0.371,0.731,0.664,0.555,0.23,0.486,0.802,0.337,0.475,0.265,0.723,0.269,0.846,0.77,0.921,0.474,0.013,0.637,0.845,0.015,0.917,0.853,0.827,0.016,0.385,0.979,0.45,0.126,0.08,0.251,0.196,0.012
0.0,0.002,0.65,0.162,0.027,0.319,0.896,0.551,0.375,0.142,0.362,0.494,0.199,0.135,0.781,0.864,0.123,0.74,0.414,0.118,0.156,0.985,0.102,0.053,0.827,0.104,0.966,0.249,0.495,0.561,0.686,0.956,0.086,0.34,0.622,0.736,0.342,0.47,0.206,0.04,0.211
0.0,0.337,0.178,0.18,0.137,0.152,0.764,0.588,0.334,0.32,0.051,0.232,0.696,0.459,0.013,0.306,0.318,0.665,0.999,0.319,0.833,0.006,0.154,0.57,0.692,0.226,0.229,0.696,0.066,0.725,0.187,0.42,0.722,0.853,0.394,0.156,0.281,0.51,0.623,0.44,0.223
0.0,0.439,0.873,0.474,0.92,0.529,0.301,0.417,0.98,0.875,0.68,0.477,0.456,0.152,0.324,0.37,0.034,0.888,0.151,0.946,0.349,0.56,0.594,0.963,0.322,0.248,0.488,0.259,0.051,0.454,0.222,0.771,0.24,0.917,0.035,0.406,0.06,0.354,0.019,0.309,0.84
0.0,0.101,0.554,0.149,0.971,0.215,0.571,0.903,0.11,0.592,0.479,0.043,0.849,0.44,0.059,0.204,0.719,0.541,0.003,0.158,0.981,0.226,0.631,0.019,0.401,0.164,0.262,0.056,0.623,0.626,0.161,0.285,0.054,0.264,0.663,0.49,0.883,0.532,0.245,0.722,0.184
0.0,0.429,0.495,0.688,0.257,0.402,0.374,0.959,0.199,0.943,0.17,0.073,0.727,0.992,0.828,0.094,0.918,0.104,0.106,0.564,0.365,0.481,0.007,0.938,0.099,0.428,0.261,0.294,0.479,0.959,0.573,0.649,0.892,0.445,0.315,0.942,0.063,0.807,0.783,0.007,0.003
1.0,0.459,0.799,0.605,0.252,0.622,0.312,0.524,0.972,0.223,0.378,0.828,0.124,0.627,0.238,0.71,0.072,0.759,0.976,0.214,0.099,0.371,0.304,0.102,0.751,0.404,0.039,0.498,0.383,0.261,0.031,0.52,0.477,0.21,0.23,0.034,0.503,0.73,0.205,0.935,0.964
0.0,0.879,0.757,0.359,0.733,0.478,0.103,0.384,0.437,0.096,0.543,0.549,0.955,0.642,0.323,0.273,0.983,0.968,0.589,0.548,0.52,0.647,0.691,0.782,0.775,0.407,0.407,0.775,0.819,0.52,0.236,0.101,0.347,0.404,0.674,0.688,0.204,0.56,0.144,0.235,0.097
1.0,0.619,0.127,0.126,0.351,0.744,0.092,0.992,0.251,0.209,0.094,0.543,0.742,0.68,0.976,0.176,0.943,0.83,0.252,1.0,0.621,0.324,0.488,0.383,0.412,0.79,0.658,0.13,0.839,0.422,0.398,0.931,0.798,0.091,0.737,0.836,0.894,0.541,0.851,0.57,0.907
1.0,0.526,0.998,0.389,0.302,0.382,0.002,0.334,0.985,0.654,0.514,0.402,0.306,0.172,0.284,0.683,0.522,0.892,0.366,0.365,0.463,0.182,0.049,0.191,0.831,0.944,0.394,0.013,0.238,0.246,0.43,0.082,0.055,0.644,0.842,0.724,0.787,0.666,0.095,0.993,0.356
1.0,0.682,0.357,0.312,0.133,0.12,0.263,0.932,0.964,0.5,0.428,0.299,0.541,0.183,0.594,0.084,0.607,0.236,0.409,0.781,0.345,0.959,0.663,0.012,0.289,0.035,0.712,0.923,0.104,0.475,0.193,0.039,0.403,0.913,0.676,0.659,0.344,0.056,0.24,0.352,0.064
1.0,0.084,0.262,0.81,0.774,0.016,0.536,0.19,0.094,0.032,0.27,0.801,0.409,0.45,0.411,0.712,0.207,0.873,0.151,0.43,0.741,0.982,0.31,0.568,0.726,0.481,0.631,0.208,0.949,0.242,0.144,0.773,0.322,0.279,0.881,0.925,0.17,0.077,0.714,0.455,0.542
1.0,0.369,0.563,0.506,0.327,0.601,0.956,0.25,0.509,0.669,0.116,0.999,0.126,0.737,0.999,0.118,0.668,0.232,0.47,0.101,0.842,0.235,0.77,0.624,0.24,0.694,0.856,0.156,0.526,0.754,0.196,0.496,0.681,0.589,0.111,0.809,0.487,0.907,0.459,0.907,0.175
0.0,0.04,0.476,0.845,0.154,0.974,0.832,0.973,0.139,0.413,0.608,0.934,0.91,0.773,0.906,0.831,0.614,0.227,0.121,0.693,0.711,0.769,0.276,0.476,0.885,0.669,0.598,0.535,0.974,0.072,0.83,0.317,0.364,0.425,0.819,0.466,0.457,0.971,0.613,0.297,0.708
1.0,0.143,0.045,0.695,0.986,0.343,0.093,0.713,0.03,0.126,0.005,0.351,0.437,0.294,0.414,0.124,0.316,0.222,0.337,0.281,0.218,0.395,0.951,0.392,0.631,0.405,0.581,0.488,0.104,0.512,0.015,0.398,0.287,0.752,0.222,0.646,0.713,0.601,0.655,0.678,0.405
0.0,0.53,0.234,0.263,0.421,0.905,0.851,0.219,0.619,0.673,0.588,0.699,0.999,0.109,0.919,0.839,0.251,0.651,0.217,0.831,0.608,0.653,0.511,0.827,0.359,0.617,0.181,0.574,0.018,0.135,0.053,0.973,0.607,0.557,0.858,0.701,0.324,0.955,0.213,0.229,0.634
1.0,0.703,0.126,0.131,0.196,0.649,0.284,0.397,0.73,0.311,0.806,0.836,0.75,0.906,0.899,0.583,0.897,0.886,0.733,0.504,0.306,0.043,0.331,0.137,0.639,0.754,0.216,0.341,0.499,0.094,0.741,0.359,0.669,0.429,0.471,0.776,0.988,0.455,0.352,0.298,0.661
1.0,0.215,0.574,0.836,0.957,0.841,0.257,0.495,0.068,0.573,0.899,0.062,0.085,0.832,0.153,0.817,0.74,0.486,0.661,0.337,0.213,0.603,0.859,0.683,0.054,0.659,0.084,0.094,0.146,0.692,0.667,0.246,0.915,0.041,0.572,0.686,0.713,0.175,0.398,0.612,0.852
0.0,0.353,0.551,0.194,0.002,0.373,0.666,0.335,0.372,0.997,0.58,0.763,0.66,0.87,0.603,0.992,0.063,0.943,0.771,0.582,0.5,0.39,0.616,0.895,0.653,0.838,0.019,0.605,0.762,0.525,0.052,0.458,0.877,0.78,0.214,0.855,0.026,0.915,0.401,0.738,0.834
1.0,0.312,0.256,0.456,0.559,0.666,0.577,0.307,0.225,0.104,0.322,0.789,0.126,0.232,0.835,0.335,0.963,0.685,0.323,0.629,0.757,0.444,0.477,0.261,0.373,0.5,0.506,0.714,0.92,0.129,0.115,0.079,0.89,0.32,0.236,0.728,0.999,0.135,0.417,0.679,0.89
0.0,0.484,0.177,0.158,0.312,0.77,0.217,0.917,0.058,0.412,0.043,0.138,0.153,0.021,0.869,0.432,0.385,0.623,0.53,0.212,0.483,0.186,0.997,0.792,0.555,0.466,0.777,0.358,0.144,0.483,0.57,0.141,0.575,0.808,0.765,0.976,0.432,0.633,0.141,0.454,0.106
0.0,0.381,0.16,0.895,0.56,0.16,0.02,0.535,0.622,0.057,0.003,0.883,0.837,0.734,0.181,0.091,0.175,0.567,0.69,0.807,0.709,0.297,0.269,0.997,0.985,0.749,0.532,0.87,0.537,0.958,0.379,0.398,0.415,0.508,0.312,0.407,0.651,0.243,0.233,0.05,0.468
1.0,0.308,0.831,0.469,0.96,0.307,0.441,0.339,0.307,0.226,0.534,0.369,0.693,0.348,0.761,0.893,0.107,0.5,0.898,0.442,0.757,0.533,0.361,0.317,0.471,0.343,0.775,0.331,0.186,0.104,0.283,0.117,0.571,0.389,0.365,0.991,0.096,0.403,0.684,0.956,0.826
1.0,0.925,0.476,0.505,0.096,0.855,0.31,0.19,0.792,0.534,0.503,0.549,0.818,0.884,0.317,0.919,0.744,0.299,0.746,0.551,0.118,0.877,0.693,0.657,0.172,0.616,0.843,0.741,0.811,0.432,0.136,0.594,0.04,0.624,0.803,0.418,0.13,0.393,0.139,0.026,0.93
0.0,0.273,0.908,0.794,0.605,0.703,0.579,0.967,0.748,0.308,0.904,0.351,0.846,0.308,0.965,0.704,0.577,0.353,0.251,0.158,0.267,0.982,0.944,0.715,0.091,0.241,0.38,0.228,0.633,0.778,0.115,0.949,0.234,0.79,0.86,0.632,0.695,0.017,0.389,0.718,0.966
0.0,0.55,0.169,0.113,0.412,0.304,0.4,0.858,0.423,0.293,0.278,0.774,0.836,0.508,0.224,0.982,0.136,0.434,0.059,0.193,0.637,0.272,0.718,0.806,0.322,0.18,0.671,0.593,0.674,0.232,0.427,0.578,0.676,0.313,0.291,0.613,0.498,0.398,0.215,0.854,0.194
1.0,0.442,0.129,0.43,0.017,0.723,0.935,0.352,0.746,0.16,0.88,0.264,0.562,0.502,0.258,0.546,0.544,0.969,0.035,0.698,0.165,0.827,0.095,0.672,0.877,0.166,0.924,0.499,0.913,0.366,0.231,0.818,0.367,0.402,0.058,0.93,0.844,0.165,0.96,0.962,0.283
1.0,0.388,0.206,0.477,0.047,0.714,0.207,0.115,0.506,0.882,0.069,0.893,0.353,0.441,0.333,0.722,0.577,0.212,0.361,0.5,0.199,0.879,0.214,0.608,0.939,0.692,0.765,0.084,0.934,0.085,0.224,0.707,0.787,0.08,0.774,0.506,0.382,0.56,0.548,0.74,0.069
0.0,0.666,0.451,0.313,0.953,0.542,0.602,0.139,0.944,0.591,0.319,0.004,0.479,0.528,0.541,0.689,0.52,0.437,0.309,0.925,0.054,0.032,0.971,0.848,0.135,0.073,0.992,0.902,0.277,0.335,0.603,0.505,0.534,0.219,0.749,0.701,0.22,0.677,0.138,0.245,0.456
0.0,0.077,0.656,0.636,0.477,0.737,0.763,0.406,0.926,0.241,0.159,0.155,0.509,0.664,0.962,0.133,0.525,0.168,0.946,0.394,0.798,0.017,0.695,0.765,0.096,0.772,0.79,0.459,0.551,0.955,0.238,0.096,0.054,0.691,0.987,0.922,0.659,0.668,0.099,0.268,0.678
1.0,0.273,0.177,0.956,0.491,0.505,0.799,0.57,0.753,0.192,0.526,0.312,0.154,0.151,0.742,0.522,0.482,0.609,0.444,0.778,0.951,0.546,0.1,0.331,0.913,0.849,0.295,0.657,0.246,0.596,0.808,0.532,0.365,0.393,0.835,0.312,0.612,0.732,0.553,0.037,0.477
1.0,0.335,0.793,0.77,0.756,0.358,0.899,0.492,0.968,0.615,0.841,0.801,0.761,0.862,0.932,0.146,0.594,0.043,0.11,0.794,0.957,0.824,0.855,0.597,0.682,0.664,0.587,0.619,0.969,0.111,0.563,0.151,0.507,0.017,0.294,0.777,0.053,0.853,0.666,0.959,0.163
0.0,0.019,0.972,0.143,0.975,0.338,0.909,0.953,0.702,0.867,0.769,0.387,0.818,0.283,0.527,0.169,0.895,0.991,0.831,0.899,0.889,0.56,0.425,0.764,0.338,0.028,0.73,0.418,0.764,0.988,0.47,0.941,0.603,0.52,0.303,0.599,0.565,0.343,0.697,0.502,0.888
1.0,0.402,0.343,0.231,0.591,0.539,0.723,0.845,0.469,0.374,0.118,0.953,0.058,0.064,0.595,0.905,0.85,0.614,0.768,0.885,0.791,0.987,0.926,0.132,0.045,0.929,0.295,0.801,0.119,0.964,0.702,0.752,0.717,0.655,0.761,0.715,0.051,0.027,0.553,0.309,0.11
1.0,0.479,0.679,0.36,0.993,0.364,0.76,0.646,0.667,0.831,0.557,0.041,0.831,0.122,0.205,0.263,0.103,0.511,0.199,0.665,0.748,0.547,0.017,0.987,0.11,0.545,0.477,0.464,0.271,0.304,0.801,0.31,0.038,0.327,0.186,0.338,0.753,0.246,0.934,0.268,0.118
1.0,0.834,0.502,0.093,0.833,0.156,0.053,0.526,0.028,0.842,0.025,0.946,0.383,0.907,0.287,0.046,0.565,0.798,0.569,0.89,0.131,0.982,0.232,0.415,0.872,0.169,0.004,0.522,0.049,0.874,0.94,0.275,0.023,0.843,0.969,0.961,0.729,0.045,0.979,0.881,0.831
1.0,0.761,0.796,0.235,0.257,0.979,0.189,0.138,0.044,0.787,0.454,0.656,0.146,0.221,0.938,0.294,0.213,0.391,0.639,0.377,0.303,0.133,0.19,0.4,0.812,0.333,0.847,0.186,0.137,0.252,0.767,0.782,0.556,0.63,0.522,0.855,0.653,0.63,0.381,0.297,0.945
1.0,0.679,0.806,0.746,0.055,0.13,0.66,0.372,0.014,0.962,0.658,0.623,0.281,0.453,0.096,0.834,0.955,0.647,0.711,0.755,0.265,0.974,0.459,0.696,0.577,0.647,0.679,0.39,0.976,0.64,0.998,0.184,0.571,0.928,0.175,0.399,0.766,0.196,0.166,0.041,0.309
1.0,0.477,0.559,0.97,0.172,0.076,0.388,0.276,0.61,0.254,0.571,0.995,0.56,0.504,0.685,0.378,0.522,0.485,0.255,0.843,0.689,0.399,0.284,0.275,0.698,0.786,0.994,0.426,0.017,0.477,0.746,0.001,0.293,0.771,0.453,0.203,0.093,0.191,0.722,0.936,0.79
0.0,0.118,0.167,0.724,0.118,0.522,0.267,0.493,0.575,0.727,0.762,0.622,0.979,0.424,0.212,0.914,0.519,0.966,0.614,0.952,0.282,0.409,0.87,0.935,0.456,0.347,0.972,0.642,0.406,0.878,0.347,0.007,0.25,0.902,0.138,0.262,0.272,0.326,0.522,0.624,0.034
0.0,0.608,0.8,0.325,0.629,0.71,0.508,0.922,0.012,0.078,0.073,0.663,0.787,0.05,0.89,0.994,0.811,0.195,0.319,0.136,0.439,0.027,0.484,0.937,0.373,0.824,0.311,0.772,0.793,0.983,0.403,0.887,0.25,0.79,0.698,0.669,0.969,0.494,0.792,0.3,0.642
0.0,0.915,0.863,0.485,0.691,0.536,0.009,0.796,0.095,0.491,0.466,0.624,0.368,0.546,0.268,0.803,0.636,0.915,0.718,0.361,0.483,0.359,0.398,0.547,0.675,0.509,0.67,0.699,0.678,0.423,0.438,0.962,0.473,0.2,0.282,0.494,0.428,0.409,0.817,0.685,0.762
1.0,0.989,0.044,0.495,0.562,0.681,0.9,0.15,0.754,0.513,0.566,0.994,0.371,0.263,0.875,0.437,0.186,0.896,0.951,0.967,0.882,0.577,0.645,0.055,0.76,0.33,0.042,0.546,0.517,0.592,0.46,0.994,0.151,0.296,0.413,0.747,0.389,0.806,0.94,0.691,0.902
0.0,0.021,0.736,0.23,0.946,0.311,0.165,0.082,0.848,0.58,0.0,0.104,0.746,0.851,0.04,0.038,0.559,0.029,0.676,0.852,0.664,0.168,0.298,0.8,0.574,0.147,0.153,0.402,0.499,0.854,0.486,0.748,0.075,0.354,0.281,0.475,0.526,0.018,0.649,0.79,0.098
0.0,0.059,0.776,0.764,0.926,0.652,0.125,0.003,0.499,0.89,0.653,0.717,0.952,0.731,0.803,0.168,0.861,0.106,0.131,0.096,0.524,0.793,0.172,0.635,0.971,0.391,0.211,0.426,0.977,0.991,0.88,0.105,0.998,0.223,0.704,0.281,0.983,0.257,0.757,0.716,0.776
1.0,0.511,0.48,0.076,0.154,0.912,0.376,0.682,0.545,0.289,0.135,0.401,0.746,0.777,0.105,0.774,0.038,0.573,0.325,0.982,0.51,0.95,0.022,0.514,0.012,0.23,0.731,0.137,0.071,0.067,0.341,0.912,0.315,0.989,0.616,0.045,0.347,0.001,0.231,0.284,0.11
1.0,0.914,0.002,0.832,0.349,0.946,0.616,0.977,0.001,0.698,0.318,0.145,0.522,0.051,0.837,0.478,0.574,0.085,0.309,0.694,0.992,0.545,0.01,0.163,0.905,0.555,0.626,0.243,0.674,0.318,0.564,0.188,0.85,0.767,0.336,0.151,0.711,0.709,0.976,0.079,0.936
1.0,0.26,0.378,0.263,0.251,0.108,0.243,0.258,0.429,0.948,0.369,0.708,0.345,0.578,0.819,0.641,0.023,0.212,0.442,0.102,0.478,0.864,0.746,0.765,0.517,0.759,0.101,0.495,0.049,0.013,0.608,0.658,0.882,0.837,0.566,0.345,0.477,0.987,0.876,0.019,0.268
1.0,0.138,0.89,0.405,0.831,0.144,0.051,0.964,0.999,0.334,0.789,0.384,0.2,0.193,0.511,0.895,0.137,0.047,0.151,0.866,0.581,0.459,0.479,0.389,0.934,0.609,0.948,0.128,0.986,0.887,0.372,0.111,0.416,0.13,0.327,0.441,0.334,0.962,0.005,0.264,0.397
0.0,0.67,0.858,0.459,0.191,0.8,0.233,0.169,0.452,0.724,0.497,0.033,0.855,0.237,0.264,0.698,0.11,0.94,0.13,0.237,0.652,0.586,0.055,0.515,0.464,0.157,0.25,0.192,0.017,0.537,0.809,0.107,0.443,0.56,0.622,0.158,0.672,0.323,0.465,0.887,0.674
1.0,0.441,0.232,0.863,0.825,0.635,0.138,0.554,0.817,0.251,0.128,0.924,0.525,0.766,0.164,0.44,0.04,0.001,0.041,0.355,0.338,0.978,0.038,0.625,0.692,0.682,0.346,0.898,0.304,0.286,0.738,0.791,0.185,0.267,0.512,0.782,0.859,0.458,0.975,0.685,0.624
1.0,0.265,0.844,0.077,0.52,0.157,0.261,0.674,0.085,0.696,0.662,0.206,0.211,0.689,0.5,0.15,0.915,0.52,0.989,0.502,0.891,0.434,0.184,0.371,0.811,0.034,0.15,0.708,0.021,0.064,0.345,0.994,0.674,0.152,0.725,0.138,0.514,0.322,0.172,0.786,0.135
1.0,0.732,0.195,0.362,0.007,0.531,0.214,0.644,0.81,0.925,0.839,0.778,0.421,0.155,0.446,0.995,0.278,0.66,0.747,0.465,0.218,0.882,0.848,0.593,0.378,0.097,0.3,0.481,0.482,0.317,0.922,0.941,0.046,0.949,0.062,0.589,0.284,0.626,0.637,0.489,0.722
0.0,0.284,0.867,0.426,0.459,0.809,0.518,0.477,0.405,0.831,0.385,0.856,0.833,0.127,0.28,0.679,0.99,0.264,0.582,0.078,0.724,0.289,0.677,0.869,0.348,0.471,0.851,0.586,0.906,0.428,0.206,0.049,0.17,0.313,0.791,0.609,0.894,0.096,0.607,0.445,0.437
1.0,0.381,0.305,0.566,0.653,0.267,0.147,0.923,0.931,0.123,0.062,0.739,0.608,0.381,0.805,0.213,0.807,0.836,0.084,0.404,0.848,0.256,0.93,0.553,0.844,0.602,0.116,0.51,0.809,0.874,0.361,0.129,0.39,0.316,0.641,0.809,0.441,0.065,0.484,0.8,0.562
1.0,0.822,0.763,0.326,0.891,0.657,0.97,0.609,0.471,0.782,0.604,0.182,0.351,0.184,0.074,0.904,0.068,0.484,0.926,0.878,0.067,0.967,0.808,0.573,0.754,0.764,0.896,0.422,0.488,0.123,0.798,0.497,0.19,0.748,0.466,0.906,0.382,0.81,0.669,0.934,0.345
1.0,0.048,0.165,0.611,0.966,0.03,0.304,0.317,0.926,0.093,0.301,0.524,0.354,0.664,0.534,0.208,0.516,0.952,0.027,0.25,0.412,0.948,0.634,0.025,0.73,0.159,0.235,0.45,0.535,0.559,0.295,0.348,0.387,0.413,0.158,0.641,0.933,0.466,0.173,0.82,0.107
1.0,0.562,0.745,0.444,0.984,0.412,0.713,0.524,0.818,0.351,0.162,0.926,0.234,0.087,0.779,0.271,0.705,0.106,0.858,0.324,0.02,0.317,0.907,0.002,0.177,0.985,0.153,0.019,0.804,0.921,0.242,0.08,0.613,0.271,0.529,0.795,0.81,0.057,0.054,0.717,0.939
1.0,0.966,0.714,0.281,0.718,0.036,0.41,0.869,0.13,0.835,0.266,0.879,0.374,0.542,0.874,0.12,0.128,0.266,0.928,0.363,0.14,0.318,0.414,0.498,0.282,0.087,0.378,0.019,0.813,0.589,0.354,0.836,0.368,0.52,0.133,0.869,0.471,0.337,0.168,0.149,0.696
1.0,0.641,0.175,0.64,0.71,0.764,0.87,0.987,0.542,0.392,0.285,0.916,0.006,0.92,0.384,0.927,0.669,0.7,0.669,0.072,0.868,0.078,0.711,0.278,0.621,0.997,0.97,0.431,0.319,0.612,0.215,0.404,0.543,0.063,0.948,0.482,0.787,0.032,0.586,0.633,0.288
1.0,0.457,0.0,0.966,0.787,0.272,0.11,0.144,0.374,0.875,0.662,0.259,0.692,0.881,0.692,0.7,0.45,0.332,0.143,0.134,0.608,0.164,0.479,0.092,0.433,0.754,0.221,0.935,0.339,0.101,0.119,0.585,0.157,0.988,0.342,0.399,0.972,0.047,0.158,0.022,0.59
1.0,0.895,0.034,0.53,0.81,0.578,0.029,0.146,0.524,0.64,0.362,0.488,0.237,0.714,0.354,0.454,0.968,0.257,0.799,0.553,0.277,0.901,0.269,0.158,0.988,0.927,0.993,0.209,0.452,0.619,0.808,0.785,0.423,0.763,0.398,0.088,0.032,0.004,0.131,0.41,0.646
1.0,0.475,0.213,0.569,0.593,0.813,0.602,0.815,0.597,0.672,0.145,0.852,0.048,0.182,0.474,0.891,0.653,0.439,0.233,0.716,0.042,0.041,0.824,0.595,0.901,0.22,0.273,0.426,0.534,0.079,0.259,0.725,0.151,0.414,0.106,0.438,0.538,0.559,0.573,0.527,0.859
0.0,0.674,0.542,0.447,0.319,0.87,0.189,0.253,0.444,0.468,1.0,0.67,0.46,0.865,0.423,0.167,0.358,0.323,0.28,0.159,0.342,0.366,0.109,0.345,0.485,0.376,0.001,0.922,0.477,0.927,0.79,0.38,0.927,0.373,0.92,0.707,0.25,0.257,0.161,0.962,0.716
0.0,0.296,0.729,0.821,0.447,0.19,0.653,1.0,0.546,0.424,0.585,0.64,0.811,0.652,0.447,0.374,0.15,0.419,0.469,0.268,0.79,0.272,0.164,0.76,0.452,0.795,0.249,0.385,0.285,0.093,0.162,0.199,0.565,0.389,0.302,0.574,0.284,0.136,0.6,0.678,0.534
1.0,0.468,0.507,0.7,0.095,0.587,0.904,0.931,0.142,0.859,0.569,0.836,0.748,0.98,0.873,0.48,0.268,0.59,0.526,0.24,0.873,0.448,0.865,0.056,0.935,0.599,0.199,0.794,0.697,0.278,0.85,0.133,0.864,0.787,0.307,0.317,0.565,0.202,0.896,0.555,0.991
1.0,0.473,0.868,0.835,0.215,0.285,0.872,0.997,0.718,0.24,0.766,0.463,0.635,0.361,0.391,0.071,0.07,0.137,0.081,0.311,0.035,0.925,0.543,0.149,0.662,0.073,0.461,0.506,0.098,0.901,0.019,0.161,0.127,0.962,0.426,0.84,0.307,0.378,0.929,0.573,0.327
1.0,0.241,0.96,0.318,0.99,0.767,0.418,0.327,0.6,0.147,0.702,0.583,0.438,0.442,0.403,0.324,0.324,0.213,0.833,0.687,0.794,0.634,0.236,0.693,0.132,0.304,0.825,0.712,0.414,0.265,0.37,0.268,0.297,0.075,0.874,0.49,0.568,0.487,0.904,0.113,0.147
0.0,0.993,0.213,0.515,0.656,0.858,0.078,0.795,0.732,0.835,0.474,0.514,0.86,0.226,0.484,0.345,0.626,0.181,0.167,0.252,0.56,0.033,0.335,0.997,0.262,0.126,0.263,0.114,0.545,0.606,0.812,0.757,0.657,0.998,0.763,0.899,0.111,0.798,0.574,0.529,0.131
1.0,0.116,0.283,0.083,0.208,0.557,0.775,0.369,0.905,0.088,0.569,0.09,0.645,0.518,0.307,0.581,0.792,0.157,0.017,0.329,0.607,0.996,0.36,0.724,0.219,0.698,0.188,0.754,0.58,0.711,0.272,0.103,0.077,0.766,0.045,0.094,0.504,0.635,0.148,0.797,0.93
0.0,0.746,0.074,0.499,0.975,0.092,0.104,0.651,0.359,0.765,0.62,0.134,0.095,0.128,0.221,0.111,0.174,0.325,0.885,0.615,0.026,0.585,0.13,0.953,0.904,0.757,0.275,0.844,0.321,0.302,0.608,0.973,0.243,0.06,0.305,0.548,0.682,0.172,0.096,0.399,0.963
1.0,0.55,0.002,0.473,0.013,0.648,0.358,0.882,0.475,0.322,0.911,0.018,0.726,0.839,0.836,0.039,0.849,0.202,0.78,0.122,0.838,0.135,0.889,0.711,0.321,0.351,0.06,0.672,0.029,0.377,0.721,0.086,0.079,0.062,0.673,0.473,0.315,0.485,0.194,0.955,0.737
0.0,0.033,0.85,0.182,0.573,0.414,0.487,0.512,0.725,0.976,0.516,0.973,0.991,0.154,0.703,0.041,0.038,0.987,0.787,0.453,0.176,0.473,0.748,0.75,0.484,0.075,0.081,0.92,0.742,0.745,0.166,0.056,0.816,0.223,0.766,0.298,0.455,0.591,0.585,0.389,0.254
1.0,0.137,0.513,0.54,0.138,0.052,0.692,0.577,0.081,0.743,0.021,0.152,0.186,0.058,0.835,0.849,0.967,0.582,0.78,0.919,0.021,0.1,0.458,0.259,0.684,0.222,0.504,0.129,0.563,0.771,0.298,0.486,0.927,0.556,0.309,0.959,0.618,0.026,0.739,0.773,0.069
1.0,0.016,0.677,0.506,0.74,0.701,0.668,0.309,0.85,0.924,0.738,0.711,0.654,0.298,0.785,0.22,0.563,0.049,0.912,0.56,0.587,0.555,0.839,0.554,0.36,0.792,0.257,0.556,0.548,0.067,0.35,0.522,0.448,0.456,0.105,0.083,0.66,0.279,0.634,0.063,0.887
1.0,0.096,0.761,0.685,0.211,0.554,0.023,0.768,0.907,0.468,0.071,0.898,0.119,0.68,0.518,0.182,0.83,0.55,0.153,0.307,0.678,0.226,0.088,0.439,0.18,0.639,0.855,0.086,0.696,0.403,0.605,0.162,0.872,0.055,0.353,0.692,0.948,0.872,0.951,0.13,0.527
0.0,0.756,0.877,0.117,0.81,0.505,0.848,0.5,0.876,0.16,0.513,0.487,0.907,0.425,0.55,0.903,0.894,0.257,0.52,0.657,0.474,0.728,0.955,0.707,0.872,0.17,0.282,0.206,0.03,0.878,0.806,0.793,0.709,0.594,0.003,0.248,0.246,0.044,0.496,0.719,0.55
1.0,0.297,0.275,0.607,0.707,0.003,0.867,0.221,0.471,0.239,0.633,0.147,0.135,0.931,0.736,0.703,0.468,0.382,0.258,0.329,0.889,0.867,0.04,0.545,0.221,0.16,0.066,0.792,0.342,0.821,0.931,0.47,0.971,0.84,0.084,0.772,0.096,0.976,0.31,0.726,0.695
1.0,0.386,0.027,0.612,0.654,0.521,0.544,0.998,0.553,0.475,0.796,0.84,0.309,0.052,0.719,0.247,0.404,0.438,0.305,0.974,0.922,0.109,0.861,0.267,0.982,0.996,0.116,0.872,0.101,0.007,0.243,0.686,0.185,0.027,0.52,0.426,0.094,0.027,0.771,0.29,0.412
0.0,0.324,0.05,0.869,0.602,0.051,0.158,0.704,0.384,0.38,0.208,0.855,0.367,0.425,0.42,0.432,0.309,0.567,0.361,0.673,0.783,0.2,0.02,0.547,0.04,0.279,0.547,0.272,0.621,0.316,0.22,0.985,0.722,0.423,0.883,0.172,0.846,0.105,0.957,0.566,0.721
0.0,0.141,0.406,0.147,0.867,0.252,0.723,0.318,0.622,0.885,0.338,0.039,0.976,0.895,0.719,0.107,0.242,0.802,0.518,0.101,0.281,0.476,0.365,0.674,0.327,0.469,0.953,0.341,0.089,0.359,0.102,0.29,0.408,0.998,0.62,0.774,0.528,0.798,0.944,0.301,0.689
0.0,0.264,0.193,0.062,0.566,0.935,0.853,0.159,0.099,0.381,0.962,0.324,0.575,0.889,0.244,0.404,0.38,0.674,0.768,0.236,0.333,0.649,0.073,0.069,0.426,0.926,0.999,0.887,0.896,0.476,0.692,0.279,0.825,0.769,0.074,0.823,0.504,0.458,0.276,0.516,0.77
0.0,0.321,0.742,0.526,0.66,0.348,0.843,0.648,0.701,0.672,0.892,0.368,0.996,0.395,0.389,0.096,0.658,0.928,0.213,0.642,0.087,0.983,0.105,0.608,0.208,0.769,0.242,0.426,0.7,0.339,0.269,0.742,0.614,0.385,0.979,0.569,0.766,0.097,0.938,0.374,0.75
0.0,0.52,0.39,0.069,0.175,0.117,0.286,0.535,0.36,0.685,0.802,0.868,0.297,0.453,0.133,0.097,0.623,0.802,0.664,0.118,0.175,0.755,0.884,0.871,0.6,0.926,0.179,0.901,0.417,0.264,0.711,0.249,0.346,0.329,0.285,0.343,0.812,0.586,0.338,0.193,0.168
0.0,0.712,0.538,0.791,0.228,0.881,0.29,0.064,0.574,0.77,0.319,0.163,0.219,0.739,0.356,0.49,0.549,0.247,0.967,0.168,0.672,0.782,0.259,0.017,0.979,0.33,0.25,0.444,0.471,0.688,0.382,0.632,0.074,0.097,0.073,0.328,0.458,0.414,0.165,0.471,0.847
0.0,0.423,0.871,0.264,0.2,0.39,0.88,0.615,0.817,0.461,0.918,0.366,0.585,0.354,0.509,0.303,0.519,0.427,0.377,0.205,0.009,0.07,0.781,0.034,0.239,0.599,0.829,0.143,0.48,0.213,0.994,0.133,0.037,0.13,0.997,0.894,0.597,0.383,0.733,0.576,0.547
1.0,0.978,0.413,0.316,0.271,0.088,0.796,0.042,0.905,0.213,0.621,0.644,0.447,0.979,0.674,0.464,0.327,0.447,0.441,0.304,0.547,0.033,0.862,0.511,0.176,0.862,0.926,0.289,0.467,0.738,0.284,0.147,0.262,0.931,0.436,0.714,0.583,0.758,0.195,0.262,0.137
0.0,0.451,0.038,0.555,0.567,0.877,0.176,0.704,0.9,0.476,0.57,0.829,0.331,0.353,0.327,0.239,0.223,0.969,0.101,0.409,0.376,0.114,0.405,0.175,0.312,0.383,0.728,0.314,0.71,0.387,0.946,0.783,0.882,0.245,0.43,0.271,0.158,0.432,0.204,0.488,0.974
0.0,0.78,0.523,0.058,0.448,0.867,0.997,0.616,0.034,0.738,0.928,0.392,0.332,0.837,0.96,0.051,0.75,0.161,0.938,0.61,0.916,0.113,0.03,0.804,0.105,0.273,0.199,0.125,0.229,0.321,0.538,0.45,0.352,0.103,0.315,0.013,0.012,0.936,0.969,0.572,0.219
0.0,0.497,0.813,0.097,0.863,0.872,0.537,0.058,0.239,0.552,0.958,0.807,0.756,0.879,0.123,0.708,0.184,0.069,0.123,0.313,0.897,0.215,0.982,0.985,0.3,0.067,0.108,0.663,0.741,0.055,0.025,0.113,0.819,0.328,0.178,0.534,0.425,0.765,0.864,0.453,0.879
1.0,0.735,0.564,0.53,0.266,0.791,0.57,0.902,0.199,0.626,0.958,0.8,0.536,0.092,0.686,0.702,0.744,0.538,0.756,0.557,0.287,0.146,0.143,0.601,0.276,0.787,0.378,0.238,0.256,0.412,0.096,0.845,0.18,0.807,0.232,0.789,0.059,0.462,0.494,0.637,0.612
0.0,0.056,0.986,0.799,0.599,0.885,0.375,0.607,0.237,0.513,0.787,0.505,0.881,0.343,0.933,0.542,0.6,0.153,0.0,0.537,0.43,0.979,0.51,0.294,0.533,0.102,0.672,0.204,0.722,0.469,0.893,0.985,0.521,0.643,0.921,0.547,0.773,0.519,0.582,0.431,0.139
1.0,0.08,0.234,0.618,0.88,0.163,0.737,0.269,0.401,0.634,0.903,0.935,0.319,0.4,0.17,0.014,0.716,0.582,0.071,0.793,0.539,0.772,0.974,0.764,0.649,0.996,0.6,0.308,0.178,0.495,0.394,0.441,0.059,0.735,0.387,0.588,0.412,0.477,0.724,0.058,0.072
1.0,0.344,0.569,0.587,0.695,0.721,0.715,0.127,0.43,0.64,0.164,0.314,0.648,0.515,0.795,0.071,0.959,0.075,0.555,0.358,0.521,0.027,0.238,0.082,0.352,0.313,0.629,0.765,0.94,0.244,0.623,0.478,0.224,0.514,0.854,0.373,0.074,0.984,0.076,0.595,0.633
0.0,0.039,0.397,0.712,0.032,0.023,0.244,0.599,0.24,0.209,0.41,0.833,0.945,0.938,0.94,0.923,0.585,0.923,0.034,0.3,0.756,0.186,0.229,0.359,0.021,0.291,0.202,0.913,0.168,0.456,0.267,0.457,0.897,0.831,0.685,0.749,0.484,0.212,0.457,0.186,0.063
1.0,0.952,0.767,0.821,0.694,0.774,0.907,0.865,0.713,0.962,0.28,0.54,0.062,0.177,0.338,0.175,0.951,0.654,0.335,0.826,0.731,0.387,0.377,0.628,0.091,0.404,0.785,0.829,0.306,0.433,0.669,0.346,0.281,0.719,0.057,0.915,0.359,0.802,0.259,0.667,0.703
1.0,0.012,0.245,0.549,0.485,0.497,0.909,0.533,0.408,0.468,0.096,0.201,0.978,0.949,0.47,0.077,0.931,0.056,0.528,0.658,0.273,0.451,0.36,0.454,0.457,0.432,0.855,0.951,0.272,0.868,0.604,0.576,0.929,0.549,0.612,0.342,0.285,0.478,0.877,0.807,0.621
0.0,0.194,0.386,0.495,0.123,0.127,0.814,0.371,0.117,0.793,0.468,0.388,0.089,0.052,0.338,0.56,0.187,0.222,0.647,0.91,0.62,0.225,0.761,0.647,0.746,0.097,0.919,0.122,0.279,0.712,0.837,0.94,0.896,0.315,0.11,0.725,0.26,0.781,0.729,0.306,0.157
0.0,0.866,0.068,0.285,0.138,0.711,0.988,0.398,0.195,0.232,0.294,0.085,0.806,0.095,0.71,0.129,0.178,0.076,0.081,0.975,0.348,0.676,0.469,0.983,0.473,0.808,0.097,0.547,0.636,0.774,0.894,0.14,0.077,0.702,0.218,0.419,0.954,0.059,0.438,0.964,0.218
0.0,0.324,0.5,0.851,0.993,0.904,0.112,0.531,0.861,0.249,0.237,0.743,0.18,0.987,0.74,0.375,0.419,0.915,0.478,0.416,0.276,0.928,0.822,0.994,0.202,0.218,0.573,0.352,0.563,0.536,0.659,0.626,0.402,0.949,0.518,0.213,0.035,0.865,0.916,0.675,0.652
1.0,0.668,0.056,0.884,0.879,0.634,0.519,0.779,0.617,0.401,0.012,0.107,0.165,0.821,0.505,0.421,0.419,0.762,0.848,0.711,0.147,0.267,0.579,0.734,0.765,0.976,0.245,0.012,0.192,0.664,0.486,0.08,0.701,0.613,0.61,0.814,0.071,0.267,0.408,0.335,0.328
1.0,0.333,0.609,0.652,0.588,0.473,0.768,0.074,0.382,0.786,0.12,0.314,0.676,0.003,0.518,0.078,0.857,0.839,0.894,0.662,0.45,0.769,0.841,0.19,0.75,0.775,0.697,0.218,0.408,0.325,0.919,0.706,0.291,0.396,0.958,0.707,0.044,0.003,0.168,0.322,0.614
1.0,0.586,0.847,0.927,0.23,0.237,0.357,0.551,0.353,0.486,0.97,0.242,0.041,0.278,0.23,0.017,0.339,0.941,0.99,0.598,0.265,0.672,0.829,0.632,0.539,0.129,0.755,0.599,0.545,0.432,0.927,0.161,0.404,0.294,0.979,0.771,0.245,0.122,0.986,0.882,0.326
1.0,0.736,0.401,0.769,0.52,0.837,0.313,0.819,0.455,0.643,0.273,0.831,0.59,0.597,0.726,0.026,0.273,0.681,0.643,0.589,0.82,0.732,0.298,0.317,0.75,0.419,0.803,0.583,0.462,0.121,0.156,0.732,0.257,0.029,0.177,0.843,0.327,0.479,0.323,0.904,0.207
1.0,0.681,0.74,0.835,0.034,0.461,0.468,0.289,0.112,0.668,0.135,0.475,0.65,0.74,0.052,0.487,0.398,0.373,0.976,0.985,0.974,0.109,0.675,0.866,0.954,0.185,0.203,0.664,0.435,0.33,0.942,0.935,0.73,0.207,0.848,0.654,0.643,0.438,0.849,0.84,0.525
0.0,0.109,0.648,0.029,0.969,0.177,0.028,0.757,0.282,0.649,0.79,0.827,0.879,0.164,0.745,0.362,0.553,0.035,0.518,0.499,0.54,0.867,0.783,0.977,0.569,0.316,0.158,0.615,0.729,0.258,0.026,0.119,0.557,0.663,0.046,0.654,0.965,0.312,0.62,0.369,0.227
1.0,0.691,0.617,0.036,0.258,0.586,0.727,0.28,0.696,0.784,0.131,0.656,0.158,0.525,0.176,0.08,0.957,0.439,0.917,0.112,0.778,0.82,0.808,0.508,0.716,0.683,0.153,0.403,0.643,0.77,0.284,0.13,0.951,0.058,0.842,0.829,0.431,0.227,0.057,0.627,0.661
0.0,0.112,0.765,0.927,0.105,0.353,0.635,0.466,0.117,0.745,0.744,0.17,0.479,0.932,0.407,0.472,0.845,0.541,0.146,0.271,0.172,0.94,0.366,0.956,0.012,0.626,0.048,0.255,0.671,0.121,0.09,0.307,0.761,0.372,0.417,0.97,0.036,0.788,0.996,0.617,0.48
0.0,0.916,0.023,0.358,0.494,0.602,0.571,0.477,0.271,0.847,0.696,0.777,0.668,0.661,0.091,0.264,0.763,0.301,0.024,0.755,0.188,0.281,0.307,0.392,0.664,0.857,0.237,0.786,0.389,0.117,0.41,0.804,0.214,0.345,0.459,0.752,0.634,0.765,0.357,0.295,0.459
1.0,0.661,0.206,0.921,0.499,0.785,0.739,0.627,0.402,0.651,0.002,0.714,0.124,0.99,0.682,0.08,0.359,0.807,0.528,0.341,0.778,0.746,0.633,0.224,0.722,0.485,0.719,0.158,0.889,0.259,0.573,0.364,0.452,0.519,0.274,0.056,0.7,0.135,0.15,0.083,0.923
0.0,0.866,0.145,0.884,0.116,0.976,0.747,0.483,0.357,0.948,0.614,0.272,0.62,0.264,0.306,0.965,0.805,0.286,0.88,0.181,0.395,0.479,0.197,0.07,0.657,0.45,0.754,0.903,0.993,0.016,0.144,0.966,0.739,0.812,0.9,0.198,0.102,0.111,0.016,0.079,0.34
0.0,0.042,0.49,0.179,0.054,0.36,0.536,0.731,0.432,0.794,0.771,0.416,0.928,0.223,0.073,0.654,0.184,0.323,0.652,0.259,0.017,0.208,0.358,0.137,0.423,0.758,0.85,0.73,0.066,0.154,0.669,0.064,0.676,0.018,0.245,0.786,0.289,0.662,0.019,0.473,0.285
0.0,0.63,0.969,0.785,0.111,0.923,0.594,0.543,0.546,0.869,0.734,0.042,0.293,0.966,0.262,0.089,0.277,0.384,0.405,0.429,0.214,0.454,0.26,0.227,0.121,0.695,0.379,0.967,0.383,0.047,0.52,0.095,0.573,0.233,0.462,0.876,0.646,0.511,0.056,0.752,0.475
1.0,0.665,0.673,0.834,0.374,0.565,0.701,0.192,0.058,0.42,0.529,0.608,0.488,0.957,0.573,0.28,0.309,0.69,0.62,0.49,0.327,0.557,0.375,0.777,0.427,0.678,0.591,0.137,0.338,0.512,0.875,0.144,0.168,0.605,0.651,0.112,0.012,0.528,0.555,0.021,0.108
1.0,0.999,0.124,0.111,0.231,0.519,0.443,0.019,0.234,0.916,0.321,0.355,0.467,0.03,0.068,0.205,0.116,0.651,0.576,0.104,0.99,0.204,0.751,0.156,0.834,0.527,0.481,0.493,0.39,0.842,0.514,0.987,0.472,0.442,0.48,0.597,0.357,0.85,0.113,0.042,0.504
1.0,0.555,0.335,0.179,0.254,0.365,0.376,0.756,0.596,0.446,0.324,0.287,0.491,0.974,0.848,0.64,0.935,0.111,0.452,0.865,0.078,0.422,0.412,0.294,0.232,0.321,0.946,0.416,0.927,0.3,0.238,0.2,0.488,0.704,0.214,0.875,0.366,0.239,0.728,0.91,0.093
0.0,0.173,0.774,0.231,0.418,0.306,0.554,0.292,0.371,0.178,0.631,0.785,0.559,0.123,0.334,0.549,0.819,0.981,0.26,0.47,0.789,0.445,0.88,0.944,0.456,0.733,0.801,0.248,0.355,0.133,0.375,0.197,0.82,0.285,0.125,0.469,0.657,0.861,0.522,0.527,0.661
0.0,0.465,0.236,0.665,0.056,0.71,0.33,0.111,0.445,0.04,0.656,0.163,0.719,0.96,0.772,0.829,0.97,0.174,0.78,0.784,0.773,0.562,0.518,0.883,0.242,0.305,0.971,0.781,0.382,0.712,0.95,0.414,0.89,0.197,0.715,0.284,0.059,0.498,0.209,0.441,0.779
0.0,0.194,0.269,0.068,0.686,0.254,0.078,0.196,0.258,0.742,0.335,0.336,0.809,0.241,0.887,0.968,0.904,0.161,0.601,0.924,0.143,0.691,0.105,0.193,0.956,0.979,0.418,0.287,0.915,0.1,0.702,0.676,0.146,0.468,0.266,0.336,0.581,0.908,0.369,0.996,0.563
0.0,0.123,0.452,0.566,0.921,0.968,0.305,0.841,0.936,0.035,0.216,0.971,0.296,0.639,0.918,0.45,0.028,0.582,0.112,0.868,0.025,0.769,0.44,0.058,0.15,0.093,0.788,0.34,0.045,0.877,0.394,0.129,0.957,0.907,0.81,0.068,0.809,0.794,0.441,0.809,0.568
0.0,0.943,0.979,0.627,0.544,0.135,0.293,0.237,0.113,0.72,0.872,0.331,0.535,0.173,0.32,0.611,0.748,0.625,0.549,0.254,0.409,0.895,0.942,0.874,0.753,0.894,0.653,0.629,0.992,0.74,0.666,0.582,0.196,0.77,0.791,0.841,0.611,0.326,0.204,0.291,0.558
1.0,0.835,0.526,0.68,0.832,0.077,0.001,0.827,0.212,0.463,0.459,0.837,0.542,0.111,0.412,0.42,0.03,0.233,0.132,0.337,0.757,0.779,0.133,0.22,0.974,0.394,0.825,0.918,0.681,0.04,0.487,0.492,0.811,0.454,0.81,0.143,0.759,0.264,0.324,0.784,0.344
1.0,0.8,0.028,0.116,0.141,0.085,0.01,0.286,0.885,0.953,0.849,0.314,0.38,0.927,0.665,0.173,0.143,0.555,0.238,0.915,0.618,0.11,0.241,0.494,0.389,0.895,0.34,0.532,0.958,0.987,0.23,0.272,0.444,0.615,0.871,0.722,0.717,0.685,0.867,0.512,0.122
0.0,0.836,0.011,0.07,0.612,0.271,0.519,0.866,0.668,0.114,0.236,0.133,0.803,0.764,0.527,0.101,0.616,0.509,0.23,0.336,0.446,0.056,0.111,0.073,0.981,0.231,0.129,0.745,0.715,0.833,0.009,0.675,0.62,0.932,0.984,0.448,0.052,0.218,0.829,0.762,0.172
0.0,0.593,0.762,0.424,0.654,0.379,0.721,0.218,0.349,0.076,0.316,0.491,0.12,0.931,0.921,0.972,0.706,0.027,0.089,0.137,0.796,0.85,0.535,0.721,0.54,0.399,0.345,0.194,0.24,0.659,0.526,0.488,0.029,0.002,0.372,0.104,0.506,0.836,0.88,0.07,0.272
0.0,0.259,0.059,0.079,0.945,0.046,0.312,0.708,0.695,0.493,0.773,0.809,0.968,0.865,0.196,0.954,0.864,0.466,0.014,0.585,0.894,0.028,0.464,0.09,0.112,0.542,0.082,0.34,0.349,0.596,0.923,0.3,0.874,0.271,0.528,0.806,0.548,0.281,0.74,0.374,0.599
1.0,0.229,0.491,0.684,0.66,0.184,0.817,0.46,0.496,0.128,0.433,0.918,0.431,0.603,0.05,0.021,0.512,0.717,0.518,0.117,0.81,0.254,0.379,0.197,0.218,0.49,0.32,0.464,0.6,0.879,0.874,0.221,0.928,0.109,0.883,0.099,0.512,0.07,0.641,0.789,0.651
1.0,0.996,0.624,0.4,0.333,0.027,0.706,0.122,0.143,0.417,0.865,0.468,0.695,0.96,0.618,0.474,0.353,0.374,0.021,0.525,0.664,0.171,0.394,0.062,0.644,0.561,0.989,0.026,0.165,0.393,0.61,0.458,0.086,0.626,0.308,0.399,0.924,0.858,0.946,0.444,0.832
0.0,0.594,0.109,0.691,0.285,0.945,0.552,0.493,0.684,0.974,0.045,0.408,0.42,0.848,0.703,0.064,0.098,0.823,0.132,0.808,0.997,0.897,0.03,0.604,0.304,0.022,0.515,0.956,0.081,0.943,0.102,0.269,0.07,0.368,0.492,0.429,0.48,0.685,0.518,0.194,0.61
1.0,0.383,0.331,0.336,0.546,0.896,0.854,0.855,0.695,0.503,0.351,0.403,0.246,0.994,0.997,0.252,0.505,0.199,0.551,0.507,0.191,0.832,0.581,0.828,0.666,0.511,0.854,0.727,0.399,0.189,0.458,0.443,0.801,0.801,0.407,0.677,0.77,0.626,0.225,0.133,0.352
1.0,0.755,0.702,0.807,0.051,0.068,0.512,0.92,0.161,0.167,0.729,0.775,0.501,0.495,0.525,0.741,0.499,0.536,0.749,0.543,0.121,0.591,0.899,0.239,0.998,0.97,0.617,0.691,0.411,0.338,0.172,0.257,0.402,0.403,0.444,0.592,0.797,0.139,0.514,0.206,0.933
0.0,0.225,0.765,0.083,0.323,0.928,0.704,0.225,0.197,0.802,0.686,0.37,0.935,0.716,0.702,0.887,0.614,0.612,0.225,0.756,0.172,0.74,0.557,0.121,0.698,0.747,0.775,0.116,0.776,0.514,0.645,0.721,0.284,0.488,0.006,0.543,0.215,0.534,0.358,0.663,0.546
0.0,0.474,0.927,0.277,0.053,0.217,0.382,0.428,0.469,0.542,0.814,0.774,0.804,0.988,0.939,0.323,0.82,0.298,0.597,0.827,0.548,0.027,0.511,0.493,0.287,0.59,0.85,0.984,0.107,0.167,0.666,0.107,0.501,0.948,0.038,0.724,0.006,0.638,0.528,0.886,0.302
1.0,0.117,0.467,0.469,0.468,0.75,0.261,0.056,0.435,0.252,0.962,0.547,0.652,0.569,0.624,0.478,0.264,0.912,0.526,0.606,0.213,0.923,0.656,0.009,0.878,0.789,0.315,0.839,0.223,0.49,0.755,0.359,0.379,0.651,0.775,0.423,0.966,0.659,0.058,0.353,0.825
1.0,0.419,0.502,0.272,0.211,0.201,0.108,0.114,0.761,0.246,0.402,0.04,0.08,0.652,0.355,0.711,0.866,0.238,0.832,0.004,0.371,0.288,0.663,0.725,0.015,0.419,0.809,0.067,0.337,0.868,0.838,0.158,0.719,0.419,0.394,0.208,0.783,0.095,0.268,0.593,0.181
0.0,0.497,0.415,0.696,0.581,0.276,0.684,0.859,0.373,0.199,0.181,0.954,0.695,0.491,0.026,0.299,0.746,0.856,0.016,0.581,0.651,0.775,0.63,0.476,0.528,0.58,0.694,0.439,0.646,0.246,0.915,0.728,0.997,0.291,0.955,0.455,0.007,0.49,0.913,0.753,0.571
0.0,0.211,0.126,0.078,0.413,0.951,0.442,0.453,0.414,0.467,0.842,0.184,0.63,0.179,0.601,0.604,0.378,0.553,0.85,0.014,0.527,0.212,0.905,0.444,0.344,0.578,0.4,0.914,0.531,0.283,0.191,0.296,0.065,0.366,0.142,0.841,0.557,0.927,0.836,0.36,0.659
1.0,0.576,0.95,0.969,0.053,0.533,0.491,0.742,0.941,0.8,0.481,0.334,0.294,0.839,0.582,0.867,0.78,0.141,0.982,0.631,0.223,0.802,0.418,0.102,0.076,0.01,0.966,0.055,0.103,0.483,0.572,0.325,0.321,0.976,0.521,0.906,0.757,0.569,0.884,0.975,0.21
1.0,0.107,0.773,0.778,0.544,0.904,0.492,0.474,0.571,0.163,0.02,0.313,0.92,0.097,0.987,0.17,0.133,0.525,0.728,0.093,0.453,0.663,0.073,0.059,0.677,0.184,0.965,0.521,0.851,0.567,0.438,0.611,0.096,0.129,0.28,0.531,0.992,0.425,0.628,0.731,0.752
0.0,0.85,0.53,0.071,0.464,0.855,0.612,0.901,0.309,0.199,0.399,0.08,0.227,0.903,0.851,0.926,0.567,0.639,0.945,0.051,0.695,0.723,0.583,0.528,0.821,0.173,0.575,0.803,0.275,0.973,0.783,0.663,0.453,0.642,0.239,0.104,0.048,0.325,0.19,0.13,0.692
0.0,0.777,0.8,0.416,0.829,0.389,0.1,0.391,0.512,0.315,0.912,0.821,0.672,0.163,0.132,0.23,0.678,0.723,0.623,0.4,0.869,0.295,0.376,0.894,0.277,0.075,0.796,0.236,0.87,0.22,0.727,0.412,0.522,0.364,0.812,0.989,0.488,0.525,0.474,0.796,0.12
0.0,0.828,0.711,0.691,0.561,0.531,0.456,0.692,0.539,0.207,0.463,0.489,0.771,0.547,0.556,0.329,0.852,0.296,0.654,0.987,0.224,0.802,0.325,0.625,0.864,0.585,0.806,0.48,0.127,0.739,0.611,0.935,0.85,0.781,0.903,0.683,0.047,0.542,0.909,0.636,0.548
1.0,0.338,0.539,0.357,0.483,0.016,0.934,0.226,0.189,0.878,0.264,0.484,0.605,0.371,0.516,0.69,0.103,0.475,0.294,0.502,0.091,0.949,0.702,0.727,0.207,0.781,0.933,0.699,0.124,0.921,0.508,0.084,0.976,0.459,0.378,0.828,0.268,0.211,0.508,0.551,0.652
0.0,0.358,0.937,0.296,0.062,0.614,0.957,0.859,0.559,0.689,0.237,0.476,0.749,0.914,0.549,0.924,0.036,0.912,0.875,0.171,0.164,0.971,0.334,0.795,0.057,0.408,0.403,0.653,0.572,0.083,0.252,0.37,0.783,0.32,0.331,0.649,0.608,0.653,0.309,0.318,0.902
1.0,0.936,0.261,0.689,0.641,0.779,0.747,0.114,0.14,0.69,0.66,0.015,0.599,0.152,0.041,0.051,0.05,0.05,0.578,0.696,0.46,0.015,0.425,0.405,0.212,0.095,0.762,0.813,0.951,0.719,0.755,0.748,0.252,0.342,0.92,0.26,0.01,0.085,0.434,0.523,0.649
1.0,0.837,0.807,0.645,0.704,0.717,0.886,0.912,0.481,0.872,0.847,0.258,0.305,0.459,0.043,0.678,0.605,0.817,0.947,0.913,0.51,0.931,0.499,0.382,0.466,0.392,0.152,0.67,0.159,0.063,0.287,0.366,0.432,0.901,0.285,0.504,0.811,0.164,0.273,0.295,0.633
0.0,0.161,0.201,0.837,0.731,0.977,0.652,0.626,0.824,0.388,0.379,0.451,0.053,0.192,0.814,0.583,0.578,0.963,0.499,0.623,0.714,0.863,0.722,0.624,0.418,0.703,0.301,0.364,0.631,0.632,0.939,0.83,0.54,0.683,0.205,0.621,0.814,0.813,0.121,0.772,0.82
1.0,0.56,0.322,0.814,0.962,0.154,0.737,0.223,0.519,0.705,0.091,0.616,0.196,0.007,0.072,0.92,0.428,0.946,0.215,0.442,0.37,0.075,0.115,0.101,0.572,0.933,0.221,0.473,0.245,0.62,0.37,0.805,0.41,0.46,0.371,0.496,0.612,0.226,0.285,0.199,0.857
0.0,0.967,0.26,0.193,0.982,0.424,0.41,0.46,0.542,0.264,0.576,0.505,0.245,0.846,0.369,0.641,0.236,0.838,0.241,0.166,0.316,0.48,0.966,0.984,0.985,0.711,0.952,0.631,0.553,0.977,0.956,0.433,0.891,0.377,0.892,0.612,0.903,0.164,0.971,0.825,0.47
1.0,0.492,0.339,0.752,0.489,0.327,0.156,0.129,0.743,0.234,0.213,0.932,0.163,0.11,0.43,0.807,0.149,0.013,0.006,0.379,0.841,0.484,0.155,0.442,0.901,0.518,0.381,0.698,0.946,0.939,0.432,0.855,0.903,0.791,0.449,0.396,0.052,0.304,0.268,0.916,0.677
1.0,0.072,0.101,0.717,0.51,0.481,0.974,0.497,0.904,0.994,0.644,0.963,0.608,0.899,0.561,0.509,0.994,0.888,0.974,0.261,0.611,0.457,0.644,0.023,0.537,0.99,0.323,0.156,0.88,0.424,0.045,0.922,0.378,0.74,0.327,0.735,0.246,0.132,0.017,0.307,0.379
1.0,0.878,0.657,0.577,0.551,0.315,0.1,0.253,0.931,0.725,0.512,0.273,0.312,0.307,0.904,0.663,0.766,0.557,0.711,0.24,0.43,0.974,0.481,0.493,0.369,0.941,0.32,0.404,0.591,0.9,0.623,0.62,0.391,0.503,0.557,0.743,0.786,0.962,0.496,0.81,0.094
1.0,0.962,0.19,0.069,0.347,0.546,0.022,0.109,0.347,0.649,0.94,0.16,0.661,0.622,0.724,0.921,0.887,0.177,0.091,0.816,0.568,0.675,0.623,0.698,0.514,0.828,0.194,0.009,0.611,0.535,0.035,0.905,0.937,0.971,0.663,0.314,0.728,0.304,0.941,0.169,0.424
0.0,0.036,0.128,0.854,0.212,0.341,0.525,0.747,0.367,0.923,0.525,0.113,0.644,0.069,0.452,0.719,0.331,0.752,0.207,0.857,0.197,0.487,0.236,0.939,0.464,0.853,0.993,0.316,0.927,0.999,0.658,0.297,0.364,0.648,0.984,0.516,0.535,0.036,0.283,0.418,0.071
0.0,0.249,0.339,0.646,0.648,0.641,0.002,0.765,0.98,0.18,0.904,0.701,0.926,0.588,0.364,0.082,0.644,0.834,0.979,0.42,0.279,0.594,0.442,0.548,0.821,0.076,0.214,0.023,0.804,0.503,0.296,0.913,0.183,0.397,0.951,0.014,0.197,0.505,0.531,0.321,0.016
1.0,0.672,0.043,0.852,0.84,0.409,0.955,0.601,0.755,1.0,0.748,0.634,0.446,0.094,0.195,0.609,0.708,0.736,0.163,0.995,0.656,0.747,0.875,0.467,0.126,0.745,0.045,0.62,0.459,0.325,0.412,0.54,0.015,0.492,0.54,0.881,0.211,0.764,0.975,0.412,0.135
1.0,0.575,0.655,0.813,0.517,0.202,0.546,0.181,0.761,0.687,0.109,0.581,0.817,0.384,0.458,0.995,0.979,0.128,0.979,0.878,0.138,0.871,0.191,0.323,0.022,0.666,0.648,0.945,0.788,0.463,0.335,0.364,0.383,0.169,0.054,0.961,0.93,0.014,0.62,0.144,0.975
1.0,0.244,0.553,0.216,0.212,0.82,0.783,0.235,0.575,0.491,0.253,0.995,0.565,0.355,0.096,0.062,0.795,0.989,0.663,0.894,0.218,0.342,0.824,0.467,0.862,0.434,0.407,0.669,0.844,0.638,0.08,0.869,0.803,0.227,0.77,0.953,0.197,0.814,0.883,0.897,0.842
1.0,0.809,0.568,0.473,0.543,0.032,0.076,0.011,0.052,0.567,0.741,0.381,0.697,0.052,0.651,0.237,0.195,0.598,0.36,0.816,0.199,0.092,0.438,0.095,0.433,0.545,0.996,0.722,0.079,0.552,0.901,0.699,0.84,0.782,0.591,0.703,0.766,0.76,0.728,0.506,0.467
1.0,0.355,0.695,0.109,0.956,0.547,0.492,0.453,0.08,0.517,0.952,0.913,0.17,0.968,0.193,0.189,0.096,0.593,0.312,0.706,0.029,0.206,0.478,0.363,0.434,0.536,0.905,0.467,0.617,0.477,0.275,0.487,0.498,0.52,0.969,0.749,0.356,0.137,0.567,0.153,0.93
1.0,0.909,0.627,0.333,0.411,0.23,0.484,0.16,0.104,0.22,0.021,0.326,0.253,0.06,0.273,0.099,0.669,0.556,0.683,0.326,0.258,0.06,0.12,0.741,0.669,0.366,0.743,0.157,0.318,0.529,0.448,0.764,0.01,0.797,0.933,0.627,0.084,0.038,0.636,0.986,0.545
0.0,0.176,0.659,0.619,0.355,0.605,0.113,0.333,0.511,0.931,0.12,0.156,0.966,0.358,0.029,0.016,0.152,0.346,0.147,0.942,0.57,0.616,0.527,0.978,0.834,0.319,0.458,0.65,0.829,0.481,0.932,0.54,0.457,0.333,0.85,0.45,0.094,0.573,0.463,0.562,0.444
0.0,0.604,0.565,0.674,0.542,0.967,0.138,0.522,0.952,0.602,0.501,0.067,0.355,0.116,0.723,0.96,0.025,0.059,0.414,0.308,0.737,0.658,0.914,0.328,0.424,0.841,0.817,0.58,0.313,0.742,0.634,0.353,0.954,0.535,0.941,0.755,0.476,0.212,0.732,0.735,0.361
0.0,0.509,0.776,0.268,0.382,0.476,0.247,0.763,0.611,0.142,0.581,0.353,0.825,0.411,0.722,0.954,0.424,0.873,0.83,0.925,0.147,0.616,0.375,0.296,0.733,0.582,0.438,0.797,0.154,0.978,0.947,0.706,0.594,0.933,0.344,0.17,0.536,0.57,0.169,0.168,0.946
1.0,0.452,0.67,0.795,0.509,0.519,0.207,0.158,0.157,0.466,0.525,0.053,0.005,0.854,0.954,0.414,0.695,0.066,0.084,0.636,0.474,0.051,0.462,0.107,0.256,0.32,0.793,0.744,0.637,0.089,0.939,0.33,0.93,0.577,0.921,0.444,0.789,0.872,0.583,0.017,0.184
0.0,0.649,0.04,0.908,0.067,0.456,0.561,0.264,0.699,0.298,0.722,0.92,0.862,0.702,0.403,0.841,0.758,0.19,0.42,0.679,0.211,0.254,0.905,0.191,0.388,0.298,0.686,0.398,0.331,0.734,0.683,0.92,0.529,0.546,0.924,0.374,0.31,0.121,0.347,0.52,0.134
1.0,0.712,0.136,0.247,0.004,0.16,0.22,0.888,0.232,0.112,0.82,0.844,0.287,0.076,0.983,0.592,0.188,0.271,0.203,0.115,0.176,0.634,0.595,0.602,0.502,0.9,0.373,0.29,0.469,0.237,0.829,0.048,0.771,0.197,0.299,0.749,0.072,0.183,0.701,0.147,0.94
0.0,0.3,0.79,0.508,0.752,0.944,0.589,0.838,0.176,0.434,0.493,0.506,0.746,0.602,0.801,0.193,0.701,0.314,0.351,0.629,0.369,0.169,0.558,0.182,0.214,0.246,0.507,0.459,0.552,0.337,0.812,0.826,0.293,0.216,0.626,0.229,0.237,0.984,0.789,0.21,0.667
0.0,0.088,0.41,0.351,0.799,0.316,0.792,0.233,0.058,0.878,0.204,0.372,0.85,0.917,0.522,0.213,0.675,0.276,0.449,0.846,0.372,0.42,0.484,0.95,0.091,0.624,0.467,0.913,0.359,0.946,0.046,0.224,0.638,0.086,0.184,0.862,0.403,0.993,0.541,0.131,0.129
1.0,0.696,0.352,0.229,0.648,0.009,0.603,0.277,0.275,0.115,0.277,0.551,0.558,0.145,0.792,0.05,0.288,0.743,0.03,0.037,0.8,0.429,0.39,0.602,0.978,0.597,0.604,0.589,0.994,0.874,0.173,0.594,0.803,0.486,0.036,0.583,0.695,0.159,0.369,0.319,0.434
0.0,0.839,0.389,0.729,0.923,0.853,0.522,0.276,0.018,0.416,0.514,0.709,0.047,0.129,0.239,0.195,0.381,0.443,0.791,0.004,0.738,0.534,0.233,0.402,0.259,0.87,0.716,0.183,0.303,0.396,0.842,0.46,0.122,0.908,0.793,0.997,0.593,0.308,0.244,0.26,0.883
1.0,0.834,0.882,0.883,0.748,0.055,0.996,0.236,0.18,0.514,0.041,0.986,0.209,0.811,0.678,0.03,0.075,0.407,0.534,0.778,0.793,0.093,0.798,0.596,0.121,0.724,0.968,0.99,0.068,0.472,0.226,0.567,0.033,0.152,0.988,0.035,0.556,0.329,0.44,0.191,0.899
1.0,0.085,0.772,0.195,0.372,0.215,0.717,0.919,0.946,0.847,0.232,0.739,0.409,0.789,0.772,0.942,0.689,0.871,0.689,0.499,0.555,0.652,0.16,0.058,0.538,0.142,0.022,0.275,0.916,0.012,0.944,0.035,0.541,0.854,0.881,0.919,0.587,0.233,0.392,0.962,0.351
1.0,0.337,0.923,0.923,0.947,0.06,0.065,0.197,0.286,0.05,0.037,0.569,0.643,0.204,0.476,0.976,0.15,0.605,0.763,0.801,0.838,0.935,0.604,0.727,0.982,0.632,0.079,0.833,0.633,0.138,0.8,0.263,0.246,0.718,0.786,0.206,0.444,0.225,0.158,0.649,0.111
0.0,0.857,0.714,0.214,0.496,0.754,0.757,0.707,0.102,0.782,0.265,0.697,0.225,0.221,0.973,0.687,0.285,0.095,0.471,0.193,0.284,0.521,0.219,0.893,0.26,0.544,0.923,0.219,0.999,0.116,0.991,0.553,0.644,0.981,0.416,0.994,0.44,0.907,0.093,0.779,0.124
1.0,0.851,0.091,0.998,0.341,0.194,0.766,0.275,0.226,0.969,0.881,0.734,0.252,0.237,0.71,0.796,0.54,0.821,0.364,0.044,0.457,0.424,0.054,0.694,0.742,0.768,0.992,0.133,0.679,0.979,0.103,0.656,0.466,0.131,0.863,0.479,0.439,0.556,0.473,0.029,0.286
0.0,0.592,0.009,0.718,0.393,0.919,0.897,0.656,0.627,0.566,0.746,0.315,0.9,0.807,0.657,0.005,0.212,0.505,0.71,0.67,0.168,0.668,0.751,0.659,0.762,0.783,0.861,0.22,0.108,0.602,0.945,0.57,0.799,0.938,0.101,0.544,0.083,0.991,0.232,0.221,0.838
1.0,0.375,0.493,0.357,0.188,0.737,0.429,0.804,0.544,0.158,0.814,0.705,0.562,0.188,0.5,0.858,0.083,0.047,0.469,0.576,0.949,0.334,0.124,0.029,0.227,0.434,0.129,0.573,0.268,0.932,0.812,0.67,0.13,0.867,0.552,0.374,0.429,0.582,0.703,0.989,0.992
0.0,0.441,0.961,0.938,0.7,0.316,0.997,0.479,0.353,0.501,0.993,0.274,0.468,0.225,0.396,0.916,0.953,0.612,0.159,0.268,0.98,0.021,0.556,0.785,0.762,0.16,0.928,0.604,0.435,0.737,0.184,0.989,0.822,0.98,0.661,0.38,0.439,0.447,0.623,0.973,0.233
1.0,0.409,0.977,0.007,0.531,0.716,0.521,0.143,0.962,0.956,0.512,0.173,0.251,0.989,0.657,0.891,0.038,0.554,0.325,0.17,0.888,0.761,0.14,0.714,0.825,0.942,0.743,0.313,0.136,0.985,0.596,0.243,0.079,0.574,0.444,0.97,0.956,0.047,0.84,0.799,0.21
1.0,0.775,0.673,0.755,0.616,0.322,0.365,0.216,0.803,0.458,0.035,0.939,0.19,0.505,0.032,0.374,0.488,0.458,0.467,0.845,0.324,0.03,0.017,0.553,0.787,0.091,0.535,0.34,0.817,0.723,0.392,0.821,0.571,0.948,0.083,0.712,0.781,0.154,0.16,0.281,0.503
0.0,0.152,0.302,0.874,0.018,0.429,0.719,0.341,0.057,0.426,0.314,0.656,0.016,0.899,0.585,0.588,0.553,0.431,0.78,0.078,0.553,0.88,0.365,0.396,0.032,0.852,0.148,0.486,0.435,0.926,0.593,0.805,0.175,0.31,0.899,0.1,0.753,0.446,0.492,0.11,0.953
1.0,0.634,0.795,0.089,0.58,0.626,0.421,0.652,0.282,0.61,0.269,0.075,0.682,0.546,0.559,0.831,0.868,0.255,0.008,0.208,0.383,0.521,0.285,0.7,0.1,0.719,0.602,0.628,0.451,0.275,0.823,0.729,0.934,0.716,0.821,0.447,0.114,0.594,0.137,0.769,0.818
1.0,0.654,0.312,0.599,0.867,0.771,0.672,0.668,0.428,0.645,0.695,0.059,0.007,0.142,0.517,0.917,0.626,0.535,0.121,0.647,0.497,0.475,0.072,0.082,0.006,0.262,0.555,0.348,0.534,0.033,0.412,0.033,0.392,0.14,0.64,0.782,0.175,0.795,0.579,0.568,0.759
0.0,0.225,0.801,0.569,0.237,0.174,0.781,0.377,0.057,0.62,0.482,0.368,0.99,0.161,0.764,0.562,0.419,0.609,0.122,0.394,0.608,0.07,0.31,0.36,0.365,0.101,0.488,0.156,0.16,0.123,0.641,0.456,0.52,0.363,0.853,0.033,0.692,0.367,0.968,0.49,0.173
0.0,0.677,0.179,0.41,0.025,0.029,0.145,0.11,0.351,0.178,0.951,0.602,0.993,0.195,0.712,0.783,0.023,0.923,0.005,0.434,0.916,0.449,0.119,0.111,0.009,0.292,0.677,0.753,0.64,0.149,0.66,0.822,0.14,0.556,0.418,0.279,0.871,0.755,0.553,0.751,0.193
0.0,0.171,0.341,0.508,0.998,0.638,0.969,0.437,0.562,0.849,0.845,0.443,0.69,0.843,0.434,0.416,0.467,0.348,0.734,0.938,0.364,0.339,0.99,0.815,0.038,0.991,0.89,0.275,0.657,0.389,0.039,0.035,0.116,0.164,0.033,0.264,0.099,0.623,0.651,0.273,0.041
0.0,0.23,0.652,0.819,0.368,0.223,0.886,0.563,0.691,0.161,0.343,0.416,0.802,0.634,0.516,0.484,0.018,0.613,0.173,0.87,0.51,0.401,0.315,0.5,0.1,0.115,0.54,0.17,0.47,0.573,0.836,0.151,0.676,0.393,0.046,0.623,0.862,0.46,0.278,0.132,0.506
0.0,0.764,0.592,0.23,0.493,0.096,0.084,0.116,0.684,0.292,0.428,0.481,0.815,0.761,0.939,0.15,0.722,0.607,0.099,0.543,0.039,0.663,0.353,0.504,0.162,0.592,0.607,0.255,0.141,0.971,0.724,0.322,0.936,0.342,0.781,0.565,0.77,0.69,0.805,0.931,0.208
1.0,0.632,0.039,0.999,0.356,0.609,0.373,0.373,0.236,0.756,0.834,0.021,0.703,0.616,0.592,0.005,0.895,0.127,0.783,0.47,0.737,0.508,0.524,0.301,0.244,0.384,0.124,0.316,0.784,0.999,0.846,0.505,0.756,0.304,0.723,0.877,0.342,0.612,0.188,0.358,0.449
0.0,0.224,0.949,0.469,0.894,0.804,0.296,0.585,0.288,0.739,0.656,0.771,0.773,0.215,0.62,0.503,0.706,0.343,0.44,0.194,0.564,0.882,0.221,0.153,0.423,0.815,0.165,0.024,0.733,0.794,0.06,0.585,0.454,0.676,0.754,0.706,0.44,0.359,0.582,0.335,0.738
1.0,0.689,0.802,0.68,0.208,0.697,0.343,0.742,0.261,0.678,0.317,0.696,0.521,0.109,0.344,0.652,0.062,0.721,0.155,0.56,0.079,0.953,0.475,0.741,0.987,0.323,0.758,0.023,0.864,0.308,0.309,0.825,0.456,0.305,0.442,0.394,0.066,0.811,0.715,0.63,0.912
1.0,0.31,0.584,0.455,0.989,0.766,0.656,0.385,0.622,0.902,0.357,0.359,0.537,0.49,0.451,0.59,0.45,0.859,0.021,0.622,0.038,0.449,0.535,0.036,0.855,0.883,0.196,0.162,0.529,0.613,0.286,0.972,0.719,0.151,0.543,0.28,0.28,0.75,0.273,0.803,0.537
0.0,0.712,0.978,0.051,0.392,0.442,0.243,0.496,0.82,0.671,0.573,0.048,0.83,0.691,0.7,0.279,0.646,0.929,0.026,0.685,0.119,0.222,0.872,0.338,0.19,0.016,0.794,0.485,0.202,0.858,0.228,0.547,0.766,0.723,0.833,0.453,0.055,0.287,0.324,0.444,0.333
1.0,0.198,0.156,0.187,0.259,0.262,0.283,0.897,0.269,0.189,0.676,0.233,0.75,0.433,0.487,0.001,0.351,0.258,0.571,0.086,0.446,0.712,0.09,0.558,0.051,0.458,0.232,0.179,0.555,0.266,0.302,0.067,0.323,0.93,0.865,0.884,0.114,0.79,0.596,0.352,0.551
0.0,0.987,0.361,0.749,0.462,0.929,0.649,0.372,0.358,0.134,0.324,0.711,0.401,0.099,0.268,0.111,0.903,0.915,0.533,0.443,0.764,0.82,0.334,0.516,0.144,0.127,0.36,0.01,0.681,0.225,0.214,0.801,0.746,0.661,0.238,0.389,0.65,0.141,0.547,0.983,0.722
0.0,0.285,0.272,0.657,0.277,0.015,0.002,0.184,0.674,0.723,0.051,0.266,0.856,0.542,0.004,0.301,0.259,0.149,0.799,0.952,0.641,0.789,0.364,0.648,0.865,0.682,0.713,0.977,0.218,0.446,0.572,0.901,0.498,0.98,0.551,0.573,0.952,0.421,0.655,0.112,0.997
0.0,0.011,0.298,0.219,0.654,0.531,0.174,0.419,0.664,0.362,0.231,0.129,0.857,0.446,0.862,0.985,0.408,0.456,0.482,0.996,0.9,0.339,0.875,0.006,0.516,0.055,0.747,0.248,0.337,0.94,0.227,0.752,0.998,0.495,0.639,0.564,0.835,0.558,0.705,0.817,0.212
1.0,0.693,0.09,0.295,0.392,0.426,0.435,0.277,0.504,0.613,0.387,0.724,0.98,0.008,0.689,0.063,0.634,0.259,0.249,0.976,0.101,0.427,0.484,0.218,0.336,0.881,0.508,0.19,0.446,0.456,0.71,0.391,0.636,0.928,0.8,0.854,0.236,0.715,0.928,0.748,0.648
1.0,0.973,0.77,0.397,0.964,0.366,0.527,0.633,0.482,0.574,0.065,0.461,0.244,0.805,0.092,0.891,0.189,0.198,0.362,0.438,0.865,0.434,0.688,0.576,0.492,0.364,0.163,0.729,0.988,0.125,0.122,0.33,0.896,0.52,0.488,0.193,0.844,0.164,0.871,0.698,0.298
1.0,0.829,0.831,0.901,0.013,0.863,0.845,0.51,0.619,0.047,0.793,0.078,0.713,0.288,0.499,0.141,0.909,0.772,0.676,0.867,0.459,0.457,0.756,0.336,0.005,0.562,0.152,0.135,0.237,0.41,0.327,0.06,0.897,0.452,0.341,0.128,0.195,0.704,0.589,0.388,0.123
1.0,0.461,0.334,0.943,0.426,0.433,0.89,0.403,0.428,0.712,0.406,0.747,0.982,0.182,0.34,0.002,0.252,0.203,0.483,0.831,0.976,0.38,0.958,0.807,0.761,0.982,0.505,0.94,0.604,0.115,0.338,0.18,0.81,0.153,0.561,0.9,0.215,0.245,0.245,0.318,0.39
0.0,0.85,0.437,0.264,0.884,0.686,0.336,0.326,0.868,0.001,0.506,0.001,0.063,0.397,0.036,0.663,0.965,0.592,0.446,0.83,0.089,0.648,0.769,0.899,0.541,0.578,0.804,0.187,0.281,0.32,0.248,0.086,0.802,0.381,0.189,0.548,0.101,0.52,0.814,0.047,0.888
0.0,0.984,0.343,0.774,0.137,0.892,0.566,0.787,0.938,0.643,0.306,0.877,0.549,0.306,0.532,0.308,0.658,0.843,0.648,0.459,0.801,0.793,0.766,0.738,0.072,0.317,0.826,0.74,0.248,0.891,0.727,0.271,0.893,0.226,0.262,0.564,0.082,0.708,0.102,0.394,0.475
0.0,0.074,0.634,0.012,0.948,0.86,0.518,0.573,0.422,0.81,0.769,0.148,0.097,0.703,0.559,0.216,0.879,0.182,0.129,0.38,0.192,0.528,0.639,0.067,0.514,0.138,0.06,0.154,0.355,0.386,0.869,0.262,0.254,0.395,0.963,0.119,0.676,0.503,0.874,0.245,0.654
1.0,0.717,0.341,0.094,0.987,0.717,0.186,0.05,0.6,0.97,0.164,0.398,0.105,0.872,0.256,0.153,0.486,0.087,0.985,0.466,0.397,0.737,0.103,0.58,0.046,0.999,0.772,0.234,0.915,0.402,0.655,0.054,0.274,0.264,0.258,0.312,0.598,0.744,0.998,0.709,0.188
1.0,0.9,0.94,0.554,0.47,0.246,0.869,0.137,0.671,0.003,0.601,0.642,0.622,0.936,0.752,0.357,0.078,0.177,0.489,0.527,0.532,0.907,0.663,0.013,0.252,0.89,0.199,0.9,0.002,0.674,0.971,0.588,0.074,0.388,0.745,0.75,0.621,0.93,0.772,0.463,0.792
1.0,0.348,0.14,0.21,0.903,0.377,0.828,0.124,0.029,0.06,0.561,0.243,0.71,0.684,0.947,0.02,0.029,0.699,0.843,0.673,0.307,0.518,0.006,0.192,0.028,0.577,0.433,0.157,0.716,0.12,0.991,0.256,0.646,0.191,0.298,0.395,0.717,0.316,0.167,0.397,0.641
1.0,0.089,0.307,0.724,0.68,0.293,0.329,0.904,0.479,0.368,0.683,0.365,0.106,0.748,0.683,0.94,0.629,0.367,0.6,0.383,0.875,0.955,0.381,0.7,0.351,0.668,0.337,0.844,0.355,0.222,0.064,0.213,0.169,0.568,0.649,0.018,0.998,0.115,0.64,0.016,0.957
0.0,0.876,0.686,0.956,0.991,0.977,0.502,0.665,0.593,0.643,0.016,0.942,0.252,0.295,0.938,0.316,0.5,0.876,0.79,0.434,0.899,0.974,0.061,0.571,0.526,0.954,0.54,0.776,0.602,0.401,0.908,0.661,0.184,0.142,0.414,0.398,0.266,0.294,0.566,0.285,0.68
0.0,0.121,0.471,0.272,0.247,0.184,0.068,0.021,0.045,0.438,0.074,0.322,0.528,0.008,0.035,0.008,0.623,0.375,0.622,0.84,0.952,0.393,0.752,0.784,0.41,0.377,0.294,0.15,0.91,0.274,0.392,0.184,0.637,0.704,0.215,0.66,0.684,0.46,0.61,0.556,0.335
1.0,0.139,0.952,0.271,0.065,0.067,0.114,0.742,0.588,0.692,0.606,0.713,0.578,0.207,0.346,0.587,0.376,0.149,0.39,0.227,0.551,0.878,0.65,0.167,0.142,0.701,0.746,0.176,0.698,0.462,0.419,0.181,0.098,0.854,0.827,0.275,0.629,0.451,0.096,0.132,0.479
0.0,0.223,0.372,0.97,0.554,0.644,0.94,0.952,0.554,0.992,0.241,0.888,0.946,0.864,0.853,0.321,0.018,0.083,0.651,0.107,0.881,0.445,0.381,0.053,0.02,0.038,0.34,0.318,0.534,0.313,0.99,0.935,0.311,0.37,0.879,0.695,0.857,0.733,0.69,0.461,0.205
0.0,0.244,0.711,0.081,0.066,0.11,0.168,0.311,0.831,0.799,0.449,0.614,0.94,0.656,0.538,0.477,0.948,0.775,0.555,0.661,0.001,0.792,0.643,0.316,0.847,0.054,0.524,0.808,0.026,0.67,0.022,0.671,0.124,0.119,0.626,0.468,0.615,0.06,0.645,0.461,0.742
0.0,0.501,0.679,0.262,0.862,0.41,0.019,0.07,0.484,0.8,0.886,0.413,0.322,0.038,0.247,0.845,0.563,0.094,0.274,0.463,0.239,0.548,0.44,0.916,0.989,0.088,0.524,0.439,0.764,0.244,0.489,0.786,0.128,0.183,0.77,0.861,0.605,0.176,0.852,0.638,0.071
0.0,0.829,0.086,0.869,0.63,0.992,0.288,0.129,0.418,0.421,0.746,0.92,0.389,0.709,0.383,0.909,0.6,0.348,0.526,0.867,0.845,0.647,0.942,0.681,0.423,0.04,0.809,0.997,0.667,0.477,0.096,0.432,0.764,0.664,0.468,0.309,0.899,0.388,0.053,0.381,0.012
1.0,0.864,0.602,0.455,0.147,0.164,0.463,0.735,0.343,0.883,0.86,0.229,0.692,0.048,0.955,0.196,0.185,0.201,0.097,0.476,0.016,0.462,0.869,0.657,0.403,0.202,0.222,0.966,0.578,0.304,0.972,0.337,0.033,0.013,0.611,0.4,0.814,0.958,0.671,0.112,0.974
0.0,0.622,0.06,0.674,0.655,0.276,0.315,0.795,0.748,0.251,0.934,0.913,0.308,0.013,0.957,0.687,0.257,0.346,0.964,0.63,0.425,0.809,0.802,0.955,0.459,0.595,0.444,0.546,0.656,0.745,0.75,0.53,0.516,0.998,0.673,0.132,0.118,0.67,0.606,0.41,0.355
1.0,0.855,0.467,0.94,0.257,0.12,0.747,0.449,0.043,0.176,0.902,0.633,0.707,0.716,0.442,0.7,0.47,0.83,0.231,0.18,0.663,0.558,0.9,0.021,0.805,0.47,0.431,0.488,0.945,0.026,0.971,0.223,0.808,0.056,0.829,0.609,0.267,0.582,0.019,0.726,0.824
0.0,0.842,0.551,0.779,0.187,0.953,0.701,0.206,0.738,0.721,0.829,0.485,0.842,0.714,0.034,0.421,0.656,0.719,0.784,0.499,0.879,0.82,0.893,0.293,0.178,0.341,0.917,0.489,0.297,0.526,0.875,0.833,0.644,0.295,0.852,0.883,0.346,0.669,0.699,0.693,0.444
0.0,0.785,0.861,0.732,0.181,0.174,0.426,0.851,0.922,0.905,0.231,0.994,0.788,0.835,0.488,0.037,0.675,0.018,0.576,0.998,0.402,0.303,0.753,0.507,0.053,0.917,0.012,0.33,0.004,0.98,0.966,0.239,0.753,0.682,0.469,0.395,0.708,0.538,0.923,0.339,0.378
1.0,0.483,0.689,0.176,0.429,0.315,0.552,0.392,0.554,0.585,0.088,0.421,0.035,0.414,0.891,0.287,0.501,0.093,0.545,0.988,0.974,0.99,0.618,0.373,0.221,0.023,0.617,0.61,0.854,0.439,0.425,0.301,0.638,0.768,0.673,0.108,0.991,0.795,0.3,0.015,0.165
0.0,0.359,0.197,0.109,0.709,0.871,0.395,0.714,0.911,0.222,0.289,0.597,0.396,0.654,0.643,0.928,0.272,0.514,0.349,0.731,0.439,0.377,0.286,0.47,0.013,0.172,0.653,0.229,0.984,0.127,0.826,0.943,0.822,0.884,0.983,0.671,0.372,0.688,0.654,0.21,0.142
0.0,0.243,0.177,0.591,0.058,0.244,0.401,0.928,0.103,0.429,0.727,0.979,0.939,0.367,0.16,0.274,0.483,0.353,0.241,0.591,0.872,0.181,0.536,0.426,0.042,0.621,0.027,0.329,0.614,0.745,0.172,0.645,0.185,0.444,0.334,0.05,0.568,0.47,0.488,0.048,0.602
0.0,0.477,0.63,0.372,0.207,0.533,0.708,0.188,0.782,0.357,0.002,0.496,0.889,0.152,0.733,0.145,0.531,0.614,0.437,0.959,0.776,0.646,0.154,0.498,0.058,0.086,0.057,0.071,0.098,0.528,0.844,0.548,0.437,0.428,0.901,0.994,0.373,0.955,0.025,0.292,0.257
1.0,0.395,0.484,0.801,0.443,0.412,0.877,0.509,0.679,0.245,0.994,0.803,0.302,0.451,0.685,0.616,0.651,0.265,0.355,0.794,0.931,0.165,0.144,0.112,0.021,0.522,0.885,0.277,0.193,0.804,0.201,0.747,0.014,0.196,0.215,0.037,0.478,0.781,0.217,0.084,0.091
0.0,0.429,0.36,0.772,0.754,0.979,0.908,0.208,0.018,0.78,0.235,0.371,0.334,0.195,0.505,0.294,0.152,0.704,0.257,0.656,0.845,0.134,0.033,0.38,0.938,0.846,0.321,0.099,0.487,0.205,0.853,0.233,0.082,0.688,0.684,0.391,0.389,0.017,0.397,0.426,0.41
1.0,0.55,0.636,0.704,0.661,0.259,0.349,0.966,0.742,0.563,0.245,0.48,0.326,0.378,0.653,0.195,0.792,0.955,0.291,0.537,0.877,0.881,0.464,0.667,0.729,0.931,0.949,0.436,0.488,0.79,0.0,0.599,0.023,0.969,0.063,0.398,0.789,0.555,0.96,0.162,0.471
0.0,0.08,0.738,0.112,0.342,0.902,0.327,0.54,0.227,0.037,0.741,0.204,0.44,0.632,0.943,0.729,0.043,0.323,0.142,0.39,0.129,0.038,0.047,0.914,0.413,0.453,0.437,0.055,0.563,0.652,0.974,0.3,0.677,0.746,0.994,0.923,0.954,0.94,0.128,0.366,0.397
0.0,0.485,0.715,0.146,0.694,0.884,0.003,0.808,0.902,0.134,0.055,0.742,0.834,0.905,0.67,0.778,0.924,0.896,0.491,0.73,0.904,0.609,0.55,0.552,0.248,0.573,0.366,0.676,0.408,0.062,0.492,0.463,0.969,0.731,0.685,0.194,0.104,0.553,0.16,0.516,0.433
1.0,0.828,0.581,0.394,0.518,0.373,0.24,0.338,0.42,0.324,0.979,0.128,0.002,0.039,0.843,0.841,0.532,0.09,0.5,0.839,0.591,0.954,0.132,0.096,0.458,0.184,0.207,0.225,0.72,0.668,0.787,0.652,0.359,0.38,0.909,0.13,0.225,0.518,0.292,0.531,0.381
0.0,0.263,0.102,0.577,0.344,0.136,0.491,0.881,0.643,0.581,0.811,0.953,0.349,0.994,0.958,0.07,0.41,0.029,0.878,0.959,0.359,0.038,0.701,0.853,0.508,0.45,0.869,0.104,0.795,0.48,0.295,0.191,0.885,0.959,0.499,0.532,0.46,0.816,0.277,0.773,0.792
0.0,0.886,0.13,0.454,0.715,0.881,0.419,0.206,0.732,0.815,0.472,0.347,0.76,0.623,0.91,0.2,0.427,0.066,0.431,0.58,0.492,0.631,0.133,0.117,0.678,0.32,0.119,0.276,0.279,0.96,0.384,0.522,0.493,0.433,0.72,0.822,0.689,0.57,0.408,0.782,0.586
0.0,0.187,0.114,0.28,0.386,0.938,0.775,0.416,0.368,0.488,0.78,0.7,0.559,0.969,0.31,0.865,0.977,0.375,0.326,0.85,0.937,0.908,0.646,0.371,0.452,0.366,0.822,0.843,0.621,0.755,0.689,0.316,0.735,0.384,0.17,0.789,0.126,0.934,0.093,0.479,0.457
1.0,0.769,0.311,0.111,0.706,0.676,0.044,0.334,0.099,0.206,0.47,0.904,0.54,0.295,0.276,0.257,0.116,0.778,0.7,0.934,0.821,0.123,0.305,0.21,0.16,0.744,0.858,0.527,0.463,0.069,0.537,0.767,0.752,0.898,0.201,0.382,0.159,0.146,0.208,0.178,0.708
0.0,0.675,0.088,0.467,0.654,0.251,0.906,0.749,0.505,0.214,0.819,0.704,0.944,0.305,0.941,0.002,0.361,0.567,0.01,0.338,0.509,0.735,0.04,0.337,0.327,0.495,0.898,0.422,0.756,0.813,0.406,0.83,0.251,0.661,0.166,0.378,0.317,0.216,0.886,0.507,0.498
0.0,0.355,0.86,0.871,0.8,0.925,0.975,0.139,0.751,0.048,0.602,0.528,0.992,0.835,0.225,0.766,0.713,0.022,0.463,0.45,0.424,0.88,0.854,0.242,0.998,0.758,0.101,0.57,0.993,0.894,0.738,0.79,0.663,0.416,0.908,0.047,0.604,0.558,0.682,0.683,0.804
0.0,0.314,0.812,0.342,0.004,0.588,0.793,0.647,0.746,0.709,0.447,0.177,0.359,0.56,0.961,0.545,0.112,0.735,0.109,0.716,0.349,0.943,0.345,0.908,0.169,0.142,0.243,0.039,0.55,0.326,0.467,0.534,0.546,0.959,0.195,0.911,0.824,0.527,0.207,0.078,0.275
0.0,0.908,0.107,0.953,0.046,0.905,0.793,0.107,0.944,0.214,0.193,0.841,0.007,0.526,0.681,0.803,0.408,0.028,0.69,0.089,0.881,0.4,0.053,0.366,0.247,0.386,0.655,0.952,0.621,0.307,0.005,0.647,0.84,0.686,0.056,0.637,0.631,0.171,0.31,0.022,0.928
0.0,0.938,0.586,0.8,0.706,0.849,0.671,0.084,0.987,0.732,0.415,0.609,0.594,0.284,0.119,0.114,0.542,0.867,0.913,0.707,0.253,0.62,0.59,0.701,0.791,0.792,0.243,0.144,0.379,0.436,0.006,0.746,0.567,0.306,0.291,0.52,0.337,0.944,0.067,0.886,0.109
0.0,0.455,0.211,0.638,0.27,0.693,0.205,0.367,0.799,0.668,0.743,0.425,0.551,0.6,0.271,0.197,0.923,0.127,0.547,0.986,0.884,0.055,0.542,0.866,0.199,0.17,0.454,0.731,0.866,0.401,0.066,0.749,0.707,0.196,0.38,0.547,0.485,0.415,0.963,0.937,0.852
1.0,0.505,0.972,0.209,0.704,0.718,0.684,0.92,0.5,0.866,0.854,0.105,0.297,0.916,0.118,0.724,0.281,0.925,0.554,0.896,0.951,0.904,0.784,0.437,0.474,0.477,0.966,0.72,0.079,0.66,0.809,0.222,0.191,0.103,0.368,0.592,0.05,0.732,0.909,0.324,0.067
0.0,0.838,0.79,0.746,0.736,0.899,0.541,0.33,0.829,0.657,0.606,0.325,0.875,0.434,0.766,0.955,0.828,0.893,0.85,0.146,0.149,0.818,0.668,0.229,0.38,0.749,0.887,0.009,0.006,0.306,0.274,0.988,0.128,0.598,0.072,0.545,0.377,0.761,0.859,0.324,0.516
0.0,0.315,0.035,0.328,0.288,0.7,0.963,0.69,0.743,0.538,0.652,0.321,0.842,0.486,0.189,0.866,0.369,0.927,0.57,0.837,0.918,0.433,0.888,0.177,0.416,0.984,0.164,0.905,0.077,0.25,0.881,0.571,0.982,0.245,0.329,0.779,0.487,0.859,0.348,0.304,0.616
1.0,0.679,0.129,0.006,0.098,0.124,0.574,0.279,0.524,0.781,0.851,0.623,0.674,0.27,0.765,0.636,0.23,0.888,0.404,0.071,0.437,0.672,0.172,0.389,0.497,0.881,0.406,0.53,0.922,0.41,0.867,0.912,0.727,0.612,0.271,0.824,0.607,0.895,0.931,0.663,0.7
1.0,0.869,0.328,0.367,0.471,0.284,0.076,0.163,0.783,0.69,0.401,0.738,0.534,0.079,0.236,0.039,0.603,0.142,0.004,0.149,0.706,0.744,0.781,0.163,0.427,0.359,0.989,0.461,0.627,0.242,0.019,0.791,0.317,0.678,0.262,0.971,0.96,0.225,0.648,0.505,0.431
1.0,0.615,0.075,0.651,0.117,0.136,0.686,0.808,0.348,0.567,0.063,0.286,0.581,0.516,0.596,0.107,0.507,0.817,0.402,0.895,0.496,0.377,0.093,0.48,0.476,0.686,0.427,0.851,0.592,0.787,0.828,0.517,0.81,0.454,0.712,0.575,0.32,0.868,0.911,0.85,0.99
0.0,0.668,0.223,0.156,0.149,0.591,0.252,0.75,0.355,0.059,0.224,0.386,0.828,0.407,0.534,0.5,0.345,0.714,0.627,0.598,0.514,0.552,0.677,0.949,0.294,0.809,0.939,0.426,0.013,0.856,0.905,0.829,0.456,0.203,0.899,0.728,0.49,0.114,0.246,0.495,0.999
0.0,0.536,0.988,0.998,0.77,0.75,0.542,0.774,0.54,0.212,0.366,0.184,0.875,0.235,0.885,0.57,0.984,0.026,0.272,0.487,0.478,0.866,0.722,0.782,0.313,0.062,0.644,0.801,0.84,0.926,0.607,0.962,0.494,0.197,0.08,0.894,0.127,0.432,0.763,0.509,0.446
1.0,0.676,0.366,0.534,0.13,0.504,0.286,0.443,0.467,0.736,0.581,0.81,0.452,0.475,0.758,0.716,0.798,0.868,0.476,0.308,0.604,0.287,0.945,0.964,0.388,0.596,0.444,0.128,0.483,0.752,0.944,0.451,0.84,0.834,0.147,0.008,0.088,0.971,0.166,0.913,0.897
0.0,0.704,0.998,0.056,0.801,0.771,0.575,0.503,0.503,0.613,0.263,0.332,0.203,0.699,0.938,0.427,0.185,0.196,0.23,0.045,0.851,0.766,0.201,0.974,0.708,0.325,0.21,0.741,0.355,0.266,0.539,0.86,0.678,0.065,0.664,0.015,0.661,0.893,0.463,0.856,0.566
1.0,0.275,0.324,0.588,0.995,0.327,0.716,0.197,0.16,0.263,0.184,0.603,0.055,0.91,0.177,0.116,0.449,0.991,0.193,0.296,0.614,0.811,0.709,0.167,0.115,0.732,0.385,0.9,0.095,0.603,0.269,0.204,0.909,0.373,0.095,0.933,0.238,0.502,0.299,0.392,0.513
1.0,0.079,0.375,0.027,0.65,0.13,0.711,0.775,0.445,0.442,0.4,0.019,0.225,0.773,0.274,0.469,0.477,0.025,0.344,0.466,0.108,0.987,0.427,0.064,0.681,0.844,0.278,0.942,0.054,0.007,0.053,0.772,0.4,0.511,0.043,0.688,0.168,0.577,0.708,0.379,0.888
1.0,0.463,0.368,0.584,0.967,0.439,0.045,0.881,0.579,0.25,0.941,0.219,0.368,0.612,0.813,0.74,0.575,0.566,0.467,0.958,0.415,0.881,0.35,0.774,0.942,0.793,0.529,0.337,0.385,0.749,0.83,0.473,0.715,0.031,0.052,0.642,1.0,0.359,0.43,0.289,0.991
1.0,0.159,0.905,0.554,0.07,0.163,0.515,0.487,0.64,0.482,0.719,0.121,0.498,0.611,0.544,0.61,0.815,0.993,0.607,0.103,0.828,0.376,0.276,0.531,0.108,0.738,0.497,0.607,0.674,0.314,0.922,0.703,0.217,0.605,0.785,0.566,0.702,0.584,0.313,0.486,0.454
0.0,0.699,0.242,0.831,0.93,0.412,0.453,0.034,0.016,0.452,0.905,0.666,0.018,0.389,0.148,0.712,0.251,0.403,0.012,0.897,0.922,0.559,0.102,0.797,0.813,0.551,0.654,0.833,0.669,0.007,0.859,0.853,0.119,0.229,0.705,0.871,0.171,0.961,0.496,0.542,0.924
0.0,0.721,0.281,0.551,0.466,0.558,0.601,0.401,0.138,0.916,0.208,0.016,0.829,0.552,0.044,0.683,0.468,0.317,0.374,0.209,0.869,0.19,0.513,0.833,0.005,0.255,0.701,0.619,0.054,0.689,0.985,0.553,0.409,0.208,0.914,0.71,0.781,0.984,0.571,0.135,0.673
0.0,0.226,0.513,0.297,0.072,0.203,0.15,0.298,0.355,0.379,0.498,0.439,0.637,0.376,0.429,0.613,0.489,0.237,0.613,0.361,0.258,0.862,0.57,0.79,0.907,0.326,0.535,0.073,0.971,0.991,0.868,0.23,0.239,0.571,0.903,0.488,0.079,0.986,0.295,0.393,0.922
1.0,0.193,0.934,0.194,0.913,0.217,0.674,0.419,0.194,0.102,0.89,0.344,0.102,0.524,0.878,0.565,0.044,0.23,0.466,0.896,0.194,0.91,0.952,0.319,0.721,0.644,0.685,0.33,0.383,0.998,0.856,0.69,0.938,0.561,0.873,0.095,0.581,0.763,0.442,0.007,0.473
1.0,0.291,0.641,0.269,0.063,0.732,0.849,0.092,0.252,0.859,0.615,0.226,0.2,0.224,0.871,0.082,0.71,0.705,0.083,0.366,0.791,0.9,0.496,0.745,0.964,0.637,0.587,0.472,0.84,0.455,0.028,0.776,0.241,0.949,0.028,0.246,0.849,0.84,0.811,0.93,0.253
1.0,0.674,0.854,0.017,0.09,0.029,0.059,0.282,0.567,0.74,0.332,0.096,0.149,0.211,0.325,0.238,0.111,0.109,0.609,0.452,0.637,0.438,0.173,0.411,0.947,0.2,0.516,0.845,0.056,0.715,0.306,0.236,0.586,0.068,0.938,0.66,0.293,0.439,0.786,0.913,0.945
0.0,0.356,0.815,0.395,0.542,0.133,0.675,0.254,0.387,0.25,0.397,0.729,0.29,0.82,0.335,0.873,0.573,0.301,0.107,0.788,0.767,0.788,0.197,0.097,0.196,0.409,0.078,0.02,0.533,0.32,0.655,0.498,0.957,0.17,0.575,0.298,0.515,0.716,0.016,0.464,0.656
1.0,0.548,0.178,0.311,0.925,0.629,0.726,0.59,0.872,0.406,0.022,0.661,0.363,0.005,0.036,0.786,0.917,0.262,0.801,0.963,0.921,0.129,0.729,0.462,0.966,0.623,0.57,0.116,0.733,0.789,0.439,0.734,0.29,0.631,0.283,0.136,0.388,0.429,0.662,0.871,0.524
1.0,0.622,0.302,0.855,0.688,0.03,0.723,0.937,0.734,0.166,0.892,0.427,0.665,0.48,0.275,0.578,0.853,0.879,0.605,0.348,0.218,0.905,0.951,0.671,0.776,0.735,0.103,0.737,0.414,0.755,0.495,0.543,0.969,0.138,0.533,0.592,0.689,0.192,0.685,0.907,0.13
0.0,0.132,0.579,0.249,0.815,0.704,0.1,0.562,0.448,0.102,0.075,0.463,0.252,0.513,0.622,0.194,0.204,0.83,0.656,0.998,0.464,0.387,0.731,0.994,0.627,0.238,0.618,0.399,0.577,0.54,0.001,0.151,0.147,0.006,0.925,0.084,0.56,0.564,0.443,0.291,0.718
0.0,0.396,0.238,0.99,0.108,0.926,0.785,0.407,0.062,0.736,0.535,0.543,0.918,0.362,0.33,0.402,0.852,0.594,0.269,0.964,0.059,0.039,0.977,0.979,0.239,0.776,0.526,0.621,0.013,0.218,0.426,0.965,0.195,0.761,0.812,0.56,0.988,0.195,0.761,0.595,0.158
1.0,0.957,0.265,0.394,0.777,0.028,0.528,0.729,0.1,0.899,0.837,0.726,0.066,0.969,0.593,0.181,0.371,0.832,0.71,0.264,0.995,0.783,0.239,0.263,0.272,0.692,0.281,0.152,0.262,0.313,0.642,0.427,0.68,0.559,0.028,0.094,0.816,0.831,0.786,0.075,0.917
1.0,0.968,0.657,0.071,0.557,0.643,0.465,0.931,0.362,0.955,0.308,0.414,0.639,0.446,0.569,0.804,0.223,0.648,0.133,0.341,0.852,0.189,0.082,0.189,0.168,0.435,0.79,0.122,0.618,0.756,0.82,0.938,0.882,0.812,0.838,0.067,0.233,0.853,0.936,0.956,0.649
0.0,0.994,0.106,0.141,0.26,0.275,0.815,0.887,0.479,0.137,0.548,0.431,0.295,0.344,0.188,0.604,0.177,0.557,0.993,0.259,0.596,0.772,0.554,0.889,0.62,0.138,0.717,0.619,0.012,0.092,0.105,0.527,0.111,0.636,0.738,0.247,0.757,0.888,0.848,0.386,0.083
1.0,0.066,0.019,0.744,0.237,0.159,0.334,0.092,0.637,0.293,0.541,0.642,0.28,0.668,0.988,0.112,0.748,0.622,0.086,0.687,0.749,0.386,0.77,0.354,0.713,0.59,0.399,0.438,0.065,0.249,0.182,0.905,0.825,0.619,0.302,0.609,0.039,0.443,0.683,0.018,0.497
0.0,0.727,0.574,0.365,0.895,0.778,0.08,0.98,0.286,0.041,0.676,0.1,0.575,0.241,0.482,0.452,0.536,0.769,0.492,0.888,0.249,0.949,0.47,0.306,0.782,0.653,0.409,0.345,0.195,0.788,0.262,0.31,0.148,0.702,0.376,0.688,0.633,0.427,0.12,0.433,0.893
0.0,0.831,0.52,0.495,0.775,0.087,0.243,0.472,0.679,0.835,0.356,0.718,0.791,0.678,0.536,0.067,0.315,0.549,0.253,0.043,0.166,0.399,0.988,0.935,0.039,0.672,0.051,0.349,0.838,0.43,0.089,0.29,0.322,0.58,0.873,0.216,0.745,0.556,0.215,0.089,0.31
1.0,0.552,0.478,0.773,0.107,0.478,0.518,0.608,0.612,0.538,0.869,0.347,0.155,0.459,0.875,0.441,0.006,0.128,0.395,0.387,0.139,0.392,0.233,0.302,0.281,0.362,0.254,0.102,0.494,0.29,0.99,0.283,0.555,0.046,0.457,0.083,0.155,0.025,0.953,0.024,0.51
0.0,0.59,0.294,0.681,0.526,0.886,0.553,0.579,0.72,0.223,0.326,0.54,0.107,0.953,0.083,0.278,0.427,0.957,0.477,0.616,0.078,0.006,0.72,0.591,0.064,0.694,0.788,0.234,0.889,0.185,0.417,0.507,0.923,0.653,0.589,0.842,0.693,0.375,0.898,0.67,0.031
1.0,0.576,0.732,0.769,0.212,0.837,0.98,0.15,0.386,0.137,0.185,0.312,0.412,0.926,0.051,0.474,0.301,0.704,0.455,0.426,0.613,0.373,0.76,0.387,0.723,0.594,0.313,0.91,0.831,0.298,0.201,0.414,0.853,0.177,0.758,0.252,0.618,0.412,0.393,0.024,0.005
1.0,0.979,0.779,0.13,0.203,0.076,0.732,0.133,0.418,0.44,0.187,0.782,0.534,0.313,0.235,0.236,0.979,0.756,0.034,0.95,0.462,0.252,0.674,0.484,0.051,0.126,0.859,0.506,0.529,0.49,0.534,0.536,0.229,0.212,0.596,0.904,0.967,0.924,0.324,0.458,0.053
1.0,0.902,0.827,0.784,0.077,0.153,0.411,0.327,0.011,0.765,0.67,0.833,0.497,0.441,0.483,0.465,0.395,0.26,0.335,0.656,0.035,0.785,0.441,0.284,0.375,0.11,0.304,0.712,0.756,0.89,0.735,0.77,0.831,0.893,0.064,0.118,0.492,0.948,0.993,0.519,0.939
1.0,0.85,0.452,0.183,0.421,0.835,0.025,0.641,0.836,0.363,0.469,0.754,0.016,0.076,0.683,0.222,0.584,0.281,0.62,0.395,0.118,0.756,0.329,0.575,0.124,0.952,0.095,0.541,0.106,0.942,0.899,0.157,0.125,0.042,0.06,0.456,0.147,0.637,0.348,0.572,0.27
0.0,0.736,0.948,0.322,0.17,0.223,0.081,0.501,0.597,0.563,0.887,0.339,0.593,0.525,0.715,0.693,0.698,0.504,0.116,0.864,0.038,0.223,0.692,0.891,0.326,0.131,0.583,0.06,0.966,0.041,0.154,0.811,0.694,0.369,0.357,0.826,0.027,0.696,0.981,0.183,0.102
1.0,0.011,0.651,0.18,0.7,0.229,0.448,0.033,0.727,0.436,0.191,0.252,0.756,0.85,0.835,0.872,0.376,0.593,0.68,0.5,0.663,0.311,0.256,0.366,0.416,0.538,0.342,0.862,0.212,0.169,0.392,0.693,0.15,0.065,0.28,0.45,0.302,0.676,0.529,0.628,0.691
0.0,0.861,0.265,0.657,0.089,0.713,0.23,0.257,0.627,0.304,0.389,0.324,0.179,0.856,0.683,0.209,0.682,0.443,0.552,0.107,0.286,0.23,0.668,0.038,0.949,0.485,0.024,0.34,0.345,0.162,0.482,0.183,0.969,0.723,0.691,0.143,0.014,0.893,0.777,0.001,0.209
0.0,0.321,0.787,0.675,0.359,0.279,0.739,0.942,0.47,0.847,0.646,0.95,0.749,0.362,0.755,0.353,0.239,0.658,0.627,0.418,0.642,0.71,0.511,0.857,0.467,0.567,0.098,0.547,0.469,0.094,0.641,0.993,0.494,0.99,0.112,0.115,0.737,0.518,0.06,0.947,0.471
1.0,0.943,0.997,0.025,0.905,0.274,0.895,0.487,0.809,0.776,0.663,0.564,0.025,0.218,0.983,0.424,0.879,0.052,0.686,0.836,0.726,0.225,0.518,0.481,0.747,0.694,0.667,0.35,0.269,0.727,0.318,0.94,0.723,0.451,0.624,0.448,0.98,0.241,0.983,0.199,0.796
1.0,0.597,0.1,0.763,0.948,0.809,0.789,0.331,0.208,0.018,0.641,0.811,0.137,0.035,0.881,0.024,0.389,0.152,0.029,0.296,0.345,0.552,0.262,0.087,0.011,0.987,0.085,0.481,0.786,0.232,0.707,0.858,0.509,0.538,0.396,0.1,0.3,0.986,0.39,0.203,0.349
1.0,0.345,0.99,0.753,0.205,0.217,0.346,0.636,0.916,0.375,0.246,0.573,0.294,0.611,0.959,0.674,0.575,0.458,0.263,0.753,0.293,0.618,0.506,0.169,0.427,0.9,0.51,0.245,0.321,0.344,0.62,0.116,0.856,0.238,0.331,0.965,0.592,0.386,0.789,0.071,0.823
1.0,0.497,0.355,0.136,0.734,0.802,0.197,0.341,0.198,0.564,0.599,0.634,0.758,0.62,0.197,0.643,0.066,0.926,0.023,0.232,0.515,0.693,0.528,0.447,0.057,0.037,0.636,0.344,0.663,0.506,0.315,0.951,0.275,0.823,0.447,0.139,0.584,0.441,0.178,0.674,0.856
0.0,0.415,0.272,0.784,0.636,0.391,0.09,0.175,0.099,0.097,0.268,0.337,0.422,0.457,0.099,0.494,0.057,0.701,0.27,0.93,0.511,0.66,0.078,0.954,0.502,0.579,0.527,0.174,0.105,0.175,0.007,0.761,0.016,0.5,0.579,0.319,0.576,0.417,0.547,0.767,0.198
1.0,0.358,0.582,0.151,0.065,0.721,0.439,0.529,0.497,0.236,0.179,0.695,0.192,0.75,0.008,0.414,0.813,0.709,0.443,0.594,0.367,0.174,0.916,0.783,0.851,0.787,0.041,0.887,0.648,0.219,0.97,0.31,0.216,0.652,0.065,0.736,0.422,0.851,0.461,0.187,0.889
0.0,0.81,0.259,0.25,0.533,0.316,0.652,0.728,0.481,0.096,0.198,0.768,0.144,0.672,0.001,0.24,0.761,0.145,0.28,0.477,0.86,0.051,0.255,0.817,0.534,0.778,0.993,0.866,0.144,0.365,0.828,0.767,0.397,0.434,0.382,0.215,0.798,0.995,0.967,0.671,0.425
0.0,0.181,0.44,0.814,0.108,0.459,0.418,0.02,0.442,0.711,0.479,0.719,0.805,0.03,0.822,0.77,0.132,0.808,0.998,0.287,0.675,0.478,0.71,0.381,0.408,0.179,0.627,0.255,0.346,0.852,0.306,0.733,0.492,0.442,0.989,0.55,0.853,0.942,0.961,0.068,0.754
1.0,0.188,0.102,0.571,0.622,0.511,0.689,0.828,0.391,0.554,0.246,0.769,0.11,0.883,0.805,0.791,0.73,0.474,0.661,0.195,0.69,0.466,0.712,0.73,0.212,0.141,0.136,0.573,0.036,0.544,0.967,0.503,0.603,0.65,0.088,0.27,0.462,0.806,0.262,0.59,0.37
1.0,0.916,0.458,0.294,0.619,0.083,0.606,0.261,0.602,0.474,0.589,0.951,0.282,0.029,0.978,0.019,0.878,0.823,0.542,0.595,0.784,0.886,0.348,0.743,0.691,0.227,0.754,0.83,0.93,0.009,0.744,0.295,0.582,0.277,0.562,0.928,0.368,0.386,0.411,0.25,0.81
0.0,0.219,0.493,0.232,0.417,0.686,0.809,0.901,0.419,0.577,0.947,0.778,0.47,0.649,0.043,0.377,0.722,0.532,0.485,0.544,0.056,0.523,0.761,0.125,0.94,0.22,0.59,0.792,0.004,0.726,0.609,0.452,0.579,0.767,0.605,0.13,0.732,0.09,0.153,0.406,0.899
0.0,0.728,0.091,0.303,0.183,0.901,0.883,0.302,0.633,0.078,0.718,0.955,0.053,0.76,0.611,0.487,0.72,0.994,0.098,0.564,0.677,0.069,0.406,0.444,0.275,0.774,0.764,0.606,0.019,0.005,0.373,0.125,0.219,0.405,0.733,0.886,0.716,0.422,0.543,0.991,0.229
0.0,0.798,0.308,0.596,0.846,0.702,0.252,0.85,0.269,0.669,0.088,0.284,0.751,0.039,0.95,0.26,0.825,0.387,0.952,0.056,0.782,0.744,0.501,0.895,0.658,0.836,0.442,0.42,0.698,0.986,0.503,0.144,0.751,0.909,0.068,0.587,0.653,0.893,0.91,0.539,0.668
0.0,0.698,0.423,0.147,0.663,0.892,0.763,0.305,0.429,0.539,0.153,0.343,0.907,0.442,0.933,0.929,0.064,0.008,0.806,0.427,0.859,0.483,0.818,0.505,0.082,0.294,0.761,0.717,0.597,0.673,0.099,0.531,0.509,0.452,0.048,0.683,0.425,0.129,0.576,0.568,0.523
0.0,0.942,0.884,0.631,0.227,0.543,0.128,0.197,0.544,0.554,0.53,0.573,0.94,0.158,0.69,0.188,0.506,0.454,0.35,0.603,0.937,0.469,0.711,0.828,0.126,0.907,0.08,0.382,0.566,0.948,0.752,0.818,0.739,0.344,0.982,0.817,0.027,0.414,0.272,0.436,0.635
0.0,0.315,0.626,0.406,0.445,0.798,0.647,0.391,0.829,0.895,0.013,0.975,0.794,0.932,0.729,0.995,0.276,0.685,0.929,0.268,0.433,0.523,0.811,0.782,0.743,0.262,0.558,0.638,0.196,0.823,0.403,0.935,0.148,0.437,0.169,0.118,0.765,0.237,0.668,0.415,0.032
1.0,0.77,0.997,0.189,0.093,0.601,0.471,0.821,0.639,0.73,0.792,0.482,0.088,0.975,0.568,0.808,0.33,0.184,0.414,0.935,0.465,0.261,0.555,0.163,0.836,0.872,0.834,0.008,0.755,0.904,0.691,0.545,0.286,0.542,0.6,0.032,0.507,0.963,0.121,0.121,0.835
1.0,0.734,0.471,0.051,0.616,0.279,0.442,0.702,0.354,0.304,0.486,0.24,0.105,0.048,0.841,0.333,0.299,0.292,0.13,0.989,0.479,0.106,0.729,0.274,0.384,0.712,0.078,0.081,0.824,0.386,0.065,0.383,0.621,0.991,0.367,0.001,0.193,0.96,0.819,0.854,0.792
1.0,0.8,0.288,0.77,0.098,0.011,0.112,0.239,0.292,0.92,0.911,0.32,0.213,0.165,0.128,0.344,0.868,0.64,0.141,0.558,0.514,0.095,0.287,0.09,0.203,0.556,0.26,0.239,0.894,0.352,0.056,0.588,0.475,0.833,0.379,0.036,0.588,0.698,0.688,0.305,0.452
1.0,0.927,0.699,0.809,0.557,0.572,0.593,0.292,0.381,0.969,0.554,0.464,0.344,0.908,0.936,0.83,0.35,0.994,0.886,0.55,0.905,0.045,0.945,0.547,0.569,0.634,0.048,0.449,0.929,0.597,0.285,0.31,0.345,0.823,0.286,0.598,0.777,0.874,0.39,0.972,0.706
1.0,0.678,0.585,0.075,0.195,0.486,0.42,0.853,0.935,0.944,0.232,0.535,0.432,0.46,0.449,0.189,0.82,0.547,0.929,0.283,0.874,0.111,0.757,0.676,0.54,0.011,0.933,0.801,0.499,0.22,0.985,0.765,0.646,0.554,0.528,0.918,0.741,0.876,0.682,0.095,0.238
0.0,0.913,0.068,0.491,0.127,0.025,0.314,0.58,0.245,0.828,0.622,0.251,0.399,0.113,0.542,0.067,0.98,0.838,0.255,0.428,0.3,0.236,0.789,0.936,0.725,0.404,0.589,0.155,0.842,0.175,0.821,0.277,0.499,0.615,0.881,0.944,0.78,0.867,0.75,0.058,0.178
1.0,0.298,0.7,0.161,0.162,0.053,0.326,0.936,0.456,0.294,0.192,0.946,0.647,0.96,0.255,0.855,0.701,0.084,0.082,0.771,0.866,0.829,0.485,0.618,0.89,0.671,0.155,0.494,0.971,0.885,0.608,0.806,0.068,0.965,0.739,0.839,0.039,0.517,0.486,0.605,0.059
1.0,0.615,0.663,0.035,0.28,0.255,0.723,0.423,0.873,0.5,0.973,0.913,0.676,0.089,0.131,0.096,0.343,0.654,0.637,0.171,0.499,0.015,0.602,0.365,0.418,0.415,0.257,0.28,0.353,0.565,0.158,0.012,0.958,0.601,0.038,0.058,0.482,0.4,0.111,0.569,0.201
1.0,0.111,0.934,0.57,0.545,0.733,0.56,0.975,0.747,0.593,0.712,0.331,0.176,0.674,0.863,0.483,0.221,0.515,0.358,0.452,0.237,0.231,0.049,0.37,0.427,0.718,0.98,0.981,0.586,0.575,0.997,0.067,0.421,0.999,0.225,0.542,0.5,0.116,0.221,0.576,0.839
0.0,0.466,0.406,0.767,0.466,0.704,0.806,0.8,0.018,0.035,0.7,0.496,0.616,0.642,0.116,0.18,0.522,0.553,0.689,0.403,0.203,0.669,0.309,0.844,0.373,0.952,0.735,0.719,0.483,0.754,0.986,0.495,0.954,0.321,0.815,0.8,0.886,0.596,0.19,0.783,0.65
1.0,0.094,0.911,0.221,0.396,0.576,0.189,0.133,0.454,0.77,0.389,0.83,0.227,0.185,0.825,0.102,0.823,0.746,0.476,0.294,0.738,0.457,0.642,0.205,0.092,0.944,0.864,0.838,0.455,0.939,0.743,0.335,0.047,0.357,0.067,0.385,0.017,0.885,0.354,0.42,0.875
1.0,0.109,0.592,0.066,0.628,0.694,0.456,0.991,0.05,0.738,0.206,0.162,0.759,0.328,0.535,0.684,0.606,0.455,0.715,0.95,0.695,0.055,0.754,0.167,0.299,0.455,0.196,0.226,0.488,0.461,0.106,0.551,0.155,0.994,0.663,0.293,0.234,0.12,0.618,0.538,0.505
1.0,0.444,0.173,0.125,0.864,0.222,0.999,0.892,0.401,0.436,0.86,0.79,0.031,0.625,0.632,0.925,0.079,0.806,0.538,0.828,0.531,0.362,0.475,0.375,0.385,0.982,0.935,0.325,0.015,0.342,0.103,0.408,0.239,0.597,0.8,0.079,0.567,0.498,0.831,0.238,0.899
1.0,0.681,0.393,0.11,0.366,0.659,0.652,0.427,0.984,0.827,0.493,0.031,0.099,0.319,0.146,0.906,0.449,0.071,0.795,0.586,0.325,0.034,0.155,0.334,0.092,0.089,0.842,0.485,0.426,0.191,0.156,0.779,0.738,0.385,0.887,0.743,0.523,0.877,0.677,0.203,0.834
0.0,0.031,0.566,0.934,0.673,0.155,0.344,0.833,0.773,0.096,0.762,0.283,0.584,0.118,0.824,0.801,0.36,0.395,0.969,0.855,0.036,0.311,0.403,0.067,0.981,0.551,0.835,0.534,0.416,0.666,0.283,0.646,0.197,0.118,0.447,0.609,0.915,0.172,0.856,0.142,0.281
1.0,0.695,0.43,0.073,0.668,0.206,0.832,0.457,0.051,0.098,0.148,0.51,0.268,0.332,0.181,0.731,0.675,0.792,0.439,0.278,0.158,0.197,0.906,0.118,0.631,0.18,0.854,0.289,0.269,0.124,0.607,0.148,0.008,0.164,0.474,0.976,0.637,0.879,0.846,0.795,0.07
0.0,0.026,0.047,0.409,0.627,0.878,0.829,0.962,0.704,0.957,0.932,0.349,0.864,0.812,0.64,0.958,0.445,0.161,0.812,0.842,0.997,0.897,0.91,0.63,0.363,0.336,0.513,0.622,0.598,0.781,0.576,0.722,0.307,0.789,0.153,0.395,0.037,0.463,0.675,0.903,0.803
1.0,0.291,0.625,0.818,0.32,0.811,0.183,0.317,0.643,0.72,0.041,0.171,0.437,0.127,0.544,0.589,0.028,0.121,0.9,0.902,0.882,0.694,0.91,0.026,0.552,0.092,0.524,0.642,0.842,0.826,0.333,0.11,0.48,0.913,0.648,0.876,0.707,0.444,0.474,0.796,0.898
1.0,0.282,0.593,0.353,0.776,0.81,0.274,0.61,0.453,0.76,0.377,0.949,0.055,0.671,0.203,0.671,0.546,0.576,0.529,0.982,0.404,0.442,0.291,0.512,0.422,0.93,0.035,0.939,0.071,0.846,0.172,0.251,0.584,0.838,0.558,0.825,0.138,0.857,0.3,0.25,0.437
0.0,0.87,0.494,0.647,0.357,0.849,0.089,0.99,0.034,0.404,0.941,0.109,0.731,0.444,0.147,0.78,0.62,0.842,0.656,0.183,0.354,0.123,0.124,0.653,0.663,0.226,0.988,0.943,0.917,0.434,0.948,0.83,0.163,0.151,0.211,0.038,0.751,0.976,0.759,0.965,0.747
1.0,0.029,0.617,0.818,0.262,0.962,0.434,0.88,0.608,0.897,0.314,0.09,0.071,0.673,0.877,0.277,0.064,0.709,0.07,0.618,0.187,0.312,0.348,0.109,0.333,0.195,0.964,0.073,0.651,0.216,0.811,0.804,0.215,0.671,0.064,0.418,0.416,0.843,0.834,0.488,0.799
1.0,0.103,0.596,0.936,0.963,0.063,0.327,0.125,0.399,0.259,0.371,0.509,0.111,0.672,0.781,0.37,0.054,0.861,0.102,0.717,0.668,0.384,0.285,0.447,0.761,0.727,0.914,0.452,0.281,0.617,0.577,0.109,0.262,0.834,0.202,0.964,0.254,0.682,0.82,0.144,0.395
1.0,0.105,0.833,0.375,0.678,0.582,0.817,0.492,0.183,0.143,0.328,0.716,0.705,0.066,0.247,0.366,0.271,0.636,0.164,0.219,0.548,0.515,0.42,0.327,0.806,0.238,0.458,0.135,0.711,0.947,0.287,0.02,0.164,0.592,0.338,0.857,0.495,0.268,0.432,0.929,0.194
0.0,0.294,0.449,0.379,0.796,0.318,0.199,0.81,0.363,0.928,0.267,0.665,0.997,0.962,0.748,0.176,0.679,0.061,0.642,0.876,0.145,0.234,0.276,0.487,0.609,0.181,0.6,0.098,0.74,0.987,0.317,0.117,0.918,0.183,0.501,0.364,0.881,0.144,0.623,0.82,0.023
1.0,0.262,0.791,0.244,0.974,0.653,0.172,0.099,0.807,0.195,0.156,0.581,0.449,0.75,0.348,0.392,0.263,0.945,0.702,0.859,0.124,0.33,0.657,0.655,0.84,0.328,0.201,0.418,0.899,0.578,0.356,0.916,0.407,0.531,0.253,0.198,0.712,0.626,0.998,0.692,0.64
1.0,0.449,0.508,0.608,0.804,0.0,0.259,0.033,0.455,0.867,0.689,0.41,0.252,0.043,0.889,0.625,0.928,0.11,0.045,0.47,0.527,0.586,0.036,0.323,0.137,0.998,0.261,0.794,0.132,0.72,0.897,0.763,0.458,0.582,0.097,0.273,0.983,0.825,0.063,0.725,0.747
1.0,0.493,0.162,0.258,0.145,0.066,0.692,0.374,0.512,0.07,0.432,0.765,0.274,0.962,0.817,0.074,0.308,0.398,0.912,0.36,0.288,0.415,0.929,0.415,0.904,0.492,0.433,0.89,0.889,0.584,0.247,0.783,0.923,0.286,0.94,0.916,0.156,0.827,0.964,0.409,0.61
0.0,0.068,0.508,0.899,0.059,0.189,0.62,0.162,0.78,0.659,0.669,0.732,0.066,0.138,0.107,0.332,0.823,0.953,0.498,0.437,0.513,0.576,0.423,0.886,0.722,0.676,0.158,0.659,0.791,0.368,0.754,0.553,0.873,0.358,0.713,0.426,0.679,0.054,0.971,0.503,0.968
1.0,0.354,0.332,0.125,0.502,0.181,0.55,0.671,0.285,0.468,0.112,0.457,0.152,0.202,0.002,0.467,0.263,0.906,0.403,0.264,0.715,0.578,0.973,0.437,0.406,0.663,0.895,0.262,0.758,0.176,0.662,0.988,0.272,0.304,0.252,0.381,0.281,0.763,0.153,0.213,0.242
1.0,0.916,0.346,0.595,0.715,0.475,0.638,0.191,0.622,0.291,0.395,0.684,0.546,0.463,0.322,0.744,0.181,0.721,0.251,0.223,0.641,0.078,0.5,0.771,0.205,0.33,0.007,0.966,0.29,0.922,0.803,0.379,0.137,0.839,0.084,0.242,0.66,0.185,0.508,0.624,0.729
0.0,0.647,0.942,0.232,0.926,0.945,0.435,0.975,0.245,0.137,0.377,0.11,0.454,0.179,0.429,0.792,0.483,0.57,0.675,0.786,0.237,0.876,0.196,0.374,0.629,0.024,0.839,0.224,0.156,0.657,0.445,0.05,0.522,0.335,0.393,0.848,0.347,0.261,0.565,0.745,0.905
1.0,0.414,0.585,0.73,0.462,0.046,0.562,0.601,0.022,0.453,0.374,0.586,0.436,0.774,0.338,0.872,0.601,0.444,0.537,0.413,0.351,0.566,0.479,0.453,0.915,0.412,0.541,0.551,0.2,0.224,0.738,0.381,0.275,0.592,0.574,0.147,0.422,0.696,0.055,0.693,0.269
0.0,0.588,0.553,0.69,0.467,0.974,0.767,0.549,0.811,0.09,0.172,0.608,0.864,0.262,0.704,0.667,0.288,0.773,0.924,0.356,0.592,0.432,0.198,0.517,0.13,0.713,0.269,0.52,0.071,0.188,0.472,0.816,0.25,0.635,0.839,0.598,0.388,0.201,0.847,0.574,0.769
0.0,0.133,0.113,0.511,0.48,0.286,0.032,0.421,0.17,0.139,0.632,0.032,0.83,0.079,0.11,0.23,0.369,0.073,0.445,0.232,0.531,0.951,0.158,0.923,0.184,0.977,0.253,0.857,0.336,0.397,0.768,0.071,0.209,0.274,0.518,0.707,0.271,0.219,0.249,0.54,0.607
0.0,0.446,0.455,0.011,0.453,0.03,0.752,0.276,0.461,0.796,0.933,0.154,0.156,0.065,0.679,0.261,0.322,0.177,0.928,0.881,0.039,0.788,0.518,0.852,0.454,0.205,0.936,0.887,0.808,0.938,0.325,0.169,0.148,0.225,0.969,0.841,0.682,0.068,0.333,0.33,0.607
0.0,0.811,0.166,0.594,0.142,0.882,0.049,0.913,0.341,0.465,0.951,0.164,0.331,0.111,0.441,0.727,0.59,0.213,0.349,0.414,0.516,0.686,0.774,0.149,0.451,0.594,0.74,0.762,0.931,0.801,0.04,0.399,0.353,0.211,0.781,0.139,0.34,0.588,0.601,0.436,0.503
1.0,0.014,0.835,0.704,0.763,0.112,0.063,0.161,0.194,0.873,0.143,0.803,0.611,0.086,0.897,0.428,0.395,0.591,0.62,0.713,0.093,0.801,0.226,0.759,0.154,0.839,0.214,0.803,0.832,0.068,0.561,0.119,0.955,0.402,0.098,0.003,0.232,0.043,0.739,0.326,0.393
1.0,0.577,0.997,0.721,0.128,0.575,0.667,0.967,0.161,0.422,0.231,0.57,0.017,0.692,0.33,0.662,0.656,0.695,0.573,0.953,0.688,0.006,0.109,0.749,0.371,0.493,0.827,0.61,0.634,0.335,0.486,0.879,0.227,0.995,0.272,0.939,0.444,0.094,0.186,0.268,0.438
1.0,0.225,0.351,0.644,0.055,0.117,0.64,0.985,0.352,0.083,0.964,0.387,0.743,0.784,0.934,0.955,0.832,0.927,0.242,0.314,0.393,0.062,0.523,0.097,0.916,0.241,0.916,0.781,0.645,0.343,0.275,0.595,0.045,0.095,0.319,0.914,0.142,0.651,0.882,0.302,0.815
0.0,0.853,0.284,0.184,0.028,0.673,0.645,0.812,0.201,0.217,0.157,0.844,0.91,0.537,0.29,0.979,0.705,0.472,0.942,0.692,0.813,0.966,0.849,0.274,0.775,0.019,0.757,0.221,0.864,0.717,0.919,0.107,0.847,0.734,0.215,0.436,0.463,0.169,0.002,0.866,0.98
0.0,0.537,0.512,0.95,0.293,0.409,0.025,0.386,0.899,0.806,0.781,0.208,0.859,0.803,0.692,0.548,0.098,0.474,0.078,0.077,0.449,0.378,0.427,0.467,0.865,0.975,0.106,0.626,0.773,0.244,0.71,0.516,0.877,0.466,0.523,0.988,0.791,0.821,0.549,0.108,0.844
0.0,0.964,0.915,0.607,0.565,0.691,0.422,0.316,0.918,0.896,0.747,0.827,0.248,0.098,0.981,0.689,0.349,0.987,0.433,0.564,0.776,0.729,0.877,0.64,0.425,0.148,0.921,0.703,0.435,0.74,0.382,0.711,0.179,0.752,0.825,0.297,0.912,0.85,0.262,0.395,0.103
1.0,0.235,0.054,0.175,0.191,0.283,0.097,0.596,0.531,0.867,0.087,0.911,0.621,0.939,0.086,0.6,0.371,0.869,0.243,0.269,0.091,0.998,0.703,0.078,0.726,0.545,0.152,0.516,0.964,0.843,0.674,0.962,0.611,0.288,0.068,0.931,0.456,0.4,0.502,0.737,0.67
0.0,0.394,0.017,0.307,0.504,0.298,0.707,0.589,0.908,0.516,0.627,0.264,0.937,0.194,0.906,0.249,0.471,0.641,0.621,0.614,0.91,0.346,0.727,0.411,0.725,0.702,0.063,0.721,0.131,0.636,0.757,0.538,0.412,0.113,0.878,0.826,0.016,0.403,0.239,0.455,0.005
0.0,0.477,0.661,0.161,0.372,0.461,0.755,0.12,0.863,0.212,0.371,0.711,0.347,0.678,0.735,0.081,0.141,0.884,0.103,0.469,0.684,0.862,0.326,0.893,0.037,0.531,0.474,0.493,0.546,0.62,0.982,0.082,0.055,0.31,0.74,0.174,0.294,0.335,0.625,0.335,0.179
1.0,0.702,0.621,0.18,0.779,0.051,0.056,0.494,0.446,0.329,0.42,0.053,0.314,0.703,0.326,0.509,0.426,0.017,0.42,0.475,0.085,0.706,0.627,0.043,0.171,0.132,0.465,0.08,0.672,0.705,0.42,0.402,0.249,0.708,0.852,0.18,0.623,0.19,0.178,0.066,0.656
0.0,0.206,0.186,0.095,0.085,0.922,0.264,0.958,0.322,0.463,0.219,0.545,0.127,0.97,0.35,0.343,0.126,0.182,0.81,0.188,0.622,0.124,0.928,0.771,0.288,0.641,0.616,0.167,0.416,0.669,0.657,0.146,0.868,0.861,0.782,0.314,0.258,0.754,0.45,0.623,0.646
1.0,0.01,0.831,0.026,0.029,0.376,0.676,0.989,0.646,0.968,0.906,0.49,0.738,0.307,0.358,0.947,0.368,0.896,0.176,0.557,0.725,0.517,0.957,0.333,0.506,0.061,0.015,0.768,0.808,0.263,0.63,0.096,0.86,0.415,0.904,0.113,0.478,0.676,0.045,0.929,0.77
0.0,0.173,0.902,0.707,0.863,0.413,0.469,0.273,0.71,0.251,0.498,0.293,0.771,0.62,0.22,0.882,0.169,0.473,0.326,0.515,0.466,0.718,0.76,0.909,0.671,0.858,0.48,0.508,0.045,0.032,0.027,0.794,0.97,0.464,0.214,0.702,0.813,0.555,0.478,0.436,0.319
1.0,0.021,0.968,0.312,0.606,0.504,0.866,0.909,0.69,0.157,0.695,0.23,0.729,0.951,0.553,0.232,0.788,0.912,0.642,0.818,0.127,0.489,0.024,0.426,0.072,0.268,0.161,0.022,0.774,0.36,0.605,0.851,0.459,0.158,0.828,0.901,0.656,0.507,0.192,0.158,0.408
0.0,0.421,0.767,0.682,0.092,0.287,0.746,0.521,0.622,0.462,0.316,0.885,0.836,0.389,0.523,0.928,0.736,0.129,0.459,0.599,0.686,0.191,0.524,0.342,0.425,0.116,0.017,0.481,0.346,0.668,0.775,0.245,0.851,0.405,0.812,0.438,0.156,0.553,0.3,0.625,0.368
1.0,0.384,0.721,0.264,0.531,0.303,0.647,0.045,0.836,0.755,0.808,0.426,0.756,0.121,0.845,0.387,0.163,0.796,0.218,0.703,0.697,0.418,0.431,0.223,0.486,0.268,0.429,0.993,0.513,0.747,0.178,0.242,0.623,0.667,0.362,0.383,0.847,0.105,0.718,0.616,0.956
0.0,0.792,0.125,0.97,0.703,0.015,0.051,0.551,0.0,0.395,0.162,0.052,0.919,0.343,0.326,0.874,0.576,0.578,0.013,0.32,0.236,0.181,0.682,0.634,0.703,0.495,0.944,0.663,0.969,0.834,0.179,0.354,0.813,0.741,0.156,0.649,0.9,0.899,0.652,0.185,0.97
0.0,0.71,0.059,0.163,0.399,0.151,0.927,0.627,0.367,0.145,0.715,0.108,0.225,0.106,0.695,0.388,0.007,0.525,0.026,0.554,0.268,0.348,0.594,0.531,0.357,0.092,0.158,0.836,0.221,0.467,0.956,0.836,0.017,0.297,0.162,0.697,0.912,0.436,0.767,0.221,0.293
1.0,0.334,0.887,0.392,0.222,0.053,0.039,0.138,0.784,0.877,0.426,0.871,0.543,0.927,0.652,0.692,0.189,0.983,0.892,0.239,0.504,0.65,0.529,0.673,0.455,0.801,0.406,0.879,0.861,0.185,0.592,0.858,0.461,0.465,0.416,0.792,0.67,0.057,0.376,0.744,0.905
1.0,0.424,0.525,0.143,0.854,0.044,0.813,0.618,0.855,0.03,0.076,0.64,0.178,0.315,0.336,0.14,0.468,0.827,0.412,0.794,0.18,0.629,0.439,0.673,0.172,0.607,0.799,0.347,0.026,0.2,0.55,0.59,0.84,0.999,0.089,0.042,0.437,0.341,0.033,0.473,0.05
1.0,0.172,0.137,0.016,0.821,0.168,0.732,0.991,0.321,0.698,0.673,0.39,0.126,0.254,0.815,0.886,0.022,0.759,0.388,0.216,0.491,0.326,0.144,0.166,0.446,0.265,0.949,0.506,0.514,0.192,0.498,0.647,0.466,0.869,0.701,0.874,0.866,0.868,0.818,0.499,0.124
0.0,0.236,0.328,0.047,0.221,0.629,0.822,0.525,0.931,0.633,0.896,0.403,0.181,0.679,0.258,0.183,0.347,0.101,0.758,0.14,0.749,0.426,1.0,0.975,0.623,0.017,0.852,0.685,0.628,0.178,0.417,0.378,0.155,0.903,0.229,0.506,0.521,0.921,0.783,0.822,0.421
1.0,0.402,0.883,0.661,0.738,0.371,0.992,0.308,0.438,0.474,0.324,0.448,0.737,0.413,0.211,0.16,0.482,0.584,0.966,0.091,0.754,0.504,0.101,0.128,0.823,0.806,0.131,0.881,0.858,0.59,0.696,0.691,0.301,0.971,0.221,0.739,0.561,0.202,0.854,0.186,0.614
0.0,0.254,0.54,0.438,0.788,0.012,0.813,0.442,0.119,0.51,0.255,0.176,0.671,0.645,0.073,0.763,0.721,0.297,0.757,0.667,0.558,0.562,0.162,0.282,0.951,0.515,0.259,0.647,0.707,0.235,0.954,0.779,0.085,0.786,0.813,0.46,0.064,0.448,0.186,0.005,0.577
1.0,0.389,0.902,0.776,0.625,0.459,0.605,0.479,0.328,0.228,0.088,0.502,0.423,0.436,0.244,0.819,0.745,0.615,0.528,0.881,0.317,0.131,0.772,0.336,0.7,0.998,0.57,0.864,0.018,0.001,0.841,0.974,0.128,0.172,0.2,0.406,0.589,0.026,0.03,0.784,0.157
0.0,0.343,0.948,0.579,0.256,0.873,0.428,0.741,0.698,0.283,0.405,0.507,0.748,0.527,0.315,0.652,0.883,0.454,0.771,0.785,0.215,0.927,0.39,0.259,0.204,0.838,0.325,0.61,0.776,0.588,0.995,0.04,0.383,0.031,0.783,0.338,0.077,0.206,0.424,0.744,0.572
0.0,0.947,0.84,0.208,0.219,0.315,0.711,0.477,0.531,0.628,0.772,0.324,0.469,0.438,0.055,0.945,0.41,0.84,0.253,0.847,0.103,0.707,0.272,0.902,0.388,0.786,0.328,0.159,0.512,0.584,0.393,0.929,0.878,0.151,0.348,0.833,0.405,0.623,0.997,0.722,0.915
1.0,0.59,0.705,0.366,0.193,0.035,0.766,0.115,0.68,0.965,0.066,0.569,0.037,0.084,0.896,0.201,0.249,0.52,0.262,0.494,0.603,0.333,0.488,0.752,0.314,0.173,0.261,0.664,0.08,0.619,0.348,0.13,0.713,0.904,0.181,0.371,0.805,0.793,0.376,0.216,0.941
0.0,0.778,0.155,0.855,0.955,0.06,0.462,0.803,0.164,0.251,0.477,0.101,0.262,0.094,0.294,0.777,0.971,0.007,0.955,0.563,0.248,0.939,0.174,0.978,0.745,0.554,0.693,0.248,0.903,0.565,0.013,0.012,0.505,0.28,0.155,0.693,0.385,0.946,0.745,0.913,0.893
1.0,0.728,0.678,0.89,0.29,0.801,0.442,0.393,0.626,0.107,0.816,0.17,0.066,0.07,0.017,0.292,0.033,0.826,0.283,0.635,0.037,0.345,0.711,0.233,0.096,0.705,0.528,0.716,0.923,0.244,0.139,0.757,0.626,0.038,0.478,0.69,0.148,0.268,0.925,0.325,0.186
0.0,0.653,0.117,0.665,0.669,0.01,0.191,0.104,0.631,0.006,0.444,0.7,0.076,0.073,0.411,0.019,0.353,0.453,0.736,0.812,0.123,0.886,0.081,0.999,0.891,0.891,0.175,0.663,0.376,0.214,0.334,0.925,0.043,0.465,0.131,0.342,0.861,0.552,0.847,0.927,0.575
1.0,0.123,0.127,0.924,0.636,0.399,0.364,0.029,0.541,0.425,0.504,0.975,0.091,0.479,0.355,0.539,0.532,0.993,0.04,0.852,0.193,0.595,0.55,0.167,0.334,0.372,0.271,0.697,0.938,0.797,0.238,0.767,0.668,0.281,0.574,0.582,0.2,0.46,0.546,0.761,0.249
1.0,0.25,0.469,0.688,0.879,0.941,0.952,0.559,0.614,0.201,0.741,0.82,0.102,0.979,0.189,0.01,0.313,0.601,0.173,0.845,0.468,0.67,0.978,0.519,0.706,0.12,0.154,0.397,0.364,0.511,0.926,0.125,0.658,0.783,0.763,0.647,0.729,0.423,0.129,0.384,0.671
1.0,0.418,0.549,0.306,0.66,0.253,0.6,0.27,0.624,0.033,0.469,0.035,0.529,0.806,0.753,0.685,0.048,0.39,0.548,0.092,0.331,0.937,0.155,0.59,0.668,0.894,0.224,0.3,0.872,0.41,0.283,0.287,0.438,0.717,0.687,0.56,0.991,0.657,0.773,0.405,0.383
1.0,0.364,0.277,0.786,0.723,0.551,0.278,0.669,0.073,0.543,0.22,0.718,0.519,0.498,0.09,0.995,0.48,0.344,0.608,0.784,0.848,0.102,0.327,0.708,0.44,0.379,0.397,0.542,0.796,0.369,0.363,0.326,0.879,0.527,0.749,0.8,0.324,0.659,0.166,0.561,0.867
1.0,0.925,0.293,0.211,0.92,0.141,0.88,0.927,0.041,0.296,0.094,0.624,0.696,0.075,0.902,0.017,0.188,0.325,0.352,0.076,0.551,0.331,0.65,0.67,0.984,0.105,0.278,0.259,0.434,0.622,0.127,0.866,0.921,0.313,0.578,0.962,0.751,0.394,0.506,0.421,0.25
0.0,0.027,0.503,0.635,0.215,0.503,0.682,0.183,0.493,0.034,0.545,0.119,0.963,0.882,0.119,0.64,0.166,0.899,0.131,0.938,0.712,0.3,0.105,0.703,0.557,0.272,0.113,0.556,0.839,0.605,0.811,0.104,0.769,0.437,0.107,0.129,0.255,0.794,0.173,0.27,0.875
0.0,0.579,0.753,0.804,0.059,0.865,0.778,0.822,0.198,0.692,0.042,0.989,0.079,0.414,0.315,0.568,0.238,0.303,0.296,0.755,0.809,0.339,0.821,0.517,0.867,0.964,0.622,0.182,0.916,0.212,0.079,0.209,0.217,0.966,0.025,0.179,0.019,0.09,0.803,0.87,0.788
1.0,0.202,0.885,0.967,0.397,0.406,0.535,0.83,0.11,0.982,0.344,0.569,0.734,0.303,0.991,0.852,0.454,0.533,0.512,0.341,0.66,0.994,0.681,0.088,0.883,0.232,0.878,0.849,0.136,0.194,0.907,0.306,0.824,0.424,0.644,0.763,0.677,0.7,0.406,0.254,0.102
1.0,0.982,0.15,0.562,0.611,0.237,0.617,0.622,0.442,0.536,0.906,0.337,0.434,0.947,0.643,0.601,0.838,0.616,0.048,0.515,0.33,0.41,0.572,0.616,0.756,0.446,0.414,0.511,0.369,0.768,0.679,0.525,0.046,0.835,0.014,0.755,0.392,0.488,0.731,0.723,0.013
0.0,0.15,0.525,0.026,0.891,0.716,0.958,0.695,0.209,0.334,0.821,0.256,0.819,0.161,0.288,0.386,0.906,0.819,0.15,0.122,0.628,0.36,0.294,0.988,0.363,0.944,0.89,0.504,0.527,0.589,0.245,0.97,0.426,0.841,0.029,0.731,0.155,0.315,0.106,0.149,0.531
1.0,0.223,0.503,0.44,0.652,0.337,0.388,0.822,0.122,0.194,0.426,0.354,0.303,0.124,0.063,0.801,0.69,0.606,0.847,0.071,0.907,0.034,0.676,0.631,0.51,0.447,0.38,1.0,0.191,0.779,0.184,0.373,0.516,0.072,0.454,0.627,0.571,0.829,0.125,0.938,0.2
0.0,0.688,0.196,0.388,0.233,0.06,0.696,0.268,0.833,0.508,0.525,0.036,0.173,0.599,0.222,0.286,0.294,0.401,0.814,0.66,0.327,0.294,0.289,0.784,0.733,0.346,0.861,0.663,0.202,0.583,0.364,0.559,0.872,0.215,0.639,0.731,0.454,0.637,0.596,0.588,0.352
0.0,0.749,0.531,0.814,0.831,0.932,0.842,0.87,0.935,0.284,0.427,0.231,0.774,0.43,0.866,0.854,0.343,0.429,0.181,0.729,0.406,0.938,0.95,0.764,0.765,0.842,0.509,0.784,0.758,0.811,0.898,0.327,0.202,0.332,0.34,0.227,0.386,0.315,0.246,0.721,0.409
1.0,0.744,0.18,0.208,0.401,0.719,0.66,0.585,0.113,0.458,0.464,0.293,0.055,0.716,0.473,0.838,0.459,0.249,0.195,0.459,0.047,0.198,0.841,0.671,0.952,0.073,0.458,0.365,0.727,0.196,0.606,0.959,0.625,0.413,0.066,0.458,0.599,0.826,0.419,0.536,0.652
1.0,0.772,0.614,0.475,0.651,0.285,0.525,0.238,0.595,0.484,0.726,0.771,0.704,0.121,0.248,0.076,0.76,0.701,0.447,0.385,0.184,0.03,0.683,0.099,0.753,0.727,0.353,0.156,0.238,0.15,0.496,0.383,0.801,0.397,0.119,0.464,0.154,0.065,0.867,0.053,0.474
0.0,0.058,0.749,0.948,0.863,0.945,0.455,0.772,0.681,0.478,0.636,0.522,0.141,0.527,0.125,0.284,0.317,0.959,0.732,0.778,0.877,0.533,0.274,0.794,0.56,0.839,0.447,0.966,0.623,0.262,0.349,0.272,0.609,0.706,0.754,0.524,0.467,0.787,0.749,0.669,0.156
1.0,0.735,0.489,0.111,0.608,0.094,0.742,0.681,0.734,0.884,0.012,0.06,0.056,0.682,0.093,0.706,0.041,0.313,0.051,0.86,0.045,0.763,0.113,0.389,0.297,0.788,0.704,0.92,0.064,0.674,0.994,0.618,0.116,0.02,0.024,0.307,0.43,0.805,0.199,0.808,0.347
0.0,0.998,0.518,0.596,0.384,0.064,0.055,0.634,0.727,0.432,0.684,0.107,0.596,0.68,0.962,0.12,0.326,0.044,0.394,0.852,0.371,0.651,0.411,0.871,0.734,0.95,0.668,0.136,0.87,0.585,0.129,0.933,0.283,0.939,0.922,0.194,0.875,0.284,0.265,0.639,0.311
1.0,0.202,0.035,0.384,0.976,0.56,0.205,0.644,0.512,0.34,0.619,0.278,0.094,0.605,0.831,0.421,0.703,0.368,0.855,0.848,0.232,0.966,0.894,0.632,0.913,0.846,0.741,0.259,0.825,0.555,0.602,0.461,0.875,0.022,0.018,0.234,0.896,0.277,0.779,0.134,0.344
0.0,0.303,0.201,0.385,0.604,0.219,0.871,0.624,0.535,0.444,0.232,0.437,0.59,0.659,0.494,0.92,0.087,0.228,0.929,0.338,0.793,0.561,0.098,0.81,0.849,0.776,0.342,0.04,0.137,0.939,0.226,0.862,0.522,0.509,0.78,0.852,0.298,0.075,0.322,0.164,0.704
1.0,0.581,0.435,0.035,0.235,0.335,0.375,0.172,0.893,0.001,0.795,0.894,0.393,0.729,0.872,0.76,0.592,0.277,0.003,0.459,0.349,0.524,0.921,0.73,0.913,0.293,0.496,0.949,0.383,0.795,0.318,0.028,0.453,0.409,0.042,0.765,0.27,0.958,0.531,0.333,0.227
0.0,0.331,0.12,0.751,0.977,0.929,0.241,0.183,0.701,0.41,0.732,0.75,0.824,0.872,0.348,0.076,0.675,0.781,0.769,0.705,0.126,0.363,0.542,0.199,0.988,0.535,0.965,0.708,0.677,0.342,0.516,0.15,0.54,0.815,0.275,0.877,0.56,0.089,0.299,0.491,0.796
0.0,0.88,0.501,0.116,0.094,0.918,0.725,0.2,0.46,0.1,0.31,0.973,0.264,0.959,0.161,0.904,0.484,0.704,0.934,0.283,0.77,0.41,0.42,0.436,0.775,0.635,0.847,0.1,0.094,0.516,0.523,0.709,0.407,0.174,0.556,0.164,0.939,0.967,0.887,0.797,0.534
0.0,0.745,0.214,0.633,0.081,0.762,0.579,0.299,0.674,0.41,0.274,0.34,0.988,0.402,0.379,0.188,0.832,0.895,0.019,0.54,0.779,0.092,0.626,0.745,0.434,0.392,0.517,0.078,0.995,0.615,0.796,0.774,0.307,0.7,0.62,0.299,0.691,0.344,0.212,0.567,0.119
1.0,0.819,0.277,0.938,0.684,0.687,0.189,0.455,0.032,0.751,0.1,0.645,0.263,0.584,0.179,0.284,0.474,0.373,0.541,0.142,0.692,0.824,0.03,0.249,0.958,0.181,0.084,0.99,0.502,0.456,0.435,0.36,0.277,0.081,0.826,0.26,0.797,0.29,0.747,0.303,0.325
0.0,0.663,0.898,0.619,0.67,0.97,0.304,0.085,0.97,0.961,0.297,0.423,0.168,0.448,0.098,0.74,0.21,0.364,0.5,0.456,0.397,0.646,0.913,0.875,0.533,0.313,0.467,0.817,0.512,0.222,0.011,0.666,0.178,0.3,0.225,0.738,0.098,0.774,0.334,0.752,0.892
1.0,0.118,0.15,0.511,0.859,0.351,0.941,0.821,0.713,0.393,0.534,0.758,0.224,0.141,0.088,0.675,0.136,0.56,0.794,0.348,0.167,0.531,0.798,0.618,0.939,0.276,0.176,0.251,0.79,0.498,0.051,0.899,0.788,0.047,0.171,0.218,0.04,0.507,0.873,0.413,0.417
1.0,0.838,0.504,0.198,0.086,0.537,0.583,0.74,0.931,0.915,0.443,0.727,0.513,0.226,0.224,0.11,0.866,0.355,0.628,0.603,0.908,0.095,0.925,0.392,0.216,0.292,0.989,0.461,0.516,0.531,0.787,0.105,0.03,0.98,0.57,0.3,0.513,0.772,0.849,0.418,0.946
1.0,0.23,0.972,0.7,0.989,0.626,0.153,0.39,0.209,0.436,0.199,0.372,0.326,0.56,0.681,0.216,0.423,0.693,0.903,0.475,0.684,0.199,0.916,0.734,0.985,0.629,0.487,0.389,0.748,0.768,0.85,0.266,0.678,0.785,0.9,0.778,0.545,0.326,0.999,0.892,0.439
0.0,0.559,0.267,0.211,0.337,0.212,0.104,0.886,0.789,0.883,0.146,0.022,0.498,0.651,0.51,0.074,0.151,0.496,0.048,0.612,0.92,0.112,0.417,0.967,0.321,0.899,0.568,0.055,0.967,0.362,0.486,0.759,0.83,0.199,0.501,0.904,0.535,0.594,1.0,0.335,0.491
0.0,0.721,0.081,0.019,0.062,0.901,0.366,0.355,0.154,0.938,0.711,0.244,0.455,0.309,0.631,0.497,0.752,0.667,0.774,0.925,0.197,0.498,0.746,0.408,0.674,0.239,0.965,0.734,0.43,0.25,0.075,0.456,0.737,0.687,0.624,0.745,0.044,0.268,0.916,0.128,0.635
0.0,0.038,0.402,0.731,0.434,0.925,0.918,0.159,0.398,0.302,0.696,0.481,0.063,0.608,0.062,0.809,0.082,0.876,0.118,0.356,0.433,0.553,0.268,0.92,0.945,0.735,0.929,0.941,0.104,0.147,0.879,0.535,0.719,0.952,0.418,0.772,0.413,0.012,0.83,0.505,0.761
0.0,0.25,0.483,0.817,0.514,0.423,0.789,0.364,0.87,0.534,0.16,0.117,0.881,0.465,0.634,0.517,0.13,0.816,0.161,0.456,0.077,0.896,0.05,0.506,0.778,0.299,0.787,0.382,0.098,0.512,0.64,0.632,0.743,0.165,0.79,0.555,0.403,0.595,0.255,0.855,0.49
0.0,0.24,0.405,0.144,0.381,0.143,0.41,0.099,0.4,0.496,0.229,0.604,0.226,0.573,0.062,0.635,0.649,0.365,0.62,0.046,0.811,0.18,0.371,0.286,0.571,0.411,0.278,0.585,0.636,0.286,0.324,0.339,0.596,0.937,0.72,0.371,0.686,0.589,0.842,0.895,0.669
1.0,0.723,0.173,0.238,0.1,0.783,0.547,0.457,0.154,0.82,0.076,0.773,0.121,0.058,0.412,0.842,0.358,0.732,0.446,0.64,0.67,0.103,0.104,0.097,0.271,0.7,0.656,0.796,0.65,0.766,0.159,0.725,0.622,0.634,0.875,0.718,0.152,0.665,0.861,0.524,0.229
0.0,0.312,0.485,0.442,0.709,0.297,0.115,0.335,0.142,0.673,0.039,0.289,0.294,0.114,0.405,0.093,0.647,0.479,0.257,0.143,0.947,0.337,0.373,0.836,0.395,0.562,0.049,0.301,0.67,0.569,0.813,0.664,0.956,0.767,0.237,0.278,0.604,0.604,0.529,0.343,0.27
0.0,0.128,0.069,0.069,0.569,0.704,0.989,0.785,0.584,0.506,0.998,0.408,0.86,0.672,0.003,0.284,0.993,0.075,0.48,0.139,0.099,0.895,0.828,0.229,0.228,0.221,0.973,0.823,0.407,0.387,0.188,0.366,0.218,0.478,0.564,0.304,0.031,0.09,0.532,0.344,0.727
0.0,0.747,0.503,0.144,0.045,0.237,0.931,0.128,0.022,0.792,0.342,0.827,0.128,0.648,0.865,0.044,0.629,0.011,0.985,0.749,0.916,0.889,0.399,0.179,0.563,0.942,0.881,0.186,0.872,0.401,0.68,0.47,0.292,0.536,0.824,0.852,0.418,0.573,0.219,0.656,0.55
1.0,0.557,0.871,0.226,0.259,0.3,0.673,0.642,0.502,0.158,0.198,0.901,0.648,0.101,0.241,0.005,0.881,0.38,0.502,0.442,0.377,0.975,0.054,0.724,0.328,0.499,0.592,0.457,0.552,0.723,0.16,0.918,0.992,0.23,0.516,0.654,0.628,0.324,0.469,0.185,0.481
0.0,0.195,0.996,0.474,0.949,0.687,0.272,0.604,0.071,0.153,0.261,0.536,0.645,0.42,0.343,0.4,0.723,0.148,0.69,0.597,0.676,0.121,0.188,0.979,0.024,0.333,0.552,0.736,0.835,0.172,0.696,0.988,0.461,0.759,0.788,0.113,0.585,0.68,0.503,0.486,0.826
0.0,0.111,0.534,0.299,0.035,0.95,0.387,0.31,0.896,0.514,0.646,0.952,0.472,0.603,0.017,0.515,0.052,0.437,0.084,0.095,0.875,0.849,0.125,0.858,0.425,0.962,0.178,0.936,0.697,0.324,0.616,0.954,0.551,0.243,0.51,0.997,0.885,0.116,0.652,0.405,0.158
1.0,0.835,0.873,0.787,0.392,0.257,0.674,0.831,0.208,0.687,0.401,0.659,0.756,0.292,0.083,0.3,0.166,0.62,0.599,0.131,0.248,0.05,0.992,0.383,0.003,0.114,0.672,0.876,0.761,0.433,0.038,0.831,0.772,0.502,0.053,0.582,0.016,0.275,0.564,0.785,0.38
0.0,0.086,0.755,0.452,0.537,0.56,0.405,0.39,0.937,0.876,0.628,0.624,0.159,0.651,0.344,0.167,0.324,0.558,0.686,0.488,0.686,0.677,0.505,0.294,0.569,0.257,0.0,0.647,0.048,0.066,0.668,0.366,0.538,0.112,0.072,0.153,0.969,0.197,0.142,0.731,0.993
0.0,0.097,0.609,0.056,0.717,0.267,0.988,0.095,0.022,0.58,0.279,0.326,0.806,0.515,0.069,0.354,0.148,0.212,0.168,0.819,0.697,0.561,0.409,0.371,0.925,0.902,0.947,0.206,0.843,0.283,0.203,0.725,0.239,0.207,0.867,0.203,0.85,0.06,0.281,0.136,0.911
1.0,0.471,0.505,0.387,0.431,0.338,0.981,0.556,0.24,0.749,0.498,0.321,0.679,0.696,0.657,0.922,0.868,0.581,0.164,0.64,0.241,0.256,0.041,0.142,0.253,0.66,0.837,0.257,0.449,0.051,0.133,0.881,0.469,0.989,0.369,0.587,0.114,0.334,0.012,0.552,0.418
1.0,0.905,0.063,0.29,0.14,0.316,0.253,0.593,0.2,0.243,0.96,0.428,0.684,0.866,0.58,0.571,0.035,0.509,0.508,0.045,0.57,0.106,0.161,0.671,0.34,0.941,0.451,0.373,0.616,0.997,0.369,1.0,0.279,0.06,0.76,0.205,0.387,0.877,0.114,0.408,0.829
0.0,0.358,0.453,0.22,0.112,0.825,0.567,0.963,0.267,0.103,0.345,0.944,0.641,0.762,0.347,0.412,0.997,0.662,0.252,0.639,0.789,0.698,0.846,0.932,0.267,0.898,0.709,0.324,0.593,0.384,0.282,0.784,0.329,0.495,0.413,0.076,0.753,0.087,0.799,0.333,0.596
0.0,0.373,0.554,0.545,0.869,0.151,0.76,0.16,0.891,0.255,0.702,0.434,0.879,0.077,0.464,0.822,0.603,0.349,0.573,0.364,0.889,0.128,0.714,0.167,0.603,0.791,0.653,0.455,0.65,0.487,0.94,0.618,0.652,0.967,0.311,0.411,0.379,0.46,0.621,0.61,0.379
0.0,0.259,0.797,0.751,0.568,0.831,0.573,0.994,0.099,0.475,0.206,0.456,0.733,0.708,0.479,0.592,0.995,0.062,0.326,0.655,0.757,0.791,0.857,0.876,0.059,0.452,0.558,0.563,0.348,0.958,0.039,0.691,0.919,0.34,0.113,0.177,0.073,0.532,0.651,0.947,0.552
0.0,0.838,0.121,0.623,0.092,0.535,0.684,0.033,0.849,0.492,0.548,0.447,0.773,0.465,0.334,0.416,0.67,0.999,0.698,0.635,0.001,0.637,0.727,0.342,0.317,0.577,0.396,0.975,0.505,0.42,0.588,0.627,0.444,0.355,0.637,0.622,0.042,0.422,0.126,0.107,0.46
1.0,0.911,0.388,0.512,0.094,0.804,0.378,0.705,0.362,0.137,0.493,0.21,0.732,0.415,0.997,0.267,0.46,0.488,0.415,0.11,0.723,0.583,0.224,0.253,0.573,0.631,0.613,0.022,0.235,0.814,0.961,0.06,0.019,0.155,0.314,0.311,0.947,0.615,0.463,0.735,0.451
1.0,0.417,0.118,0.768,0.92,0.594,0.894,0.666,0.962,0.999,0.938,0.223,0.368,0.066,0.167,0.128,0.505,0.23,0.246,0.224,0.386,0.543,0.119,0.324,0.983,0.002,0.606,0.308,0.468,0.006,0.279,0.772,0.532,0.797,0.062,0.413,0.351,0.324,0.499,0.194,0.907
1.0,0.487,0.66,0.435,0.632,0.032,0.333,0.181,0.709,0.446,0.132,0.475,0.695,0.459,0.277,0.606,0.744,0.441,0.373,0.68,0.008,0.692,0.823,0.682,0.87,0.069,0.895,0.204,0.157,0.921,0.673,0.516,0.954,0.808,0.694,0.829,0.543,0.554,0.77,0.166,0.568
0.0,0.484,0.329,0.473,0.457,0.284,0.424,0.241,0.758,0.404,0.076,0.069,0.534,0.914,0.315,0.618,0.893,0.822,0.422,0.101,0.306,0.135,0.074,0.886,0.86,0.714,0.59,0.351,0.816,0.612,0.745,0.279,0.539,0.917,0.639,0.963,0.1,0.384,0.616,0.319,0.768
1.0,0.705,0.67,0.982,0.257,0.469,0.038,0.886,0.368,0.681,0.365,0.05,0.173,0.822,0.192,0.201,0.004,0.091,0.584,0.082,0.218,0.3,0.545,0.859,0.491,0.869,0.904,0.004,0.597,0.553,0.95,0.554,0.37,0.928,0.051,0.853,0.202,0.511,0.761,0.635,0.681
1.0,0.342,0.147,0.289,0.805,0.834,0.216,0.904,0.896,0.767,0.383,0.302,0.31,0.24,0.106,0.25,0.054,0.689,0.316,0.205,0.32,0.359,0.314,0.705,0.457,0.507,0.932,0.797,0.745,0.583,0.169,0.217,0.449,0.528,0.87,0.346,0.395,0.027,0.748,0.265,0.247
0.0,0.046,0.991,0.258,0.805,0.983,0.183,0.473,0.718,0.351,0.174,0.811,0.898,0.324,0.401,0.597,0.027,0.183,0.208,0.891,0.069,0.651,0.93,0.013,0.706,0.764,0.855,0.586,0.92,0.26,0.763,0.127,0.426,0.486,0.886,0.961,0.095,0.022,0.431,0.687,0.538
0.0,0.673,0.645,0.346,0.067,0.809,0.112,0.368,0.071,0.585,0.442,0.724,0.342,0.306,0.177,0.06,0.649,0.274,0.174,0.732,0.436,0.611,0.982,0.931,0.365,0.762,0.781,0.86,0.513,0.206,0.397,0.324,0.972,0.418,0.699,0.351,0.685,0.753,0.524,0.055,0.845
1.0,0.516,0.827,0.43,0.018,0.639,0.374,0.089,0.618,0.552,0.785,0.112,0.568,0.789,0.199,0.309,0.502,0.107,0.068,0.002,0.841,0.11,0.366,0.78,0.443,0.615,0.865,0.554,0.16,0.117,0.128,0.872,0.364,0.699,0.767,0.799,0.776,0.433,0.839,0.735,0.808
1.0,0.941,0.392,0.901,0.258,0.724,0.641,0.507,0.037,0.668,0.299,0.635,0.014,0.173,0.833,0.903,0.568,0.113,0.447,0.933,0.662,0.405,0.077,0.607,0.196,0.312,0.761,0.77,0.275,0.221,0.71,0.469,0.046,0.865,0.471,0.067,0.284,0.509,0.753,0.927,0.022
1.0,0.348,0.424,0.515,0.086,0.217,0.403,0.098,0.633,0.737,0.379,0.83,0.248,0.51,0.046,0.998,0.285,0.712,0.277,0.422,0.548,0.281,0.26,0.699,0.187,0.951,0.141,0.418,0.721,0.316,0.915,0.099,0.522,0.271,0.373,0.674,0.76,0.602,0.117,0.073,0.868
0.0,0.893,0.471,0.546,0.504,0.944,0.741,0.425,0.965,0.789,0.674,0.706,0.788,0.379,0.62,0.951,0.505,0.331,0.778,0.291,0.687,0.975,0.978,0.92,0.98,0.827,0.213,0.109,0.526,0.439,0.616,0.483,0.158,0.294,0.051,0.256,0.244,0.8,0.133,0.886,0.719
0.0,0.003,0.099,0.719,0.924,0.602,0.862,0.747,0.549,0.423,0.929,0.891,0.259,0.258,0.482,0.256,0.627,0.309,0.352,0.196,0.279,0.328,0.847,0.158,0.718,0.516,0.784,0.648,0.299,0.392,0.485,0.523,0.366,0.656,0.481,0.943,0.481,0.47,0.501,0.395,0.389
0.0,0.991,0.033,0.359,0.189,0.794,0.852,0.341,0.253,0.643,0.618,0.996,0.924,0.323,0.462,0.805,0.805,0.71,0.753,0.88,0.999,0.269,0.064,0.133,0.767,0.657,0.742,0.596,0.445,0.336,0.37,0.837,0.251,0.028,0.872,0.475,0.427,0.571,0.632,0.218,0.499
1.0,0.192,0.762,0.413,0.837,0.147,0.192,0.081,0.7,0.383,0.319,0.648,0.03,0.647,0.576,0.414,0.843,0.661,0.94,0.022,0.29,0.921,0.031,0.323,0.341,0.749,0.589,0.303,0.454,0.128,0.106,0.246,0.486,0.123,0.782,0.409,0.674,0.086,0.194,0.751,0.266
0.0,0.517,0.632,0.747,0.819,0.344,0.02,0.678,0.529,0.078,0.519,0.181,0.995,0.663,0.356,0.051,0.287,0.706,0.243,0.717,0.469,0.901,0.456,0.235,0.164,0.967,0.97,0.462,0.641,0.812,0.796,0.889,0.092,0.741,0.25,0.736,0.945,0.498,0.484,0.259,0.294
0.0,0.334,0.834,0.596,0.438,0.727,0.544,0.16,0.429,0.005,0.527,0.633,0.809,0.454,0.473,0.691,0.275,0.719,0.87,0.988,0.153,0.456,0.631,0.055,0.207,0.169,0.777,0.226,0.926,0.857,0.948,0.632,0.604,0.545,0.599,0.826,0.714,0.496,0.34,0.513,0.622
0.0,0.935,0.197,0.496,0.785,0.51,0.196,0.733,0.46,0.778,0.306,0.221,0.264,0.802,0.591,0.159,0.209,0.254,0.059,0.623,0.327,0.482,0.007,0.886,0.493,0.136,0.689,0.573,0.061,0.624,0.748,0.16,0.226,0.272,0.9,0.551,0.987,0.475,0.99,0.69,0.197
0.0,0.298,0.629,0.046,0.532,0.665,0.101,0.715,0.418,0.671,0.272,0.576,0.943,0.845,0.208,0.659,0.044,0.981,0.659,0.669,0.662,0.809,0.81,0.13,0.76,0.336,0.676,0.278,0.166,0.248,0.2,0.574,0.147,0.492,0.889,0.369,0.5,0.106,0.798,0.991,1.0
1.0,0.817,0.832,0.719,0.618,0.157,0.661,0.916,0.57,0.213,0.794,0.061,0.053,0.653,0.496,0.06,0.224,0.707,0.116,0.16,0.667,0.968,0.263,0.557,0.327,0.306,0.297,0.678,0.824,0.638,0.172,0.819,0.176,0.129,0.552,0.697,0.43,0.131,0.211,0.542,0.23
0.0,0.301,0.941,0.363,0.283,0.119,0.697,0.402,0.438,0.269,0.82,0.133,0.438,0.384,0.464,0.308,0.644,0.952,0.5,0.946,0.066,0.037,0.271,0.914,0.947,0.119,0.34,0.376,0.197,0.506,0.873,0.348,0.128,0.596,0.494,0.582,0.243,0.388,0.429,0.405,0.577
1.0,0.515,0.495,0.4,0.766,0.489,0.971,0.151,0.24,0.81,0.934,0.444,0.315,0.801,0.635,0.869,0.465,0.961,0.406,0.733,0.082,0.629,0.286,0.078,0.92,0.493,0.839,0.667,0.708,0.879,0.406,0.537,0.571,0.285,0.436,0.258,0.412,0.692,0.483,0.268,0.9
1.0,0.012,0.116,0.613,0.356,0.818,0.402,0.469,0.422,0.238,0.834,0.639,0.152,0.827,0.853,0.652,0.815,0.916,0.901,0.187,0.509,0.222,0.986,0.836,0.721,0.639,0.044,0.292,0.916,0.268,0.853,0.477,0.618,0.43,0.174,0.215,0.066,0.668,0.354,0.849,0.638
0.0,0.453,0.924,0.774,0.354,0.593,0.772,0.793,0.336,0.372,0.812,0.837,0.668,0.89,0.231,0.668,0.559,0.101,0.188,0.457,0.011,0.992,0.355,0.987,0.016,0.937,0.244,0.702,0.326,0.57,0.486,0.33,0.5,0.342,0.683,0.181,0.515,0.537,0.469,0.236,0.788
0.0,0.558,0.69,0.665,0.607,0.857,0.769,0.529,0.134,0.877,0.738,0.375,0.382,0.044,0.674,0.394,0.466,0.978,0.017,0.086,0.446,0.43,0.758,0.117,0.914,0.43,0.717,0.227,0.768,0.54,0.45,0.37,0.128,0.403,0.368,0.072,0.721,0.233,0.057,0.997,0.978
0.0,0.253,0.212,0.833,0.969,0.729,0.915,0.045,0.478,0.266,0.734,0.733,0.991,0.899,0.329,0.691,0.911,0.78,0.822,0.171,0.507,0.123,0.673,0.021,0.168,0.357,0.341,0.531,0.346,0.073,0.074,0.428,0.912,0.33,0.919,0.251,0.398,0.48,0.331,0.557,0.92
1.0,0.476,0.85,0.958,0.367,0.295,0.346,0.944,0.636,0.407,0.31,0.355,0.137,0.219,0.439,0.137,0.043,0.102,0.65,0.395,0.487,0.242,0.641,0.164,0.367,0.497,0.687,0.735,0.408,0.78,0.464,0.794,0.807,0.634,0.714,0.246,0.34,0.111,0.053,0.624,0.97
1.0,0.49,0.551,0.214,0.4,0.361,0.045,0.882,0.932,0.727,0.063,0.392,0.236,0.586,0.491,0.735,0.702,0.075,0.345,0.72,0.154,0.001,0.257,0.76,0.408,0.803,0.775,0.541,0.515,0.774,0.851,0.869,0.374,0.873,0.48,0.002,0.358,0.743,0.911,0.722,0.314
0.0,0.422,0.589,0.4,0.774,0.057,0.722,0.859,0.927,0.066,0.302,0.674,0.131,0.477,0.97,0.076,0.087,0.787,0.331,0.747,0.815,0.53,0.686,0.996,0.71,0.583,0.604,0.928,0.512,0.106,0.98,0.108,0.162,0.41,0.765,0.716,0.45,0.358,0.147,0.712,0.473
0.0,0.997,0.45,0.038,0.727,0.533,0.59,0.346,0.978,0.401,0.467,0.872,0.847,0.752,0.404,0.968,0.223,0.08,0.853,0.363,0.142,0.892,0.197,0.813,0.059,0.94,0.448,0.349,0.618,0.396,0.061,0.407,0.708,0.069,0.688,0.783,0.021,0.382,0.963,0.498,0.926
0.0,0.41,0.719,0.353,0.338,0.098,0.7,0.222,0.142,0.195,0.53,0.941,0.799,0.628,0.051,0.571,0.588,0.899,0.906,0.347,0.589,0.704,0.939,0.51,0.913,0.441,0.913,0.396,0.742,0.47,0.052,0.889,0.213,0.276,0.497,0.204,0.116,0.786,0.948,0.068,0.543
1.0,0.727,0.24,0.892,0.066,0.11,0.855,0.353,0.059,0.537,0.396,0.64,0.166,0.583,0.629,0.794,0.411,0.544,0.945,0.691,0.676,0.184,0.872,0.111,0.365,0.969,0.775,0.093,0.099,0.748,0.121,0.531,0.277,0.52,0.969,0.976,0.581,0.71,0.548,0.034,0.65
1.0,0.462,0.42,0.905,0.912,0.166,0.967,0.369,0.212,0.024,0.755,0.83,0.1,0.027,0.225,0.679,0.186,0.665,0.659,0.815,0.406,0.071,0.147,0.515,0.066,0.784,0.134,0.933,0.926,0.116,0.393,0.685,0.509,0.51,0.95,0.343,0.756,0.146,0.54,0.016,0.478
1.0,0.546,0.177,0.887,0.442,0.076,0.615,0.436,0.386,0.709,0.354,0.328,0.309,0.083,0.158,0.235,0.74,0.766,0.203,0.138,0.181,0.03,0.12,0.592,0.354,0.585,0.294,0.661,0.533,0.757,0.216,0.435,0.612,0.867,0.221,0.561,0.513,0.292,0.012,0.716,0.523
0.0,0.132,0.748,0.536,0.793,0.356,0.021,0.229,0.877,0.978,0.024,0.078,0.436,0.721,0.673,0.052,0.013,0.937,0.691,0.476,0.36,0.586,0.637,0.053,0.63,0.185,0.511,0.427,0.974,0.943,0.776,0.651,0.583,0.996,0.012,0.039,0.193,0.304,0.687,0.789,0.199
0.0,0.916,0.094,0.355,0.545,0.525,0.433,0.65,0.248,0.931,0.477,0.152,0.398,0.385,0.341,0.929,0.225,0.621,0.892,0.075,0.286,0.356,0.24,0.868,0.032,0.824,0.843,0.688,0.252,0.384,0.261,0.526,0.644,0.185,0.871,0.126,0.889,0.397,0.148,0.105,0.154
0.0,0.971,0.622,0.11,0.074,0.863,0.543,0.131,0.31,0.646,0.703,0.39,0.151,0.388,0.916,0.284,0.835,0.086,0.854,0.476,0.317,0.53,0.782,0.509,0.419,0.728,0.628,0.428,0.05,0.985,0.541,0.96,0.528,0.875,0.843,0.828,0.224,0.673,0.593,0.081,0.418
0.0,0.073,0.815,0.368,0.39,0.98,0.996,0.108,0.291,0.296,0.407,0.171,0.472,0.428,0.362,0.999,0.33,0.078,0.858,0.504,0.803,0.041,0.73,0.222,0.083,0.172,0.292,0.24,0.653,0.552,0.887,0.863,0.349,0.368,0.745,0.875,0.104,0.588,0.819,0.262,0.799
0.0,0.997,0.779,0.587,0.818,0.431,0.413,0.39,0.688,0.037,0.912,0.372,0.954,0.26,0.089,0.838,0.183,0.877,0.922,0.587,0.669,0.562,0.189,0.845,0.792,0.163,0.496,0.843,0.374,0.85,0.735,0.796,0.688,0.372,0.498,0.781,0.586,0.394,0.675,0.602,0.979
0.0,0.971,0.491,0.729,0.073,0.403,0.062,0.584,0.133,0.825,0.963,0.045,0.939,0.799,0.006,0.756,0.101,0.578,0.902,0.746,0.559,0.106,0.539,0.612,0.342,0.834,0.202,0.029,0.704,0.239,0.712,0.808,0.791,0.473,0.967,0.56,0.246,0.466,0.056,0.246,0.84
0.0,0.15,0.414,0.32,0.975,0.912,0.72,0.972,0.974,0.225,0.096,0.826,0.149,0.118,0.898,0.381,0.371,0.8,0.365,0.659,0.764,0.866,0.075,0.468,0.518,0.169,0.146,0.344,0.725,0.032,0.249,0.105,0.416,0.723,0.661,0.529,0.028,0.007,0.292,0.23,0.505
0.0,0.806,0.335,0.81,0.229,0.389,0.928,0.03,0.384,0.366,0.279,0.898,0.82,0.303,0.309,0.134,0.892,0.004,0.816,0.784,0.348,0.617,0.174,0.013,0.026,0.771,0.102,0.118,0.165,0.205,0.725,0.325,0.234,0.273,0.057,0.055,0.758,0.111,0.301,0.181,0.377
1.0,0.545,0.223,0.15,0.16,0.895,0.672,0.931,0.528,0.029,0.402,0.051,0.021,0.905,0.034,0.769,0.384,0.607,0.427,0.235,0.744,0.567,0.037,0.365,0.395,0.376,0.43,0.108,0.441,0.012,0.027,0.895,0.092,0.858,0.46,0.364,0.461,0.695,0.242,0.845,0.979
1.0,0.227,0.807,0.454,0.886,0.438,0.699,0.908,0.693,0.732,0.936,0.096,0.702,0.58,0.037,0.345,0.774,0.54,0.922,0.824,0.016,0.74,0.866,0.575,0.157,0.264,0.569,0.314,0.554,0.749,0.594,0.785,0.441,0.748,0.519,0.446,0.295,0.502,0.682,0.651,0.107
0.0,0.076,0.426,0.801,0.734,0.975,0.039,0.63,0.28,0.171,0.745,0.003,0.756,0.435,0.361,0.102,0.661,0.971,0.33,0.911,0.253,0.713,0.332,0.59,0.91,0.005,0.592,0.658,0.883,0.178,0.125,0.52,0.366,0.825,0.922,0.843,0.142,0.432,0.225,0.257,0.738
0.0,0.138,0.149,0.315,0.118,0.779,0.11,0.873,0.343,0.585,0.283,0.326,0.828,0.412,0.832,0.955,0.123,0.962,0.541,0.638,0.124,0.11,0.043,0.423,0.523,0.672,0.401,0.532,0.958,0.671,0.206,0.115,0.934,0.64,0.92,0.272,0.608,0.004,0.852,0.297,0.211
1.0,0.646,0.57,0.648,0.531,0.354,0.375,0.609,0.126,0.585,0.567,0.49,0.435,0.852,0.775,0.36,0.468,0.289,0.705,0.658,0.381,0.826,0.67,0.0,0.471,0.514,0.554,0.232,0.524,0.875,0.142,0.234,0.613,0.945,0.692,0.377,0.532,0.529,0.526,0.832,0.593
0.0,0.867,0.362,0.335,0.901,0.991,0.268,0.094,0.594,0.887,0.642,0.605,0.389,0.813,0.832,0.132,0.71,0.722,0.329,0.6,0.803,0.592,0.258,0.136,0.667,0.902,0.453,0.935,0.805,0.969,0.915,0.213,0.51,0.204,0.194,0.701,0.29,0.071,0.921,0.342,0.796
0.0,0.468,0.657,0.399,0.133,0.363,0.812,0.701,0.547,0.013,0.23,0.881,0.349,0.04,0.005,0.865,0.088,0.243,0.721,0.541,0.129,0.944,0.33,0.876,0.072,0.635,0.502,0.113,0.311,0.016,0.977,0.136,0.735,0.056,0.19,0.405,0.27,0.97,0.207,0.395,0.679
0.0,0.177,0.754,0.486,0.53,0.995,0.119,0.066,0.352,0.188,0.199,0.077,0.952,0.666,0.645,0.879,0.452,0.824,0.68,0.592,0.531,0.897,0.453,0.581,0.635,0.123,0.721,0.361,0.524,0.543,0.814,0.157,0.068,0.967,0.323,0.347,0.474,0.663,0.509,0.898,0.085
1.0,0.183,0.836,0.003,0.522,0.673,0.616,0.724,0.464,0.813,0.063,0.857,0.36,0.551,0.732,0.184,0.905,0.368,0.266,0.154,0.87,0.383,0.222,0.564,0.43,0.163,0.942,0.617,0.594,0.365,0.993,0.572,0.808,0.452,0.07,0.547,0.971,0.948,0.6,0.73,0.063
1.0,0.535,0.214,0.564,0.55,0.725,0.936,0.097,0.144,0.619,0.328,0.321,0.324,0.407,0.78,0.187,0.272,0.579,0.576,0.699,0.941,0.084,0.166,0.084,0.601,0.821,0.706,0.467,0.778,0.947,0.6,0.16,0.952,0.728,0.058,0.511,0.379,0.865,0.484,0.873,0.376
1.0,0.135,0.885,0.544,0.104,0.69,0.645,0.919,0.916,0.81,0.732,0.146,0.232,0.471,0.435,0.751,0.9,0.503,0.281,0.537,0.515,0.511,0.444,0.649,0.02,0.255,0.26,0.914,0.801,0.77,0.797,0.571,0.674,0.651,0.752,0.699,0.653,0.187,0.095,0.889,0.773
1.0,0.806,0.787,0.304,0.139,0.429,0.618,0.774,0.65,0.241,0.975,0.221,0.408,0.384,0.312,0.48,0.881,0.592,0.926,0.952,0.809,0.785,0.177,0.699,0.668,0.51,0.399,0.194,0.072,0.365,0.036,0.056,0.566,0.315,0.229,0.489,0.601,0.246,0.72,0.434,0.622
1.0,0.416,0.05,0.599,0.186,0.824,0.181,0.872,0.407,0.461,0.625,0.858,0.186,0.502,0.35,0.495,0.787,0.877,0.081,0.443,0.506,0.005,0.612,0.021,0.201,0.313,0.877,0.647,0.689,0.302,0.007,0.195,0.2,0.366,0.225,0.326,0.454,0.853,0.144,0.821,0.029
1.0,0.773,0.395,0.503,0.848,0.455,0.209,0.483,0.976,0.695,0.765,0.233,0.666,0.036,0.058,0.121,0.655,0.433,0.608,0.727,0.994,0.911,0.335,0.345,0.542,0.625,0.316,0.496,0.428,0.72,0.569,0.695,0.832,0.921,0.018,0.019,0.629,0.097,0.099,0.242,0.139
0.0,0.539,0.542,0.911,0.975,0.968,0.885,0.406,0.055,0.814,0.401,0.124,0.459,0.894,0.592,0.734,0.621,0.11,0.907,0.541,0.631,0.586,0.611,0.829,0.367,0.871,0.21,0.227,0.493,0.986,0.834,0.162,0.59,0.562,0.749,0.494,0.37,0.971,0.416,0.487,0.767
1.0,0.585,0.431,0.459,0.613,0.678,0.265,0.701,0.781,0.608,0.867,0.762,0.691,0.251,0.104,0.752,0.186,0.217,0.09,0.334,0.466,0.561,0.547,0.16,0.63,0.431,0.905,0.592,0.53,0.049,0.507,0.102,0.464,0.163,0.141,0.067,0.133,0.405,0.084,0.273,0.147
0.0,0.364,0.89,0.168,0.914,0.906,0.947,0.501,0.42,0.156,0.53,0.455,0.181,0.816,0.663,0.518,0.997,0.622,0.58,0.821,0.935,0.323,0.724,0.052,0.473,0.631,0.007,0.721,0.74,0.975,0.434,0.094,0.874,0.905,0.554,0.87,0.453,0.076,0.675,0.866,0.572
0.0,0.151,0.38,0.37,0.355,0.881,0.369,0.642,0.671,0.114,0.303,0.925,0.559,0.505,0.034,0.116,0.934,0.564,0.539,0.324,0.455,0.847,0.623,0.616,0.801,0.878,0.524,0.596,0.491,0.144,0.725,0.318,0.078,0.8,0.085,0.566,0.772,0.473,0.999,0.938,0.592
0.0,0.675,0.643,0.224,0.047,0.85,0.147,0.071,0.038,0.08,0.632,0.777,0.435,0.57,0.856,0.326,0.744,0.57,0.616,0.76,0.711,0.59,0.541,0.132,0.279,0.398,0.054,0.163,0.943,0.807,0.666,0.749,0.25,0.862,0.005,0.67,0.199,0.857,0.769,0.523,0.777
1.0,0.761,0.203,0.249,0.35,0.402,0.519,0.871,0.677,0.253,0.539,0.062,0.023,0.58,0.226,0.039,0.139,0.934,0.265,0.594,0.619,0.573,0.641,0.496,0.148,0.799,0.472,0.261,0.34,0.421,0.338,0.194,0.357,0.469,0.719,0.954,0.072,0.85,0.177,0.849,0.747
0.0,0.644,0.939,0.323,0.187,0.252,0.8,0.27,0.288,0.105,0.032,0.301,0.477,0.213,0.701,0.334,0.749,0.343,0.964,0.101,0.815,0.908,0.296,0.881,0.41,0.644,0.125,0.679,0.806,0.685,0.972,0.082,0.943,0.248,0.295,0.19,0.139,0.612,0.822,0.911,0.558
1.0,0.37,0.993,0.913,0.618,0.332,0.312,0.082,0.555,0.978,0.37,0.011,0.09,0.087,0.716,0.26,0.718,0.734,0.918,0.891,0.974,0.391,0.119,0.357,0.091,0.223,0.379,0.859,0.911,0.735,0.704,0.051,0.311,0.141,0.938,0.938,0.057,0.004,0.073,0.076,0.52
1.0,0.641,0.503,0.211,0.863,0.54,0.054,0.328,0.681,0.69,0.539,0.095,0.183,0.779,0.74,0.731,0.85,0.11,0.895,0.594,0.953,0.815,0.876,0.575,0.057,0.725,0.002,0.978,0.203,0.527,0.556,0.17,0.285,0.214,0.581,0.89,0.488,0.103,0.162,0.746,0.132
1.0,0.732,0.351,0.819,0.271,0.547,0.518,0.322,0.188,0.81,0.814,0.816,0.553,0.31,0.93,0.678,0.368,0.175,0.54,0.767,0.736,0.644,0.593,0.016,0.146,0.408,0.485,0.219,0.82,0.674,0.547,0.02,0.127,0.099,0.832,0.831,0.226,0.305,0.936,0.329,0.826
1.0,0.136,0.961,0.564,0.011,0.431,0.638,0.102,0.478,0.421,0.573,0.533,0.575,0.824,0.529,0.266,0.85,0.945,0.534,0.991,0.558,0.642,0.068,0.449,0.124,0.308,0.367,0.075,0.709,0.776,0.519,0.882,0.127,0.392,0.127,0.342,0.312,0.62,0.295,0.131,0.69
0.0,0.92,0.83,0.291,0.13,0.839,0.961,0.193,0.093,0.093,0.684,0.376,0.552,0.713,0.95,0.941,0.57,0.507,0.429,0.722,0.944,0.865,0.581,0.91,0.164,0.335,0.211,0.498,0.748,0.143,0.948,0.437,0.803,0.531,0.535,0.859,0.347,0.226,0.809,0.24,0.187
1.0,0.226,0.696,0.678,0.391,0.605,0.044,0.557,0.283,0.273,0.585,0.652,0.154,0.017,0.912,0.545,0.997,0.008,0.691,0.823,0.464,0.707,0.809,0.441,0.543,0.478,0.34,0.639,0.452,0.26,0.01,0.216,0.795,0.824,0.06,0.956,0.439,0.14,0.943,0.042,0.052
1.0,0.505,0.463,0.825,0.111,0.795,0.827,0.611,0.582,0.956,0.879,0.837,0.053,0.57,0.085,0.802,0.004,0.669,0.982,0.911,0.07,0.749,0.611,0.448,0.448,0.232,0.335,0.182,0.323,0.586,0.359,0.897,0.793,0.202,0.026,0.236,0.064,0.813,0.575,0.917,0.07
0.0,0.69,0.511,0.065,0.432,0.246,0.4,0.679,0.037,0.808,0.55,0.581,0.65,0.867,0.789,0.321,0.37,0.487,0.599,0.703,0.275,0.109,0.089,0.827,0.608,0.787,0.295,0.667,0.471,0.112,0.913,0.278,0.885,0.455,0.643,0.228,0.741,0.676,0.353,0.072,0.021
0.0,0.851,0.681,0.449,0.879,0.85,0.546,0.612,0.301,0.856,0.523,0.508,0.441,0.533,0.766,0.322,0.169,0.012,0.935,0.185,0.141,0.666,0.501,0.86,0.089,0.562,0.298,0.345,0.809,0.199,0.707,0.995,0.043,0.517,0.835,0.67,0.225,0.135,0.005,0.042,0.03
0.0,0.874,0.346,0.419,0.962,0.569,0.753,0.994,0.442,0.33,0.944,0.399,0.913,0.549,0.862,0.11,0.249,0.56,0.095,0.423,0.534,0.118,0.975,0.785,0.17,0.354,0.079,0.125,0.127,0.26,0.383,0.747,0.525,0.815,0.172,0.177,0.783,0.281,0.376,0.43,0.288
1.0,0.9,0.211,0.367,0.355,0.034,0.095,0.272,0.828,0.385,0.129,0.533,0.478,0.017,0.411,0.216,0.487,0.822,0.769,0.571,0.664,0.343,0.578,0.751,0.491,0.249,0.114,0.605,0.757,0.454,0.881,0.935,0.155,0.665,0.452,0.605,0.53,0.628,0.466,0.759,0.185
0.0,0.583,0.213,0.061,0.012,0.542,0.022,0.11,0.529,0.096,0.2,0.854,0.562,0.525,0.448,0.516,0.063,0.659,0.427,0.309,0.424,0.786,0.4,0.926,0.739,0.346,0.931,0.213,0.969,0.33,0.268,0.604,0.787,0.777,0.342,0.53,0.712,0.739,0.871,0.834,0.85
1.0,0.621,0.595,0.219,0.906,0.169,0.495,0.583,0.865,0.382,0.509,0.125,0.184,0.032,0.07,0.208,0.253,0.565,0.284,0.548,0.682,0.926,0.529,0.42,0.339,0.085,0.075,0.737,0.453,0.224,0.714,0.325,0.309,0.541,0.551,0.59,0.049,0.231,0.433,0.333,0.942
0.0,0.72,0.842,0.864,0.878,0.303,0.415,0.021,0.152,0.585,0.999,0.716,0.961,0.455,0.035,0.805,0.334,0.908,0.164,0.458,0.414,0.143,0.125,0.773,0.185,0.666,0.528,0.104,0.01,0.913,0.861,0.0,0.533,0.527,0.881,0.707,0.311,0.69,0.152,0.304,0.32
1.0,0.84,0.64,0.184,0.073,0.424,0.379,0.051,0.714,0.791,0.212,0.015,0.689,0.176,0.651,0.966,0.201,0.656,0.982,0.194,0.117,0.631,0.011,0.109,0.835,0.946,0.562,0.629,0.913,0.979,0.615,0.277,0.757,0.295,0.73,0.615,0.962,0.576,0.554,0.386,0.328
1.0,0.4,0.179,0.385,0.046,0.405,0.091,0.384,0.445,0.193,0.172,0.903,0.748,0.953,0.08,0.055,0.841,0.414,0.275,0.584,0.194,0.917,0.169,0.156,0.877,0.607,0.973,0.209,0.328,0.844,0.4,0.05,0.74,0.956,0.383,0.796,0.256,0.162,0.111,0.493,0.003
1.0,0.53,0.787,0.546,0.535,0.739,0.324,0.834,0.84,0.593,0.586,0.106,0.513,0.071,0.59,0.391,0.263,0.716,0.666,0.651,0.06,0.186,0.587,0.13,0.164,0.65,0.678,0.805,0.105,0.195,0.482,0.667,0.857,0.163,0.222,0.322,0.362,0.248,0.752,0.429,0.643
1.0,0.511,0.646,0.556,0.136,0.244,0.154,0.487,0.017,0.475,0.809,0.44,0.672,0.409,0.092,0.467,0.983,0.947,0.618,0.809,0.189,0.366,0.809,0.378,0.407,0.557,0.612,0.95,0.708,0.622,0.512,0.593,0.198,0.997,0.754,0.245,0.558,0.645,0.927,0.683,0.179
1.0,0.659,0.725,0.517,0.364,0.048,0.391,0.275,0.472,0.753,0.38,0.309,0.338,0.118,0.712,0.42,0.038,0.036,0.198,0.432,0.617,0.299,0.6,0.097,0.939,0.336,0.22,0.596,0.192,0.893,0.921,0.874,0.586,0.355,0.583,0.675,0.173,0.137,0.124,0.366,0.902
1.0,0.184,0.499,0.477,0.12,0.208,0.828,0.591,0.495,0.055,0.169,0.364,0.718,0.728,0.212,0.643,0.724,0.937,0.604,0.271,0.758,0.995,0.68,0.367,0.729,0.199,0.566,0.527,0.777,0.443,0.9,0.456,0.064,0.474,0.027,0.298,0.6,0.716,0.079,0.964,0.169
0.0,0.836,0.72,0.74,0.898,0.352,0.661,0.206,0.963,0.717,0.715,0.603,0.512,0.87,0.583,0.473,0.551,0.471,0.368,0.653,0.619,0.164,0.242,0.4,0.409,0.19,0.262,0.237,0.418,0.865,0.597,0.669,0.943,0.974,0.294,0.397,0.561,0.602,0.254,0.029,0.613
0.0,0.847,0.437,0.807,0.672,0.815,0.689,0.828,0.054,0.585,0.811,0.547,0.781,0.125,0.953,0.413,0.462,0.175,0.526,0.351,0.604,0.176,0.202,0.936,0.383,0.129,0.386,0.549,0.789,0.847,0.514,0.489,0.459,0.197,0.526,0.986,0.447,0.524,0.524,0.983,0.704
0.0,0.31,0.998,0.325,0.12,0.64,0.649,0.499,0.653,0.786,0.736,0.082,0.254,0.813,0.902,0.35,0.399,0.653,0.787,0.574,0.326,0.404,0.449,0.174,0.466,0.097,0.303,0.554,0.359,0.008,0.963,0.946,0.576,0.214,0.172,0.7,0.689,0.263,0.168,0.576,0.641
1.0,0.52,0.284,0.935,0.753,0.676,0.586,0.717,0.79,0.053,0.79,0.08,0.684,0.075,0.49,0.352,0.384,0.475,0.027,0.668,0.64,0.57,0.96,0.104,0.226,0.106,0.47,0.559,0.138,0.504,0.294,0.555,0.069,0.022,0.796,0.31,0.173,0.877,0.432,0.679,0.457
0.0,0.669,0.878,0.104,0.643,0.185,0.923,0.686,0.767,0.195,0.165,0.963,0.057,0.346,0.071,0.648,0.339,0.496,0.998,0.26,0.04,0.369,0.602,0.988,0.18,0.505,0.94,0.99,0.111,0.288,0.815,0.819,0.612,0.367,0.446,0.081,0.863,0.823,0.412,0.166,0.995
0.0,0.412,0.698,0.084,0.123,0.294,0.173,0.2,0.802,0.612,0.845,0.366,0.867,0.055,0.558,0.738,0.791,0.868,0.841,0.798,0.451,0.268,0.185,0.998,0.046,0.683,0.467,0.643,0.811,0.565,0.991,0.929,0.539,0.027,0.713,0.828,0.69,0.368,0.039,0.503,0.869
1.0,0.46,0.826,0.668,0.385,0.175,0.066,0.326,0.076,0.241,0.333,0.543,0.719,0.573,0.574,0.459,0.1,0.813,0.028,0.449,0.111,0.58,0.541,0.733,0.588,0.09,0.888,0.37,0.109,0.478,0.684,0.275,0.227,0.697,0.042,0.831,0.239,0.527,0.587,0.659,0.458
0.0,0.881,0.4,0.73,0.285,0.288,0.351,0.57,0.143,0.554,0.933,0.158,0.399,0.074,0.144,0.013,0.208,0.708,0.017,0.025,0.953,0.233,0.292,0.918,0.529,0.054,0.501,0.908,0.783,0.189,0.329,0.645,0.676,0.749,0.089,0.708,0.049,0.514,0.128,0.125,0.959
1.0,0.643,0.38,0.184,0.016,0.337,0.439,0.953,0.829,0.807,0.228,0.361,0.528,0.976,0.165,0.963,0.432,0.743,0.09,0.726,0.358,0.426,0.324,0.535,0.461,0.835,0.635,0.554,0.761,0.114,0.461,0.92,0.203,0.573,0.043,0.364,0.363,0.041,0.298,0.284,0.264
0.0,0.707,0.405,0.515,0.051,0.598,0.382,0.409,0.668,0.816,0.778,0.002,0.493,0.7,0.348,0.891,0.119,0.208,0.396,0.672,0.02,0.15,0.288,0.786,0.017,0.832,0.813,0.874,0.608,0.573,0.89,0.531,0.938,0.955,0.429,0.751,0.889,0.809,0.288,0.342,0.08
1.0,0.064,0.484,0.391,0.82,0.163,0.439,0.177,0.037,0.302,0.26,0.351,0.541,0.956,0.024,0.569,0.683,0.696,0.429,0.599,0.641,0.872,0.791,0.042,0.959,0.36,0.063,0.268,0.956,0.051,0.301,0.493,0.418,0.109,0.506,0.794,0.355,0.588,0.928,0.594,0.795
0.0,0.681,0.95,0.952,0.632,0.068,0.881,0.959,0.98,0.169,0.291,0.086,0.564,0.993,0.956,0.121,0.027,0.631,0.491,0.926,0.322,0.682,0.677,0.796,0.368,0.97,0.447,0.913,0.388,0.86,0.686,0.735,0.208,0.5,0.893,0.587,0.82,0.922,0.36,0.917,0.916
0.0,0.077,0.027,0.27,0.57,0.677,0.987,0.055,0.744,0.412,0.957,0.256,0.807,0.932,0.188,0.111,0.54,0.128,0.954,0.195,0.535,0.359,0.348,0.877,0.791,0.746,0.17,0.288,0.884,0.125,0.011,0.56,0.06,0.931,0.23,0.68,0.472,0.744,0.013,0.677,0.343
0.0,0.098,0.531,0.677,0.918,0.405,0.728,0.477,0.362,0.182,0.653,0.813,0.88,0.364,0.542,0.988,0.408,0.487,0.197,0.697,0.354,0.158,0.214,0.918,0.566,0.671,0.145,0.487,0.111,0.813,0.32,0.307,0.394,0.753,0.529,0.629,0.495,0.26,0.467,0.419,0.966
1.0,0.835,0.772,0.51,0.275,0.223,0.501,0.782,0.418,0.005,0.597,0.458,0.717,0.772,0.385,0.079,0.84,0.539,0.643,0.484,0.479,0.604,0.674,0.322,0.902,0.523,0.648,0.82,0.75,0.864,0.214,0.631,0.089,0.852,0.477,0.938,0.886,0.053,0.514,0.362,0.22
1.0,0.011,0.216,0.635,0.232,0.599,0.126,0.283,0.824,0.908,0.395,0.975,0.613,0.608,0.219,0.75,0.557,0.485,0.075,0.241,0.252,0.095,0.413,0.719,0.105,0.858,0.455,0.513,0.661,0.447,0.31,0.705,0.857,0.654,0.929,0.805,0.286,0.323,0.505,0.823,0.513
0.0,0.376,0.872,0.503,0.803,0.175,0.222,0.694,0.347,0.102,0.011,0.304,0.414,0.609,0.433,0.59,0.701,0.082,0.613,0.914,0.646,0.736,0.101,0.287,0.747,0.364,0.063,0.18,0.427,0.819,0.134,0.49,0.71,0.504,0.395,0.587,0.751,0.948,0.134,0.871,0.416
1.0,0.814,0.115,0.547,0.3,0.67,0.991,0.838,0.001,0.279,0.973,0.057,0.29,0.665,0.904,0.219,0.532,0.552,0.546,0.596,0.078,0.558,0.281,0.47,0.839,0.409,0.199,0.37,0.724,0.136,0.904,0.607,0.912,0.626,0.294,0.546,0.258,0.207,0.906,0.916,0.566
1.0,0.629,0.22,0.803,0.973,0.127,0.717,0.656,0.092,0.038,0.593,0.383,0.386,0.913,0.732,0.723,0.56,0.768,0.687,0.481,0.571,0.266,0.384,0.402,0.945,0.308,0.791,0.857,0.795,0.36,0.168,0.674,0.86,0.107,0.079,0.092,0.987,0.97,0.045,0.396,0.411
0.0,0.293,0.084,0.81,0.097,0.529,0.898,0.575,0.01,0.725,0.668,0.762,0.995,0.31,0.675,0.09,0.827,0.404,0.619,0.295,0.313,0.605,0.51,0.813,0.054,0.261,0.693,0.891,0.635,0.167,0.454,0.955,0.636,0.434,0.679,0.495,0.043,0.558,0.884,0.36,0.493
0.0,0.078,0.586,0.254,0.759,0.554,0.475,0.83,0.352,0.44,0.255,0.541,0.013,0.487,0.332,0.245,0.022,0.636,0.676,0.774,0.195,0.897,0.067,0.871,0.273,0.774,0.019,0.953,0.574,0.442,0.979,0.144,0.967,0.337,0.315,0.506,0.118,0.658,0.344,0.119,0.496
0.0,0.724,0.992,0.262,0.982,0.98,0.617,0.437,0.916,0.805,0.904,0.811,0.013,0.664,0.644,0.04,0.446,0.517,0.615,0.023,0.116,0.042,0.622,0.503,0.641,0.448,0.871,0.183,0.727,0.223,0.939,0.154,0.764,0.78,0.492,0.256,0.273,0.131,0.714,0.186,0.737
0.0,0.756,0.213,0.601,0.022,0.105,0.64,0.633,0.999,0.008,0.838,0.942,0.782,0.583,0.499,0.566,0.376,0.563,0.183,0.372,0.604,0.402,0.283,0.26,0.244,0.708,0.741,0.052,0.644,0.258,0.507,0.729,0.427,0.077,0.469,0.513,0.916,0.087,0.035,0.285,0.663
0.0,0.292,0.52,0.014,0.317,0.69,0.411,0.913,0.902,0.558,0.232,0.099,0.339,0.899,0.62,0.242,0.507,0.933,0.062,0.637,0.104,0.211,0.121,0.998,0.0,0.629,0.417,0.814,0.008,0.838,0.034,0.223,0.986,0.774,0.112,0.318,0.992,0.391,0.554,0.387,0.052
0.0,0.741,0.637,0.154,0.286,0.866,0.093,0.335,0.81,0.671,0.301,0.388,0.222,0.298,0.421,0.11,0.71,0.337,0.587,0.405,0.237,0.063,0.408,0.88,0.658,0.106,0.034,0.033,0.625,0.622,0.577,0.995,0.85,0.217,0.644,0.86,0.183,0.929,0.716,0.347,0.656
0.0,0.438,0.254,0.142,0.472,0.878,0.846,0.283,0.718,0.18,0.492,0.649,0.459,0.136,0.661,0.735,0.761,0.314,0.194,0.939,0.048,0.944,0.921,0.632,0.607,0.539,0.97,0.823,0.513,0.562,0.742,0.435,0.983,0.338,0.12,0.153,0.426,0.026,0.111,0.694,0.129
0.0,0.452,0.523,0.563,0.147,0.935,0.674,0.043,0.015,0.772,0.084,0.121,0.669,0.751,0.384,0.383,0.647,0.491,0.09,0.621,0.552,0.977,0.97,0.792,0.652,0.847,0.857,0.545,0.856,0.884,0.918,0.469,0.992,0.583,0.133,0.938,0.727,0.843,0.619,0.033,0.176
1.0,0.005,0.991,0.963,0.064,0.013,0.545,0.884,0.84,0.519,0.098,0.656,0.427,0.538,0.147,0.524,0.416,0.045,0.599,0.519,0.539,0.956,0.734,0.221,0.197,0.588,0.487,0.688,0.771,0.101,0.554,0.089,0.84,0.355,0.643,0.572,0.127,0.502,0.826,0.899,0.503
0.0,0.225,0.9,0.073,0.264,0.66,0.401,0.947,0.198,0.357,0.617,0.258,0.996,0.258,0.677,0.491,0.281,0.943,0.795,0.084,0.854,0.615,0.736,0.901,0.495,0.195,0.515,0.807,0.135,0.106,0.185,0.773,0.926,0.658,0.972,0.634,0.531,0.654,0.833,0.133,0.775
0.0,0.367,0.344,0.313,0.356,0.555,0.997,0.826,0.071,0.588,0.788,0.148,0.313,0.221,0.025,0.183,0.68,0.79,0.826,0.462,0.391,0.756,0.536,0.989,0.836,0.191,0.543,0.944,0.911,0.848,0.66,0.762,0.966,0.26,0.913,0.609,0.907,0.193,0.713,0.952,0.473
1.0,0.504,0.903,0.418,0.265,0.781,0.285,0.389,0.452,0.84,0.237,0.354,0.492,0.75,0.611,0.179,0.823,0.763,0.222,0.764,0.721,0.136,0.016,0.339,0.026,0.793,0.014,0.998,0.605,0.717,0.948,0.823,0.476,0.117,0.109,0.968,0.415,0.435,0.115,0.533,0.576
0.0,0.264,0.628,0.335,0.152,0.196,0.415,0.292,0.978,0.079,0.303,0.915,0.575,0.688,0.912,0.85,0.096,0.897,0.531,0.475,0.275,0.146,0.345,0.868,0.708,0.478,0.841,0.275,0.357,0.701,0.807,0.012,0.536,0.44,0.717,0.506,0.506,0.422,0.934,0.338,0.925
1.0,0.74,0.231,0.324,0.078,0.431,0.767,0.132,0.563,0.01,0.177,0.68,0.515,0.59,0.857,0.377,0.53,0.023,0.604,0.937,0.772,0.311,0.902,0.454,0.396,0.141,0.479,0.319,0.987,0.517,0.17,0.384,0.543,0.104,0.758,0.517,0.49,0.175,0.296,0.618,0.825
1.0,0.902,0.994,0.263,0.017,0.757,0.421,0.507,0.267,0.873,0.625,0.821,0.474,0.758,0.466,0.675,0.598,0.292,0.254,0.416,0.825,0.36,0.159,0.59,0.789,0.212,0.791,0.643,0.532,0.892,0.545,0.735,0.225,0.243,0.026,0.111,0.108,0.561,0.642,0.941,0.563
0.0,0.504,0.597,0.83,0.365,0.562,0.277,0.487,0.439,0.908,0.699,0.081,0.662,0.153,0.265,0.759,0.744,0.258,0.596,0.398,0.237,0.737,0.709,0.997,0.109,0.138,0.495,0.606,0.373,0.167,0.078,0.048,0.58,0.654,0.83,0.014,0.022,0.744,0.919,0.826,0.115
0.0,0.578,0.487,0.003,0.46,0.865,0.263,0.714,0.328,0.129,0.46,0.617,0.427,0.053,0.721,0.148,0.626,0.738,0.971,0.482,0.538,0.314,0.189,0.623,0.811,0.337,0.387,0.369,0.315,0.14,0.053,0.321,0.357,0.795,0.382,0.246,0.502,0.15,0.462,0.053,0.712
0.0,0.171,0.672,0.951,0.816,0.659,0.723,0.122,0.085,0.936,0.643,0.626,0.007,0.092,0.304,0.398,0.443,0.227,0.62,0.772,0.923,0.935,0.338,0.874,0.522,0.95,0.969,0.546,0.727,0.146,0.487,0.217,0.89,0.279,0.326,0.467,0.039,0.551,0.215,0.257,0.678
0.0,0.422,0.577,0.925,0.514,0.743,0.676,0.776,0.451,0.21,0.317,0.013,0.414,0.266,0.683,0.891,0.654,0.751,0.185,0.957,0.192,0.0,0.407,0.958,0.097,0.264,0.3,0.174,0.514,0.718,0.171,0.571,0.132,0.898,0.173,0.481,0.963,0.096,0.122,0.29,0.001
0.0,0.554,0.284,0.595,0.949,0.96,0.278,0.328,0.783,0.335,0.094,0.511,0.362,0.479,0.749,0.053,0.747,0.501,0.594,0.153,0.542,0.493,0.962,0.695,0.82,0.93,0.296,0.564,0.438,0.855,0.377,0.29,0.379,0.154,0.267,0.621,0.193,0.135,0.67,0.809,0.784
1.0,0.629,0.223,0.702,0.839,0.051,0.738,0.132,0.329,0.525,0.841,0.424,0.065,0.853,0.876,0.035,0.082,0.241,0.779,0.84,0.745,0.041,0.672,0.509,0.522,0.868,0.357,0.478,0.164,0.211,0.247,0.536,0.378,0.429,0.216,0.492,0.6,0.196,0.048,0.146,0.892
1.0,0.973,0.515,0.809,0.912,0.098,0.078,0.125,0.192,0.835,0.683,0.998,0.365,0.372,0.442,0.87,0.921,0.343,0.657,0.046,0.262,0.022,0.097,0.304,0.083,0.149,0.701,0.511,0.253,0.755,0.275,0.266,0.612,0.678,0.218,0.102,0.48,0.632,0.039,0.916,0.608
0.0,0.629,0.235,0.636,0.469,0.448,0.931,0.993,0.237,0.211,0.118,0.696,0.974,0.684,0.535,0.62,0.671,0.609,0.981,0.052,0.677,0.931,0.963,0.461,0.329,0.128,0.634,0.831,0.079,0.322,0.546,0.926,0.851,0.6,0.569,0.758,0.718,0.694,0.741,0.738,0.765
0.0,0.078,0.805,0.162,0.737,0.877,0.726,0.513,0.039,0.486,0.711,0.011,0.786,0.806,0.167,0.703,0.826,0.025,0.782,0.024,0.905,0.518,0.052,0.411,0.12,0.558,0.433,0.764,0.279,0.417,0.688,0.516,0.848,0.443,0.581,0.45,0.364,0.193,0.838,0.282,0.252
1.0,0.589,0.088,0.888,0.772,0.529,0.342,0.373,0.568,0.168,0.577,0.043,0.317,0.964,0.954,0.971,0.063,0.904,0.874,0.877,0.768,0.114,0.106,0.425,0.033,0.162,0.448,0.828,0.022,0.987,0.445,0.538,0.744,0.905,0.834,0.588,0.366,0.832,0.097,0.945,0.624
0.0,0.38,0.038,0.938,0.342,0.251,0.014,0.638,0.931,0.541,0.744,0.024,0.884,0.914,0.379,0.657,0.332,0.183,0.563,0.089,0.36,0.646,0.597,0.489,0.935,0.18,0.549,0.969,0.678,0.978,0.299,0.789,0.234,0.356,0.396,0.713,0.007,0.68,0.018,0.753,0.861
0.0,0.159,0.026,0.155,0.966,0.785,0.786,0.904,0.091,0.0,0.119,0.566,0.866,0.148,0.199,0.743,0.423,0.934,0.246,0.75,0.323,0.445,0.768,0.065,0.045,0.948,0.262,0.353,0.425,0.332,0.362,0.564,0.17,0.446,0.107,0.153,0.688,0.462,0.91,0.499,0.94
0.0,0.682,0.724,0.778,0.948,0.534,0.101,0.298,0.706,0.317,0.969,0.193,0.349,0.854,0.751,0.373,0.765,0.369,0.887,0.879,0.176,0.078,0.273,0.006,0.252,0.78,0.833,0.994,0.03,0.938,0.159,0.917,0.486,0.396,0.941,0.894,0.426,0.746,0.225,0.631,0.343
1.0,0.538,0.893,0.095,0.067,0.605,0.221,0.014,0.814,0.674,0.29,0.755,0.351,0.356,0.632,0.387,0.515,0.762,0.307,0.369,0.217,0.461,0.743,0.718,0.587,0.26,0.47,0.125,0.335,0.3,0.695,0.751,0.91,0.135,0.217,0.468,0.459,0.753,0.215,0.089,0.579
1.0,0.248,0.905,0.803,0.918,0.66,0.976,0.978,0.005,0.182,0.625,0.483,0.688,0.069,0.385,0.369,0.1,0.606,0.56,0.048,0.283,0.277,0.082,0.726,0.584,0.647,0.045,0.177,0.106,0.907,0.961,0.584,0.529,0.812,0.258,0.561,0.288,0.284,0.138,0.389,0.201
1.0,0.24,0.787,0.033,0.257,0.448,0.302,0.137,0.445,0.944,0.855,0.34,0.185,0.777,0.53,0.956,0.326,0.779,0.531,0.055,0.246,0.474,0.007,0.497,0.69,0.48,0.646,0.822,0.66,0.462,0.508,0.117,0.853,0.22,0.822,0.609,0.168,0.641,0.576,0.851,0.898
1.0,0.824,0.35,0.404,0.296,0.908,0.307,0.417,0.328,0.087,0.386,0.325,0.947,0.706,0.029,0.769,0.352,0.404,0.623,0.052,0.288,0.056,0.966,0.174,0.495,0.415,0.303,0.318,0.149,0.757,0.929,0.627,0.298,0.89,0.765,0.377,0.556,0.923,0.781,0.822,0.172
0.0,0.546,0.359,0.935,0.837,0.902,0.906,0.434,0.572,0.335,0.539,0.084,0.024,0.564,0.233,0.132,0.902,0.82,0.418,0.398,0.327,0.919,0.356,0.64,0.827,0.2,0.046,0.955,0.055,0.829,0.339,0.774,0.496,0.028,0.183,0.873,0.798,0.322,0.354,0.507,0.964
1.0,0.541,0.691,0.492,0.847,0.176,0.559,0.887,0.544,0.272,0.133,0.833,0.249,0.357,0.959,0.888,0.444,0.764,0.638,0.468,0.209,0.375,0.809,0.485,0.817,0.723,0.602,0.487,0.443,0.268,0.038,0.034,0.649,0.37,0.709,0.036,0.883,0.982,0.931,0.061,0.818
0.0,0.692,0.533,0.949,0.416,0.069,0.825,0.081,0.97,0.884,0.997,0.446,0.06,0.674,0.306,0.242,0.247,0.823,0.605,0.335,0.707,0.701,0.358,0.802,0.902,0.845,0.464,0.082,0.998,0.327,0.682,0.006,0.794,0.066,0.413,0.397,0.551,0.651,0.418,0.078,0.584
1.0,0.944,0.657,0.132,0.657,0.501,0.018,0.637,0.532,0.838,0.868,0.591,0.196,0.686,0.765,0.461,0.711,0.222,0.627,0.42,0.427,0.119,0.211,0.333,0.337,0.262,0.93,0.014,0.552,0.632,0.787,0.842,0.151,0.465,0.959,0.161,0.005,0.487,0.261,0.455,0.913
1.0,0.904,0.277,0.999,0.078,0.791,0.868,0.289,0.618,0.955,0.134,0.793,0.732,0.374,0.766,0.216,0.81,0.05,0.434,0.276,0.371,0.366,0.849,0.328,0.426,0.821,0.13,0.974,0.062,0.039,0.323,0.663,0.286,0.059,0.377,0.423,0.141,0.995,0.51,0.608,0.843
1.0,0.98,0.97,0.405,0.939,0.356,0.879,0.888,0.754,0.349,0.672,0.25,0.508,0.36,0.35,0.947,0.99,0.91,0.841,0.753,0.898,0.177,0.355,0.289,0.562,0.299,0.607,0.941,0.418,0.523,0.459,0.237,0.23,0.318,0.285,0.322,0.439,0.394,0.55,0.569,0.644
0.0,0.991,0.248,0.513,0.532,0.887,0.621,0.75,0.66,0.237,0.046,0.283,0.648,0.112,0.779,0.309,0.964,0.7,0.765,0.133,0.674,0.149,0.104,0.064,0.778,0.458,0.309,0.321,0.08,0.006,0.793,0.145,0.56,0.134,0.751,0.993,0.504,0.286,0.506,0.152,0.043
1.0,0.92,0.087,0.177,0.261,0.257,0.506,0.824,0.668,0.738,0.937,0.187,0.031,0.185,0.051,0.809,0.683,0.125,0.2,0.545,0.499,0.38,0.223,0.455,0.93,0.654,0.392,0.193,0.44,0.585,0.362,0.957,0.872,0.065,0.525,0.478,0.869,0.362,0.838,0.137,0.119
1.0,0.177,0.307,0.362,0.093,0.771,0.746,0.199,0.04,0.257,0.496,0.53,0.218,0.537,0.672,0.044,0.561,0.068,0.935,0.842,0.688,0.529,0.938,0.338,0.105,0.078,0.962,0.743,0.959,0.155,0.548,0.25,0.272,0.651,0.333,0.902,0.903,0.354,0.489,0.236,0.574
0.0,0.115,0.512,0.798,0.77,0.277,0.566,0.24,0.167,0.572,0.659,0.552,0.992,0.274,0.457,0.789,0.288,0.03,0.926,0.832,0.067,0.666,0.12,0.892,0.454,0.627,0.148,0.126,0.325,0.324,0.908,0.076,0.284,0.296,0.153,0.135,0.584,0.131,0.374,0.652,0.102
1.0,0.71,0.909,0.982,0.936,0.398,0.064,0.071,0.379,0.085,0.402,0.042,0.056,0.851,0.117,0.05,0.978,0.137,0.501,0.7,0.887,0.41,0.565,0.745,0.656,0.446,0.196,0.641,0.489,0.283,0.884,0.303,0.352,0.168,0.853,0.01,0.809,0.517,0.422,0.757,0.942
0.0,0.48,0.098,0.273,0.222,0.927,0.438,0.746,0.316,0.864,0.523,0.423,0.22,0.437,0.923,0.376,0.252,0.862,0.034,0.452,0.697,0.369,0.496,0.717,0.119,0.853,0.907,0.232,0.638,0.828,0.202,0.52,0.567,0.315,0.714,0.907,0.813,0.319,0.819,0.778,0.262
0.0,0.542,0.67,0.083,0.806,0.511,0.062,0.865,0.581,0.945,0.855,0.102,0.52,0.863,0.327,0.498,0.541,0.649,0.266,0.206,0.202,0.077,0.949,0.832,0.213,0.849,0.513,0.134,0.712,0.4,0.279,0.946,0.186,0.47,0.52,0.697,0.13,0.259,0.535,0.325,0.18
0.0,0.901,0.97,0.336,0.917,0.963,0.833,0.13,0.725,0.981,0.006,0.313,0.186,0.482,0.115,0.771,0.876,0.165,0.574,0.576,0.078,0.761,0.188,0.824,0.153,0.47,0.291,0.52,0.611,0.265,0.625,0.701,0.047,0.164,0.298,0.948,0.277,0.641,0.658,0.681,0.933
1.0,0.524,0.432,0.841,0.174,0.458,0.856,0.102,0.983,0.356,0.257,0.568,0.368,0.863,0.856,0.952,0.931,0.363,0.991,0.979,0.249,0.211,0.753,0.43,0.327,0.797,0.253,0.109,0.868,0.937,0.998,0.86,0.944,0.371,0.91,0.494,0.396,0.189,0.517,0.231,0.252
1.0,0.872,0.859,0.252,0.961,0.903,0.065,0.121,0.562,0.59,0.228,0.952,0.675,0.974,0.294,0.537,0.995,0.461,0.612,0.642,0.678,0.647,0.035,0.14,0.77,0.298,0.213,0.846,0.771,0.374,0.825,0.064,0.826,0.267,0.41,0.758,0.844,0.576,0.938,0.995,0.424
0.0,0.97,0.712,0.115,0.997,0.676,0.853,0.548,0.664,0.675,0.613,0.243,0.491,0.962,0.677,0.766,0.064,0.429,0.263,0.71,0.646,0.426,0.237,0.987,0.362,0.463,0.257,0.161,0.403,0.3,0.762,0.098,0.17,0.75,0.543,0.654,0.837,0.135,0.239,0.709,0.195
0.0,0.174,0.239,0.805,0.374,0.98,0.022,0.771,0.627,0.428,0.191,0.112,0.256,0.778,0.44,0.73,0.996,0.066,0.494,0.266,0.169,0.452,0.186,0.474,0.647,0.053,0.464,0.342,0.196,0.576,0.717,0.477,0.517,0.589,0.768,0.663,0.432,0.454,0.784,0.328,0.009
0.0,0.285,0.328,0.342,0.134,0.92,0.878,0.439,0.031,0.269,0.731,0.888,0.805,0.737,0.142,0.552,0.367,0.817,0.543,0.325,0.341,0.745,0.937,0.039,0.209,0.114,0.812,0.817,0.663,0.173,0.625,0.82,0.286,0.913,0.996,0.652,0.494,0.384,0.376,0.029,0.519
0.0,0.985,0.846,0.405,0.466,0.445,0.628,0.173,0.43,0.253,0.711,0.974,0.844,0.551,0.884,0.491,0.198,0.638,0.119,0.518,0.211,0.172,0.207,0.194,0.108,0.985,0.926,0.972,0.269,0.792,0.155,0.637,0.505,0.953,0.058,0.86,0.424,0.279,0.938,0.424,0.887
0.0,0.852,0.794,0.814,0.696,0.702,0.305,0.076,0.363,0.94,0.252,0.09,0.595,0.48,0.058,0.1,0.908,0.49,0.288,0.822,0.897,0.072,0.059,0.813,0.994,0.831,0.856,0.35,0.635,0.322,0.601,0.067,0.677,0.81,0.026,0.988,0.285,0.125,0.084,0.244,0.087
0.0,0.131,0.714,0.517,0.76,0.071,0.078,0.654,0.924,0.476,0.214,0.643,0.151,0.899,0.39,0.468,0.408,0.144,0.573,0.301,0.778,0.616,0.068,0.801,0.98,0.514,0.191,0.071,0.776,0.956,0.664,0.842,0.32,0.419,0.17,0.094,0.953,0.464,0.541,0.119,0.956
1.0,0.892,0.482,0.135,0.428,0.29,0.692,0.474,0.569,0.456,0.794,0.465,0.131,0.749,0.223,0.888,0.494,0.852,0.361,0.732,0.74,0.875,0.19,0.541,0.706,0.56,0.092,0.743,0.848,0.805,0.04,0.313,0.899,0.342,0.736,0.686,0.858,0.609,0.696,0.557,0.58
1.0,0.779,0.273,0.195,0.205,0.152,0.665,0.926,0.161,0.315,0.985,0.159,0.162,0.171,0.686,0.806,0.453,0.379,0.606,0.382,0.273,0.785,0.456,0.573,0.625,0.908,0.763,0.156,0.935,0.107,0.117,0.174,0.397,0.067,0.514,0.792,0.255,0.97,0.229,0.878,0.561
1.0,0.998,0.133,0.363,0.254,0.51,0.018,0.987,0.08,0.736,0.2,0.602,0.365,0.262,0.069,0.79,0.228,0.307,0.042,0.949,0.518,0.073,0.183,0.576,0.205,0.031,0.536,0.453,0.642,0.283,0.803,0.09,0.58,0.77,0.393,0.593,0.984,0.016,0.038,0.023,0.437
1.0,0.468,0.665,0.999,0.373,0.648,0.629,0.449,0.675,0.397,0.331,0.383,0.744,0.752,0.894,0.832,0.584,0.703,0.346,0.155,0.146,0.934,0.73,0.744,0.377,0.947,0.883,0.128,0.62,0.557,0.857,0.376,0.658,0.626,0.205,0.033,0.412,0.89,0.088,0.9,0.997
0.0,0.995,0.326,0.837,0.941,0.925,0.049,0.089,0.992,0.496,0.247,0.088,0.349,0.775,0.298,0.75,0.996,0.976,0.876,0.232,0.828,0.135,0.57,0.733,0.787,0.383,0.149,0.581,0.4,0.891,0.543,0.263,0.199,0.708,0.04,0.556,0.14,0.27,0.506,0.209,0.479
0.0,0.051,0.459,0.014,0.614,0.301,0.901,0.575,0.386,0.358,0.077,0.543,0.87,0.725,0.146,0.441,0.071,0.267,0.912,0.464,0.316,0.323,0.004,0.588,0.93,0.58,0.897,0.305,0.265,0.599,0.386,0.841,0.49,0.683,0.266,0.244,0.964,0.506,0.389,0.051,0.627
0.0,0.218,0.589,0.937,0.03,0.028,0.56,0.773,0.664,0.989,0.541,0.095,0.274,0.469,0.336,0.068,0.184,0.586,0.906,0.475,0.527,0.818,0.029,0.882,0.898,0.185,0.39,0.654,1.0,0.994,0.627,0.678,0.076,0.677,0.796,0.604,0.368,0.308,0.635,0.634,0.028
0.0,0.789,0.392,0.112,0.759,0.936,0.059,0.369,0.681,0.892,0.868,0.322,0.796,0.872,0.147,0.827,0.322,0.653,0.756,0.587,0.02,0.111,0.924,0.536,0.66,0.201,0.929,0.064,0.873,0.106,0.932,0.922,0.843,0.332,0.561,0.824,0.345,0.954,0.904,0.459,0.431
0.0,0.443,0.623,0.529,0.714,0.287,0.408,0.794,0.95,0.108,0.023,0.18,0.996,0.334,0.65,0.706,0.923,0.081,0.656,0.938,0.625,0.089,0.93,0.461,0.308,0.794,0.408,0.984,0.043,0.731,0.535,0.453,0.563,0.687,0.324,0.671,0.955,0.591,0.164,0.317,0.637
0.0,0.102,0.892,0.515,0.321,0.488,0.441,0.07,0.515,0.593,0.55,0.307,0.537,0.732,0.393,0.46,0.046,0.346,0.307,0.765,0.423,0.808,0.639,0.822,0.188,0.265,0.689,0.918,0.304,0.2,0.655,0.732,0.775,0.858,0.241,0.537,0.128,0.507,0.224,0.116,0.147
0.0,0.591,0.728,0.32,0.314,0.123,0.662,0.228,0.561,0.866,0.78,0.049,0.199,0.227,0.182,0.738,0.057,0.502,0.628,0.813,0.279,0.201,0.696,0.851,0.925,0.29,0.497,0.117,0.923,0.34,0.692,0.194,0.372,0.078,0.943,0.002,0.335,0.437,0.375,0.72,0.22
0.0,0.406,0.804,0.613,0.128,0.774,0.266,0.464,0.163,0.041,0.626,0.08,0.246,0.715,0.976,0.758,0.666,0.88,0.889,0.487,0.185,0.965,0.263,0.904,0.393,0.668,0.348,0.657,0.771,0.42,0.283,0.941,0.681,0.047,0.717,0.0,0.065,0.021,0.098,0.19,0.768
0.0,0.048,0.899,0.045,0.663,0.081,0.03,0.064,0.439,0.871,0.87,0.676,0.625,0.223,0.599,0.636,0.369,0.784,0.523,0.654,0.489,0.544,0.249,0.743,0.758,0.585,0.167,0.012,0.204,0.552,0.926,0.519,0.661,0.451,0.405,0.908,0.928,0.427,0.425,0.464,0.68
1.0,0.777,0.433,0.028,0.202,0.523,0.249,0.232,0.679,0.275,0.146,0.764,0.038,0.357,0.851,0.322,0.317,0.066,0.799,0.129,0.287,0.49,0.761,0.258,0.792,0.486,0.503,0.684,0.729,0.578,0.448,0.195,0.331,0.476,0.879,0.348,0.076,0.758,0.284,0.7,0.597
1.0,0.754,0.042,0.153,0.032,0.526,0.741,0.333,0.644,0.951,0.93,0.252,0.474,0.052,0.999,0.389,0.951,0.645,0.544,0.756,0.968,0.517,0.561,0.22,0.789,0.122,0.108,0.868,0.43,0.386,0.65,0.123,0.44,0.622,0.832,0.462,0.888,0.828,0.327,0.015,0.218
1.0,0.046,0.509,0.705,0.368,0.485,0.09,0.91,0.353,0.599,0.185,0.73,0.385,0.97,0.781,0.542,0.488,0.743,0.859,0.671,0.416,0.989,0.291,0.577,0.99,0.013,0.526,0.882,0.411,0.864,0.186,0.245,0.149,0.842,0.68,0.065,0.995,0.23,0.347,0.487,0.377
1.0,0.638,0.206,0.53,0.969,0.705,0.993,0.843,0.076,0.626,0.359,0.755,0.708,0.784,0.155,0.66,0.823,0.073,0.456,0.393,0.202,0.711,0.146,0.157,0.908,0.761,0.257,0.31,0.325,0.665,0.259,0.008,0.974,0.48,0.015,0.841,0.854,0.298,0.546,0.58,0.437
1.0,0.526,0.346,0.172,0.035,0.826,0.785,0.967,0.675,0.139,0.849,0.942,0.208,0.802,0.207,0.638,0.086,0.262,0.121,0.78,0.823,0.138,0.463,0.065,0.295,0.192,0.312,0.884,0.405,0.632,0.711,0.306,0.242,0.131,0.94,0.201,0.766,0.213,0.433,0.04,0.375
0.0,0.735,0.151,0.37,0.091,0.296,0.729,0.525,0.033,0.137,0.433,0.813,0.909,0.377,0.525,0.894,0.595,0.479,0.834,0.468,0.809,0.003,0.98,0.608,0.471,0.511,0.477,0.831,0.432,0.339,0.988,0.439,0.059,0.019,0.938,0.378,0.01,0.969,0.344,0.938,0.057
0.0,0.855,0.814,0.784,0.546,0.995,0.869,0.541,0.2,0.879,0.143,0.403,0.883,0.597,0.711,0.907,0.007,0.371,0.798,0.952,0.203,0.321,0.758,0.195,0.888,0.131,0.031,0.033,0.355,0.832,0.452,0.733,0.302,0.899,0.088,0.371,0.23,0.808,0.907,0.806,0.324
0.0,0.21,0.872,0.896,0.298,0.212,0.018,0.586,0.619,0.1,0.462,0.484,0.586,0.23,0.114,0.134,0.536,0.167,0.705,0.937,0.257,0.8,0.341,0.802,0.36,0.719,0.347,0.527,0.939,0.638,0.822,0.509,0.569,0.384,0.046,0.114,0.981,0.06,0.317,0.947,0.285
1.0,0.609,0.497,0.238,0.197,0.293,0.934,0.117,0.858,0.205,0.937,0.275,0.553,0.785,0.295,0.991,0.185,0.4,0.804,0.5,0.824,0.493,0.482,0.687,0.522,0.601,0.363,0.661,0.721,0.272,0.443,0.858,0.381,0.427,0.222,0.802,0.721,0.898,0.885,0.364,0.789
1.0,0.869,0.247,0.013,0.167,0.242,0.227,0.234,0.213,0.851,0.309,0.36,0.225,0.574,0.841,0.444,0.315,0.39,0.17,0.566,0.934,0.263,0.869,0.479,0.039,0.982,0.112,0.686,0.605,0.754,0.839,0.091,0.271,0.754,0.651,0.621,0.468,0.616,0.669,0.719,0.977
1.0,0.472,0.908,0.161,0.457,0.006,0.406,0.306,0.529,0.428,0.008,0.24,0.658,0.613,0.989,0.869,0.289,0.923,0.278,0.869,0.163,0.634,0.455,0.769,0.91,0.768,0.907,0.383,0.394,0.351,0.883,0.152,0.564,0.492,0.206,0.902,0.663,0.543,0.474,0.425,0.99
0.0,0.202,0.546,0.392,0.141,0.776,0.425,0.101,0.536,0.85,0.995,0.457,0.015,0.58,0.635,0.353,0.199,0.897,0.829,0.127,0.062,0.0,0.017,0.993,0.717,0.2,0.497,0.497,0.714,0.934,0.69,0.312,0.191,0.095,0.643,0.596,0.302,0.164,0.699,0.094,0.828
0.0,0.965,0.406,0.861,0.104,0.883,0.403,0.808,0.38,0.08,0.528,0.847,0.391,0.872,0.533,0.031,0.949,0.512,0.958,0.145,0.127,0.691,0.531,0.937,0.315,0.065,0.003,0.928,0.569,0.127,0.758,0.481,0.871,0.171,0.324,0.712,0.743,0.072,0.615,0.69,0.098
1.0,0.849,0.839,0.61,0.848,0.43,0.981,0.901,0.254,0.115,0.124,0.005,0.359,0.277,0.602,0.926,0.157,0.219,0.574,0.597,0.379,0.361,0.549,0.158,0.566,0.187,0.843,0.821,0.597,0.268,0.995,0.67,0.493,0.617,0.677,0.583,0.928,0.755,0.121,0.127,0.672
1.0,0.534,0.657,0.597,0.513,0.675,0.402,0.028,0.131,0.65,0.866,0.218,0.022,0.248,0.093,0.594,0.399,0.761,0.319,0.041,0.57,0.03,0.563,0.598,0.22,0.193,0.621,0.272,0.219,0.496,0.979,0.783,0.899,0.178,0.287,0.337,0.108,0.477,0.698,0.074,0.209
0.0,0.842,0.014,0.634,0.688,0.932,0.376,0.218,0.804,0.203,0.384,0.184,0.36,0.352,0.907,0.884,0.525,0.967,0.549,0.016,0.041,0.309,0.164,0.859,0.504,0.667,0.616,0.926,0.113,0.945,0.069,0.594,0.121,0.583,0.747,0.208,0.673,0.244,0.846,0.675,0.352
1.0,0.523,0.819,0.578,0.888,0.22,0.604,0.374,0.022,0.844,0.138,0.893,0.448,0.827,0.419,0.004,0.065,0.859,0.832,0.819,0.516,0.897,0.902,0.317,0.953,0.221,0.371,0.937,0.295,0.899,0.247,0.31,0.252,0.366,0.812,0.257,0.535,0.193,0.362,0.486,0.461
0.0,0.835,0.983,0.238,0.343,0.15,0.354,0.783,0.985,0.908,0.333,0.806,0.196,0.99,0.348,0.643,0.142,0.142,0.233,0.994,0.772,0.553,0.734,0.837,0.445,0.691,0.111,0.085,0.641,0.4,0.508,0.645,0.4,0.224,0.255,0.336,0.82,0.685,0.465,0.018,0.462
0.0,0.973,0.52,0.981,0.267,0.935,0.223,0.022,0.077,0.53,0.385,0.138,0.007,0.939,0.025,0.973,0.524,0.751,0.518,0.704,0.934,0.292,0.494,0.538,0.602,0.285,0.658,0.65,0.83,0.481,0.206,0.59,0.577,0.184,0.069,0.526,0.054,0.89,0.548,0.207,0.496
0.0,0.543,0.419,0.326,0.99,0.912,0.914,0.996,0.939,0.825,0.525,0.806,0.836,0.199,0.391,0.243,0.169,0.041,0.897,0.207,0.557,0.39,0.658,0.205,0.508,0.849,0.534,0.873,0.511,0.904,0.753,0.431,0.624,0.543,0.655,0.875,0.632,0.098,0.58,0.473,0.007
0.0,0.648,0.57,0.988,0.649,0.101,0.253,0.007,0.147,0.654,0.18,0.248,0.902,0.151,0.749,0.689,0.189,0.921,0.785,0.763,0.502,0.365,0.782,0.368,0.898,0.695,0.748,0.847,0.786,0.879,0.173,0.666,0.103,0.164,0.49,0.978,0.615,0.938,0.729,0.441,0.659
0.0,0.968,0.154,0.7,0.133,0.198,0.653,0.637,0.277,0.585,0.586,0.764,0.856,0.913,0.376,0.961,0.075,0.593,0.622,0.865,0.129,0.441,0.766,0.646,0.683,0.078,0.744,0.5,0.446,0.353,0.171,0.993,0.483,0.053,0.037,0.192,0.466,0.085,0.506,0.643,0.203
0.0,0.796,0.479,0.802,0.456,0.767,0.035,0.046,0.153,0.529,0.06,0.724,0.501,0.933,0.604,0.353,0.699,0.479,0.718,0.37,0.838,0.601,0.895,0.981,0.742,0.503,0.607,0.785,0.17,0.404,0.439,0.092,0.299,0.795,0.873,0.931,0.549,0.932,0.272,0.058,0.586
0.0,0.365,0.482,0.364,0.229,0.555,0.283,0.13,0.132,0.377,0.451,0.789,0.251,0.193,0.473,0.485,0.912,0.605,0.403,0.452,0.94,0.069,0.865,0.82,0.326,0.107,0.653,0.161,0.777,0.663,0.73,0.071,0.231,0.833,0.129,0.056,0.574,0.765,0.494,0.269,0.816
0.0,0.966,0.586,0.336,0.004,0.197,0.169,0.838,0.479,0.574,0.961,0.029,0.303,0.822,0.697,0.803,0.573,0.078,0.481,0.151,0.073,0.364,0.081,0.958,0.212,0.95,0.879,0.193,0.209,0.717,0.598,0.905,0.843,0.559,0.048,0.221,0.596,0.167,0.324,0.441,0.674
1.0,0.75,0.939,0.614,0.557,0.551,0.438,0.938,0.889,0.051,0.417,0.603,0.535,0.329,0.568,0.84,0.699,0.419,0.594,0.419,0.082,0.109,0.166,0.151,0.953,0.717,0.015,0.483,0.163,0.525,0.819,0.707,0.096,0.061,0.238,0.79,0.313,0.41,0.46,0.72,0.668
1.0,0.191,0.057,0.909,0.792,0.121,0.672,0.068,0.335,0.661,0.94,0.748,0.078,0.035,0.38,0.722,0.003,0.329,0.694,0.976,0.43,0.896,0.211,0.631,0.947,0.202,0.501,0.06,0.7,0.418,0.994,0.6,0.906,0.68,0.427,0.647,0.627,0.435,0.447,0.56,0.05
1.0,0.963,0.516,0.878,0.406,0.382,0.072,0.425,0.762,0.365,0.218,0.17,0.533,0.374,0.016,0.005,0.742,0.534,0.222,0.856,0.125,0.246,0.231,0.26,0.278,0.286,0.522,0.183,0.253,0.26,0.87,0.765,0.63,0.722,0.773,0.901,0.443,0.51,0.634,0.784,0.19
1.0,0.424,0.279,0.855,0.117,0.035,0.418,0.886,0.218,0.248,0.97,0.341,0.248,0.681,0.996,0.34,0.816,0.279,0.713,0.847,0.597,0.554,0.378,0.486,0.544,0.071,0.106,0.236,0.939,0.538,0.58,0.342,0.452,0.94,0.984,0.475,0.079,0.454,0.386,0.894,0.109
0.0,0.496,0.548,0.15,0.053,0.784,0.674,0.614,0.992,0.274,0.352,0.777,0.977,0.739,0.503,0.496,0.648,0.941,0.742,0.267,0.433,0.67,0.786,0.013,0.947,0.022,0.798,0.545,0.154,0.481,0.482,0.236,0.219,0.041,0.149,0.467,0.248,0.254,0.426,0.857,0.968
1.0,0.593,0.696,0.342,0.651,0.366,0.738,0.802,0.063,0.122,0.856,0.153,0.511,0.857,0.891,0.01,0.881,0.589,0.238,0.793,0.398,0.911,0.204,0.041,0.392,0.864,0.818,0.538,0.961,0.087,0.632,0.886,0.597,0.062,0.052,0.33,0.86,0.201,0.041,0.724,0.558
0.0,0.864,0.842,0.023,0.608,0.359,0.834,0.845,0.168,0.471,0.501,0.995,0.924,0.855,0.166,0.173,0.456,0.259,0.025,0.735,0.207,0.277,0.935,0.929,0.853,0.911,0.301,0.748,0.557,0.585,0.723,0.755,0.137,0.775,0.037,0.246,0.344,0.514,0.088,0.144,0.633
0.0,0.821,0.661,0.021,0.586,0.857,0.556,0.695,0.578,0.433,0.535,0.234,0.273,0.034,0.591,0.063,0.591,0.075,0.787,0.785,0.357,0.626,0.079,0.892,0.907,0.876,0.794,0.57,0.886,0.921,0.047,0.766,0.68,0.159,0.277,0.844,0.964,0.162,0.928,0.781,0.368
1.0,0.779,0.831,0.984,0.901,0.166,0.627,0.447,0.011,0.462,0.762,0.795,0.522,0.555,0.428,0.503,0.879,0.407,0.523,0.878,0.568,0.265,0.375,0.192,0.677,0.507,0.088,0.778,0.8,0.212,0.233,0.973,0.286,0.48,0.247,0.29,0.004,0.828,0.508,0.678,0.294
0.0,0.613,0.374,0.26,0.074,0.074,0.847,0.407,0.82,0.688,0.717,0.049,0.234,0.914,0.663,0.383,0.496,0.587,0.308,0.641,0.985,0.467,0.324,0.818,0.366,0.947,0.728,0.547,0.907,0.85,0.886,0.302,0.885,0.456,0.046,0.14,0.206,0.412,0.084,0.102,0.538
1.0,0.331,0.498,0.181,0.336,0.105,0.276,0.977,0.454,0.37,0.969,0.176,0.322,0.276,0.987,0.436,0.163,0.432,0.498,0.712,0.857,0.585,0.156,0.363,0.153,0.173,0.172,0.938,0.215,0.173,0.772,0.57,0.904,0.677,0.437,0.38,0.202,0.612,0.441,0.334,0.514
0.0,0.936,0.431,0.767,0.044,0.943,0.066,0.839,0.289,0.695,0.556,0.635,0.231,0.346,0.848,0.09,0.989,0.54,0.371,0.852,0.741,0.012,0.018,0.7,0.139,0.113,0.653,0.772,0.372,0.158,0.643,0.44,0.084,0.129,0.843,0.271,0.727,0.872,0.798,0.718,0.865
1.0,0.455,0.841,0.72,0.044,0.012,0.758,0.335,0.224,0.441,0.061,0.699,0.572,0.974,0.048,0.24,0.757,0.676,0.609,0.439,0.983,0.707,0.803,0.616,0.871,0.195,0.341,0.604,0.69,0.551,0.202,0.483,0.112,0.245,0.986,0.05,0.559,0.249,0.583,0.564,0.458
1.0,0.665,0.034,0.526,0.951,0.344,0.603,0.668,0.266,0.552,0.869,0.08,0.338,0.719,0.455,0.713,0.542,0.92,0.727,0.645,0.232,0.325,0.58,0.651,0.138,0.405,0.473,0.002,0.989,0.998,0.889,0.236,0.155,0.309,0.401,0.129,0.466,0.447,0.381,0.371,0.791
1.0,0.303,0.358,0.183,0.915,0.043,0.207,0.72,0.908,0.443,0.209,0.631,0.9,0.363,0.64,0.392,0.31,0.537,0.279,0.226,0.442,0.795,0.14,0.946,0.041,0.651,0.375,0.194,0.224,0.624,0.814,0.106,0.723,0.786,0.984,0.206,0.091,0.329,0.846,0.767,0.51
0.0,0.424,0.286,0.377,0.329,0.826,0.088,0.802,0.678,0.683,0.478,0.158,0.147,0.449,0.133,0.344,0.966,0.182,0.044,0.196,0.065,0.447,0.623,0.801,0.607,0.229,0.826,0.827,0.179,0.201,0.538,0.375,0.103,0.333,0.307,0.511,0.329,0.163,0.712,0.237,0.217
1.0,0.051,0.118,0.626,0.654,0.188,0.984,0.775,0.216,0.278,0.061,0.043,0.542,0.906,0.284,0.384,0.503,0.12,0.621,0.15,0.724,0.161,0.287,0.685,0.57,0.046,0.129,0.971,0.459,0.649,0.703,0.2,0.756,0.702,0.405,0.418,0.628,0.827,0.632,0.629,0.077
0.0,0.687,0.148,0.515,0.798,0.241,0.247,0.336,0.947,0.975,0.63,0.306,0.835,0.782,0.137,0.427,0.055,0.9,0.133,0.879,0.532,0.276,0.506,0.764,0.618,0.425,0.082,0.377,0.056,0.139,0.303,0.785,0.195,0.403,0.822,0.488,0.02,0.604,0.531,0.673,0.622
0.0,0.529,0.409,0.388,0.592,0.838,0.398,0.642,0.266,0.211,0.14,0.966,0.845,0.372,0.801,0.148,0.313,0.492,0.674,0.941,0.54,0.174,0.644,0.561,0.673,0.45,0.75,0.65,0.577,0.036,0.916,0.904,0.621,0.292,0.838,0.84,0.031,0.641,0.787,0.648,0.064
1.0,0.395,0.874,0.076,0.797,0.097,0.322,0.02,0.752,0.43,0.238,0.844,0.092,0.141,0.252,0.159,0.058,0.529,0.011,0.233,0.71,0.157,0.338,0.221,0.231,0.309,0.296,0.307,0.51,0.566,0.714,0.692,0.028,0.192,0.736,0.973,0.35,0.308,0.259,0.544,0.789
0.0,0.091,0.71,0.155,0.183,0.136,0.262,0.202,0.184,0.249,0.205,0.271,0.273,0.453,0.341,0.545,0.364,0.46,0.979,0.934,0.217,0.398,0.202,0.984,0.839,0.206,0.347,0.605,0.012,0.896,0.366,0.213,0.842,0.666,0.642,0.127,0.574,0.879,0.382,0.467,0.035
1.0,0.303,0.196,0.359,0.38,0.098,0.09,0.127,0.926,0.098,0.134,0.585,0.63,0.65,0.519,0.647,0.958,0.002,0.706,0.902,0.945,0.158,0.332,0.773,0.516,0.743,0.868,0.755,0.695,0.706,0.48,0.931,0.906,0.48,0.925,0.262,0.885,0.017,0.04,0.829,0.343
0.0,0.277,0.905,0.328,0.378,0.544,0.336,0.544,0.766,0.849,0.869,0.322,0.968,0.384,0.696,0.987,0.235,0.182,0.593,0.353,0.112,0.799,0.308,0.166,0.606,0.228,0.171,0.078,0.166,0.206,0.152,0.012,0.748,0.153,0.063,0.183,0.586,0.96,0.808,0.129,0.853
1.0,0.372,0.036,0.516,0.713,0.505,0.838,0.01,0.688,0.485,0.079,0.886,0.565,0.163,0.301,0.072,0.012,0.077,0.702,0.82,0.305,0.858,0.177,0.094,0.024,0.549,0.688,0.523,0.001,0.638,0.686,0.022,0.734,0.415,0.325,0.488,0.601,0.735,0.176,0.512,0.644
1.0,0.907,0.892,0.581,0.04,0.349,0.53,0.536,0.806,0.02,0.915,0.664,0.301,0.389,0.949,0.293,0.899,0.046,0.049,0.784,0.793,0.784,0.166,0.093,0.209,0.176,0.43,0.28,0.609,0.201,0.423,0.336,0.184,0.019,0.352,0.602,0.364,0.893,0.521,0.546,0.551
0.0,0.337,0.758,0.208,0.722,0.934,0.64,0.253,0.815,0.088,0.604,0.415,0.984,0.668,0.754,0.108,0.937,0.09,0.745,0.737,0.201,0.339,0.391,0.979,0.003,0.153,0.903,0.537,0.63,0.649,0.606,0.852,0.191,0.009,0.664,0.57,0.305,0.057,0.676,0.142,0.734
1.0,0.902,0.871,0.572,0.442,0.765,0.789,0.25,0.983,0.066,0.931,0.193,0.687,0.411,0.62,0.486,0.224,0.888,0.707,0.982,0.978,0.704,0.779,0.537,0.349,0.97,0.414,0.136,0.677,0.529,0.809,0.124,0.352,0.981,0.148,0.17,0.285,0.586,0.263,0.414,0.407
1.0,0.063,0.97,0.409,0.848,0.401,0.569,0.519,0.028,0.495,0.925,0.035,0.056,0.019,0.107,0.074,0.072,0.779,0.855,0.567,0.39,0.955,0.753,0.509,0.884,0.463,0.011,0.811,0.111,0.067,0.447,0.846,0.471,0.627,0.209,0.972,0.834,0.6,0.376,0.021,0.67
0.0,0.183,0.81,0.894,0.982,0.782,0.222,0.106,0.08,0.957,0.493,0.56,0.355,0.235,0.561,0.43,0.674,0.723,0.803,0.487,0.21,0.595,0.981,0.907,0.808,0.564,0.968,0.76,0.556,0.416,0.095,0.451,0.78,0.644,0.581,0.634,0.605,0.562,0.15,0.057,0.619
0.0,0.648,0.136,0.175,0.523,0.338,0.748,0.343,0.907,0.93,0.073,0.974,0.647,0.962,0.414,0.354,0.884,0.244,0.419,0.402,0.195,0.687,0.475,0.95,0.189,0.812,0.537,0.46,0.806,0.899,0.582,0.981,0.906,0.032,0.394,0.437,0.074,0.423,0.242,0.237,0.422
1.0,0.739,0.992,0.352,0.354,0.28,0.204,0.228,0.556,0.117,0.029,0.742,0.304,0.661,0.703,0.107,0.717,0.499,0.261,0.46,0.957,0.691,0.504,0.077,0.013,0.079,0.598,0.621,0.395,0.582,0.647,0.704,0.177,0.135,0.534,0.833,0.937,0.86,0.997,0.199,0.679
0.0,0.411,0.67,0.949,0.059,0.953,0.6,0.096,0.022,0.548,0.395,0.155,0.371,0.864,0.268,0.962,0.926,0.933,0.806,0.76,0.685,0.291,0.16,0.059,0.041,0.313,0.016,0.352,0.089,0.567,0.754,0.316,0.884,0.842,0.199,0.002,0.214,0.168,0.167,0.915,0.503
0.0,0.818,0.021,0.117,0.235,0.479,0.766,0.86,0.626,0.156,0.328,0.638,0.832,0.083,0.333,0.881,0.345,0.207,0.916,0.559,0.806,0.483,0.263,0.007,0.761,0.936,0.992,0.758,0.98,0.769,0.056,0.396,0.658,0.512,0.566,0.107,0.646,0.893,0.113,0.384,0.567
0.0,0.479,0.9,0.388,0.098,0.874,0.808,0.914,0.198,0.341,0.716,0.981,0.452,0.311,0.286,0.479,0.642,0.304,0.109,0.649,0.194,0.851,0.3,0.104,0.036,0.046,0.967,0.552,0.004,0.21,0.203,0.802,0.177,0.835,0.28,0.942,0.872,0.873,0.689,0.104,0.443
1.0,0.056,0.8,0.323,0.644,0.835,0.57,0.608,0.008,0.954,0.392,0.645,0.935,0.224,0.806,0.883,0.122,0.357,0.656,0.852,0.162,0.865,0.54,0.123,0.07,0.788,0.312,0.629,0.567,0.732,0.761,0.281,0.908,0.034,0.201,0.49,0.068,0.809,0.938,0.203,0.9
1.0,0.267,0.393,0.785,0.149,0.05,0.718,0.297,0.833,0.539,0.784,0.663,0.441,0.605,0.775,0.649,0.197,0.774,0.763,0.57,0.456,0.572,0.358,0.117,0.529,0.138,0.073,0.832,0.471,0.735,0.642,0.204,0.514,0.461,0.09,0.897,0.44,0.865,0.675,0.94,0.565
0.0,0.017,0.891,0.687,0.056,0.417,0.268,0.434,0.334,0.765,0.751,0.299,0.962,0.696,0.938,0.301,0.319,0.249,0.461,0.464,0.121,0.124,0.299,0.386,0.951,0.175,0.141,0.517,0.762,0.63,0.304,0.666,0.235,0.253,0.535,0.916,0.685,0.875,0.227,0.36,0.843
1.0,0.49,0.343,0.921,0.211,0.36,0.774,0.509,0.531,0.063,0.108,0.324,0.456,0.684,0.711,0.454,0.53,0.109,0.489,0.134,0.697,0.439,0.011,0.101,0.557,0.222,0.642,0.603,0.021,0.707,0.275,0.273,0.014,0.394,0.45,0.53,0.52,0.669,0.623,0.874,0.226
1.0,0.082,0.493,0.546,0.887,0.348,0.6,0.628,0.196,0.938,0.98,0.991,0.054,0.717,0.767,0.485,0.023,0.318,0.89,0.734,0.262,0.04,0.811,0.133,0.729,0.405,0.317,0.2,0.734,0.651,0.999,0.912,0.113,0.3,0.083,0.278,0.606,0.762,0.8,0.576,0.508
1.0,0.285,0.319,0.51,0.66,0.605,0.66,0.824,0.536,0.231,0.019,0.388,0.646,0.07,0.693,0.08,0.92,0.267,0.166,0.976,0.268,0.567,0.689,0.779,0.844,0.236,0.69,0.669,0.226,0.905,0.403,0.662,0.262,0.119,0.374,0.07,0.941,0.655,0.031,0.845,0.278
0.0,0.362,0.831,0.382,0.05,0.24,0.619,0.327,0.069,0.208,0.371,0.331,0.631,0.446,0.5,0.354,0.63,0.698,0.809,0.386,0.71,0.148,0.22,0.839,0.397,0.375,0.636,0.777,0.365,0.522,0.842,0.556,0.953,0.689,0.288,0.196,0.119,0.695,0.914,0.134,0.604
0.0,0.242,0.533,0.463,0.632,0.025,0.719,0.436,0.738,0.688,0.629,0.055,0.129,0.206,0.966,0.256,0.559,0.603,0.347,0.941,0.064,0.464,0.678,0.888,0.775,0.73,0.468,0.775,0.574,0.473,0.378,0.642,0.438,0.168,0.571,0.232,0.307,0.071,0.109,0.623,0.678
1.0,0.248,0.659,0.677,0.222,0.687,0.36,0.395,0.535,0.911,0.371,0.271,0.341,0.589,0.605,0.751,0.466,0.486,0.493,0.735,0.943,0.997,0.955,0.781,0.328,0.126,0.612,0.029,0.821,0.924,0.718,0.615,0.076,0.994,0.34,0.367,0.83,0.345,0.752,0.578,0.961
1.0,0.646,0.487,0.243,0.214,0.186,0.518,0.277,0.433,0.192,0.28,0.473,0.524,0.404,0.007,0.963,0.495,0.448,0.637,0.926,0.186,0.261,0.317,0.013,0.752,0.498,0.028,0.111,0.594,0.714,0.093,0.293,0.827,0.889,0.449,0.312,0.903,0.591,0.104,0.465,0.192
1.0,0.432,0.708,0.598,0.372,0.379,0.697,0.764,0.814,0.162,0.918,0.674,0.74,0.549,0.78,0.875,0.48,0.83,0.408,0.072,0.714,0.818,0.934,0.74,0.718,0.689,0.678,0.486,0.457,0.258,0.527,0.051,0.743,0.631,0.229,0.388,0.451,0.134,0.565,0.344,0.613
1.0,0.136,0.131,0.521,0.878,0.358,0.44,0.354,0.29,0.308,0.709,0.67,0.218,0.601,0.895,0.966,0.313,0.119,0.967,0.77,0.357,0.192,0.465,0.09,0.058,0.459,0.662,0.453,0.633,0.58,0.607,0.265,0.19,0.833,0.475,0.609,0.666,0.277,0.518,0.532,0.631
1.0,0.109,0.701,0.015,0.323,0.45,0.595,0.78,0.77,0.455,0.354,0.043,0.769,0.839,0.497,0.337,0.932,0.525,0.379,0.93,0.827,0.968,0.683,0.691,0.795,0.876,0.52,0.771,0.783,0.723,0.886,0.819,0.17,0.492,0.438,0.191,0.578,0.496,0.893,0.669,0.831
1.0,0.569,0.705,0.216,0.692,0.334,0.803,0.379,0.29,0.616,0.476,0.965,0.161,0.603,0.66,0.188,0.873,0.012,0.263,0.702,0.335,0.104,0.709,0.418,0.369,0.632,0.71,0.306,0.097,0.017,0.308,0.607,0.476,0.66,0.642,0.602,0.301,0.849,0.563,0.494,0.633
1.0,0.32,0.374,0.08,0.779,0.394,0.796,0.651,0.874,0.862,0.345,0.777,0.741,0.905,0.122,0.137,0.768,0.65,0.821,0.307,0.176,0.988,0.194,0.65,0.1,0.358,0.736,0.544,0.462,0.687,0.089,0.197,0.102,0.775,0.416,0.813,0.136,0.64,0.325,0.749,0.449
1.0,0.564,0.007,0.041,0.298,0.679,0.015,0.982,0.487,0.869,0.681,0.855,0.321,0.139,0.855,0.435,0.096,0.537,0.503,0.122,0.11,0.736,0.427,0.222,0.863,0.403,0.565,0.705,0.746,0.727,0.683,0.816,0.997,0.005,0.231,0.571,0.788,0.862,0.587,0.321,0.273
1.0,0.048,0.362,0.15,0.113,0.656,0.408,0.902,0.642,0.097,0.036,0.217,0.107,0.668,0.755,0.424,0.214,0.283,0.868,0.931,0.332,0.867,0.319,0.433,0.726,0.606,0.34,0.753,0.179,0.758,0.464,0.646,0.385,0.622,0.105,0.891,0.763,0.841,0.866,0.95,0.486
0.0,0.765,0.61,0.113,0.278,0.841,0.056,0.303,0.603,0.666,0.253,0.837,0.876,0.271,0.709,0.131,0.857,0.41,0.508,0.489,0.15,0.656,0.063,0.675,0.943,0.293,0.74,0.444,0.916,0.792,0.834,0.003,0.201,0.97,0.213,0.295,0.014,0.088,0.359,0.524,0.172
0.0,0.995,0.638,0.514,0.563,0.408,0.724,0.618,0.538,0.907,0.455,0.749,0.038,0.769,0.062,0.711,0.172,0.322,0.877,0.407,0.089,0.503,0.396,0.823,0.725,0.696,0.129,0.722,0.84,0.893,0.823,0.028,0.334,0.248,0.128,0.402,0.003,0.513,0.1,0.374,0.698
0.0,0.953,0.964,0.509,0.914,0.413,0.18,0.489,0.419,0.184,0.355,0.913,0.991,0.837,0.155,0.909,0.245,0.176,0.899,0.772,0.471,0.242,0.379,0.993,0.197,0.51,0.531,0.996,0.561,0.338,0.583,0.822,0.732,0.993,0.039,0.067,0.876,0.81,0.761,0.206,0.321
1.0,0.224,0.197,0.189,0.261,0.587,0.486,0.87,0.318,0.588,0.73,0.879,0.145,0.865,0.974,0.309,0.714,0.189,0.133,0.224,0.148,0.674,0.609,0.165,0.637,0.672,0.997,0.589,0.796,0.786,0.505,0.298,0.747,0.741,0.28,0.795,0.059,0.097,0.933,0.81,0.901
1.0,0.227,0.629,0.715,0.276,0.095,0.425,0.615,0.095,0.048,0.698,0.286,0.248,0.756,0.655,0.913,0.508,0.634,0.264,0.374,0.234,0.485,0.192,0.754,0.682,0.123,0.354,0.091,0.821,0.356,0.016,0.234,0.435,0.931,0.04,0.982,0.363,0.562,0.072,0.348,0.744
1.0,0.758,0.937,0.081,0.906,0.356,0.232,0.259,0.593,0.457,0.627,0.533,0.026,0.818,0.94,0.014,0.542,0.344,0.667,0.628,0.603,0.672,0.635,0.754,0.82,0.324,0.76,0.275,0.013,0.747,0.891,0.941,0.282,0.238,0.048,0.815,0.184,0.528,0.867,0.814,0.027
0.0,0.148,0.109,0.013,0.926,0.323,0.567,0.995,0.399,0.13,0.41,0.002,0.492,0.16,0.304,0.371,0.363,0.685,0.101,0.089,0.805,0.986,0.869,0.989,0.66,0.709,0.032,0.712,0.427,0.908,0.518,0.716,0.603,0.61,0.091,0.245,0.143,0.322,0.888,0.312,0.24
1.0,0.302,0.542,0.605,0.513,0.147,0.573,0.846,0.583,0.956,0.287,0.139,0.081,0.501,0.293,0.088,0.211,0.108,0.401,0.264,0.247,0.892,0.468,0.539,1.0,0.406,0.465,0.387,0.864,0.144,0.669,0.691,0.485,0.227,0.205,0.651,0.505,0.849,0.427,0.791,0.89
0.0,0.124,0.361,0.073,0.483,0.499,0.805,0.324,0.105,0.746,0.46,0.287,0.649,0.243,0.805,0.612,0.785,0.378,0.955,0.11,0.328,0.983,0.033,0.893,0.105,0.203,0.262,0.75,0.941,0.986,0.404,0.952,0.876,0.4,0.256,0.039,0.331,0.67,0.016,0.396,0.802
1.0,0.548,0.451,0.588,0.812,0.52,0.01,0.346,0.99,0.918,0.915,0.974,0.095,0.924,0.056,0.447,0.432,0.02,0.333,0.317,0.976,0.165,0.714,0.439,0.842,0.258,0.272,0.534,0.667,0.615,0.808,0.779,0.576,0.483,0.43,0.56,0.584,0.348,0.855,0.84,0.782
1.0,0.336,0.244,0.66,0.835,0.01,0.624,0.436,0.143,0.991,0.955,0.336,0.642,0.234,0.317,0.949,0.567,0.074,0.466,0.207,0.422,0.842,0.261,0.432,0.416,0.567,0.16,0.868,0.579,0.428,0.356,0.765,0.363,0.927,0.065,0.446,0.649,0.629,0.099,0.446,0.293
0.0,0.361,0.299,0.921,0.655,0.037,0.368,0.791,0.068,0.536,0.248,0.89,0.728,0.857,0.095,0.773,0.734,0.328,0.048,0.55,0.114,0.949,0.916,0.917,0.8,0.742,0.323,0.046,0.091,0.577,0.566,0.417,0.475,0.872,0.33,0.078,0.128,0.56,0.709,0.544,0.42
1.0,0.584,0.904,0.919,0.972,0.205,0.543,0.146,0.699,0.714,0.794,0.8,0.626,0.187,0.923,0.95,0.135,0.497,0.509,0.219,0.267,0.813,0.216,0.488,0.246,0.393,0.359,0.125,0.257,0.77,0.84,0.919,0.935,0.368,0.298,0.7,0.705,0.614,0.632,0.057,0.345
1.0,0.944,0.161,0.875,0.654,0.134,0.099,0.781,0.659,0.993,0.893,0.429,0.527,0.329,0.598,0.242,0.695,0.579,0.846,0.075,0.584,0.976,0.044,0.527,0.23,0.094,0.409,0.959,0.484,0.457,0.482,0.295,0.11,0.965,0.371,0.476,0.884,0.051,0.142,0.125,0.387
1.0,0.19,0.291,0.519,0.083,0.417,0.389,0.399,0.979,0.194,0.224,0.253,0.32,0.807,0.702,0.775,0.269,0.334,0.696,0.821,0.984,0.114,0.806,0.302,0.117,0.958,0.848,0.019,0.836,0.236,0.018,0.582,0.517,0.871,0.118,0.53,0.024,0.629,0.814,0.81,0.725
0.0,0.384,0.654,0.565,0.787,0.992,0.841,0.401,0.849,0.286,0.154,0.561,0.906,0.09,0.57,0.879,0.04,0.829,0.816,0.113,0.046,0.625,0.318,0.835,0.685,0.039,0.827,0.381,0.827,0.717,0.395,0.616,0.537,0.753,0.284,0.459,0.891,0.967,0.142,0.876,0.956
1.0,0.426,0.575,0.404,0.673,0.406,0.347,0.652,0.22,0.302,0.12,0.603,0.309,0.248,0.69,0.237,0.225,0.05,0.553,0.625,0.982,0.383,0.038,0.597,0.417,0.727,0.248,0.071,0.323,0.999,0.903,0.701,0.021,0.085,0.071,0.262,0.489,0.528,0.404,0.174,0.825
1.0,0.947,0.63,0.891,0.865,0.017,0.568,0.338,0.159,0.355,0.838,0.549,0.981,0.821,0.299,0.288,0.284,0.607,0.179,0.99,0.055,0.101,0.875,0.724,0.093,0.273,0.31,0.99,0.283,0.951,0.185,0.427,0.351,0.919,0.66,0.797,0.698,0.54,0.251,0.658,0.634
0.0,0.944,0.403,0.987,0.443,0.047,0.374,0.013,0.501,0.685,0.524,0.534,0.359,0.541,0.683,0.986,0.836,0.878,0.736,0.099,0.634,0.879,0.417,0.954,0.633,0.422,0.72,0.686,0.429,0.273,0.621,0.007,0.837,0.93,0.058,0.711,0.253,0.337,0.079,0.565,0.943
1.0,0.196,0.993,0.626,0.395,0.497,0.075,0.219,0.103,0.202,0.428,0.527,0.74,0.965,0.746,0.633,0.838,0.85,0.849,0.075,0.919,0.149,0.226,0.489,0.517,0.743,0.406,0.081,0.88,0.363,0.685,0.013,0.192,0.834,0.608,0.69,0.84,0.228,0.66,0.354,0.517
1.0,0.219,0.084,0.631,0.092,0.541,0.162,0.285,0.736,0.967,0.389,0.495,0.202,0.762,0.93,0.467,0.595,0.148,0.82,0.128,0.343,0.034,0.071,0.47,0.482,0.024,0.7,0.787,0.176,0.799,0.963,0.38,0.567,0.645,0.174,0.866,0.232,0.24,0.404,0.605,0.678
0.0,0.255,0.441,0.905,0.626,0.052,0.581,0.004,0.274,0.844,0.219,0.205,0.582,0.523,0.466,0.535,0.877,0.329,0.012,0.543,0.152,0.884,0.59,0.083,0.472,0.878,0.745,0.783,0.93,0.214,0.463,0.109,0.133,0.908,0.529,0.61,0.919,0.124,0.363,0.72,0.125
0.0,0.961,0.615,0.385,0.988,0.903,0.15,0.406,0.423,0.614,0.219,0.244,0.697,0.822,0.764,0.705,0.168,0.68,0.69,0.469,0.709,0.546,0.476,0.341,0.324,0.692,0.086,0.292,0.044,0.953,0.27,0.626,0.886,0.684,0.678,0.354,0.115,0.537,0.68,0.064,0.745
1.0,0.711,0.529,0.058,0.899,0.208,0.646,0.834,0.094,0.202,0.676,0.198,0.483,0.575,0.194,0.694,0.243,0.265,0.281,0.657,0.698,0.761,0.244,0.474,0.718,0.209,0.008,0.334,0.203,0.589,0.45,0.938,0.523,0.971,0.543,0.598,0.422,0.76,0.838,0.912,0.573
1.0,0.314,0.591,0.513,0.862,0.398,0.125,0.24,0.894,0.63,0.317,0.563,0.542,0.857,0.588,0.146,0.998,0.206,0.872,0.134,0.324,0.41,0.347,0.813,0.327,0.655,0.406,0.799,0.357,0.876,0.008,0.798,0.069,0.834,0.144,0.131,0.955,0.081,0.078,0.215,0.53
1.0,0.781,0.928,0.646,0.835,0.488,0.985,0.651,0.846,0.893,0.246,0.517,0.284,0.407,0.402,0.952,0.616,0.7,0.963,0.481,0.867,0.516,0.586,0.086,0.579,0.451,0.066,0.384,0.734,0.281,0.952,0.543,0.185,0.799,0.655,0.385,0.69,0.784,0.956,0.77,0.973
0.0,0.335,0.939,0.105,0.954,0.668,0.472,0.543,0.466,0.196,0.381,0.446,0.076,0.471,0.714,0.201,0.523,0.703,0.46,0.58,0.864,0.514,0.323,0.931,0.317,0.446,0.693,0.96,0.509,0.132,0.023,0.38,0.132,0.671,0.074,0.346,0.483,0.054,0.974,0.328,0.01
0.0,0.529,0.818,0.356,0.938,0.51,0.836,0.811,0.156,0.975,0.125,0.088,0.704,0.114,0.283,0.846,0.908,0.219,0.162,0.12,0.776,0.024,0.771,0.865,0.539,0.321,0.279,0.637,0.659,0.981,0.397,0.38,0.431,0.168,0.248,0.07,0.468,0.103,0.767,0.807,0.042
1.0,0.507,0.7,0.578,0.394,0.147,0.763,0.91,0.921,0.523,0.548,0.62,0.236,0.247,0.565,0.634,0.079,0.378,0.393,0.62,0.78,0.452,0.397,0.402,0.507,0.44,0.861,0.136,0.54,0.755,0.575,0.58,0.23,0.354,0.339,0.192,0.895,0.139,0.866,0.586,0.685
1.0,0.936,0.49,0.823,0.72,0.382,0.366,0.742,0.763,0.994,0.063,0.126,0.101,0.576,0.965,0.647,0.893,0.989,0.243,0.033,0.008,0.911,0.372,0.666,0.171,0.749,0.33,0.737,0.938,0.558,0.725,0.051,0.549,0.442,0.932,0.677,0.388,0.39,0.471,0.19,0.946
0.0,0.301,0.191,0.731,0.378,0.608,0.536,0.303,0.009,0.749,0.143,0.989,0.933,0.543,0.786,0.65,0.937,0.109,0.546,0.85,0.03,0.889,0.02,0.54,0.388,0.8,0.865,0.569,0.928,0.228,0.66,0.481,0.333,0.389,0.873,0.263,0.476,0.63,0.949,0.909,0.106
1.0,0.236,0.966,0.09,0.53,0.12,0.65,0.677,0.506,0.79,0.127,0.942,0.247,0.577,0.04,0.997,0.704,0.217,0.657,0.606,0.27,0.592,0.951,0.767,0.105,0.003,0.891,0.439,0.828,0.906,0.171,0.388,0.994,0.424,0.567,0.276,0.878,0.189,0.546,0.278,0.673
1.0,0.399,0.27,0.737,0.042,0.773,0.344,0.304,0.065,0.686,0.485,0.685,0.427,0.083,0.781,0.095,0.592,0.916,0.659,0.374,0.846,0.209,0.588,0.243,0.06,0.311,0.793,0.786,0.098,0.818,0.497,0.609,0.818,0.792,0.889,0.978,0.056,0.351,0.51,0.368,0.779
0.0,0.971,0.959,0.241,0.592,0.188,0.555,0.482,0.617,0.282,0.727,0.314,0.911,0.689,0.83,0.263,0.295,0.538,0.526,0.955,0.221,0.157,0.279,0.796,0.1,0.143,0.732,0.915,0.02,0.393,0.116,0.021,0.163,0.836,0.798,0.738,0.411,0.443,0.624,0.973,0.336
0.0,0.306,0.185,0.483,0.15,0.577,0.175,0.562,0.764,0.523,0.66,0.637,0.216,0.63,0.62,0.797,0.515,0.92,0.353,0.863,0.652,0.838,0.026,0.689,0.59,0.611,0.329,0.234,0.384,0.672,0.726,0.754,0.548,0.132,0.09,0.373,1.0,0.712,0.508,0.962,0.459
0.0,0.008,0.802,0.036,0.878,0.539,0.978,0.911,0.016,0.817,0.132,0.418,0.379,0.817,0.117,0.702,0.416,0.723,0.297,0.975,0.93,0.515,0.964,0.403,0.617,0.85,0.645,0.34,0.47,0.299,0.291,0.629,0.467,0.409,0.514,0.983,0.576,0.972,0.152,0.437,0.801
0.0,0.58,0.59,0.131,0.109,0.901,0.303,0.421,0.615,0.313,0.31,0.316,0.922,0.713,0.836,0.254,0.555,0.455,0.319,0.558,0.537,0.041,0.312,0.341,0.29,0.669,0.464,0.26,0.126,0.563,0.351,0.391,0.625,0.07,0.055,0.318,0.972,0.314,0.001,0.456,0.158
0.0,0.109,0.324,0.568,0.659,0.65,0.104,0.21,0.089,0.866,0.011,0.346,0.911,0.189,0.639,0.402,0.073,0.785,0.938,0.298,0.145,0.039,0.528,0.163,0.809,0.355,0.71,0.679,0.509,0.376,0.216,0.772,0.036,0.095,0.587,0.472,0.201,0.612,0.109,0.614,0.911
0.0,0.522,0.456,0.965,0.859,0.923,0.461,0.88,0.354,0.174,0.804,0.939,0.042,0.004,0.626,0.912,0.012,0.203,0.774,0.21,0.379,0.615,0.2,0.186,0.876,0.451,0.996,0.073,0.473,0.344,0.407,0.835,0.725,0.702,0.591,0.054,0.295,0.959,0.948,0.038,0.972
0.0,0.497,0.059,0.888,0.1,0.024,0.908,0.027,0.539,0.941,0.765,0.286,0.247,0.621,0.957,0.301,0.743,0.393,0.4,0.241,0.636,0.43,0.75,0.85,0.773,0.853,0.203,0.378,0.361,0.013,0.898,0.911,0.372,0.409,0.047,0.726,0.657,0.759,0.455,0.005,0.008
0.0,0.723,0.637,0.103,0.455,0.131,0.475,0.768,0.972,0.612,0.014,0.186,0.489,0.902,0.606,0.307,0.203,0.444,0.895,0.792,0.089,0.8,0.681,0.989,0.633,0.537,0.974,0.185,0.269,0.087,0.437,0.056,0.887,0.984,0.45,0.272,0.88,0.699,0.086,0.698,0.258
1.0,0.174,0.742,0.367,0.397,0.689,0.966,0.456,0.92,0.016,0.928,0.125,0.504,0.103,0.433,0.178,0.107,0.556,0.892,0.48,0.341,0.695,0.54,0.439,0.017,0.33,0.594,0.229,0.7,0.506,0.484,0.584,0.247,0.444,0.277,0.769,0.994,0.938,0.13,0.225,0.506
0.0,0.131,0.576,0.554,0.884,0.859,0.428,0.151,0.676,0.68,0.911,0.499,0.242,0.426,0.634,0.425,0.876,0.796,0.611,0.327,0.143,0.136,0.24,0.572,1.0,0.62,0.983,0.624,0.193,0.592,0.804,0.107,0.259,0.356,0.493,0.338,0.669,0.523,0.193,0.286,0.649
0.0,0.411,0.681,0.108,0.99,0.298,0.612,0.858,0.138,0.632,0.665,0.69,0.89,0.491,0.748,0.647,0.893,0.5,0.092,0.588,0.537,0.926,0.151,0.72,0.579,0.541,0.749,0.623,0.438,0.198,0.373,0.307,0.476,0.027,0.952,0.616,0.503,0.913,0.93,0.264,0.035
1.0,0.556,0.011,0.988,0.247,0.38,0.868,0.484,0.308,0.19,0.723,0.623,0.123,0.0,0.889,0.983,0.386,0.605,0.478,0.968,0.655,0.05,0.948,0.139,0.409,0.859,0.393,0.725,0.09,0.563,0.211,0.41,0.851,0.908,0.754,0.672,0.465,0.439,0.638,0.093,0.895
1.0,0.789,0.368,0.208,0.925,0.517,0.71,0.064,0.051,0.115,0.338,0.436,0.762,0.813,0.957,0.78,0.527,0.222,0.287,0.892,0.38,0.078,0.672,0.904,0.085,0.876,0.997,0.053,0.722,0.07,0.098,0.49,0.774,0.234,0.334,0.059,0.889,0.509,0.315,0.858,0.363
1.0,0.913,0.507,0.455,0.61,0.535,0.369,0.877,0.52,0.802,0.835,0.373,0.242,0.804,0.066,0.326,0.873,0.244,0.619,0.817,0.69,0.444,0.844,0.383,0.512,0.524,0.637,0.699,0.638,0.924,0.45,0.261,0.621,0.712,0.305,0.623,0.089,0.339,0.566,0.726,0.691
0.0,0.462,0.007,0.802,0.423,0.968,0.429,0.114,0.4,0.643,0.671,0.484,0.784,0.844,0.272,0.4,0.981,0.341,0.573,0.77,0.16,0.512,0.38,0.923,0.462,0.995,0.63,0.994,0.863,0.583,0.801,0.423,0.616,0.727,0.365,0.815,0.864,0.529,0.79,0.962,0.705
1.0,0.621,0.084,0.405,0.252,0.081,0.36,0.24,0.911,0.264,0.161,0.933,0.543,0.832,0.626,0.1,0.513,0.615,0.529,0.467,0.503,0.318,0.925,0.612,0.794,0.95,0.241,0.518,0.75,0.178,0.68,0.235,0.824,0.181,0.253,0.551,0.707,0.066,0.045,0.646,0.046
0.0,0.722,0.508,0.026,0.713,0.559,0.689,0.562,0.932,0.398,0.595,0.394,0.931,0.483,0.463,0.966,0.836,0.259,0.513,0.027,0.269,0.024,0.598,0.941,0.676,0.399,0.787,0.961,0.588,0.716,0.822,0.553,0.715,0.642,0.127,0.752,0.241,0.852,0.851,0.798,0.12
1.0,0.677,0.315,0.41,0.303,0.803,0.137,0.792,0.733,0.074,0.655,0.236,0.087,0.86,0.332,0.512,0.663,0.854,0.699,0.864,0.304,0.394,0.91,0.021,0.456,0.9,0.033,0.276,0.501,0.019,0.313,0.224,0.478,0.135,0.352,0.272,0.448,0.492,0.622,0.838,0.204
0.0,0.759,0.669,0.303,0.478,0.91,0.563,0.135,0.613,0.299,0.569,0.922,0.122,0.304,0.4,0.011,0.492,0.708,0.148,0.11,0.406,0.161,0.669,0.244,0.158,0.788,0.923,0.756,0.547,0.701,0.29,0.196,0.0,0.144,0.456,0.269,0.411,0.872,0.952,0.084,0.462
1.0,0.752,0.957,0.834,0.069,0.578,0.818,0.075,0.435,0.223,0.503,0.777,0.354,0.336,0.723,0.73,0.432,0.307,0.742,0.113,0.341,0.472,0.145,0.171,0.159,0.067,0.487,0.91,0.776,0.946,0.984,0.502,0.184,0.643,0.934,0.781,0.173,0.08,0.788,0.23,0.05
0.0,0.401,0.751,0.171,0.761,0.24,0.88,0.315,0.392,0.814,0.946,0.286,0.441,0.253,0.185,0.696,0.669,0.399,0.266,0.092,0.839,0.871,0.483,0.98,0.217,0.524,0.326,0.637,0.361,0.209,0.693,0.577,0.958,0.791,0.607,0.203,0.232,0.214,0.654,0.703,0.969
1.0,0.72,0.629,0.053,0.621,0.512,0.703,0.058,0.293,0.988,0.358,0.399,0.703,0.272,0.139,0.942,0.883,0.425,0.845,0.78,0.082,0.45,0.272,0.467,0.008,0.31,0.171,0.897,0.768,0.079,0.766,0.569,0.836,0.547,0.68,0.369,0.946,0.288,0.497,0.081,0.021
1.0,0.338,0.371,0.426,0.052,0.673,0.58,0.25,0.159,0.395,0.889,0.633,0.373,0.634,0.398,0.98,0.619,0.599,0.276,0.999,0.996,0.029,0.164,0.175,0.949,0.45,0.543,0.496,0.263,0.067,0.963,0.308,0.435,0.299,0.229,0.279,0.391,0.99,0.049,0.685,0.198
0.0,0.477,0.893,0.424,0.55,0.515,0.356,0.384,0.402,0.418,0.299,0.527,0.773,0.485,0.233,0.891,0.511,0.886,0.27,0.036,0.73,0.973,0.775,0.695,0.21,0.576,0.117,0.998,0.046,0.007,0.802,0.975,0.809,0.648,0.909,0.746,0.954,0.712,0.706,0.01,0.717
0.0,0.198,0.4,0.301,0.25,0.623,0.602,0.752,0.408,0.593,0.299,0.814,0.489,0.551,0.35,0.532,0.292,0.471,0.639,0.093,0.326,0.766,0.126,0.335,0.78,0.092,0.809,0.855,0.298,0.396,0.637,0.282,0.365,0.743,0.21,0.198,0.58,0.277,0.561,0.949,0.052
1.0,0.004,0.708,0.636,0.78,0.73,0.015,0.809,0.688,0.492,0.292,0.421,0.084,0.077,0.364,0.616,0.705,0.149,0.852,0.657,0.346,0.37,0.121,0.091,0.491,0.324,0.046,0.564,0.124,0.009,0.147,0.788,0.603,0.33,0.728,0.502,0.423,0.823,0.193,0.61,0.211
0.0,0.915,0.129,0.226,0.766,0.242,0.33,0.926,0.89,0.673,0.446,0.708,0.772,0.049,0.379,0.294,0.912,0.493,0.654,0.392,0.936,0.703,0.463,0.154,0.072,0.837,0.41,0.508,0.663,0.194,0.979,0.106,0.817,0.639,0.699,0.394,0.272,0.226,0.299,0.356,0.551
1.0,0.742,0.444,0.517,0.291,0.714,0.381,0.798,0.766,0.582,0.708,0.955,0.413,0.537,0.547,0.047,0.451,0.535,0.581,0.157,0.179,0.046,0.861,0.053,0.608,0.707,0.226,0.594,0.706,0.491,0.645,0.186,0.882,0.112,0.074,0.084,0.271,0.841,0.834,0.236,0.527
0.0,0.049,0.989,0.557,0.874,0.995,0.43,0.911,0.456,0.649,0.07,0.119,0.549,0.808,0.74,0.017,0.204,0.637,0.864,0.051,0.528,0.534,0.141,0.416,0.127,0.386,0.536,0.573,0.87,0.411,0.938,0.899,0.155,0.955,0.183,0.12,0.508,0.734,0.031,0.12,0.914
1.0,0.118,0.727,0.719,0.424,0.723,0.946,0.871,0.566,0.804,0.498,0.374,0.825,0.385,0.697,0.839,0.398,0.976,0.863,0.783,0.281,0.748,0.867,0.831,0.065,0.838,0.213,0.613,0.542,0.259,0.593,0.031,0.077,0.306,0.364,0.245,0.41,0.558,0.197,0.929,0.929
1.0,0.091,0.993,0.593,0.476,0.756,0.056,0.554,0.72,0.902,0.55,0.931,0.059,0.182,0.653,0.079,0.388,0.07,0.17,0.516,0.45,0.24,0.491,0.084,0.479,0.547,0.845,0.156,0.098,0.827,0.833,0.6,0.606,0.456,0.509,0.021,0.406,0.305,0.415,0.846,0.868
1.0,0.795,0.686,0.0,0.581,0.298,0.71,0.427,0.897,0.887,0.396,0.455,0.279,0.504,0.769,0.646,0.741,0.736,0.989,0.02,0.797,0.488,0.863,0.512,0.619,0.727,0.413,0.327,0.54,0.895,0.828,0.005,0.846,0.092,0.919,0.201,0.849,0.156,0.747,0.538,0.631
0.0,0.083,0.654,0.09,0.078,0.198,0.873,0.766,0.589,0.289,0.165,0.624,0.35,0.593,0.532,0.189,0.916,0.254,0.987,0.259,0.272,0.541,0.334,0.883,0.488,0.379,0.942,0.852,0.23,0.254,0.572,0.01,0.748,0.909,0.103,0.362,0.816,0.07,0.479,0.491,0.847
1.0,0.142,0.023,0.142,0.0,0.199,0.741,0.555,0.548,0.428,0.444,0.186,0.574,0.351,0.103,0.255,0.948,0.997,0.677,0.66,0.414,0.593,0.883,0.279,0.536,0.284,0.868,0.474,0.113,0.699,0.427,0.135,0.737,0.048,0.136,0.601,0.989,0.773,0.942,0.814,0.238
1.0,0.285,0.283,0.997,0.134,0.464,0.56,0.43,0.969,0.356,0.685,0.53,0.266,0.146,0.346,0.997,0.423,0.443,0.551,0.117,0.092,0.303,0.492,0.695,0.848,0.513,0.831,0.072,0.219,0.528,0.247,0.163,0.891,0.298,0.483,0.717,0.906,0.249,0.607,0.296,0.759
0.0,0.04,0.926,0.822,0.279,0.323,0.907,0.695,0.26,0.229,0.117,0.614,0.291,0.714,0.093,0.737,0.848,0.202,0.246,0.263,0.957,0.125,0.295,0.904,0.879,0.262,0.03,0.616,0.329,0.792,0.315,0.296,0.021,0.697,0.473,0.508,0.749,0.552,0.903,0.162,0.728
0.0,0.528,0.254,0.6,0.084,0.349,0.896,0.272,0.111,0.848,0.632,0.036,0.235,0.468,0.59,0.579,0.447,0.648,0.589,0.253,0.356,0.511,0.761,0.079,0.076,0.765,0.408,0.933,0.371,0.249,0.525,0.939,0.151,0.927,0.435,0.066,0.212,0.689,0.289,0.682,0.537
1.0,0.551,0.39,0.12,0.016,0.69,0.366,0.282,0.247,0.362,0.971,0.547,0.236,0.812,0.13,0.685,0.466,0.822,0.647,0.512,0.523,0.334,0.633,0.603,0.414,0.626,0.44,0.634,0.674,0.91,0.572,0.414,0.82,0.336,0.014,0.388,0.331,0.129,0.237,0.43,0.541
0.0,0.914,0.748,0.673,0.22,0.258,0.801,0.739,0.885,0.02,0.735,0.435,0.407,0.646,0.021,0.277,0.538,0.716,0.565,0.607,0.813,0.103,0.319,0.399,0.443,0.858,0.748,0.729,0.142,0.875,0.836,0.061,0.894,0.835,0.368,0.055,0.884,0.351,0.429,0.54,0.335
1.0,0.598,0.398,0.373,0.774,0.458,0.174,0.699,0.242,0.518,0.303,0.953,0.514,0.796,0.897,0.973,0.317,0.701,0.177,0.041,0.679,0.985,0.895,0.42,0.952,0.898,0.027,0.973,0.591,0.696,0.898,0.805,0.967,0.807,0.325,0.834,0.635,0.879,0.822,0.374,0.262
0.0,0.878,0.722,0.867,0.145,0.477,0.96,0.181,0.995,0.042,0.993,0.887,0.772,0.536,0.603,0.484,0.24,0.564,0.224,0.717,0.623,0.355,0.608,0.253,0.167,0.043,0.215,0.212,0.047,0.892,0.726,0.069,0.322,0.167,0.106,0.994,0.053,0.796,0.679,0.089,0.132
1.0,0.71,0.228,0.294,0.068,0.311,0.036,0.838,0.441,0.572,0.737,0.085,0.383,0.39,0.336,0.994,0.054,0.739,0.819,0.501,0.017,0.34,0.844,0.258,0.499,0.823,0.42,0.004,0.993,0.222,0.056,0.334,0.159,0.543,0.546,0.066,0.969,0.791,0.658,0.536,0.454
0.0,0.158,0.351,0.431,0.048,0.497,0.95,0.504,0.25,0.462,0.527,0.579,0.998,0.129,0.951,0.067,0.215,0.255,0.793,0.736,0.592,0.016,0.015,0.548,0.641,0.682,0.279,0.497,0.905,0.337,0.013,0.852,0.181,0.198,0.66,0.756,0.131,0.72,0.426,0.409,0.037
1.0,0.271,0.549,0.452,0.701,0.448,0.14,0.067,0.173,0.808,0.447,0.138,0.442,0.272,0.882,0.605,0.841,0.747,0.187,0.035,0.085,0.284,0.45,0.683,0.706,0.675,0.738,0.669,0.187,0.943,0.899,0.806,0.6,0.234,0.673,0.012,0.159,0.953,0.664,0.396,0.54
1.0,0.068,0.018,0.107,0.36,0.297,0.259,0.405,0.538,0.291,0.133,0.321,0.566,0.012,0.695,0.161,0.286,0.869,0.329,0.446,0.565,0.169,0.991,0.461,0.844,0.684,0.981,0.664,0.145,0.252,0.096,0.107,0.94,0.371,0.725,0.828,0.154,0.613,0.664,0.546,0.047
0.0,0.911,0.3,0.709,0.693,0.916,0.046,0.944,0.958,0.133,0.01,0.067,0.081,0.485,0.098,0.137,0.04,0.404,0.588,0.614,0.946,0.105,0.791,0.503,0.525,0.349,0.87,0.314,0.174,0.453,0.087,0.693,0.782,0.792,0.247,0.863,0.251,0.65,0.451,0.503,0.039
1.0,0.423,0.679,0.737,0.195,0.241,0.302,0.016,0.683,0.954,0.871,0.572,0.265,0.899,0.558,0.194,0.317,0.824,0.021,0.381,0.902,0.386,0.696,0.67,0.088,0.769,0.307,0.663,0.029,0.802,0.461,0.283,0.633,0.12,0.312,0.012,0.241,0.101,0.078,0.981,0.213
1.0,0.291,0.376,0.014,0.004,0.499,0.939,0.48,0.045,0.675,0.604,0.573,0.358,0.888,0.843,0.25,0.783,0.57,0.029,0.54,0.794,0.252,0.141,0.335,0.707,0.209,0.729,0.542,0.555,0.466,0.043,0.68,0.126,0.396,0.929,0.427,0.526,0.471,0.565,0.842,0.117
1.0,0.719,0.337,0.107,0.395,0.486,0.571,0.755,0.195,0.2,0.101,0.062,0.537,0.038,0.734,0.862,0.648,0.275,0.245,0.723,0.878,0.67,0.328,0.151,0.484,0.005,0.534,0.09,0.809,0.09,0.436,0.204,0.794,0.188,0.108,0.634,0.432,0.213,0.49,0.23,0.977
0.0,0.41,0.825,0.147,0.055,0.882,0.59,0.026,0.844,0.699,0.173,0.293,0.085,0.727,0.951,0.389,0.271,0.235,0.206,0.061,0.59,0.742,0.982,0.515,0.068,0.152,0.691,0.568,0.896,0.967,0.168,0.887,0.379,0.57,0.927,0.156,0.641,0.102,0.274,0.838,0.936
1.0,0.942,0.129,0.404,0.535,0.42,0.203,0.245,0.329,0.67,0.857,0.127,0.434,0.874,0.66,0.638,0.513,0.628,0.139,0.215,0.698,0.674,0.419,0.076,0.209,0.497,0.5,0.681,0.109,0.528,0.369,0.811,0.127,0.494,0.96,0.267,0.267,0.364,0.033,0.285,0.158
0.0,0.179,0.194,0.522,0.696,0.341,0.085,0.045,0.571,0.82,0.378,0.634,0.189,0.964,0.92,0.782,0.491,0.648,0.286,0.664,0.484,0.66,0.528,0.934,0.995,0.459,0.8,0.996,0.78,0.638,0.527,0.489,0.128,0.076,0.264,0.569,0.587,0.647,0.659,0.22,0.87
0.0,0.461,0.655,0.237,0.363,0.112,0.796,0.37,0.453,0.212,0.648,0.604,0.579,0.175,0.059,0.994,0.557,0.138,0.505,0.278,0.5,0.32,0.929,0.939,0.053,0.149,0.866,0.375,0.554,0.765,0.545,0.247,0.796,0.952,0.307,0.08,0.949,0.28,0.208,0.002,0.27
1.0,0.99,0.01,0.423,0.523,0.168,0.127,0.056,0.816,0.864,0.436,0.747,0.879,0.17,0.204,0.003,0.368,0.411,0.194,0.262,0.825,0.221,0.857,0.811,0.422,0.679,0.661,0.258,0.745,0.794,0.196,0.878,0.986,0.422,0.074,0.229,0.109,0.807,0.393,0.487,0.471
1.0,0.081,0.47,0.495,0.585,0.561,0.477,0.354,0.257,0.411,0.316,0.446,0.419,0.124,0.599,0.842,0.186,0.941,0.067,0.506,0.795,0.848,0.448,0.652,0.683,0.183,0.548,0.357,0.896,0.145,0.832,0.789,0.527,0.366,0.289,0.661,0.557,0.467,0.804,0.817,0.045
0.0,0.348,0.447,0.757,0.309,0.915,0.705,0.565,0.392,0.888,0.3,0.288,0.234,0.272,0.422,0.4,0.567,0.8,0.113,0.476,0.635,0.941,0.225,0.814,0.335,0.496,0.042,0.933,0.24,0.017,0.263,0.631,0.849,0.851,0.761,0.057,0.569,0.834,0.924,0.878,0.578
1.0,0.407,0.707,0.267,0.605,0.221,0.183,0.829,0.646,0.313,0.479,0.436,0.464,0.887,0.867,0.448,0.984,0.044,0.373,0.077,0.762,0.288,0.856,0.687,0.556,0.83,0.746,0.189,0.359,0.585,0.663,0.068,0.738,0.119,0.591,0.573,0.284,0.525,0.958,0.692,0.817
0.0,0.275,0.117,0.222,0.662,0.939,0.444,0.099,0.479,0.675,0.852,0.593,0.177,0.097,0.232,0.833,0.476,0.632,0.558,0.396,0.447,0.06,0.418,0.306,0.583,0.265,0.601,0.032,0.232,0.846,0.496,0.719,0.331,0.993,0.303,0.588,0.834,0.26,0.915,0.567,0.691
0.0,0.737,0.123,0.349,0.638,0.701,0.707,0.494,0.058,0.041,0.304,0.993,0.554,0.591,0.307,0.518,0.34,0.943,0.802,0.236,0.041,0.155,0.487,0.809,0.319,0.58,0.916,0.082,0.559,0.708,0.059,0.356,0.661,0.357,0.474,0.464,0.993,0.574,0.016,0.681,0.182
0.0,0.322,0.372,0.473,0.151,0.039,0.557,0.156,0.195,0.709,0.957,0.721,0.246,0.594,0.327,0.468,0.934,0.019,0.451,0.174,0.617,0.605,0.011,0.914,0.338,0.687,0.442,0.804,0.672,0.438,0.176,0.999,0.402,0.935,0.082,0.791,0.581,0.694,0.42,0.21,0.812
0.0,0.766,0.483,0.508,0.58,0.859,0.221,0.138,0.97,0.718,0.522,0.9,0.704,0.251,0.14,0.141,0.327,0.636,0.177,0.942,0.634,0.791,0.156,0.094,0.925,0.285,0.97,0.683,0.955,0.011,0.452,0.728,0.23,0.068,0.648,0.805,0.087,0.778,0.727,0.191,0.542
0.0,0.22,0.301,0.454,0.771,0.651,0.486,0.209,0.636,0.175,0.32,0.788,0.82,0.654,0.146,0.932,0.621,0.654,0.976,0.29,0.883,0.521,0.446,0.118,0.237,0.746,0.266,0.451,0.764,0.219,0.305,0.462,0.111,0.755,0.095,0.575,0.435,0.381,0.977,0.487,0.122
1.0,0.456,0.262,0.012,0.587,0.657,0.107,0.845,0.355,0.695,0.62,0.55,0.658,0.69,0.565,0.748,0.346,0.849,0.983,0.826,0.495,0.159,0.098,0.62,0.44,0.975,0.319,0.306,0.804,0.679,0.828,0.716,0.52,0.894,0.239,0.029,0.98,0.832,0.797,0.112,0.247
0.0,0.751,0.461,0.47,0.767,0.157,0.178,0.892,0.418,0.794,0.694,0.211,0.902,0.36,0.92,0.755,0.611,0.714,0.178,0.294,0.391,0.877,0.513,0.862,0.207,0.631,0.532,0.255,0.343,0.899,0.284,0.272,0.887,0.735,0.523,0.656,0.128,0.773,0.72,0.484,0.315
1.0,0.488,0.151,0.854,0.567,0.057,0.325,0.059,0.281,0.117,0.539,0.478,0.478,0.867,0.991,0.534,0.252,0.329,0.298,0.609,0.345,0.592,0.847,0.049,0.12,0.412,0.551,0.258,0.196,0.321,0.682,0.677,0.988,0.782,0.645,0.927,0.3,0.17,0.902,0.028,0.359
0.0,0.284,0.38,0.57,0.123,0.73,0.978,0.886,0.975,0.995,0.493,0.729,0.066,0.631,0.97,0.62,0.27,0.809,0.746,0.904,0.5,0.212,0.577,0.869,0.907,0.775,0.668,0.759,0.891,0.829,0.691,0.946,0.435,0.267,0.995,0.927,0.13,0.177,0.507,0.125,0.325
1.0,0.621,0.253,0.462,0.603,0.173,0.851,0.152,0.997,0.634,0.291,0.03,0.043,0.825,0.49,0.764,0.061,0.202,0.785,0.287,0.833,0.771,0.775,0.506,0.764,0.507,0.917,0.276,0.491,0.813,0.566,0.999,0.917,0.545,0.296,0.982,0.277,0.376,0.623,0.109,0.614
0.0,0.383,0.743,0.667,0.485,0.522,0.192,0.006,0.1,0.249,0.278,0.752,0.052,0.995,0.089,0.279,0.358,0.444,0.466,0.012,0.391,0.754,0.502,0.877,0.159,0.084,0.693,0.874,0.215,0.178,0.499,0.094,0.154,0.176,0.258,0.018,0.9,0.569,0.167,0.819,0.957
1.0,0.385,0.727,0.96,0.325,0.389,0.773,0.909,0.209,0.141,0.253,0.667,0.453,0.533,0.966,0.71,0.501,0.421,0.763,0.352,0.432,0.378,0.666,0.727,0.519,0.84,0.028,0.66,0.37,0.291,0.671,0.822,0.909,0.528,0.804,0.821,0.06,0.493,0.677,0.892,0.119
0.0,0.106,0.99,0.386,0.678,0.463,0.221,0.364,0.813,0.763,0.525,0.927,0.341,0.884,0.164,0.769,0.68,0.394,0.906,0.993,0.703,0.258,0.711,0.487,0.054,0.649,0.227,0.749,0.052,0.195,0.591,0.686,0.917,0.802,0.053,0.417,0.963,0.073,0.067,0.325,0.019
0.0,0.241,0.284,0.331,0.169,0.186,0.666,0.508,0.531,0.691,0.297,0.99,0.892,0.755,0.8,0.644,0.017,0.649,0.534,0.791,0.002,0.504,0.662,0.76,0.588,0.932,0.896,0.432,0.539,0.533,0.408,0.645,0.472,0.776,0.386,0.211,0.691,0.785,0.525,0.393,0.301
0.0,0.758,0.566,0.826,0.974,0.948,0.116,0.249,0.761,0.699,0.334,0.484,0.285,0.667,0.861,0.815,0.516,0.763,0.404,0.081,0.545,0.246,0.524,0.465,0.311,0.345,0.989,0.788,0.546,0.483,0.475,0.459,0.833,0.074,0.295,0.684,0.151,0.84,0.901,0.959,0.541
1.0,0.752,0.882,0.629,0.673,0.652,0.88,0.372,0.633,0.599,0.517,0.001,0.504,0.399,0.5,0.47,0.494,0.436,0.866,0.094,0.451,0.696,0.067,0.781,0.262,0.692,0.518,0.784,0.189,0.253,0.47,0.837,0.142,0.235,0.359,0.374,0.833,0.109,0.378,0.952,0.224
1.0,0.477,0.128,0.943,0.543,0.17,0.958,0.054,0.467,0.923,0.613,0.5,0.653,0.414,0.531,0.599,0.244,0.203,0.141,0.613,0.309,0.051,0.965,0.158,0.109,0.65,0.912,0.259,0.193,0.584,0.311,0.122,0.625,0.99,0.77,0.617,0.488,0.991,0.173,0.054,0.427
0.0,0.236,0.501,0.529,0.442,0.989,0.321,0.723,0.98,0.305,0.676,0.319,0.454,0.878,0.723,0.017,0.179,0.957,0.505,0.891,0.778,0.898,0.925,0.165,0.092,0.159,0.541,0.186,0.624,0.368,0.81,0.215,0.495,0.638,0.673,0.526,0.545,0.297,0.475,0.514,0.042
0.0,0.827,0.07,0.114,0.33,0.963,0.402,0.157,0.309,0.861,0.949,0.918,0.238,0.369,0.385,0.621,0.321,0.714,0.984,0.545,0.667,0.258,0.818,0.573,0.487,0.303,0.166,0.889,0.025,0.059,0.076,0.718,0.195,0.384,0.726,0.451,0.883,0.243,0.477,0.263,0.521
0.0,0.057,0.446,0.951,0.356,0.349,0.593,0.775,0.898,0.201,0.858,0.12,0.16,0.535,0.443,0.101,0.1,0.676,0.028,0.869,0.067,0.125,0.226,1.0,0.04,0.394,0.151,0.898,0.327,0.137,0.559,0.217,0.674,0.717,0.288,0.324,0.99,0.656,0.721,0.723,0.838
1.0,0.669,0.04,0.492,0.525,0.764,0.929,0.093,0.688,0.03,0.838,0.703,0.168,0.426,0.784,0.103,0.301,0.492,0.28,0.247,0.938,0.657,0.772,0.643,0.571,0.011,0.538,0.946,0.723,0.536,0.086,0.518,0.217,0.906,0.878,0.815,0.563,0.208,0.777,0.537,0.996
1.0,0.053,0.436,0.626,0.621,0.136,0.269,0.487,0.137,0.065,0.751,0.64,0.677,0.002,0.925,0.695,0.483,0.573,0.565,0.475,0.55,0.903,0.489,0.722,0.93,0.592,0.729,0.316,0.225,0.919,0.654,0.819,0.464,0.207,0.791,0.392,0.479,0.982,0.376,0.233,0.54
0.0,0.009,0.192,0.283,0.365,0.831,0.869,0.124,0.371,0.704,0.291,0.893,0.789,0.594,0.692,0.895,0.489,0.436,0.338,0.695,0.469,0.742,0.813,0.148,0.81,0.922,0.791,0.019,0.286,0.37,0.28,0.097,0.536,0.331,0.304,0.935,0.868,0.021,0.343,0.523,0.886
1.0,0.889,0.311,0.153,0.906,0.644,0.795,0.658,0.969,0.878,0.53,0.434,0.844,0.374,0.153,0.167,0.251,0.387,0.958,0.009,0.327,0.412,0.085,0.634,0.879,0.885,0.11,0.777,0.463,0.474,0.388,0.472,0.384,0.704,0.861,0.544,0.467,0.553,0.972,0.838,0.435
0.0,0.477,0.785,0.129,0.013,0.946,0.654,0.662,0.047,0.8,0.239,0.426,0.879,0.11,0.478,0.041,0.784,0.221,0.283,0.458,0.871,0.605,0.637,0.595,0.881,0.215,0.346,0.641,0.059,0.175,0.935,0.043,0.073,0.96,0.024,0.596,0.812,0.956,0.546,0.96,0.134
0.0,0.015,0.075,0.308,0.207,0.991,0.622,0.481,0.01,0.977,0.01,0.657,0.726,0.628,0.537,0.593,0.578,0.146,0.834,0.711,0.379,0.2,0.085,0.847,0.373,0.809,0.423,0.382,0.755,0.745,0.031,0.057,0.465,0.455,0.406,0.255,0.564,0.87,0.723,0.379,0.306
0.0,0.388,0.714,0.106,0.995,0.069,0.228,0.004,0.373,0.259,0.793,0.413,0.242,0.453,0.516,0.824,0.584,0.464,0.983,0.05,0.037,0.764,0.224,0.234,0.646,0.442,0.623,0.542,0.236,0.453,0.64,0.639,0.281,0.929,0.056,0.647,0.142,0.736,0.115,0.728,0.279
0.0,0.085,0.867,0.546,0.054,0.121,0.69,0.305,0.145,0.04,0.228,0.973,0.928,0.101,0.306,0.203,0.773,0.928,0.054,0.135,0.783,0.881,0.214,0.153,0.257,0.496,0.731,0.784,0.226,0.086,0.603,0.674,0.324,0.626,0.403,0.562,0.239,0.718,0.369,0.903,1.0
1.0,0.994,0.937,0.327,0.708,0.505,0.329,0.449,0.333,0.572,0.497,0.468,0.028,0.18,0.409,0.479,0.679,0.295,0.41,0.008,0.593,0.0,0.871,0.615,0.308,0.507,0.599,0.559,0.304,0.61,0.633,0.947,0.22,0.927,0.912,0.078,0.759,0.336,0.815,0.483,0.166
0.0,0.475,0.841,0.998,0.552,0.956,0.743,0.329,0.514,0.066,0.3,0.044,0.705,0.688,0.972,0.202,0.793,0.974,0.401,0.463,0.076,0.451,0.57,0.703,0.571,0.73,0.978,0.533,0.853,0.622,0.176,0.805,0.486,0.843,0.365,0.977,0.061,0.009,0.318,0.932,0.882
1.0,0.817,0.784,0.064,0.576,0.86,0.194,0.482,0.64,0.958,0.526,0.858,0.134,0.715,0.106,0.359,0.486,0.978,0.859,0.823,0.142,0.679,0.044,0.607,0.913,0.048,0.787,0.205,0.144,0.849,0.142,0.198,0.398,0.808,0.376,0.671,0.617,0.596,0.708,0.299,0.612
0.0,0.321,0.722,0.202,0.093,0.025,0.949,0.507,0.062,0.865,0.19,0.747,0.917,0.859,1.0,0.068,0.88,0.236,0.132,0.573,0.286,0.514,0.808,0.795,0.939,0.58,0.539,0.544,0.542,0.046,0.1,0.604,0.998,0.082,0.157,0.712,0.224,0.534,0.719,0.983,0.354
1.0,0.011,0.612,0.606,0.15,0.317,0.391,0.746,0.033,0.866,0.078,0.708,0.552,0.95,0.737,0.062,0.737,0.87,0.835,0.808,0.673,0.925,0.98,0.722,0.65,0.208,0.579,0.621,0.283,0.785,0.883,0.416,0.154,0.746,0.982,0.098,0.845,0.008,0.136,0.123,0.168
1.0,0.605,0.632,0.114,0.184,0.279,0.27,0.753,0.662,0.006,0.411,0.527,0.098,0.24,0.979,0.076,0.668,0.195,0.474,0.261,0.213,0.645,0.93,0.063,0.45,0.181,0.021,0.543,0.144,0.56,0.186,0.693,0.005,0.814,0.884,0.255,0.759,0.563,0.728,0.448,0.85
0.0,0.642,0.595,0.865,0.355,0.294,0.426,0.81,0.534,0.906,0.465,0.342,0.628,0.906,0.722,0.6,0.639,0.84,0.255,0.317,0.229,0.734,0.574,0.99,0.188,0.607,0.557,0.667,0.366,0.572,0.229,0.958,0.377,0.915,0.18,0.852,0.891,0.253,0.021,0.328,0.832
0.0,0.973,0.201,0.541,0.666,0.391,0.341,0.807,0.098,0.324,0.581,0.213,0.905,0.175,0.063,0.888,0.184,0.423,0.123,0.942,0.441,0.111,0.079,0.798,0.71,0.708,0.455,0.622,0.974,0.914,0.424,0.372,0.823,0.464,0.309,0.915,0.738,0.659,0.124,0.146,0.906
1.0,0.835,0.005,0.738,0.864,0.601,0.274,0.215,0.515,0.351,0.097,0.521,0.289,0.769,0.916,0.654,0.073,0.615,0.801,0.162,0.487,0.872,0.896,0.164,0.881,0.083,0.421,0.025,0.155,0.376,0.139,0.636,0.502,0.307,0.526,0.822,0.286,0.326,0.314,0.769,0.23
0.0,0.084,0.283,0.323,0.409,0.973,0.086,0.994,0.416,0.58,0.367,0.552,0.483,0.241,0.358,0.295,0.9,0.712,0.327,0.091,0.718,0.383,0.569,0.651,0.401,0.12,0.356,0.585,0.87,0.748,0.931,0.551,0.61,0.498,0.143,0.276,0.45,0.257,0.202,0.36,0.441
1.0,0.32,0.058,0.876,0.402,0.206,0.097,0.322,0.697,0.088,0.85,0.617,0.635,0.588,0.076,0.836,0.26,0.879,0.48,0.607,0.169,0.597,0.424,0.1,0.15,0.707,0.069,0.802,0.423,0.79,0.9,0.545,0.486,0.376,0.206,0.547,0.846,0.233,0.054,0.026,0.395
0.0,0.148,0.123,0.702,0.868,0.386,0.478,0.779,0.338,0.564,0.853,0.182,0.948,0.783,0.176,0.581,0.604,0.155,0.188,0.733,0.59,0.13,0.673,0.087,0.212,0.457,0.657,0.796,0.209,0.222,0.837,0.651,0.763,0.84,0.092,0.391,0.264,0.899,0.782,0.956,0.43
1.0,0.768,0.647,0.298,0.438,0.301,0.967,0.451,0.498,0.894,0.903,0.399,0.558,0.908,0.937,0.903,0.244,0.422,0.274,0.577,0.12,0.774,0.578,0.306,0.508,0.966,0.95,0.834,0.336,0.994,0.381,0.218,0.16,0.331,0.583,0.057,0.879,0.959,0.102,0.528,0.048
1.0,0.901,0.91,0.361,0.606,0.175,0.117,0.293,0.291,0.306,0.472,0.859,0.383,0.913,0.238,0.219,0.535,0.36,0.293,0.511,0.234,0.949,0.216,0.2,0.15,0.098,0.274,0.531,0.322,0.296,0.169,0.879,0.157,0.804,0.662,0.945,0.83,0.341,0.773,0.374,0.132
0.0,0.604,0.603,0.739,0.599,0.085,0.126,0.653,0.07,0.161,0.251,0.591,0.89,0.259,0.099,0.748,0.012,0.604,0.231,0.491,0.802,0.791,0.331,0.202,0.495,0.722,0.669,0.517,0.46,0.08,0.145,0.743,0.549,0.076,0.125,0.136,0.664,0.769,0.337,0.796,0.456
1.0,0.212,0.366,0.613,0.448,0.189,0.527,0.912,0.367,0.376,0.793,0.821,0.407,0.471,0.587,0.542,0.768,0.254,0.598,0.14,0.741,0.645,0.327,0.421,0.446,0.806,0.504,0.814,0.422,0.911,0.203,0.981,0.735,0.943,0.374,0.76,0.347,0.725,0.275,0.818,0.522
0.0,0.832,0.057,0.659,0.61,0.298,0.707,0.322,0.53,0.641,0.856,0.11,0.4,0.349,0.04,0.968,0.676,0.555,0.605,0.517,0.658,0.373,0.185,0.028,0.268,0.141,0.178,0.337,0.181,0.672,0.14,0.512,0.449,0.01,0.59,0.621,0.212,0.908,0.561,0.622,0.672
1.0,0.101,0.296,0.564,0.76,0.61,0.13,0.334,0.769,0.934,0.979,0.28,0.573,0.945,0.887,0.167,0.804,0.257,0.909,0.734,0.162,0.69,0.318,0.771,0.608,0.827,0.78,0.866,0.463,0.66,0.042,0.859,0.982,0.139,0.09,0.857,0.083,0.31,0.853,0.29,0.105
1.0,0.04,0.21,0.795,0.135,0.388,0.81,0.879,0.636,0.526,0.577,0.241,0.533,0.4,0.977,0.873,0.416,0.859,0.195,0.661,0.504,1.0,0.235,0.58,0.455,0.157,0.819,0.557,0.594,0.538,0.665,0.905,0.68,0.228,0.824,0.974,0.421,0.889,0.488,0.259,0.608
1.0,0.087,0.663,0.776,0.87,0.163,0.353,0.713,0.59,0.294,0.396,0.227,0.933,0.395,0.93,0.799,0.725,0.412,0.572,0.786,0.174,0.911,0.912,0.275,0.174,0.999,0.267,0.346,0.374,0.821,0.532,0.668,0.099,0.077,0.524,0.904,0.544,0.088,0.19,0.814,0.382
1.0,0.108,0.205,0.614,0.672,0.097,0.027,0.662,0.072,0.039,0.684,0.63,0.564,0.796,0.438,0.972,0.4,0.687,0.099,0.782,0.337,0.92,0.643,0.019,0.203,0.671,0.03,0.04,0.072,0.229,0.082,0.399,0.248,0.188,0.78,0.267,0.504,0.554,0.292,0.586,0.658
1.0,0.532,0.162,0.939,0.632,0.098,0.846,0.786,0.954,0.935,0.849,0.168,0.309,0.645,0.03,0.846,0.47,0.119,0.699,0.23,0.947,0.948,0.112,0.326,0.942,0.86,0.886,0.186,0.842,0.6,0.27,0.875,0.006,0.891,0.082,0.463,0.088,0.202,0.058,0.976,0.046
0.0,0.28,0.986,0.525,0.009,0.798,0.157,0.016,0.273,0.553,0.24,0.626,1.0,0.72,0.57,0.53,0.904,0.535,0.718,0.91,0.236,0.311,0.074,0.684,0.547,0.666,0.892,0.82,0.628,0.129,0.47,0.367,0.128,0.8,0.56,0.591,0.219,0.987,0.205,0.362,0.891
1.0,0.432,0.265,0.449,0.199,0.508,0.835,0.324,0.737,0.183,0.444,0.722,0.126,0.776,0.803,0.509,0.022,0.965,0.814,0.284,0.241,0.002,0.082,0.393,0.107,0.655,0.373,0.546,0.213,0.271,0.683,0.294,0.28,0.025,0.727,0.832,0.167,0.724,0.466,0.657,0.291
1.0,0.325,0.902,0.15,0.961,0.04,0.089,0.918,0.174,0.978,0.342,0.885,0.556,0.401,0.917,0.487,0.51,0.651,0.162,0.204,0.326,0.892,0.733,0.109,0.35,0.358,0.758,0.998,0.161,0.869,0.452,0.555,0.487,0.532,0.422,0.808,0.095,0.223,0.281,0.435,0.045
0.0,0.071,0.322,0.661,0.602,0.898,0.755,0.857,0.491,0.077,0.222,0.189,0.234,0.321,0.64,0.429,0.511,0.674,0.525,0.682,0.612,0.208,0.609,0.421,0.237,0.128,0.563,0.217,0.343,0.498,0.4,0.789,0.49,0.494,0.768,0.266,0.503,0.275,0.402,0.067,0.22
0.0,0.857,0.347,0.721,0.842,0.275,0.125,0.773,0.804,0.209,0.271,0.201,0.812,0.037,0.735,0.49,0.601,0.415,0.321,0.798,0.939,0.397,0.878,0.322,0.289,0.065,0.278,0.938,0.746,0.357,0.502,0.391,0.544,0.789,0.171,0.447,0.888,0.942,0.644,0.052,0.318
0.0,0.626,0.894,0.574,0.885,0.973,0.758,0.104,0.771,0.465,0.258,0.15,0.11,0.773,0.872,0.217,0.126,0.771,0.261,0.765,0.96,0.647,0.514,0.926,0.415,0.622,0.254,0.934,0.592,0.5,0.42,0.094,0.136,0.4,0.606,0.695,0.655,0.836,0.291,0.744,0.734
1.0,0.854,0.977,0.776,0.097,0.32,0.973,0.652,0.22,0.568,0.433,0.099,0.11,0.562,0.806,0.691,0.611,0.069,0.191,0.32,0.467,0.435,0.302,0.239,0.293,0.017,0.548,0.284,0.069,0.688,0.584,0.072,0.643,0.514,0.785,0.72,0.432,0.929,0.446,0.919,0.083
1.0,0.447,0.883,0.056,0.987,0.798,0.152,0.62,0.848,0.796,0.662,0.09,0.06,0.223,0.222,0.965,0.653,0.962,0.534,0.386,0.169,0.38,0.944,0.136,0.238,0.816,0.337,0.09,0.273,0.599,0.921,0.616,0.892,0.027,0.665,0.461,0.262,0.323,0.094,0.188,0.456
0.0,0.322,0.944,0.764,0.386,0.78,0.839,0.142,0.612,0.096,0.308,0.115,0.655,0.287,0.97,0.082,0.656,0.961,0.879,0.872,0.679,0.349,0.799,0.312,0.48,0.226,0.876,0.416,0.781,0.958,0.381,0.568,0.99,0.195,0.423,0.717,0.098,0.454,0.21,0.835,0.229
1.0,0.972,0.747,0.402,0.801,0.174,0.652,0.298,0.121,0.907,0.722,0.344,0.63,0.018,0.71,0.291,0.159,0.166,0.947,0.399,0.36,0.766,0.446,0.298,0.456,0.499,0.547,0.998,0.226,0.711,0.926,0.012,0.847,0.171,0.908,0.011,0.076,0.138,0.332,0.167,0.226
0.0,0.954,0.477,0.069,0.977,0.436,0.153,0.658,0.024,0.796,0.758,0.245,0.958,0.061,0.629,0.734,0.134,0.354,0.985,0.192,0.21,0.644,0.793,0.218,0.799,0.203,0.21,0.604,0.918,0.476,0.251,0.831,0.759,0.477,0.534,0.707,0.217,0.243,0.693,0.091,0.169
1.0,0.258,0.538,0.092,0.931,0.574,0.097,0.263,0.7,0.835,0.568,0.976,0.696,0.468,0.16,0.904,0.246,0.183,0.636,0.052,0.573,0.17,0.614,0.758,0.085,0.509,0.635,0.429,0.762,0.897,0.527,0.593,0.055,0.46,0.512,0.495,0.917,0.693,0.842,0.803,0.303
1.0,0.776,0.541,0.048,0.02,0.219,0.364,0.347,0.577,0.77,0.97,0.132,0.609,0.075,0.214,0.218,0.107,0.977,0.198,0.349,0.104,0.736,0.281,0.389,0.389,0.441,0.562,0.834,0.468,0.301,0.167,0.412,0.293,0.643,0.521,0.236,0.783,0.554,0.829,0.188,0.386
0.0,0.729,0.775,0.674,0.821,0.081,0.568,0.351,0.488,0.397,0.588,0.833,0.114,0.481,0.42,0.733,0.716,0.748,0.971,0.016,0.133,0.738,0.609,0.859,0.385,0.403,0.47,0.421,0.781,0.952,0.679,0.79,0.37,0.552,0.13,0.791,0.833,0.425,0.568,0.81,0.024
1.0,0.678,0.181,0.864,0.217,0.239,0.935,0.514,0.3,0.12,0.102,0.467,0.606,0.379,0.601,0.527,0.029,0.982,0.623,0.118,0.051,0.389,0.929,0.653,0.351,0.581,0.859,0.123,0.548,0.8,0.496,0.716,0.027,0.888,0.194,0.488,0.304,0.72,0.01,0.523,0.301
1.0,0.064,0.598,0.725,0.479,0.126,0.836,0.082,0.424,0.828,0.469,0.513,0.244,0.032,0.316,0.61,0.751,0.908,0.988,0.155,0.194,0.696,0.523,0.402,0.444,0.975,0.341,0.258,0.232,0.852,0.488,0.267,0.531,0.24,0.284,0.963,0.014,0.333,0.434,0.862,0.489
0.0,0.425,0.841,0.546,0.582,0.25,0.767,0.578,0.625,0.923,0.629,0.968,0.809,0.6,0.292,0.801,0.281,0.255,0.929,0.722,0.296,0.415,0.9,0.114,0.614,0.665,0.076,0.552,0.408,0.311,0.24,0.353,0.732,0.736,0.14,0.616,0.874,0.961,0.222,0.478,0.617
0.0,0.497,0.589,0.072,0.178,0.622,0.57,0.697,0.494,0.113,0.186,0.265,0.356,0.1,0.289,0.053,0.897,0.112,0.573,0.14,0.023,0.301,0.384,0.828,0.831,0.112,0.754,0.869,0.275,0.133,0.71,0.369,0.134,0.043,0.137,0.392,0.918,0.376,0.513,0.118,0.172
0.0,0.943,0.052,0.946,0.442,0.908,0.367,0.237,0.606,0.399,0.216,0.165,0.39,0.993,0.963,0.31,0.736,0.545,0.737,0.711,0.567,0.374,0.611,0.255,0.366,0.155,0.62,0.808,0.406,0.602,0.499,0.869,0.192,0.412,0.884,0.004,0.479,0.017,0.688,0.646,0.359
1.0,0.871,0.051,0.437,0.526,0.007,0.808,0.679,0.935,0.73,0.34,0.37,0.445,0.636,0.616,0.647,0.044,0.171,0.32,0.63,0.462,0.158,0.592,0.722,0.151,0.299,0.454,0.902,0.139,0.131,0.605,0.046,0.647,0.823,0.087,0.67,0.577,0.229,0.419,0.028,0.3
0.0,0.011,0.304,0.576,0.581,0.648,0.499,0.455,0.74,0.928,0.453,0.905,0.82,0.111,0.682,0.832,0.161,0.94,0.645,0.566,0.773,0.118,0.614,0.204,0.114,0.212,0.723,0.093,0.954,0.563,0.556,0.873,0.336,0.545,0.187,0.577,0.148,0.787,0.107,0.458,0.509
1.0,0.59,0.218,0.701,0.088,0.248,0.591,0.711,0.313,0.315,0.94,0.219,0.883,0.068,0.67,0.012,0.912,0.086,0.033,0.098,0.948,0.025,0.017,0.45,0.863,0.891,0.323,0.161,0.409,0.621,0.0,0.09,0.928,0.85,0.811,0.316,0.439,0.996,0.671,0.728,0.183
0.0,0.365,0.302,0.824,0.875,0.46,0.434,0.83,0.275,0.855,0.624,0.057,0.72,0.067,0.725,0.576,0.283,0.867,0.515,0.284,0.145,0.778,0.671,0.787,0.605,0.901,0.674,0.291,0.102,0.5,0.12,0.624,0.786,0.074,0.487,0.761,0.438,0.73,0.623,0.097,0.77
1.0,0.375,0.408,0.156,0.178,0.71,0.997,0.882,0.142,0.749,0.444,0.317,0.635,0.669,0.872,0.661,0.925,0.819,0.039,0.887,0.027,0.496,0.227,0.665,0.095,0.794,0.447,0.463,0.267,0.36,0.077,0.125,0.779,0.195,0.107,0.603,0.044,0.832,0.093,0.022,0.629
0.0,0.193,0.141,0.959,0.618,0.721,0.162,0.524,0.794,0.108,0.264,0.346,0.407,0.672,0.487,0.01,0.612,0.506,0.519,0.773,0.106,0.137,0.669,0.163,0.513,0.949,0.909,0.776,0.106,0.289,0.096,0.218,0.342,0.41,0.446,0.389,0.949,0.157,0.648,0.541,0.822
0.0,0.04,0.229,0.716,0.18,0.398,0.03,0.957,0.718,0.499,0.044,0.506,0.178,0.697,0.297,0.705,0.39,0.123,0.781,0.161,0.822,0.951,0.948,0.986,0.689,0.479,0.399,0.871,0.35,0.515,0.561,0.008,0.565,0.707,0.442,0.598,0.618,0.989,0.995,0.9,0.544
0.0,0.352,0.365,0.083,0.285,0.974,0.807,0.769,0.37,0.448,0.747,0.132,0.52,0.633,0.579,0.291,0.984,0.068,0.239,0.606,0.474,0.097,0.735,0.809,0.069,0.395,0.925,0.231,0.386,0.469,0.245,0.862,0.882,0.634,0.772,0.982,0.743,0.101,0.998,0.888,0.827
1.0,0.41,0.33,0.945,0.72,0.807,0.539,0.236,0.699,0.648,0.998,0.118,0.207,0.099,0.687,0.195,0.762,0.375,0.997,0.882,0.061,0.706,0.251,0.715,0.064,0.345,0.01,0.938,0.417,0.856,0.435,0.118,0.695,0.86,0.328,0.607,0.052,0.91,0.091,0.315,0.048
0.0,0.295,0.354,0.984,0.993,0.995,0.737,0.226,0.714,0.689,0.798,0.401,0.567,0.135,0.65,0.114,0.826,0.454,0.295,0.113,0.641,0.389,0.584,0.293,0.909,0.586,0.932,0.678,0.147,0.605,0.531,0.841,0.354,0.28,0.885,0.706,0.915,0.322,0.793,0.063,0.99
1.0,0.254,0.559,0.025,0.875,0.283,0.271,0.198,0.838,0.39,0.905,0.632,0.728,0.687,0.521,0.727,0.285,0.406,0.532,0.724,0.337,0.008,0.628,0.551,0.661,0.295,0.171,0.901,0.095,0.63,0.132,0.188,0.904,0.389,0.583,0.34,0.894,0.593,0.617,0.605,0.806
0.0,0.177,0.212,0.141,0.954,0.757,0.571,0.08,0.711,0.921,0.475,0.258,0.406,0.547,0.295,0.458,0.306,0.369,0.846,0.282,0.886,0.991,0.014,0.93,0.315,0.644,0.345,0.724,0.561,0.27,0.568,0.823,0.633,0.54,0.599,0.106,0.468,0.872,0.571,0.241,0.402
1.0,0.115,0.677,0.371,0.32,0.945,0.458,0.834,0.821,0.534,0.442,0.109,0.834,0.771,0.4,0.538,0.076,0.964,0.541,0.939,0.445,0.235,0.406,0.125,0.896,0.301,0.918,0.843,0.372,0.2,0.559,0.117,0.601,0.449,0.954,0.957,0.588,0.017,0.774,0.794,0.214
0.0,0.367,0.093,0.114,0.784,0.958,0.281,0.93,0.145,0.606,0.361,0.095,0.419,0.898,0.214,0.644,0.403,0.229,0.046,0.169,0.266,0.703,0.682,0.205,0.846,0.66,0.956,0.115,0.269,0.479,0.593,0.398,0.213,0.63,0.217,0.7,0.64,0.993,0.997,0.213,0.525
0.0,0.885,0.229,0.041,0.96,0.136,0.205,1.0,0.602,0.547,0.424,0.379,0.771,0.216,0.644,0.504,0.529,0.698,0.461,0.997,0.499,0.752,0.363,0.34,0.326,0.404,0.031,0.505,0.398,0.703,0.423,0.572,0.648,0.438,0.832,0.956,0.813,0.228,0.942,0.199,0.398
1.0,0.668,0.118,0.887,0.754,0.342,0.894,0.81,0.622,0.976,0.746,0.037,0.12,0.638,0.707,0.03,0.3,0.818,0.13,0.578,0.921,0.778,0.63,0.094,0.808,0.81,0.712,0.607,0.401,0.822,0.839,0.829,0.676,0.964,0.768,0.052,0.395,0.779,0.508,0.201,0.124
0.0,0.843,0.667,0.141,0.705,0.945,0.449,0.207,0.954,0.653,0.55,0.755,0.314,0.271,0.262,0.359,0.287,0.286,0.587,0.962,0.084,0.499,0.754,0.293,0.983,0.408,0.508,0.959,0.614,0.907,0.117,0.014,0.78,0.416,0.164,0.736,0.27,0.645,0.046,0.296,0.195
1.0,0.556,0.476,0.419,0.391,0.341,0.305,0.208,0.152,0.512,0.141,0.358,0.06,0.324,0.538,0.965,0.913,0.808,0.557,0.834,0.275,0.805,0.932,0.426,0.328,0.88,0.014,0.204,0.021,0.121,0.172,0.491,0.863,0.808,0.927,0.403,0.121,0.076,0.414,0.138,0.629
0.0,0.687,0.398,0.319,0.679,0.293,0.8,0.935,0.686,0.378,0.912,0.675,0.864,0.671,0.355,0.666,0.677,0.456,0.891,0.731,0.133,0.21,0.867,0.933,0.519,0.642,0.602,0.834,0.654,0.551,0.548,0.454,0.261,0.047,0.331,0.029,0.538,0.94,0.441,0.213,0.768
0.0,0.484,0.193,0.216,0.405,0.431,0.042,0.209,0.709,0.084,0.34,0.47,0.229,0.406,0.756,0.341,0.55,0.43,0.991,0.611,0.482,0.669,0.438,0.974,0.182,0.49,0.071,0.072,0.873,0.994,0.885,0.529,0.851,0.965,0.345,0.681,0.032,0.149,0.839,0.703,0.732
0.0,0.66,0.107,0.741,0.955,0.04,0.273,0.234,0.621,0.036,0.585,0.695,0.991,0.165,0.231,0.617,0.676,0.555,0.429,0.964,0.607,0.662,0.364,0.198,0.745,0.249,0.461,0.389,0.313,0.343,0.208,0.828,0.172,0.7,0.91,0.775,0.807,0.627,0.316,0.403,0.634
1.0,0.836,0.977,0.699,0.587,0.196,0.7,0.641,0.962,0.716,0.148,0.561,0.036,0.796,0.085,0.828,0.902,0.288,0.088,0.453,0.062,0.856,0.18,0.361,0.473,0.019,0.193,0.481,0.36,0.84,0.714,0.584,0.104,0.03,0.822,0.388,0.757,0.367,0.163,0.118,0.276
1.0,0.7,0.363,0.084,0.393,0.784,0.168,0.67,0.37,0.867,0.56,0.191,0.273,0.67,0.501,0.494,0.898,0.485,0.152,0.835,0.977,0.442,0.186,0.635,0.737,0.463,0.729,0.678,0.383,0.048,0.338,0.759,0.325,0.407,0.311,0.002,0.839,0.668,0.578,0.801,0.358
1.0,0.501,0.674,0.849,0.012,0.895,0.093,0.602,0.102,0.781,0.124,0.098,0.862,0.989,0.498,0.9,0.539,0.822,0.441,0.835,0.395,0.266,0.938,0.848,0.094,0.272,0.973,0.97,0.23,0.84,0.959,0.749,0.115,0.346,0.842,0.827,0.235,0.379,0.969,0.347,0.492
1.0,0.768,0.444,0.049,0.038,0.218,0.255,0.22,0.089,0.554,0.29,0.872,0.566,0.812,0.177,0.209,0.774,0.35,0.493,0.054,0.766,0.447,0.436,0.306,0.931,0.292,0.693,0.668,0.982,0.857,0.847,0.904,0.723,0.745,0.957,0.81,0.725,0.073,0.555,0.472,0.416
1.0,0.299,0.5,0.858,0.91,0.767,0.813,0.146,0.724,0.131,0.936,0.17,0.262,0.603,0.72,0.18,0.339,0.849,0.069,0.233,0.345,0.308,0.897,0.123,0.057,0.724,0.226,0.065,0.528,0.363,0.929,0.493,0.462,0.203,0.185,0.261,0.466,0.098,0.951,0.508,0.35
1.0,0.658,0.78,0.239,0.715,0.558,0.18,0.321,0.426,0.025,0.49,0.626,0.287,0.12,0.95,0.087,0.916,0.768,0.417,0.842,0.294,0.65,0.308,0.33,0.349,0.217,0.834,0.904,0.167,0.168,0.756,0.484,0.46,0.691,0.672,0.962,0.274,0.645,0.531,0.249,0.518
1.0,0.49,0.489,0.876,0.706,0.537,0.689,0.445,0.051,0.119,0.178,0.141,0.684,0.803,0.053,0.308,0.018,0.431,0.096,0.533,0.691,0.323,0.33,0.035,0.698,0.834,0.668,0.979,0.096,0.903,0.335,0.238,0.804,0.66,0.662,0.205,0.87,0.146,0.28,0.288,0.581
0.0,0.04,0.14,0.118,0.223,0.262,0.831,0.451,0.135,0.953,0.344,0.294,0.374,0.579,0.141,0.859,0.434,0.047,0.983,0.195,0.517,0.794,0.352,0.981,0.917,0.614,0.582,0.154,0.515,0.305,0.519,0.615,0.91,0.637,0.274,0.795,0.126,0.507,0.231,0.521,0.153
1.0,0.532,0.743,0.659,0.573,0.435,0.444,0.175,0.062,0.146,0.874,0.708,0.199,0.66,0.514,0.596,0.267,0.404,0.962,0.779,0.873,0.547,0.228,0.035,0.851,0.191,0.85,0.345,0.14,0.334,0.466,0.317,0.779,0.017,0.28,0.802,0.856,0.879,0.02,0.289,0.449
1.0,0.958,0.97,0.38,0.026,0.124,0.573,0.059,0.466,0.835,0.34,0.561,0.641,0.053,0.46,0.355,0.183,0.737,0.542,0.068,0.817,0.025,0.553,0.364,0.159,0.705,0.961,0.472,0.49,0.254,0.612,0.12,0.477,0.08,0.754,0.094,0.366,0.318,0.804,0.22,0.219
1.0,0.08,0.608,0.264,0.632,0.78,0.766,0.566,0.198,0.106,0.12,0.147,0.573,0.88,0.299,0.735,0.682,0.711,0.324,0.681,0.148,0.542,0.811,0.648,0.812,0.384,0.503,0.933,0.516,0.57,0.518,0.288,0.289,0.963,0.201,0.408,0.579,0.549,0.313,0.373,0.591
0.0,0.338,0.611,0.834,0.102,0.768,0.838,0.525,0.564,0.326,0.025,0.284,0.878,0.614,0.609,0.219,0.195,0.836,0.474,0.113,0.3,0.566,0.923,0.217,0.953,0.11,0.066,0.116,0.887,0.686,0.017,0.013,0.286,0.548,0.341,0.769,0.894,0.232,0.633,0.46,0.329
0.0,0.288,0.155,0.073,0.268,0.509,0.852,0.295,0.64,0.315,0.907,0.1,0.301,0.678,0.411,0.968,0.005,0.588,0.475,0.119,0.624,0.225,0.059,0.598,0.565,0.207,0.985,0.733,0.262,0.339,0.823,0.812,0.6,0.321,0.929,0.847,0.197,0.356,0.313,0.441,0.644
0.0,0.349,0.177,0.141,0.799,0.969,0.856,0.507,0.441,0.686,0.943,0.725,0.522,0.922,0.739,0.817,0.108,0.007,0.402,0.3,0.492,0.006,0.704,0.405,0.501,0.199,0.244,0.808,0.7,0.216,0.291,0.448,0.137,0.642,0.04,0.879,0.154,0.664,0.127,0.493,0.255
1.0,0.918,0.167,0.714,0.641,0.184,0.353,0.77,0.231,0.743,0.908,0.28,0.097,0.329,0.226,0.102,0.666,0.929,0.458,0.142,0.296,0.463,0.161,0.215,0.031,0.11,0.728,0.711,0.217,0.327,0.478,0.071,0.541,0.677,0.62,0.102,0.078,0.688,0.245,0.227,0.66
0.0,0.04,0.838,0.042,0.228,0.477,0.524,0.674,0.139,0.258,0.753,0.395,0.889,0.53,0.245,0.408,0.885,0.94,0.933,0.994,0.231,0.67,0.477,0.871,0.438,0.38,0.526,0.443,0.344,0.196,0.192,0.944,0.223,0.852,0.721,0.146,0.643,0.368,0.657,0.965,0.756
1.0,0.615,0.908,0.566,0.056,0.469,0.31,0.006,0.403,0.683,0.843,0.348,0.459,0.871,0.524,0.668,0.146,0.402,0.026,0.908,0.268,0.65,0.566,0.468,0.897,0.766,0.723,0.549,0.368,0.745,0.243,0.325,0.257,0.163,0.818,0.696,0.072,0.47,0.391,0.529,0.287
1.0,0.032,0.339,0.671,0.375,0.425,0.484,0.919,0.251,0.065,0.597,0.421,0.229,0.183,0.476,0.016,0.19,0.185,0.787,0.625,0.475,0.414,0.774,0.599,0.466,0.188,0.296,0.938,0.893,0.572,0.342,0.212,0.366,0.747,0.582,0.221,0.268,0.239,0.537,0.345,0.798
0.0,0.561,0.261,0.549,0.814,0.13,0.795,0.438,0.254,0.717,0.912,0.85,0.897,0.688,0.757,0.072,0.311,0.057,0.795,0.09,0.923,0.025,0.829,0.065,0.39,0.662,0.224,0.984,0.63,0.395,0.466,0.869,0.404,0.517,0.157,0.874,0.886,0.473,0.409,0.32,0.316
1.0,0.987,0.502,0.661,0.874,0.581,0.941,0.099,0.949,0.002,0.183,0.046,0.509,0.688,0.811,0.931,0.451,0.89,0.249,0.856,0.391,0.208,0.557,0.024,0.452,0.051,0.772,0.304,0.285,0.221,0.321,0.927,0.075,0.681,0.858,0.266,0.811,0.67,0.263,0.407,0.174
0.0,0.979,0.68,0.357,0.822,0.336,0.887,0.44,0.503,0.767,0.094,0.44,0.847,0.948,0.303,0.744,0.375,0.952,0.673,0.511,0.588,0.937,0.667,0.733,0.545,0.195,0.529,0.289,0.673,0.948,0.432,0.725,0.895,0.297,0.246,0.002,0.312,0.524,0.331,0.068,0.035
1.0,0.415,0.185,0.364,0.69,0.336,0.678,0.185,0.382,0.612,0.85,0.761,0.036,0.443,0.417,0.471,0.007,0.833,0.652,0.155,0.697,0.483,0.097,0.487,0.675,0.082,0.066,0.475,0.486,0.407,0.825,0.134,0.819,0.004,0.714,0.974,0.664,0.127,0.766,0.106,0.879
1.0,0.032,0.109,0.529,0.514,0.062,0.742,0.104,0.822,0.09,0.05,0.807,0.505,0.821,0.124,0.299,0.519,0.925,0.997,0.157,0.718,0.885,0.365,0.723,0.601,0.214,0.245,0.401,0.058,0.248,0.221,0.618,0.065,0.667,0.843,0.784,0.107,0.589,0.558,0.476,0.162
1.0,0.635,0.883,0.605,0.081,0.382,0.749,0.063,0.571,0.068,0.667,0.616,0.715,0.358,0.178,0.925,0.315,0.814,0.883,0.128,0.513,0.703,0.227,0.165,0.661,0.076,0.933,0.988,0.588,0.281,0.956,0.157,0.982,0.99,0.667,0.938,0.42,0.5,0.83,0.991,0.629
0.0,0.903,0.089,0.736,0.458,0.966,0.084,0.085,0.743,0.897,0.346,0.89,0.478,0.712,0.899,0.863,0.94,0.482,0.492,0.134,0.464,0.224,0.448,0.904,0.969,0.597,0.092,0.953,0.885,0.139,0.46,0.763,0.239,0.593,0.733,0.675,0.918,0.065,0.234,0.206,0.048
0.0,0.587,0.423,0.963,0.516,0.651,0.763,0.639,0.074,0.944,0.263,0.036,0.784,0.76,0.826,0.101,0.804,0.999,0.148,0.987,0.28,0.613,0.051,0.133,0.184,0.036,0.247,0.48,0.423,0.429,0.976,0.401,1.0,0.846,0.087,0.791,0.302,0.64,0.075,0.175,0.405
1.0,0.526,0.189,0.305,0.788,0.412,0.254,0.835,0.267,0.684,0.494,0.87,0.592,0.962,0.627,0.375,0.36,0.927,0.673,0.364,0.456,0.074,0.983,0.753,0.829,0.72,0.216,0.131,0.191,0.067,0.859,0.197,0.527,0.912,0.821,0.972,0.507,0.611,0.25,0.325,0.328
1.0,0.289,0.733,0.773,0.933,0.704,0.332,0.028,0.07,0.56,0.34,0.403,0.149,0.436,0.671,0.981,0.401,0.568,0.633,0.366,0.791,0.529,0.925,0.681,0.409,0.568,0.551,0.653,0.826,0.134,0.194,0.638,0.48,0.91,0.974,0.217,0.984,0.545,0.285,0.731,0.308
0.0,0.714,0.675,0.18,0.864,0.891,0.361,0.225,0.64,0.534,0.436,0.783,0.388,0.364,0.525,0.738,0.259,0.229,0.869,0.381,0.09,0.483,0.866,0.052,0.089,0.44,0.929,0.432,0.02,0.982,0.578,0.446,0.135,0.586,0.879,0.175,0.429,0.835,0.336,0.081,0.664
1.0,0.817,0.035,0.534,0.633,0.124,0.374,0.105,0.557,0.56,0.753,0.364,0.708,0.12,0.132,0.087,0.855,0.498,0.417,0.142,0.217,0.999,0.649,0.237,0.805,0.109,0.185,0.452,0.214,0.912,0.668,0.962,0.449,0.028,0.03,0.48,0.335,0.958,0.802,0.979,0.29
0.0,0.131,0.647,0.322,0.863,0.094,0.722,0.666,0.385,0.684,0.443,0.35,0.037,0.524,0.199,0.015,0.126,0.772,0.719,0.22,0.149,0.582,0.116,0.879,0.288,0.452,0.918,0.432,0.788,0.432,0.119,0.522,0.091,0.64,0.006,0.621,0.735,0.857,0.844,0.653,0.815
0.0,0.925,0.974,0.749,0.5,0.848,0.514,0.442,0.75,0.23,0.563,0.128,0.993,0.091,0.141,0.945,0.27,0.777,0.833,0.372,0.245,0.442,0.131,0.668,0.664,0.064,0.576,0.813,0.39,0.882,0.284,0.469,0.401,0.042,0.229,0.561,0.646,0.386,0.933,0.014,0.244
1.0,0.922,0.15,0.95,0.294,0.573,0.893,0.611,0.465,0.268,0.482,0.227,0.169,0.249,0.47,0.005,0.306,0.343,0.059,0.726,0.977,0.882,0.804,0.084,0.291,0.395,0.506,0.751,0.374,0.536,0.908,0.79,0.959,0.537,0.236,0.458,0.265,0.052,0.203,0.003,0.5
0.0,0.641,0.119,0.141,0.785,0.786,0.223,0.944,0.902,0.771,0.801,0.033,0.883,0.831,0.002,0.518,0.234,0.592,0.092,0.064,0.29,0.848,0.045,0.076,0.557,0.755,0.893,0.828,0.914,0.67,0.279,0.119,0.003,0.919,0.628,0.212,0.76,0.42,0.081,0.742,0.835
1.0,0.546,0.051,0.65,0.714,0.006,0.638,0.933,0.069,0.334,0.183,0.756,0.519,0.761,0.575,0.628,0.288,0.936,0.52,0.812,0.707,0.271,0.106,0.732,0.745,0.182,0.262,0.161,0.16,0.667,0.134,0.562,0.337,0.611,0.688,0.296,0.633,0.197,0.679,0.72,0.296
0.0,0.691,0.138,0.573,0.088,0.96,0.847,0.473,0.792,0.514,0.413,0.083,0.769,0.112,0.366,0.77,0.348,0.172,0.827,0.933,0.437,0.803,0.181,0.323,0.236,0.141,0.446,0.854,0.467,0.211,0.682,0.266,0.096,0.005,0.679,0.527,0.502,0.857,0.048,0.891,0.824
0.0,0.005,0.443,0.19,0.949,0.885,0.028,0.497,0.509,0.597,0.57,0.689,0.604,0.119,0.233,0.468,0.635,0.778,0.601,0.261,0.177,0.453,0.734,0.768,0.3,0.181,0.262,0.655,0.274,0.347,0.437,0.31,0.334,0.913,0.399,0.896,0.734,0.572,0.904,0.636,0.931
1.0,0.036,0.712,0.679,0.312,0.782,0.299,0.225,0.679,0.297,0.11,0.658,0.435,0.548,0.732,0.389,0.151,0.98,0.759,0.914,0.952,0.229,0.302,0.715,0.642,0.795,0.417,0.867,0.673,0.482,0.298,0.188,0.726,0.497,0.041,0.691,0.844,0.451,0.735,0.766,0.821
0.0,0.085,0.421,0.867,0.07,0.925,0.376,0.855,0.041,0.509,0.593,0.544,0.968,0.49,0.788,0.457,0.227,0.051,0.063,0.19,0.176,0.542,0.819,0.51,0.308,0.462,0.334,0.079,0.657,0.228,0.704,0.604,0.319,0.405,0.697,0.935,0.608,0.183,0.221,0.424,0.341
1.0,0.529,0.184,0.637,0.125,0.167,0.2,0.391,0.507,0.881,0.833,0.306,0.216,0.603,0.407,0.545,0.501,0.725,0.286,0.588,0.562,0.589,0.738,0.556,0.238,0.466,0.116,0.045,0.688,0.631,0.829,0.743,0.944,0.089,0.649,0.675,0.963,0.319,0.416,0.451,0.929
1.0,0.062,0.26,0.887,0.672,0.452,0.961,0.384,0.212,0.679,0.047,0.899,0.165,0.925,0.277,0.203,0.639,0.274,0.464,0.138,0.117,0.164,0.025,0.02,0.687,0.406,0.407,0.433,0.728,0.052,0.366,0.336,0.384,0.665,0.54,0.406,0.366,0.839,0.705,0.361,0.493
1.0,0.945,0.805,0.832,0.448,0.512,0.171,0.729,0.679,0.122,0.38,0.371,0.159,0.249,0.174,0.111,0.419,0.507,0.373,0.25,0.491,0.179,0.171,0.48,0.737,0.336,0.915,0.048,0.935,0.219,0.824,0.495,0.552,0.97,0.058,0.705,0.37,0.246,0.2,0.571,0.184
0.0,0.261,0.536,0.363,0.663,0.751,0.311,0.973,0.432,0.286,0.082,0.878,0.227,0.677,0.983,0.218,0.6,0.594,0.684,0.535,0.032,0.975,0.215,0.868,0.451,0.132,0.014,0.841,0.714,0.606,0.965,0.089,0.526,0.264,0.284,0.183,0.105,0.441,0.209,0.665,0.309
1.0,0.129,0.426,0.647,0.876,0.471,0.758,0.648,0.267,0.06,0.336,0.011,0.162,0.522,0.982,0.095,0.856,0.679,0.379,0.322,0.623,0.168,0.73,0.37,0.209,0.45,0.322,0.537,0.928,0.89,0.029,0.535,0.639,0.826,0.28,0.922,0.355,0.208,0.313,0.684,0.629
1.0,0.972,0.323,0.455,0.165,0.091,0.185,0.072,0.942,0.64,0.169,0.498,0.518,0.726,0.552,0.824,0.828,0.004,0.408,0.586,0.719,0.212,0.38,0.535,0.742,0.538,0.941,0.542,0.617,0.56,0.22,0.509,0.064,0.531,0.203,0.016,0.833,0.257,0.03,0.65,0.806
1.0,0.996,0.317,0.705,0.525,0.426,0.161,0.847,0.921,0.248,0.5,0.829,0.093,0.06,0.361,0.909,0.493,0.47,0.374,0.493,0.605,0.305,0.94,0.516,0.886,0.154,0.965,0.436,0.891,0.054,0.678,0.038,0.53,0.732,0.818,0.769,0.423,0.284,0.772,0.245,0.643
0.0,0.603,0.836,0.369,0.475,0.708,0.532,0.108,0.369,0.868,0.261,0.198,0.916,0.444,0.556,0.109,0.398,0.991,0.869,0.737,0.797,0.531,0.177,0.409,0.304,0.012,0.07,0.7,0.695,0.13,0.58,0.025,0.824,0.242,0.484,0.67,0.087,0.791,0.74,0.372,0.729
0.0,0.648,0.04,0.051,0.672,0.936,0.998,0.207,0.243,0.555,0.193,0.408,0.987,0.958,0.109,0.47,0.287,0.066,0.07,0.614,0.481,0.177,0.463,0.848,0.084,0.223,0.991,0.197,0.138,0.236,0.2,0.003,0.67,0.33,0.853,0.866,0.763,0.413,0.669,0.153,0.176
0.0,0.223,0.941,0.426,0.248,0.138,0.697,0.848,0.126,0.479,0.155,0.53,0.531,0.339,0.584,0.798,0.078,0.302,0.594,0.692,0.171,0.424,0.765,0.909,0.208,0.897,0.438,0.851,0.309,0.693,0.878,0.499,0.458,0.029,0.72,0.489,0.874,0.214,0.459,0.61,0.069
0.0,0.262,0.007,0.055,0.626,0.23,0.194,0.897,0.222,0.643,0.394,0.772,0.994,0.282,0.273,0.143,0.281,0.478,0.138,0.226,0.963,0.855,0.713,0.162,0.268,0.972,0.713,0.968,0.916,0.495,0.486,0.926,0.98,0.109,0.204,0.069,0.093,0.008,0.668,0.266,0.628
0.0,0.028,0.484,0.503,0.108,0.864,0.702,0.617,0.632,0.818,0.971,0.506,0.081,0.513,0.668,0.204,0.978,0.722,0.733,0.614,0.377,0.685,0.041,0.705,0.54,0.995,0.676,0.314,0.435,0.308,0.218,0.184,0.792,0.336,0.36,0.603,0.986,0.124,0.602,0.902,0.439
1.0,0.275,0.064,0.505,0.695,0.463,0.649,0.251,0.371,0.937,0.125,0.801,0.381,0.043,0.218,0.594,0.424,0.375,0.408,0.147,0.073,0.45,0.708,0.053,0.029,0.973,0.601,0.892,0.702,0.961,0.211,0.417,0.64,0.821,0.153,0.266,0.204,0.328,0.822,0.984,0.787
1.0,0.653,0.857,0.303,0.602,0.15,0.035,0.588,0.257,0.594,0.567,0.526,0.337,0.522,0.581,0.881,0.831,0.383,0.709,0.339,0.867,0.424,0.728,0.268,0.914,0.345,0.327,0.565,0.405,0.634,0.614,0.548,0.583,0.204,0.09,0.931,0.167,0.469,0.918,0.835,0.335
1.0,0.466,0.248,0.468,0.06,0.628,0.015,0.426,0.926,0.637,0.017,0.645,0.626,0.374,0.225,0.533,0.906,0.201,0.089,0.157,0.097,0.977,0.767,0.399,0.466,0.706,0.437,0.359,0.887,0.162,0.11,0.388,0.342,0.599,0.262,0.441,0.109,0.314,0.109,0.566,0.633
0.0,0.455,0.048,0.9,0.078,0.796,0.539,0.95,0.454,0.148,0.059,0.369,0.703,0.403,0.972,0.143,0.295,0.956,0.984,0.199,0.455,0.884,0.884,0.475,0.042,0.316,0.246,0.143,0.907,0.329,0.771,0.989,0.559,0.958,0.69,0.707,0.287,0.872,0.703,0.745,0.815
0.0,0.354,0.941,0.286,0.037,0.646,0.395,0.848,0.607,0.837,0.881,0.25,0.941,0.97,0.469,0.204,0.823,0.094,0.915,0.792,0.097,0.983,0.276,0.262,0.99,0.397,0.112,0.109,0.237,0.358,0.022,0.196,0.619,0.146,0.178,0.334,0.189,0.722,0.796,0.238,0.569
1.0,0.801,0.139,0.044,0.199,0.055,0.616,0.475,0.252,0.241,0.589,0.062,0.1,0.939,0.503,0.891,0.788,0.574,0.567,0.719,0.212,0.106,0.504,0.378,0.534,0.609,0.676,0.238,0.875,0.127,0.195,0.669,0.502,0.604,0.487,0.897,0.498,0.002,0.053,0.529,0.778
1.0,0.745,0.813,0.227,0.329,0.491,0.08,0.856,0.21,0.953,0.094,0.399,0.02,0.681,0.517,0.906,0.863,0.266,0.338,0.137,0.871,0.156,0.695,0.542,0.794,0.85,0.019,0.242,0.687,0.797,0.504,0.164,0.834,0.675,0.808,0.039,0.648,0.51,0.798,0.715,0.479
1.0,0.336,0.585,0.498,0.841,0.664,0.235,0.471,0.137,0.545,0.289,0.997,0.059,0.484,0.865,0.691,0.281,0.428,0.365,0.772,0.195,0.541,0.789,0.058,0.134,0.081,0.295,0.332,0.356,0.52,0.27,0.943,0.191,0.466,0.32,0.075,0.1,0.35,0.641,0.464,0.829
1.0,0.222,0.358,0.866,0.268,0.493,0.126,0.903,0.043,0.259,0.4,0.321,0.51,0.855,0.304,0.575,0.338,0.923,0.677,0.56,0.62,0.776,0.51,0.602,0.533,0.801,0.159,0.537,0.907,0.801,0.175,0.718,0.163,0.679,0.18,0.045,0.523,0.87,0.654,0.092,0.735
1.0,0.216,0.147,0.026,0.561,0.224,0.644,0.936,0.309,0.553,0.939,0.693,0.461,0.501,0.904,0.616,0.209,0.798,0.558,0.062,0.716,0.827,0.025,0.14,0.874,0.013,0.196,0.633,0.904,0.418,0.727,0.441,0.327,0.192,0.328,0.173,0.387,0.829,0.965,0.306,0.465
1.0,0.601,0.286,0.729,0.773,0.379,0.993,0.204,0.054,0.682,0.28,0.895,0.325,0.107,0.949,0.76,0.16,0.115,0.204,0.517,0.539,0.754,0.733,0.402,0.141,0.4,0.61,0.688,0.952,0.903,0.426,0.985,0.492,0.059,0.9,0.085,0.815,0.143,0.816,0.897,0.25
1.0,0.523,0.643,0.722,0.112,0.301,0.905,0.967,0.579,0.137,0.583,0.767,0.402,0.564,0.099,0.914,0.0,0.133,0.913,0.711,0.622,0.779,0.797,0.311,0.895,0.783,0.414,0.283,0.435,0.369,0.783,0.162,0.938,0.73,0.686,0.824,0.007,0.223,0.917,0.072,0.947
1.0,0.647,0.04,0.638,0.446,0.52,0.115,0.692,0.231,0.044,0.779,0.322,0.674,0.929,0.966,0.651,0.462,0.236,0.419,0.741,0.732,0.947,0.863,0.229,0.253,0.272,0.142,0.564,0.315,0.049,0.702,0.831,0.947,0.213,0.596,0.737,0.682,0.741,0.636,0.465,0.638
0.0,0.302,0.492,0.841,0.297,0.038,0.293,0.401,0.406,0.496,0.831,0.988,0.568,0.724,0.396,0.388,0.163,0.026,0.631,0.586,0.119,0.482,0.443,0.857,0.211,0.184,0.201,0.507,0.346,0.832,0.4,0.079,0.93,0.518,0.843,0.956,0.517,0.014,0.474,0.837,0.067
1.0,0.524,0.159,0.974,0.485,0.024,0.383,0.309,0.473,0.815,0.543,0.625,0.144,0.288,0.492,0.297,0.716,0.835,0.863,0.584,0.795,0.91,0.06,0.727,0.691,0.994,0.849,0.19,0.688,0.211,0.001,0.78,0.169,0.175,0.776,0.628,0.806,0.462,0.425,0.498,0.642
1.0,0.301,0.526,0.028,0.022,0.199,0.323,0.782,0.654,0.167,0.701,0.97,0.133,0.852,0.424,0.491,0.657,0.991,0.031,0.961,0.374,0.427,0.643,0.485,0.011,0.334,0.088,0.19,0.963,0.366,0.812,0.11,0.817,0.556,0.324,0.831,0.216,0.992,0.0,0.559,0.11
1.0,0.256,0.699,0.08,0.549,0.604,0.04,0.101,0.037,0.016,0.125,0.672,0.517,0.8,0.353,0.945,0.438,0.597,0.207,0.975,0.81,0.866,0.129,0.512,0.49,0.176,0.545,0.978,0.346,0.839,0.171,0.694,0.229,0.894,0.611,0.979,0.219,0.323,0.438,0.813,0.194
0.0,0.582,0.924,0.708,0.392,0.451,0.813,0.574,0.563,0.778,0.864,0.212,0.95,0.036,0.776,0.72,0.31,0.429,0.85,0.294,0.909,0.758,0.223,0.415,0.264,0.887,0.997,0.858,0.225,0.31,0.085,0.433,0.431,0.624,0.039,0.155,0.637,0.183,0.697,0.85,0.664
1.0,0.553,0.4,0.868,0.432,0.441,0.102,0.342,0.535,0.956,0.073,0.919,0.185,0.233,0.493,0.671,0.686,0.101,0.689,0.294,0.805,0.878,0.55,0.2,0.104,0.381,0.011,0.742,0.806,0.444,0.015,0.599,0.632,0.958,0.483,0.376,0.704,0.859,0.522,0.228,0.208
0.0,0.135,0.251,0.526,0.409,0.742,0.092,0.041,0.504,0.632,0.084,0.258,0.526,0.502,0.792,0.746,0.348,0.753,0.544,0.369,0.392,0.205,0.512,0.951,0.498,0.107,0.358,0.921,0.282,0.059,0.377,0.034,0.75,0.57,0.254,0.735,0.815,0.152,0.165,0.646,0.63
1.0,0.497,0.608,0.764,0.964,0.168,0.071,0.867,0.831,0.695,0.37,0.679,0.585,0.926,0.487,0.534,0.953,0.747,0.26,0.276,0.865,0.763,0.36,0.426,0.677,0.473,0.498,0.108,0.168,0.826,0.436,0.107,0.519,0.469,0.342,0.914,0.742,0.931,0.975,0.599,0.283
1.0,0.312,0.582,0.367,0.247,0.505,0.231,0.988,0.44,0.503,0.094,0.233,0.287,0.119,0.739,0.984,0.779,0.32,0.094,0.226,0.117,0.524,0.171,0.134,0.847,0.93,0.5,0.181,0.235,0.572,0.675,0.202,0.552,0.939,0.986,0.039,0.93,0.045,0.331,0.942,0.191
0.0,0.087,0.638,0.112,0.777,0.391,0.651,0.458,0.441,0.446,0.863,0.868,0.861,0.051,0.34,0.687,0.777,0.679,0.32,0.158,0.853,0.643,0.168,0.773,0.372,0.831,0.622,0.103,0.41,0.54,0.675,0.031,0.258,0.112,0.515,0.293,0.733,0.253,0.803,0.102,0.001
1.0,0.467,0.08,0.102,0.788,0.184,0.126,0.361,0.595,0.155,0.407,0.525,0.546,0.54,0.209,0.125,0.223,0.623,0.615,0.312,0.566,0.319,0.67,0.778,0.859,0.374,0.695,0.889,0.779,0.387,0.667,0.61,0.012,0.556,0.655,0.59,0.923,0.787,0.196,0.862,0.191
0.0,0.176,0.561,0.933,0.726,0.979,0.024,0.927,0.94,0.349,0.491,0.881,0.04,0.002,0.873,0.55,0.68,0.332,0.336,0.206,0.699,0.773,0.863,0.029,0.846,0.298,0.613,0.012,0.585,0.545,0.258,0.736,0.692,0.487,0.465,0.346,0.27,0.926,0.06,0.291,0.789
0.0,0.643,0.172,0.008,0.411,0.372,0.88,0.824,0.486,0.672,0.911,0.983,0.439,0.808,0.347,0.55,0.046,0.586,0.636,0.195,0.807,0.905,0.464,0.227,0.401,0.522,0.46,0.682,0.726,0.824,0.358,0.932,0.21,0.074,0.595,0.395,0.79,0.21,0.127,0.366,0.678
1.0,0.613,0.338,0.655,0.974,0.178,0.826,0.737,0.652,0.869,0.382,0.734,0.952,0.438,0.226,0.455,0.67,0.842,0.238,0.541,0.903,0.557,0.96,0.382,0.285,0.07,0.218,0.414,0.23,0.669,0.227,0.197,0.945,0.795,0.071,0.503,0.474,0.49,0.462,0.957,0.055
1.0,0.613,0.686,0.142,0.228,0.207,0.919,0.567,0.831,0.521,0.977,0.172,0.068,0.1,0.782,0.788,0.268,0.625,0.481,0.899,0.287,0.112,0.395,0.513,0.875,0.17,0.004,0.28,0.879,0.348,0.708,0.216,0.243,0.771,0.913,0.421,0.777,0.981,0.943,0.258,0.878
0.0,0.705,0.725,0.086,0.774,0.924,0.777,0.29,0.537,0.612,0.036,0.246,0.685,0.416,0.077,0.824,0.788,0.183,0.699,0.527,0.49,0.533,0.915,0.37,0.186,0.62,0.637,0.752,0.238,0.525,0.931,0.141,0.799,0.847,0.064,0.562,0.509,0.064,0.208,0.527,0.035
1.0,0.492,0.457,0.383,0.468,0.363,0.01,0.866,0.327,0.722,0.392,0.253,0.632,0.029,0.696,0.618,0.975,0.569,0.23,0.466,0.759,0.474,0.453,0.334,0.152,0.492,0.657,0.198,0.584,0.988,0.122,0.846,0.27,0.983,0.49,0.291,0.244,0.283,0.538,0.522,0.896
0.0,0.751,0.941,0.69,0.931,0.433,0.193,0.707,0.947,0.056,0.524,0.139,0.789,0.501,0.731,0.76,0.767,0.028,0.419,0.703,0.072,0.951,0.342,0.68,0.303,0.3,0.303,0.059,0.479,0.316,0.4,0.431,0.662,0.992,0.43,0.54,0.935,0.76,0.21,0.42,0.441
0.0,0.332,0.012,0.958,0.441,0.3,0.563,0.802,0.665,0.3,0.67,0.924,0.925,0.428,0.913,0.147,0.941,0.906,0.793,0.797,0.221,0.097,0.96,0.278,0.643,0.001,0.211,0.391,0.957,0.456,0.831,0.888,0.244,0.168,0.244,0.98,0.229,0.644,0.019,0.889,0.887
1.0,0.3,0.22,0.865,0.348,0.432,0.156,0.133,0.343,0.659,0.801,0.08,0.794,0.439,0.504,0.561,0.553,0.226,0.8,0.488,0.726,0.942,0.203,0.459,0.306,0.197,0.0,0.621,0.339,0.475,0.146,0.213,0.834,0.97,0.381,0.95,0.428,0.194,0.611,0.301,0.934
1.0,0.172,0.784,0.116,0.794,0.036,0.601,0.846,0.832,0.42,0.468,0.603,0.574,0.993,0.437,0.644,0.305,0.953,0.555,0.977,0.162,0.007,0.323,0.609,0.436,0.321,0.243,0.284,0.475,0.24,0.949,0.989,0.329,0.009,0.579,0.099,0.988,0.029,0.577,0.782,0.583
0.0,0.525,0.263,0.197,0.949,0.638,0.666,0.674,0.155,0.731,0.802,0.244,0.182,0.962,0.685,0.218,0.401,0.181,0.269,0.484,0.131,0.781,0.178,0.905,0.556,0.304,0.512,0.849,0.305,0.43,0.822,0.169,0.12,0.682,0.756,0.53,0.783,0.665,0.588,0.901,0.027
1.0,0.913,0.786,0.79,0.629,0.71,0.17,0.506,0.795,0.687,0.505,0.348,0.265,0.873,0.559,0.804,0.431,0.41,0.518,0.793,0.337,0.675,0.337,0.119,0.118,0.205,0.921,0.037,0.607,0.841,0.632,0.413,0.226,0.327,0.572,0.133,0.664,0.585,0.828,0.976,0.388
1.0,0.761,0.34,0.229,0.811,0.445,0.608,0.981,0.349,0.606,0.673,0.472,0.228,0.364,0.379,0.766,0.146,0.362,0.63,0.014,0.948,0.738,0.168,0.592,0.014,0.538,0.657,0.557,0.002,0.339,0.122,0.987,0.691,0.855,0.847,0.248,0.475,0.557,0.386,0.043,0.952
0.0,0.235,0.444,0.341,0.35,0.264,0.39,0.167,0.417,0.137,0.292,0.153,0.441,0.61,0.343,0.843,0.378,0.776,0.391,0.952,0.475,0.323,0.464,0.398,0.365,0.122,0.453,0.794,0.388,0.231,0.751,0.581,0.144,0.829,0.207,0.024,0.83,0.203,0.061,0.87,0.377
1.0,0.168,0.612,0.905,0.047,0.319,0.771,0.653,0.924,0.954,0.962,0.684,0.296,0.131,0.532,0.459,0.579,0.134,0.831,0.772,0.681,0.751,0.482,0.013,0.311,0.618,0.746,0.172,0.957,0.836,0.649,0.694,0.749,0.66,0.335,0.671,0.338,0.389,0.046,0.646,0.362
0.0,0.89,0.596,0.542,0.566,0.963,0.63,0.995,0.697,0.21,0.789,0.268,0.402,0.809,0.883,0.649,0.361,0.935,0.16,0.592,0.394,0.394,0.609,0.375,0.642,0.365,0.104,0.288,0.617,0.875,0.568,0.561,0.77,0.645,0.493,0.542,0.661,0.989,0.549,0.889,0.431
0.0,0.527,0.539,0.154,0.007,0.79,0.106,0.297,0.257,0.43,0.172,0.481,0.891,0.252,0.306,0.141,0.691,0.576,0.783,0.726,0.926,0.926,0.717,0.053,0.761,0.102,0.509,0.234,0.96,0.377,0.916,0.864,0.387,0.721,0.747,0.071,0.776,0.403,0.488,0.894,0.533
1.0,0.181,0.637,0.226,0.876,0.295,0.161,0.648,0.693,0.709,0.888,0.246,0.764,0.016,0.556,0.549,0.797,0.421,0.005,0.061,0.764,0.868,0.12,0.256,0.588,0.867,0.739,0.438,0.014,0.272,0.279,0.252,0.305,0.099,0.579,0.85,0.389,0.298,0.373,0.449,0.255
1.0,0.705,0.984,0.76,0.037,0.251,0.188,0.413,0.337,0.643,0.104,0.629,0.752,0.766,0.001,0.697,0.003,0.778,0.325,0.631,0.765,0.98,0.438,0.736,0.294,0.806,0.591,0.699,0.524,0.973,0.992,0.644,0.289,0.399,0.271,0.383,0.266,0.997,0.535,0.871,0.941
0.0,0.28,0.539,0.277,0.751,0.17,0.992,0.987,0.149,0.867,0.819,0.539,0.879,0.456,0.734,0.002,0.959,0.459,0.885,0.464,0.085,0.35,0.014,0.87,0.961,0.166,0.774,0.511,0.318,0.32,0.498,0.539,0.274,0.427,0.441,0.487,0.531,0.628,0.612,0.946,0.892
1.0,0.372,0.587,0.63,0.878,0.102,0.975,0.103,0.893,0.404,0.004,0.592,0.416,0.547,0.535,0.426,0.073,0.432,0.673,0.341,0.378,0.563,0.823,0.339,0.23,0.71,0.142,0.579,0.666,0.839,0.14,0.183,0.33,0.987,0.445,0.226,0.1,0.605,0.146,0.713,0.406
1.0,0.419,0.297,0.18,0.128,0.647,0.814,0.358,0.755,0.511,0.359,0.347,0.314,0.193,0.688,0.326,0.229,0.892,0.39,0.376,0.053,0.291,0.191,0.032,0.506,0.667,0.34,0.461,0.722,0.371,0.31,0.998,0.565,0.309,0.25,0.637,0.929,0.962,0.094,0.269,0.256
0.0,0.599,0.063,0.443,0.843,0.868,0.355,0.768,0.793,0.796,0.129,0.366,0.238,0.228,0.678,0.072,0.598,0.605,0.079,0.819,0.396,0.122,0.233,0.117,0.481,0.278,0.991,0.002,0.05,0.962,0.802,0.265,0.296,0.247,0.86,0.437,0.144,0.997,0.884,0.019,0.801
1.0,0.7,0.347,0.797,0.531,0.08,0.239,0.736,0.382,0.266,0.514,0.192,0.463,0.524,0.315,0.735,0.095,0.991,0.742,0.701,0.048,0.57,0.351,0.593,0.041,0.509,0.513,0.992,0.622,0.912,0.356,0.634,0.52,0.073,0.1,0.656,0.25,0.556,0.79,0.676,0.488
0.0,0.471,0.306,0.247,0.195,0.645,0.429,0.385,0.803,0.725,0.972,0.057,0.915,0.041,0.312,0.321,0.525,0.824,0.433,0.892,0.361,0.168,0.899,0.606,0.629,0.344,0.464,0.837,0.637,0.583,0.638,0.997,0.168,0.538,0.154,0.862,0.703,0.692,0.494,0.22,0.16
1.0,0.542,0.202,0.44,0.49,0.183,0.749,0.709,0.594,0.435,0.278,0.044,0.025,0.437,0.359,0.493,0.213,0.044,0.535,0.104,0.985,0.692,0.962,0.453,0.637,0.868,0.822,0.061,0.105,0.068,0.108,0.775,0.273,0.48,0.407,0.756,0.222,0.823,0.891,0.484,0.004
0.0,0.927,0.565,0.388,0.778,0.607,0.429,0.55,0.625,0.579,0.404,0.097,0.91,0.6,0.826,0.02,0.275,0.678,0.704,0.352,0.758,0.973,0.303,0.212,0.056,0.826,0.991,0.197,0.612,0.674,0.754,0.069,0.21,0.109,0.401,0.82,0.371,0.012,0.33,0.505,0.556
0.0,0.975,0.474,0.278,0.783,0.719,0.49,0.678,0.26,0.815,0.246,0.35,0.109,0.833,0.007,0.846,0.036,0.101,0.833,0.148,0.254,0.546,0.843,0.887,0.505,0.818,0.251,0.266,0.408,0.203,0.46,0.777,0.103,0.66,0.8,0.059,0.726,0.355,0.281,0.067,0.246
0.0,0.642,0.112,0.077,0.579,0.28,0.225,0.312,0.62,0.895,0.486,0.167,0.021,0.595,0.668,0.574,0.322,0.685,0.1,0.087,0.072,0.245,0.048,0.914,0.994,0.834,0.93,0.456,0.662,0.469,0.757,0.176,0.627,0.18,0.682,0.814,0.814,0.802,0.375,0.598,0.659
0.0,0.8,0.916,0.153,0.71,0.263,0.649,0.911,0.848,0.649,0.85,0.591,0.444,0.412,0.301,0.571,0.87,0.261,0.552,0.603,0.202,0.702,0.983,0.802,0.911,0.895,0.905,0.751,0.506,0.848,0.592,0.047,0.746,0.032,0.027,0.207,0.791,0.407,0.892,0.839,0.252
0.0,0.577,0.671,0.298,0.665,0.929,0.945,0.631,0.319,0.27,0.086,0.351,0.322,0.574,0.516,0.47,0.018,0.99,0.227,0.992,0.324,0.993,0.03,0.397,0.084,0.403,0.511,0.622,0.685,0.12,0.201,1.0,0.59,0.422,0.095,0.88,0.122,0.116,0.184,0.584,0.116
0.0,0.931,0.333,0.975,0.207,0.514,0.378,0.506,0.807,0.702,0.275,0.115,0.951,0.438,0.533,0.483,0.476,0.361,0.859,0.588,0.241,0.491,0.479,0.442,0.81,0.245,0.174,0.685,0.326,0.056,0.164,0.012,0.707,0.018,0.302,0.209,0.704,0.494,0.484,0.126,0.692
1.0,0.634,0.645,0.312,0.691,0.782,0.395,0.674,0.952,0.151,0.479,0.496,0.506,0.802,0.879,0.791,0.403,0.906,0.444,0.093,0.2,0.198,0.61,0.022,0.893,0.112,0.822,0.183,0.664,0.83,0.816,0.732,0.125,0.629,0.977,0.395,0.594,0.654,0.247,0.615,0.008
0.0,0.255,0.019,0.366,0.118,0.868,0.143,0.35,0.331,0.607,0.175,0.053,0.039,0.698,0.23,0.208,0.19,0.089,0.469,0.977,0.318,0.284,0.202,0.965,0.22,0.168,0.185,0.377,0.684,0.223,0.653,0.408,0.538,0.245,0.917,0.215,0.652,0.495,0.17,0.873,0.537
1.0,0.203,0.555,0.546,0.837,0.406,0.466,0.277,0.649,0.492,0.448,0.554,0.528,0.818,0.167,0.089,0.552,0.486,0.588,0.573,0.338,0.824,0.522,0.7,0.261,0.949,0.884,0.092,0.06,0.455,0.087,0.028,0.215,0.605,0.007,0.017,0.072,0.744,0.733,0.439,0.964
0.0,0.125,0.716,0.79,0.53,0.283,0.143,0.505,0.795,0.832,0.765,0.16,0.949,0.158,0.501,0.854,0.286,0.083,0.759,0.584,0.455,0.002,0.949,0.568,0.342,0.808,0.752,0.786,0.317,0.787,0.629,0.275,0.625,0.143,0.745,0.638,0.055,0.104,0.684,0.291,0.491
0.0,0.495,0.675,0.268,0.459,0.531,0.146,0.476,0.988,0.105,0.645,0.87,0.87,0.136,0.659,0.221,0.383,0.755,0.274,0.465,0.572,0.253,0.258,0.485,0.956,0.585,1.0,0.18,0.69,0.215,0.852,0.305,0.686,0.752,0.256,0.877,0.164,0.77,0.407,0.35,0.448
0.0,0.777,0.733,0.138,0.834,0.14,0.071,0.368,0.746,0.929,0.875,0.688,0.037,0.177,0.658,0.369,0.364,0.645,0.814,0.699,0.86,0.999,0.747,0.792,0.417,0.159,0.738,0.104,0.011,0.171,0.823,0.355,0.644,0.935,0.843,0.416,0.269,0.161,0.533,0.161,0.134
1.0,0.885,0.873,0.064,0.705,0.346,0.875,0.294,0.124,0.711,0.181,0.178,0.517,0.366,0.082,0.05,0.167,0.483,0.614,0.922,0.969,0.6,0.177,0.509,0.794,0.845,0.513,0.973,0.216,0.601,0.881,0.391,0.689,0.798,0.142,0.347,0.244,0.425,0.865,0.986,0.518
1.0,0.789,0.01,0.539,0.901,0.312,0.335,0.505,0.672,0.93,0.45,0.713,0.697,0.477,0.392,0.421,0.969,0.695,0.334,0.366,0.21,0.768,0.75,0.009,0.982,0.6,0.632,0.622,0.766,0.096,0.867,0.94,0.777,0.81,0.988,0.632,0.223,0.783,0.113,0.804,0.072
0.0,0.889,0.793,0.956,0.105,0.932,0.025,0.069,0.498,0.106,0.972,0.804,0.899,0.804,0.382,0.313,0.966,0.926,0.634,0.506,0.007,0.559,0.462,0.047,0.825,0.581,0.936,0.75,0.98,0.543,0.455,0.844,0.587,0.113,0.657,0.12,0.34,0.802,0.847,0.287,0.441
1.0,0.64,0.029,0.494,0.824,0.932,0.983,0.366,0.883,0.113,0.876,0.489,0.601,0.111,0.206,0.359,0.674,0.757,0.293,0.279,0.667,0.263,0.883,0.713,0.029,0.882,0.803,0.33,0.583,0.925,0.408,0.253,0.589,0.197,0.814,0.955,0.171,0.092,0.732,0.61,0.49
1.0,0.998,0.144,0.828,0.881,0.401,0.355,0.496,0.258,0.355,0.46,0.37,0.296,0.989,0.86,0.471,0.994,0.315,0.873,0.828,0.829,0.758,0.954,0.772,0.438,0.172,0.848,0.864,0.116,0.601,0.874,0.866,0.924,0.397,0.971,0.785,0.582,0.559,0.041,0.953,0.844
1.0,0.092,0.075,0.975,0.293,0.315,0.799,0.641,0.601,0.296,0.557,0.773,0.031,0.226,0.621,0.741,0.713,0.452,0.446,0.411,0.216,0.861,0.091,0.498,0.616,0.307,0.424,0.534,0.262,0.342,0.54,0.096,0.324,0.616,0.936,0.786,0.164,0.501,0.41,0.388,0.203
0.0,0.391,0.098,0.66,0.964,0.816,0.363,0.395,0.318,0.195,0.756,0.091,0.735,0.678,0.692,0.948,0.095,0.79,0.416,0.519,0.286,0.115,0.558,0.589,0.856,0.613,0.315,0.448,0.813,0.738,0.142,0.151,0.621,0.898,0.646,0.611,0.973,0.846,0.473,0.516,0.819
1.0,0.173,0.796,0.123,0.966,0.554,0.617,0.563,0.745,0.747,0.95,0.198,0.7,0.033,0.59,0.916,0.833,0.484,0.015,0.141,0.472,0.547,0.237,0.313,0.258,0.578,0.133,0.711,0.768,0.057,0.065,0.706,0.37,0.578,0.146,0.64,0.188,0.591,0.57,0.899,0.925
1.0,0.187,0.908,0.669,0.863,0.684,0.875,0.057,0.548,0.098,0.062,0.246,0.763,0.549,0.532,0.175,0.485,0.728,0.411,0.065,0.907,0.396,0.337,0.57,0.46,0.946,0.014,0.16,0.247,0.074,0.364,0.752,0.496,0.516,0.953,0.074,0.177,0.837,0.007,0.801,0.698
0.0,0.876,0.664,0.758,0.572,0.931,0.929,0.619,0.42,0.727,0.267,0.462,0.306,0.173,0.432,0.586,0.989,0.758,0.164,0.54,0.769,0.986,0.722,0.696,0.704,0.262,0.763,0.112,0.053,0.689,0.951,0.852,0.204,0.741,0.376,0.072,0.218,0.621,0.991,0.797,0.101
0.0,0.38,0.964,0.445,0.325,0.799,0.34,0.281,0.543,0.315,0.189,0.971,0.873,0.407,0.526,0.471,0.748,0.624,0.084,0.138,0.709,0.312,0.483,0.575,0.982,0.133,0.417,0.748,0.895,0.16,0.962,0.291,0.549,0.324,0.156,0.337,0.651,0.366,0.002,0.64,0.89
0.0,0.709,0.25,0.182,0.287,0.946,0.049,0.749,0.634,0.341,0.02,0.193,0.065,0.594,0.715,0.556,0.509,0.056,0.26,0.161,0.74,0.327,0.624,0.01,0.736,0.049,0.065,0.04,0.147,0.656,0.346,0.945,0.712,0.701,0.147,0.825,0.995,0.23,0.445,0.865,0.673
0.0,0.699,0.983,0.4,0.248,0.463,0.94,0.854,0.546,0.766,0.831,0.997,0.877,0.303,0.408,0.03,0.237,0.275,0.176,0.843,0.288,0.711,0.521,0.7,0.47,0.9,0.788,0.615,0.485,0.151,0.715,0.251,0.3,0.375,0.949,0.123,0.381,0.754,0.809,0.021,0.842
1.0,0.879,0.465,0.411,0.256,0.626,0.22,0.189,0.197,0.305,0.18,0.121,0.309,0.844,0.883,0.779,0.576,0.855,0.317,0.415,0.401,0.78,0.88,0.393,0.889,0.775,0.74,0.463,0.604,0.804,0.421,0.39,0.612,0.865,0.338,0.584,0.645,0.393,0.943,0.34,0.331
1.0,0.321,0.42,0.581,0.528,0.487,0.169,0.868,0.734,0.341,0.515,0.071,0.481,0.954,0.111,0.721,0.216,0.301,0.266,0.175,0.609,0.881,0.302,0.194,0.151,0.136,0.193,0.502,0.501,0.325,0.664,0.526,0.07,0.853,0.371,0.592,0.846,0.026,0.268,0.659,0.407
0.0,0.538,0.301,0.246,0.136,0.175,0.474,0.217,0.932,0.045,0.979,0.368,0.294,0.356,0.847,0.076,0.013,0.256,0.339,0.811,0.912,0.761,0.685,0.797,0.79,0.25,0.787,0.718,0.888,0.639,0.35,0.194,0.963,0.033,0.439,0.69,0.008,0.639,0.741,0.261,0.409
0.0,0.939,0.897,0.876,0.384,0.071,0.657,0.053,0.033,0.169,0.928,0.585,0.906,0.47,0.611,0.429,0.264,0.389,0.071,0.944,0.631,0.579,0.554,0.825,0.203,0.829,0.981,0.007,0.222,0.046,0.191,0.739,0.74,0.973,0.807,0.341,0.132,0.866,0.219,0.403,0.895
1.0,0.364,0.657,0.867,0.892,0.33,0.607,0.385,0.051,0.994,0.424,0.177,0.063,0.248,0.314,0.807,0.33,0.202,0.448,0.732,0.323,0.906,0.533,0.6,0.979,0.169,0.591,0.798,0.655,0.313,0.898,0.971,0.326,0.628,0.475,0.407,0.191,0.182,0.371,0.392,0.171
0.0,0.041,0.54,0.294,0.357,0.274,0.283,0.936,0.952,0.449,0.756,0.662,0.541,0.493,0.293,0.857,0.736,0.281,0.079,0.399,0.114,0.441,0.623,0.859,0.061,0.524,0.131,0.236,0.331,0.024,0.46,0.348,0.918,0.933,0.391,0.322,0.714,0.01,0.807,0.392,0.207
0.0,0.694,0.642,0.046,0.551,0.425,0.559,0.297,0.629,0.113,0.419,0.801,0.847,0.196,0.764,0.325,0.27,0.772,0.73,0.953,0.93,0.308,0.584,0.729,0.661,0.633,0.943,0.028,0.549,0.974,0.434,0.321,0.554,0.587,0.746,0.708,0.525,0.053,0.811,0.036,0.409
1.0,0.111,0.535,0.268,0.416,0.431,0.323,0.63,0.367,0.947,0.429,0.333,0.417,0.678,0.533,0.431,0.065,0.174,0.738,0.101,0.497,0.76,0.425,0.652,0.088,0.515,0.287,0.175,0.816,0.903,0.903,0.472,0.948,0.28,0.177,0.452,0.059,0.215,0.498,0.238,0.765
0.0,0.593,0.662,0.355,0.254,0.974,0.779,0.623,0.853,0.211,0.096,0.061,0.083,0.557,0.252,0.658,0.734,0.058,0.389,0.757,0.45,0.173,0.467,0.69,0.768,0.812,0.057,0.54,0.996,0.224,0.972,0.426,0.618,0.566,0.757,0.243,0.938,0.636,0.962,0.162,0.044
0.0,0.79,0.58,0.499,0.591,0.031,0.968,0.59,0.799,0.016,0.679,0.312,0.777,0.814,0.594,0.272,0.024,0.01,0.183,0.912,0.278,0.774,0.572,0.013,0.857,0.459,0.054,0.84,0.758,0.684,0.122,0.919,0.402,0.53,0.958,0.236,0.128,0.907,0.32,0.993,0.994
0.0,0.743,0.545,0.43,0.986,0.675,0.208,0.966,0.566,0.197,0.01,0.802,0.975,0.059,0.925,0.177,0.101,0.198,0.976,0.744,0.069,0.966,0.714,0.12,0.834,0.544,0.08,0.897,0.038,0.592,0.665,0.193,0.288,0.783,0.87,0.345,0.791,0.772,0.948,0.128,0.51
0.0,0.035,0.027,0.419,0.281,0.862,0.606,0.67,0.936,0.222,0.937,0.928,0.956,0.309,0.016,0.542,0.49,0.929,0.921,0.111,0.173,0.483,0.16,0.783,0.944,0.349,0.49,0.767,0.404,0.239,0.461,0.817,0.575,0.528,0.007,0.563,0.175,0.631,0.526,0.591,0.301
0.0,0.024,0.849,0.31,0.64,0.915,0.145,0.399,0.587,0.814,0.696,0.91,0.488,0.092,0.931,0.385,0.853,0.316,0.551,0.14,0.512,0.724,0.586,0.42,0.11,0.931,0.757,0.564,0.446,0.983,0.136,0.495,0.104,0.838,0.607,0.757,0.375,0.85,0.128,0.242,0.101
0.0,0.738,0.492,0.353,0.404,0.96,0.042,0.828,0.868,0.177,0.172,0.599,0.201,0.7,0.956,0.45,0.436,0.919,0.962,0.213,0.498,0.339,0.139,0.122,0.507,0.143,0.136,0.456,0.273,0.028,0.806,0.06,0.717,0.743,0.269,0.127,0.827,0.475,0.146,0.053,0.567
0.0,0.956,0.12,0.247,0.599,0.062,0.362,0.831,0.953,0.643,0.819,0.38,0.878,0.362,0.108,0.722,0.425,0.982,0.145,0.021,0.238,0.51,0.94,0.765,0.959,0.064,0.061,0.188,0.656,0.165,0.867,0.956,0.313,0.103,0.186,0.614,0.075,0.584,0.389,0.507,0.987
0.0,0.688,0.79,0.187,0.764,0.469,0.942,0.229,0.898,0.941,0.448,0.314,0.863,0.485,0.892,0.907,0.5,0.701,0.583,0.27,0.026,0.854,0.969,0.234,0.591,0.716,0.459,0.469,0.033,0.541,0.374,0.578,0.547,0.267,0.816,0.973,0.53,0.894,0.851,0.437,0.464
1.0,0.3,0.289,0.011,0.05,0.267,0.901,0.558,0.51,0.565,0.217,0.996,0.254,0.09,0.91,0.135,0.887,0.029,0.719,0.906,0.448,0.699,0.299,0.727,0.656,0.271,0.965,0.906,0.51,0.49,0.378,0.427,0.085,0.585,0.404,0.941,0.772,0.417,0.593,0.904,0.143
0.0,0.678,0.865,0.51,0.597,0.499,0.063,0.489,0.146,0.829,0.296,0.933,0.917,0.244,0.503,0.508,0.893,0.287,0.042,0.082,0.723,0.616,0.961,0.426,0.506,0.583,0.244,0.749,0.966,0.036,0.851,0.422,0.346,0.707,0.97,0.064,0.149,0.705,0.453,0.072,0.932
1.0,0.376,0.588,0.788,0.15,0.653,0.943,0.543,0.082,0.384,0.011,0.496,0.305,0.565,0.246,0.485,0.421,0.927,0.098,0.108,0.021,0.6,0.754,0.198,0.81,0.126,0.921,0.275,0.325,0.798,0.419,0.599,0.227,0.957,0.354,0.014,0.69,0.432,0.185,0.966,0.071
1.0,0.673,0.356,0.908,0.768,0.312,0.962,0.13,0.193,0.466,0.59,0.325,0.573,0.963,0.876,0.095,0.113,0.73,0.739,0.405,0.962,0.833,0.797,0.171,0.668,0.81,0.822,0.355,0.563,0.527,0.53,0.07,0.558,0.021,0.293,0.221,0.272,0.845,0.604,0.944,0.994
0.0,0.194,0.995,0.166,0.529,0.493,0.142,0.512,0.029,0.622,0.429,0.533,0.242,0.65,0.184,0.808,0.1,0.313,0.146,0.921,0.757,0.977,0.008,0.878,0.583,0.12,0.657,0.237,0.339,0.349,0.989,0.663,0.514,0.779,0.534,0.852,0.425,0.704,0.523,0.176,0.654
0.0,0.428,0.075,0.451,0.563,0.69,0.875,0.311,0.523,0.737,0.604,0.462,0.482,0.262,0.586,0.593,0.488,0.651,0.517,0.834,0.298,0.734,0.258,0.789,0.649,0.982,0.486,0.595,0.049,0.026,0.647,0.375,0.005,0.954,0.031,0.018,0.515,0.535,0.793,0.93,0.319
0.0,0.611,0.116,0.816,0.681,0.553,0.564,0.271,0.483,0.306,0.72,0.915,0.984,0.143,0.069,0.711,0.701,0.083,0.632,0.861,0.447,0.814,0.33,0.74,0.811,0.597,0.33,0.247,0.551,0.274,0.689,0.298,0.431,0.036,0.637,0.431,0.251,0.721,0.455,0.198,0.556
0.0,0.82,0.578,0.151,0.988,0.883,0.899,0.071,0.405,0.208,0.042,0.667,0.553,0.178,0.417,0.915,0.5,0.871,0.554,0.326,0.53,0.149,0.786,0.24,0.78,0.788,0.787,0.852,0.643,0.985,0.962,0.515,0.813,0.284,0.729,0.148,0.118,0.321,0.639,0.538,0.646
1.0,0.999,0.245,0.495,0.695,0.788,0.65,0.788,0.783,0.679,0.963,0.874,0.728,0.163,0.77,0.019,0.243,0.598,0.333,0.567,0.936,0.848,0.93,0.015,0.232,0.281,0.077,0.277,0.576,0.058,0.654,0.897,0.558,0.238,0.029,0.804,0.905,0.368,0.467,0.971,0.263
1.0,0.11,0.968,0.772,0.175,0.032,0.506,0.167,0.81,0.132,0.684,0.801,0.434,0.326,0.209,0.105,0.092,0.637,0.473,0.296,0.6,0.64,0.387,0.343,0.073,0.012,0.748,0.273,0.855,0.658,0.095,0.872,0.25,0.575,0.547,0.551,0.648,0.09,0.291,0.436,0.14
0.0,0.998,0.682,0.854,0.974,0.875,0.145,0.56,0.385,0.862,0.032,0.474,0.317,0.189,0.356,0.795,0.923,0.607,0.495,0.892,0.681,0.327,0.659,0.641,0.263,0.998,0.907,0.901,0.386,0.029,0.343,0.674,0.986,0.87,0.737,0.79,0.692,0.78,0.662,0.021,0.91
0.0,0.057,0.967,0.716,0.542,0.748,0.416,0.714,0.972,0.38,0.574,0.438,0.951,0.955,0.246,0.987,0.988,0.265,0.362,0.445,0.509,0.444,0.57,0.083,0.384,0.343,0.763,0.994,0.75,0.286,0.077,0.528,0.576,0.793,0.103,0.501,0.865,0.28,0.076,0.537,0.856
1.0,0.036,0.735,0.178,0.817,0.325,0.733,0.661,0.825,0.297,0.919,0.432,0.047,0.913,0.646,0.776,0.338,0.901,0.181,0.85,0.927,0.913,0.181,0.173,0.88,0.326,0.481,0.841,0.624,0.328,0.093,0.086,0.668,0.127,0.765,0.392,0.931,0.496,0.302,0.812,0.983
1.0,0.646,0.921,0.668,0.503,0.468,0.75,0.247,0.673,0.069,0.963,0.905,0.04,0.296,0.358,0.839,0.644,0.043,0.726,0.638,0.109,0.795,0.274,0.216,0.957,0.253,0.141,0.082,0.739,0.982,0.062,0.558,0.812,0.178,0.855,0.571,0.59,0.611,0.087,0.602,0.36
0.0,0.459,0.018,0.862,0.793,0.332,0.105,0.902,0.692,0.15,0.245,0.476,0.103,0.489,0.855,0.956,0.403,0.976,0.257,0.92,0.787,0.368,0.809,0.573,0.296,0.399,0.333,0.224,0.317,0.762,0.567,0.332,0.818,0.183,0.972,0.149,0.962,0.794,0.793,0.195,0.891
1.0,0.402,0.584,0.766,0.943,0.945,0.478,0.758,0.852,0.713,0.392,0.792,0.833,0.429,0.72,0.82,0.943,0.616,0.506,0.147,0.389,0.672,0.147,0.73,0.946,0.426,0.995,0.732,0.245,0.911,0.095,0.557,0.171,0.408,0.549,0.304,0.091,0.278,0.09,0.541,0.855
1.0,0.095,0.959,0.332,0.759,0.353,0.902,0.116,0.86,0.244,0.09,0.979,0.405,0.965,0.292,0.207,0.043,0.548,0.145,0.659,0.474,0.988,0.197,0.496,0.668,0.989,0.005,0.889,0.849,0.7,0.506,0.918,0.139,0.697,0.32,0.193,0.502,0.882,0.459,0.394,0.447
0.0,0.087,0.332,0.64,0.861,0.986,0.592,0.293,0.927,0.645,0.129,0.737,0.802,0.795,0.541,0.987,0.992,0.591,0.364,0.974,0.502,0.803,0.776,0.369,0.775,0.589,0.34,0.453,0.166,0.258,0.881,0.039,0.228,0.271,0.985,0.849,0.468,0.619,0.492,0.899,0.893
0.0,0.21,0.731,0.193,0.652,0.971,0.298,0.134,0.657,0.845,0.624,0.689,0.856,0.697,0.556,0.399,0.838,0.584,0.415,0.92,0.061,0.121,0.24,0.003,0.788,0.049,0.756,0.428,0.655,0.849,0.431,0.742,0.706,0.645,0.634,0.338,0.955,0.332,0.945,0.465,0.266
0.0,0.573,0.205,0.983,0.391,0.508,0.669,0.154,0.097,0.31,0.608,0.09,0.716,0.892,0.769,0.097,0.444,0.542,0.79,0.337,0.67,0.319,0.911,0.87,0.65,0.853,0.395,0.931,0.298,0.892,0.06,0.747,0.533,0.107,0.87,0.773,0.82,0.771,0.013,0.78,0.264
0.0,0.967,0.269,0.511,0.997,0.606,0.749,0.745,0.186,0.422,0.473,0.621,0.623,0.618,0.516,0.238,0.012,0.7,0.792,0.349,0.549,0.301,0.912,0.886,0.691,0.816,0.759,0.122,0.685,0.652,0.476,0.052,0.86,0.628,0.64,0.108,0.704,0.457,0.4,0.328,0.214
0.0,0.961,0.348,0.279,0.665,0.975,0.008,0.778,0.223,0.205,0.17,0.271,0.796,0.812,0.578,0.351,0.974,0.392,0.444,0.21,0.541,0.9,0.622,0.814,0.181,0.174,0.868,0.008,0.657,0.254,0.231,0.521,0.557,0.803,0.354,0.659,0.77,0.869,0.726,0.307,0.846
0.0,0.356,0.094,0.059,0.79,0.605,0.463,0.082,0.8,0.57,0.711,0.517,0.784,0.85,0.59,0.954,0.618,0.896,0.815,0.797,0.513,0.831,0.745,0.189,0.108,0.529,0.079,0.868,0.555,0.929,0.185,0.237,0.958,0.798,0.521,0.208,0.723,0.991,0.073,0.213,0.284
1.0,0.867,0.173,0.057,0.022,0.719,0.09,0.825,0.113,0.564,0.133,0.464,0.656,0.914,0.789,0.237,0.073,0.617,0.586,0.587,0.057,0.198,0.463,0.603,0.147,0.8,0.822,0.077,0.666,0.009,0.407,0.197,0.991,0.322,0.174,0.193,0.67,0.272,0.131,0.906,0.067
0.0,0.744,0.34,0.436,0.484,0.971,0.529,0.338,0.923,0.075,0.35,0.458,0.365,0.381,0.037,0.438,0.866,0.226,0.244,0.748,0.241,0.903,0.449,0.532,0.685,0.488,0.033,0.171,0.941,0.26,0.563,0.979,0.677,0.806,0.91,0.064,0.511,0.664,0.145,0.087,0.886
1.0,0.132,0.295,0.414,0.087,0.066,0.016,0.284,0.771,0.955,0.699,0.524,0.447,0.832,0.484,0.545,0.336,0.023,0.307,0.971,0.747,0.272,0.949,0.51,0.442,0.244,0.154,0.051,0.726,0.187,0.72,0.79,0.003,0.156,0.037,0.358,0.082,0.409,0.978,0.853,0.449
1.0,0.122,0.125,0.758,0.485,0.783,0.877,0.457,0.592,0.875,0.438,0.118,0.459,0.283,0.898,0.638,0.793,0.286,0.728,0.012,0.26,0.645,0.396,0.158,0.633,0.829,0.685,0.637,0.171,0.47,0.527,0.109,0.385,0.736,0.74,0.288,0.911,0.724,0.607,0.719,0.013
0.0,0.601,0.604,0.897,0.386,0.658,0.4,0.128,0.665,0.424,0.575,0.772,0.017,0.066,0.64,0.837,0.816,0.529,0.202,0.507,0.596,0.44,0.336,0.867,0.669,0.499,0.51,0.276,0.356,0.409,0.387,0.561,0.404,0.34,0.357,0.529,0.072,0.64,0.918,0.204,0.34
1.0,0.5,0.639,0.94,0.869,0.746,0.189,0.183,0.714,0.521,0.96,0.948,0.289,0.144,0.259,0.417,0.685,0.458,0.282,0.127,0.15,0.453,0.797,0.591,0.067,0.716,0.389,0.275,0.857,0.409,0.492,0.783,0.677,0.852,0.739,0.342,0.269,0.292,0.265,0.923,0.61
0.0,0.425,0.328,0.313,0.027,0.434,0.214,0.629,0.096,0.104,0.846,0.987,0.775,0.079,0.788,0.508,0.281,0.928,0.792,0.014,0.182,0.702,0.245,0.353,0.344,0.163,0.423,0.048,0.38,0.413,0.879,0.422,0.943,0.686,0.92,0.19,0.194,0.079,0.177,0.35,0.064
1.0,0.418,0.942,0.386,0.124,0.194,0.076,0.274,0.641,0.273,0.028,0.811,0.165,0.54,0.215,0.431,0.544,0.777,0.565,0.132,0.988,0.462,0.129,0.231,0.411,0.055,0.191,0.975,0.479,0.968,0.495,0.754,0.109,0.239,0.208,0.873,0.937,0.183,0.501,0.417,0.914
0.0,0.501,0.578,0.106,0.678,0.59,0.587,0.327,0.821,0.563,0.765,0.543,0.234,0.713,0.519,0.369,0.798,0.906,0.821,0.329,0.069,0.127,0.014,0.889,0.361,0.448,0.382,0.82,0.457,0.482,0.742,0.765,0.027,0.09,0.013,0.402,0.87,0.477,0.625,0.407,0.891
0.0,0.065,0.34,0.102,0.366,0.287,0.155,0.497,0.178,0.504,0.582,0.101,0.954,0.603,0.168,0.765,0.936,0.248,0.914,0.332,0.449,0.132,0.735,0.978,0.968,0.364,0.213,0.592,0.672,0.584,0.661,0.635,0.554,0.166,0.81,0.029,0.948,0.283,0.948,0.94,0.358
0.0,0.345,0.14,0.137,0.417,0.001,0.416,0.369,0.052,0.321,0.988,0.488,0.858,0.365,0.724,0.391,0.696,0.06,0.335,0.936,0.291,0.527,0.091,0.401,0.319,0.946,0.161,0.759,0.454,0.554,0.844,0.425,0.485,0.785,0.316,0.199,0.157,0.428,0.21,0.365,0.961
1.0,0.829,0.398,0.86,0.995,0.68,0.144,0.361,0.604,0.203,0.468,0.331,0.499,0.081,0.623,0.096,0.853,0.755,0.191,0.206,0.888,0.092,0.524,0.54,0.603,0.332,0.161,0.154,0.446,0.295,0.055,0.847,0.249,0.855,0.229,0.104,0.495,0.329,0.788,0.846,0.556
0.0,0.252,0.055,0.748,0.032,0.247,0.075,0.637,0.67,0.969,0.903,0.615,0.96,0.003,0.422,0.904,0.631,0.335,0.158,0.546,0.934,0.957,0.183,0.509,0.702,0.442,0.522,0.604,0.536,0.705,0.777,0.196,0.283,0.084,0.747,0.306,0.507,0.797,0.012,0.631,0.076
1.0,0.35,0.24,0.905,0.847,0.555,0.262,0.157,0.582,0.112,0.037,0.942,0.082,0.49,0.708,0.14,0.075,0.526,0.674,0.411,0.016,0.236,0.162,0.223,0.196,0.895,0.256,0.56,0.351,0.606,0.002,0.308,0.076,0.219,0.351,0.67,0.878,0.6,0.2,0.697,0.977
0.0,0.143,0.056,0.561,0.354,0.425,0.346,0.329,0.99,0.584,0.826,0.81,0.593,0.877,0.308,0.353,0.853,0.796,0.33,0.919,0.832,0.257,0.093,0.919,0.754,0.103,0.696,0.571,0.531,0.786,0.298,0.331,0.659,0.432,0.472,0.739,0.921,0.081,0.372,0.532,0.319
1.0,0.026,0.43,0.72,0.966,0.182,0.838,0.524,0.441,0.36,0.158,0.89,0.177,0.924,0.762,0.07,0.999,0.913,0.99,0.441,0.769,0.826,0.119,0.217,0.826,0.879,0.662,0.549,0.913,0.228,0.744,0.966,0.571,0.997,0.93,0.12,0.729,0.902,0.331,0.434,0.128
1.0,0.228,0.839,0.031,0.527,0.476,0.128,0.698,0.183,0.701,0.499,0.086,0.238,0.166,0.351,0.368,0.671,0.386,0.585,0.899,0.956,0.387,0.848,0.614,0.318,0.902,0.735,0.5,0.869,0.97,0.943,0.204,0.315,0.096,0.395,0.668,0.378,0.624,0.944,0.58,0.522
0.0,0.62,0.99,0.529,0.02,0.981,0.263,0.614,0.546,0.659,0.231,0.528,0.513,0.842,0.636,0.105,0.877,0.933,0.824,0.463,0.556,0.976,0.8,0.017,0.84,0.314,0.551,0.774,0.631,0.232,0.6,0.456,0.563,0.535,0.106,0.55,0.279,0.347,0.144,0.512,0.836
0.0,0.924,0.356,0.256,0.668,0.317,0.4,0.822,0.427,0.27,0.497,0.947,0.973,0.912,0.73,0.399,0.608,0.405,0.806,0.295,0.501,0.051,0.706,0.112,0.219,0.476,0.556,0.388,0.068,0.339,0.556,0.248,0.065,0.583,0.286,0.947,0.627,0.681,0.633,0.881,0.381
1.0,0.32,0.084,0.152,0.298,0.956,0.055,0.642,0.461,0.043,0.974,0.102,0.39,0.772,0.033,0.702,0.406,0.592,0.135,0.195,0.632,0.545,0.791,0.669,0.043,0.857,0.41,0.787,0.544,0.342,0.274,0.466,0.156,0.85,0.207,0.651,0.919,0.028,0.442,0.721,0.901
0.0,0.476,0.139,0.397,0.974,0.442,0.585,0.654,0.633,0.475,0.829,0.637,0.895,0.49,0.752,0.72,0.797,0.301,0.199,0.946,0.875,0.668,0.15,0.211,0.003,0.006,0.362,0.152,0.995,0.711,0.591,0.817,0.003,0.828,0.567,0.593,0.492,0.553,0.177,0.149,0.431
0.0,0.826,0.958,0.473,0.582,0.427,0.321,0.199,0.237,0.518,0.528,0.15,0.961,0.664,0.417,0.493,0.649,0.779,0.614,0.387,0.861,0.696,0.908,0.41,0.613,0.332,0.812,0.936,0.819,0.738,0.613,0.993,0.959,0.674,0.628,0.089,0.47,1.0,0.622,0.79,0.965
0.0,0.412,0.046,0.749,0.713,0.149,0.575,0.233,0.512,0.152,0.886,0.615,0.443,0.809,0.638,0.85,0.35,0.53,0.159,0.572,0.952,0.029,0.323,0.947,0.032,0.151,0.191,0.314,0.143,0.437,0.441,0.276,0.511,0.325,0.456,0.377,0.644,0.71,0.354,0.095,0.731
1.0,0.679,0.634,0.262,0.613,0.79,0.289,0.329,0.409,0.18,0.632,0.329,0.498,0.511,0.087,0.118,0.11,0.906,0.459,0.962,0.344,0.659,0.398,0.636,0.698,0.244,0.306,0.323,0.426,0.082,0.903,0.38,0.266,0.55,0.598,0.569,0.286,0.95,0.317,0.476,0.569
1.0,0.603,0.973,0.716,0.418,0.551,0.287,0.507,0.799,0.775,0.572,0.988,0.304,0.874,0.605,0.149,0.887,0.721,0.076,0.04,0.686,0.269,0.421,0.453,0.491,0.06,0.082,0.749,0.533,0.495,0.099,0.028,0.064,0.157,0.824,0.565,0.222,0.092,0.848,0.727,0.982
0.0,0.415,0.609,0.192,0.993,0.614,0.122,0.818,0.444,0.777,0.989,0.427,0.681,0.717,0.554,0.167,0.217,0.705,0.41,0.991,0.284,0.209,0.003,0.876,0.082,0.254,0.013,0.863,0.766,0.588,0.969,0.215,0.159,0.039,0.671,0.608,0.922,0.944,0.295,0.229,0.894
0.0,0.639,0.305,0.338,0.935,0.953,0.501,0.032,0.966,0.693,0.02,0.646,0.042,0.985,0.809,0.641,0.375,0.964,0.753,0.863,0.298,0.986,0.681,0.301,0.304,0.176,0.991,0.131,0.83,0.892,0.522,0.961,0.5,0.025,0.317,0.139,0.751,0.995,0.313,0.018,0.245
0.0,0.846,0.628,0.135,0.59,0.721,0.965,0.961,0.043,0.723,0.413,0.928,0.845,0.023,0.028,0.467,0.359,0.469,0.865,0.16,0.692,0.745,0.754,0.301,0.041,0.682,0.156,0.754,0.748,0.889,0.52,0.138,0.258,0.395,0.426,0.882,0.647,0.863,0.313,0.171,0.908
0.0,0.832,0.38,0.058,0.257,0.843,0.149,0.511,0.047,0.912,0.571,0.398,0.351,0.319,0.526,0.818,0.196,0.722,0.323,0.151,0.911,0.903,0.325,0.925,0.386,0.286,0.016,0.737,0.974,0.033,0.084,0.26,0.931,0.927,0.568,0.635,0.679,0.001,0.367,0.032,0.882
0.0,0.564,0.54,0.948,0.547,0.984,0.122,0.54,0.14,0.053,0.065,0.884,0.847,0.37,0.214,0.056,0.999,0.09,0.172,0.18,0.076,0.51,0.394,0.059,0.74,0.205,0.1,0.896,0.816,0.645,0.972,0.695,0.449,0.832,0.708,0.385,0.395,0.878,0.502,0.891,0.511
0.0,0.056,0.321,0.362,0.764,0.164,0.613,0.906,0.257,0.949,0.45,0.07,0.179,0.759,0.794,0.634,0.869,0.855,0.314,0.393,0.533,0.974,0.02,0.81,0.579,0.002,0.716,0.704,0.485,0.017,0.44,0.069,0.64,0.869,0.933,0.521,0.143,0.594,0.723,0.016,0.633
0.0,0.529,0.411,0.58,0.327,0.278,0.188,0.682,0.044,0.311,0.085,0.362,0.176,0.402,0.597,0.666,0.416,0.593,0.459,0.153,0.175,0.988,0.796,0.651,0.262,0.707,0.777,0.185,0.627,0.973,0.796,0.092,0.661,0.618,0.68,0.577,0.216,0.531,0.386,0.182,0.521
1.0,0.445,0.099,0.474,0.685,0.127,0.539,0.5,0.869,0.056,0.24,0.088,0.026,0.956,0.275,0.448,0.713,0.815,0.932,0.616,0.904,0.15,0.852,0.142,0.517,0.448,0.937,0.916,0.354,0.924,0.234,0.385,0.17,0.029,0.669,0.351,0.271,0.652,0.065,0.366,0.135
1.0,0.465,0.535,0.889,0.682,0.629,0.543,0.18,0.829,0.878,0.99,0.295,0.67,0.717,0.875,0.109,0.874,0.047,0.962,0.81,0.017,0.241,0.936,0.489,0.521,0.462,0.294,0.055,0.611,0.155,0.205,0.672,0.685,0.866,0.199,0.004,0.077,0.935,0.271,0.464,0.93
0.0,0.585,0.129,0.507,0.269,0.08,0.679,0.809,0.472,0.483,0.452,0.381,0.801,0.554,0.818,0.406,0.922,0.321,0.864,0.022,0.786,0.632,0.81,0.653,0.602,0.916,0.453,0.912,0.068,0.556,0.462,0.339,0.776,0.977,0.475,0.167,0.277,0.748,0.729,0.222,0.932
1.0,0.777,0.824,0.511,0.608,0.525,0.826,0.923,0.972,0.477,0.493,0.645,0.277,0.155,0.021,0.888,0.815,0.278,0.046,0.24,0.254,0.319,0.651,0.261,0.93,0.105,0.52,0.261,0.736,0.191,0.015,0.763,0.608,0.289,0.747,0.784,0.938,0.969,0.699,0.496,0.634
1.0,0.299,0.162,0.601,0.249,0.531,0.434,0.537,0.869,0.582,0.774,0.159,0.608,0.525,0.592,0.491,0.402,0.361,0.607,0.03,0.787,0.438,0.458,0.389,0.541,0.502,0.195,0.876,0.402,0.429,0.658,0.464,0.101,0.729,0.645,0.456,0.385,0.751,0.106,0.019,0.151
0.0,0.352,0.228,0.25,0.31,0.244,0.262,0.885,0.813,0.151,0.704,0.628,0.981,0.924,0.609,0.758,0.69,0.78,0.636,0.859,0.847,0.493,0.445,0.829,0.226,0.36,0.117,0.505,0.589,0.284,0.341,0.547,0.722,0.798,0.242,0.884,0.395,0.267,0.253,0.596,0.472
1.0,0.59,0.96,0.778,0.57,0.907,0.028,0.068,0.243,0.716,0.815,0.216,0.718,0.759,0.37,0.551,0.341,0.684,0.869,0.655,0.22,0.052,0.068,0.986,0.357,0.756,0.592,0.018,0.939,0.688,0.475,0.182,0.803,0.827,0.024,0.56,0.028,0.454,0.379,0.678,0.799
1.0,0.072,0.94,0.962,0.589,0.173,0.115,0.201,0.606,0.204,0.694,0.212,0.574,0.658,0.592,0.607,0.979,0.083,0.648,0.836,0.22,0.508,0.816,0.55,0.92,0.497,0.096,0.255,0.174,0.76,0.447,0.992,0.996,0.617,0.723,0.616,0.238,0.301,0.675,0.514,0.845
1.0,0.007,0.065,0.906,0.537,0.571,0.996,0.966,0.364,0.064,0.373,0.091,0.154,0.436,0.243,0.866,0.921,0.778,0.45,0.57,0.026,0.821,0.402,0.457,0.554,0.492,0.816,0.095,0.385,0.835,0.445,0.561,0.634,0.668,0.379,0.55,0.965,0.232,0.326,0.256,0.368
1.0,0.053,0.14,0.494,0.156,0.024,0.603,0.52,0.707,0.064,0.566,0.019,0.399,0.676,0.311,0.366,0.075,0.607,0.5,0.375,0.015,0.382,0.772,0.178,0.474,0.194,0.586,0.346,0.839,0.617,0.022,0.74,0.92,0.229,0.423,0.436,0.248,0.27,0.262,0.107,0.36
0.0,0.015,0.187,0.452,0.379,0.94,0.442,0.217,0.028,0.671,0.19,0.766,0.461,0.065,0.447,0.381,0.17,0.664,1.0,0.873,0.192,0.155,0.318,0.658,0.363,0.071,0.19,0.867,0.645,0.75,0.409,0.32,0.521,0.318,0.105,0.335,0.023,0.22,0.875,0.992,0.659
1.0,0.912,0.944,0.892,0.299,0.205,0.363,0.433,0.994,0.822,0.027,0.682,0.099,0.548,0.113,0.782,0.49,0.715,0.426,0.059,0.196,0.34,0.863,0.421,0.206,0.402,0.585,0.969,0.463,0.607,0.599,0.317,0.467,0.144,0.545,0.535,0.332,0.624,0.531,0.906,0.867
1.0,0.562,0.798,0.462,0.161,0.008,0.278,0.303,0.21,0.471,0.093,0.808,0.36,0.121,0.077,0.149,0.388,0.207,0.96,0.11,0.66,0.566,0.916,0.184,0.117,0.307,0.442,0.272,0.117,0.383,0.426,0.681,0.419,0.7,0.259,0.517,0.226,0.532,0.209,0.425,0.718
0.0,0.177,0.252,0.41,0.328,0.888,0.826,0.057,0.131,0.499,0.507,0.356,0.51,0.169,0.835,0.004,0.417,0.778,0.156,0.021,0.718,0.259,0.705,0.065,0.909,0.317,0.234,0.393,0.904,0.246,0.792,0.09,0.92,0.776,0.779,0.497,0.746,0.337,0.868,0.668,0.216
0.0,0.848,0.977,0.669,0.371,0.55,0.703,0.392,0.287,0.457,0.269,0.324,0.043,0.829,0.99,0.967,0.822,0.607,0.312,0.997,0.492,0.127,0.448,0.911,0.833,0.948,0.504,0.885,0.814,0.619,0.58,0.289,0.562,0.174,0.325,0.908,0.036,0.169,0.342,0.247,0.022
0.0,0.471,0.89,0.213,0.009,0.244,0.023,0.515,0.119,0.839,0.967,0.277,0.944,0.779,0.596,0.764,0.309,0.007,0.63,0.93,0.359,0.645,0.009,0.354,0.881,0.32,0.528,0.112,0.447,0.713,0.973,0.221,0.187,0.591,0.811,0.524,0.673,0.666,0.753,0.738,0.47
1.0,0.446,0.364,0.919,0.592,0.639,0.066,0.641,0.48,0.758,0.143,0.172,0.048,0.935,0.939,0.919,0.778,0.026,0.877,0.877,0.783,0.105,0.431,0.554,0.22,0.065,0.316,0.923,0.545,0.498,0.06,0.796,0.178,0.366,0.341,0.186,0.375,0.428,0.537,0.978,0.592
1.0,0.844,0.099,0.561,0.701,0.64,0.367,0.442,0.342,0.001,0.651,0.477,0.136,0.191,0.789,0.565,0.115,0.894,0.96,0.077,0.947,0.713,0.349,0.175,0.671,0.594,0.785,0.116,0.526,0.284,0.925,0.771,0.084,0.442,0.067,0.38,0.478,0.899,0.993,0.238,0.836
1.0,0.393,0.698,0.936,0.876,0.496,0.634,0.094,0.861,0.115,0.328,0.725,0.237,0.189,0.294,0.529,0.039,0.463,0.686,0.632,0.938,0.601,0.206,0.449,0.699,0.03,0.078,0.72,0.854,0.849,0.957,0.971,0.057,0.488,0.235,0.29,0.806,0.426,0.56,0.96,0.569
1.0,0.772,0.542,0.529,0.739,0.409,0.161,0.288,0.067,0.948,0.637,0.462,0.122,0.111,0.89,0.931,0.728,0.919,0.279,0.165,0.273,0.425,0.021,0.644,0.944,0.758,0.227,0.06,0.887,0.778,0.741,0.141,0.589,0.244,0.115,0.312,0.592,0.367,0.446,0.305,0.682
0.0,0.051,0.942,0.672,0.346,0.915,0.362,0.278,0.147,0.628,0.173,0.934,0.536,0.427,0.118,0.986,0.051,0.009,0.518,0.533,0.628,0.337,0.465,0.927,0.313,0.039,0.831,0.718,0.175,0.884,0.177,0.618,0.429,0.069,0.497,0.294,0.918,0.958,0.284,0.964,0.83
1.0,0.752,0.039,0.099,0.54,0.834,0.524,0.631,0.448,0.088,0.74,0.273,0.527,0.925,0.327,0.147,0.82,0.82,0.79,0.335,0.113,0.771,0.804,0.009,0.7,0.306,0.729,0.929,0.596,0.087,0.848,0.999,0.551,0.126,0.57,0.122,0.068,0.944,0.561,0.861,0.087
1.0,0.309,0.995,0.197,0.427,0.425,0.611,0.901,0.758,0.131,0.588,0.6,0.536,0.702,0.636,0.978,0.32,0.438,0.779,0.443,0.128,0.931,0.826,0.485,0.966,0.239,0.079,0.993,0.432,0.53,0.341,0.444,0.821,0.003,0.066,0.455,0.354,0.219,0.327,0.249,0.387
0.0,0.647,0.781,0.358,0.926,0.978,0.834,0.419,0.895,0.107,0.29,0.306,0.096,0.456,0.309,0.901,0.189,0.948,0.742,0.448,0.637,0.689,0.776,0.595,0.744,0.287,0.629,0.054,0.606,0.935,0.901,0.929,0.321,0.856,0.95,0.966,0.613,0.256,0.862,0.753,0.735
0.0,0.935,0.998,0.344,0.97,0.81,0.65,0.714,0.612,0.63,0.009,0.76,0.986,0.95,0.264,0.978,0.788,0.048,0.161,0.702,0.975,0.439,0.164,0.138,0.226,0.531,0.531,0.785,0.32,0.795,0.998,0.491,0.732,0.944,0.706,0.41,0.035,0.887,0.202,0.582,0.802
1.0,0.3,0.243,0.461,0.224,0.027,0.571,0.357,0.37,0.695,0.76,0.621,0.665,0.216,0.854,0.728,0.142,0.405,0.76,0.655,0.029,0.689,0.267,0.524,0.926,0.476,0.237,0.255,0.48,0.747,0.997,0.137,0.631,0.016,0.837,0.705,0.415,0.935,0.628,0.425,0.903
0.0,0.614,0.396,0.923,0.879,0.407,0.11,0.348,0.551,0.632,0.469,0.558,0.993,0.173,0.455,0.914,0.078,0.637,0.947,0.912,0.145,0.98,0.636,0.797,0.98,0.077,0.618,0.866,0.25,0.78,0.642,0.643,0.764,0.758,0.322,0.316,0.696,0.61,0.215,0.152,0.419
1.0,0.958,0.152,0.42,0.974,0.822,0.269,0.369,0.831,0.162,0.35,0.927,0.308,0.571,0.268,0.176,0.106,0.14,0.586,0.757,0.859,0.511,0.917,0.901,0.668,0.609,0.114,0.353,0.721,0.504,0.396,0.369,0.714,0.251,0.697,0.793,0.929,0.045,0.792,0.28,0.571
0.0,0.237,0.062,0.234,0.877,0.628,0.11,0.141,0.134,0.345,0.397,0.182,0.787,0.438,0.226,0.404,0.472,0.754,0.412,0.288,0.031,0.653,0.154,0.285,0.371,0.408,0.71,0.33,0.119,0.678,0.892,0.07,0.1,0.603,0.428,0.842,0.99,0.341,0.976,0.315,0.802
1.0,0.575,0.569,0.752,0.927,0.528,0.698,0.015,0.638,0.407,0.558,0.081,0.464,0.486,0.166,0.483,0.155,0.387,0.995,0.159,0.551,0.429,0.73,0.73,0.463,0.285,0.152,0.957,0.442,0.552,0.527,0.982,0.278,0.442,0.366,0.903,0.377,0.806,0.209,0.246,0.582
0.0,0.021,0.518,0.452,0.562,0.204,0.411,0.288,0.472,0.045,0.626,0.884,0.575,0.661,0.855,0.11,0.873,0.208,0.456,0.412,0.777,0.613,0.081,0.807,0.368,0.311,0.37,0.422,0.018,0.419,0.982,0.877,0.768,0.742,0.653,0.811,0.102,0.575,0.849,0.646,0.098
0.0,0.096,0.615,0.96,0.353,0.539,0.657,0.702,0.432,0.121,0.721,0.602,0.862,0.327,0.959,0.353,0.78,0.142,0.632,0.092,0.743,0.544,0.561,0.982,0.551,0.603,0.195,0.382,0.217,0.627,0.565,0.664,0.616,0.775,0.2,0.557,0.86,0.706,0.496,0.522,0.363
0.0,0.255,0.534,0.695,0.771,0.028,0.013,0.078,0.166,0.45,0.821,0.351,0.654,0.806,0.32,0.958,0.224,0.353,0.379,0.739,0.411,0.003,0.52,0.914,0.54,0.895,0.165,0.037,0.639,0.366,0.764,0.029,0.697,0.047,0.181,0.936,0.52,0.083,0.29,0.019,0.183
1.0,0.998,0.7,0.039,0.869,0.027,0.997,0.808,0.002,0.547,0.196,0.545,0.227,0.725,0.315,0.414,0.917,0.671,0.697,0.722,0.032,0.533,0.131,0.138,0.254,0.762,0.181,0.337,0.691,0.098,0.639,0.143,0.716,0.771,0.636,0.027,0.92,0.098,0.736,0.162,0.293
1.0,0.729,0.513,0.027,0.035,0.446,0.961,0.004,0.701,0.773,0.124,0.725,0.198,0.26,0.748,0.502,0.924,0.723,0.056,0.441,0.768,0.76,0.452,0.729,0.422,0.354,0.825,0.055,0.566,0.193,0.236,0.015,0.68,0.754,0.796,0.696,0.383,0.665,0.18,0.142,0.88
1.0,0.047,0.257,0.999,0.004,0.162,0.934,0.39,0.892,0.456,0.961,0.938,0.385,0.567,0.321,0.761,0.862,0.603,0.216,0.075,0.964,0.345,0.169,0.114,0.469,0.566,0.497,0.013,0.367,0.964,0.55,0.288,0.331,0.483,0.201,0.517,0.274,0.487,0.788,0.415,0.418
0.0,0.68,0.204,0.567,0.885,0.843,0.248,0.795,0.721,0.027,0.743,0.406,0.251,0.777,0.45,0.076,0.557,0.951,0.465,0.893,0.869,0.721,0.051,0.673,0.215,0.291,0.251,0.414,0.22,0.619,0.426,0.12,0.045,0.836,0.16,0.74,0.132,0.071,0.124,0.693,0.771
1.0,0.316,0.212,0.728,0.321,0.163,0.733,0.828,0.796,0.253,0.241,0.37,0.444,0.1,0.914,0.832,0.145,0.037,0.384,0.201,0.984,0.476,0.37,0.216,0.389,0.896,0.099,0.951,0.665,0.838,0.813,0.865,0.552,0.778,0.063,0.689,0.716,0.141,0.501,0.644,0.142
0.0,0.25,0.243,0.767,0.577,0.259,0.148,0.555,0.023,0.524,0.181,0.446,0.399,0.328,0.497,0.175,0.438,0.932,0.353,0.788,0.185,0.064,0.981,0.911,0.137,0.331,0.599,0.216,0.511,0.124,0.729,0.279,0.107,0.405,0.48,0.988,0.906,0.968,0.388,0.464,0.882
1.0,0.623,0.891,0.768,0.985,0.162,0.453,0.82,0.421,0.917,0.824,0.953,0.385,0.296,0.706,0.505,0.004,0.666,0.304,0.788,0.03,0.303,0.377,0.33,0.152,0.406,0.769,0.922,0.493,0.788,0.366,0.8,0.285,0.166,0.535,0.791,0.435,0.194,0.987,0.371,0.512
1.0,0.402,0.966,0.193,0.748,0.011,0.59,0.67,0.781,0.449,0.769,0.958,0.493,0.897,0.838,0.587,0.483,0.267,0.19,0.929,0.391,0.367,0.312,0.663,0.245,0.872,0.556,0.042,0.865,0.254,0.912,0.999,0.265,0.452,0.076,0.103,0.958,0.498,0.432,0.001,0.924
1.0,0.659,0.464,0.696,0.51,0.134,0.31,0.116,0.295,0.483,0.059,0.198,0.451,0.014,0.497,0.829,0.676,0.155,0.571,0.147,0.296,0.82,0.926,0.668,0.981,0.099,0.726,0.09,0.341,0.292,0.386,0.955,0.147,0.84,0.896,0.969,0.576,0.175,0.264,0.587,0.95
1.0,0.76,0.316,0.012,0.598,0.853,0.297,0.589,0.876,0.766,0.964,0.978,0.944,0.888,0.895,0.359,0.906,0.179,0.413,0.385,0.849,0.432,0.631,0.623,0.531,0.434,0.603,0.907,0.609,0.207,0.222,0.06,0.356,0.638,0.136,0.26,0.566,0.801,0.954,0.117,0.43
0.0,0.754,0.53,0.85,0.433,0.359,0.059,0.045,0.861,0.635,0.531,0.12,0.684,0.531,0.22,0.431,0.59,0.361,0.239,0.736,0.816,0.802,0.092,0.849,0.476,0.297,0.008,0.115,0.719,0.704,0.095,0.848,0.206,0.519,0.335,0.15,0.205,0.162,0.855,0.421,0.371
0.0,0.596,0.093,0.768,0.937,0.844,0.809,0.318,0.054,0.724,0.515,0.708,0.019,0.45,0.558,0.915,0.171,0.196,0.79,0.639,0.752,0.019,0.549,0.62,0.934,0.112,0.613,0.907,0.983,0.424,0.964,0.0,0.469,0.767,0.165,0.725,0.206,0.67,0.326,0.074,0.783
1.0,0.11,0.839,0.168,0.973,0.732,0.254,0.205,0.393,0.76,0.544,0.404,0.303,0.445,0.778,0.704,0.828,0.945,0.73,0.825,0.103,0.05,0.399,0.1,0.038,0.34,0.103,0.454,0.588,0.919,0.612,0.1,0.726,0.803,0.451,0.158,0.466,0.195,0.543,0.773,0.424
0.0,0.517,0.723,0.553,0.212,0.092,0.382,0.511,0.017,0.366,0.553,0.792,0.848,0.347,0.761,0.131,0.009,0.505,0.374,0.28,0.554,0.099,0.576,0.441,0.532,0.92,0.071,0.133,0.545,0.999,0.284,0.241,0.603,0.67,0.854,0.017,0.558,0.579,0.497,0.351,0.476
1.0,0.152,0.412,0.796,0.521,0.053,0.802,0.043,0.426,0.879,0.369,0.143,0.482,0.213,0.757,0.568,0.358,0.027,0.009,0.966,0.639,0.921,0.69,0.269,0.415,0.874,0.593,0.301,0.786,0.287,0.732,0.44,0.039,0.616,0.326,0.495,0.5,0.774,0.827,0.027,0.137
1.0,0.085,0.604,0.018,0.504,0.657,0.5,0.013,0.472,0.944,0.839,0.942,0.1,0.782,0.576,0.334,0.813,0.259,0.233,0.128,0.28,0.461,0.895,0.451,0.57,0.873,0.077,0.425,0.466,0.904,0.913,0.933,0.324,0.011,0.586,0.834,0.011,0.344,0.176,0.882,0.772
1.0,0.529,0.428,0.082,0.842,0.162,0.565,0.848,0.506,0.732,0.284,0.801,0.952,0.057,0.221,0.154,0.728,0.651,0.98,0.346,0.642,0.301,0.346,0.606,0.75,0.617,0.112,0.797,0.125,0.779,0.191,0.589,0.034,0.811,0.851,0.507,0.206,0.166,0.515,0.966,0.028
1.0,0.478,0.762,0.064,0.724,0.708,0.978,0.311,0.112,0.318,0.072,0.599,0.485,0.321,0.227,0.577,0.357,0.773,0.432,0.412,0.085,0.172,0.589,0.02,0.205,0.205,0.55,0.158,0.47,0.356,0.877,0.74,0.96,0.613,0.324,0.816,0.94,0.482,0.636,0.056,0.89
0.0,0.285,0.929,0.331,0.371,0.956,0.019,0.748,0.983,0.681,0.343,0.422,0.616,0.203,0.408,0.816,0.187,0.635,0.987,0.594,0.084,0.115,0.525,0.608,0.482,0.441,0.752,0.65,0.888,0.323,0.521,0.336,0.687,0.09,0.274,0.703,0.232,0.205,0.241,0.392,0.97
1.0,0.815,0.434,0.478,0.038,0.255,0.717,0.114,0.752,0.319,0.989,0.071,0.76,0.066,0.469,0.621,0.653,0.742,0.457,0.129,0.872,0.707,0.6,0.36,0.136,0.131,0.186,0.331,0.509,0.461,0.964,0.049,0.594,0.156,0.384,0.364,0.839,0.861,0.241,0.057,0.605
0.0,0.517,0.607,0.415,0.829,0.993,0.464,0.423,0.427,0.361,0.279,0.596,0.903,0.584,0.188,0.779,0.672,0.918,0.497,0.548,0.268,0.484,0.252,0.151,0.92,0.74,0.913,0.805,0.064,0.194,0.969,0.553,0.884,0.435,0.262,0.555,0.032,0.261,0.152,0.705,0.79
0.0,0.495,0.968,0.66,0.072,0.774,0.358,0.622,0.994,0.554,0.995,0.795,0.586,0.371,0.736,0.2,0.419,0.904,0.24,0.617,0.333,0.599,0.725,0.758,0.366,0.983,0.415,0.773,0.037,0.074,0.998,0.56,0.391,0.537,0.886,0.76,0.425,0.228,0.892,0.198,0.863
0.0,0.034,0.46,0.35,0.678,0.881,0.674,0.79,0.785,0.382,0.467,0.673,0.771,0.426,0.189,0.33,0.675,0.195,0.573,0.138,0.278,0.541,0.119,0.556,0.176,0.132,0.387,0.094,0.033,0.694,0.116,0.035,0.655,0.296,0.664,0.829,0.752,0.539,0.607,0.595,0.584
0.0,0.859,0.807,0.781,0.693,0.891,0.264,0.54,0.643,0.499,0.883,0.441,0.309,0.815,0.356,0.035,0.317,0.577,0.108,0.061,0.19,0.624,0.645,0.171,0.972,0.931,0.247,0.777,0.569,0.405,0.837,0.206,0.536,0.824,0.552,0.828,0.215,0.164,0.983,0.6,0.338
0.0,0.846,0.864,0.228,0.815,0.52,0.531,0.957,0.782,0.867,0.987,0.368,0.803,0.979,0.182,0.295,0.303,0.574,0.857,0.92,0.283,0.016,0.581,0.443,0.29,0.141,0.747,0.252,0.658,0.408,0.996,0.862,0.909,0.28,0.644,0.363,0.943,0.497,0.48,0.526,0.312
0.0,0.989,0.964,0.104,0.716,0.861,0.955,0.942,0.727,0.008,0.617,0.873,0.051,0.262,0.369,0.682,0.896,0.745,0.274,0.768,0.652,0.562,0.623,0.179,0.895,0.38,0.664,0.585,0.709,0.422,0.32,0.407,0.82,0.775,0.44,0.482,0.522,0.75,0.326,0.866,0.019
0.0,0.389,0.933,1.0,0.479,0.518,0.724,0.175,0.89,0.596,0.229,0.824,0.772,0.953,0.878,0.517,0.037,0.819,0.962,0.626,0.674,0.972,0.278,0.705,0.531,0.062,0.471,0.073,0.846,0.803,0.543,0.689,0.352,0.932,0.74,0.305,0.257,0.864,0.857,0.41,0.851
0.0,0.689,0.463,0.109,0.974,0.037,0.686,0.735,0.433,0.422,0.065,0.731,0.845,0.566,0.567,0.81,0.223,0.076,0.163,0.967,0.148,0.216,0.041,0.533,0.637,0.827,0.14,0.197,0.981,0.105,0.329,0.148,0.739,0.787,0.866,0.464,0.414,0.351,0.307,0.135,0.866
0.0,0.796,0.373,0.076,0.279,0.941,0.973,0.971,0.663,0.739,0.8,0.372,0.836,0.812,0.492,0.99,0.458,0.093,0.056,0.671,0.839,0.956,0.089,0.686,0.249,0.085,0.154,0.82,0.259,0.187,0.105,0.668,0.467,0.968,0.836,0.682,0.597,0.349,0.304,0.563,0.928
0.0,0.069,0.554,0.427,0.164,0.665,1.0,0.277,0.479,0.833,0.268,0.654,0.924,0.263,0.729,0.296,0.729,0.007,0.769,0.264,0.875,0.077,0.048,0.36,0.631,0.128,0.797,0.279,0.373,0.281,0.117,0.575,0.187,0.085,0.208,0.72,0.58,0.429,0.685,0.469,0.356
0.0,0.715,0.202,0.426,0.205,0.628,0.904,0.922,0.462,0.029,0.006,0.026,0.403,0.162,0.761,0.074,0.095,0.573,0.844,0.073,0.063,0.937,0.18,0.803,0.203,0.889,0.225,0.159,0.795,0.113,0.036,0.955,0.773,0.174,0.91,0.635,0.613,0.103,0.974,0.192,0.33
1.0,0.207,0.335,0.922,0.229,0.228,0.429,0.408,0.98,0.993,0.249,0.692,0.633,0.567,0.72,0.258,0.924,0.619,0.174,0.653,0.195,0.94,0.047,0.173,0.288,0.146,0.725,0.351,0.729,0.825,0.145,0.291,0.433,0.836,0.21,0.053,0.356,0.806,0.03,0.888,0.978
0.0,0.455,0.42,0.58,0.532,0.931,0.723,0.308,0.343,0.136,0.587,0.954,0.499,0.149,0.737,0.356,0.202,0.107,0.124,0.88,0.621,0.796,0.947,0.457,0.587,0.96,0.559,0.366,0.835,0.365,0.331,0.915,0.667,0.295,0.647,0.893,0.392,0.654,0.998,0.145,0.965
0.0,0.439,0.427,0.973,0.804,0.976,0.97,0.7,0.546,0.394,0.182,0.886,0.939,0.132,0.298,0.048,0.041,0.889,0.868,0.25,0.763,0.236,0.064,0.281,0.257,0.424,0.716,0.1,0.427,0.569,0.422,0.714,0.688,0.018,0.177,0.449,0.107,0.059,0.252,0.806,0.362
0.0,0.224,0.158,0.82,0.61,0.883,0.995,0.134,0.83,0.374,0.073,0.869,0.65,0.977,0.767,0.081,0.824,0.02,0.389,0.48,0.404,0.349,0.927,0.717,0.671,0.681,0.637,0.917,0.056,0.951,0.15,0.957,0.7,0.084,0.426,0.876,0.742,0.972,0.893,0.716,0.57
0.0,0.332,0.299,0.459,0.715,0.319,0.382,0.299,0.501,0.25,0.788,0.335,0.989,0.513,0.76,0.093,0.624,0.834,0.167,0.235,0.065,0.997,0.489,0.757,0.561,0.139,0.383,0.277,0.962,0.932,0.833,0.256,0.766,0.977,0.763,0.604,0.901,0.039,0.21,0.658,0.229
1.0,0.893,0.352,0.51,0.108,0.386,0.676,0.357,0.374,0.926,0.599,0.948,0.228,0.063,0.941,0.248,0.335,0.3,0.054,0.413,0.167,0.271,1.0,0.773,0.321,0.598,0.691,0.26,0.746,0.381,0.291,0.3,0.327,0.007,0.567,0.339,0.08,0.489,0.384,0.836,0.566
0.0,0.231,0.037,0.598,0.543,0.267,0.512,0.43,0.862,0.375,0.562,0.406,0.486,0.622,0.549,0.757,0.553,0.623,0.552,0.661,0.009,0.25,0.012,0.833,0.168,0.223,0.932,0.88,0.101,0.665,0.529,0.794,0.547,0.553,0.151,0.197,0.373,0.622,0.566,0.94,0.296
1.0,0.461,0.242,0.992,0.557,0.47,0.786,0.627,0.336,0.389,0.086,0.99,0.216,0.075,0.798,0.835,0.72,0.223,0.505,0.938,0.174,0.216,0.92,0.174,0.218,0.213,0.571,0.479,0.908,0.243,0.76,0.723,0.774,0.557,0.38,0.483,0.77,0.24,0.809,0.833,0.04
1.0,0.457,0.888,0.716,0.068,0.126,0.772,0.97,0.736,0.342,0.502,0.562,0.581,0.87,0.445,0.352,0.21,0.694,0.147,0.657,0.611,0.312,0.548,0.664,0.312,0.452,0.724,0.845,0.697,0.483,0.608,0.617,0.272,0.393,0.33,0.921,0.922,0.553,0.801,0.791,0.291
1.0,0.948,0.474,0.368,0.901,0.318,0.866,0.804,0.222,0.268,0.268,0.435,0.252,0.158,0.477,0.64,0.353,0.997,0.57,0.969,0.136,0.26,0.622,0.491,0.154,0.629,0.126,0.334,0.165,0.058,0.706,0.504,0.1,0.443,0.826,0.066,0.018,0.059,0.504,0.989,0.192
1.0,0.779,0.812,0.919,0.959,0.817,0.67,0.21,0.308,0.696,0.252,0.419,0.419,0.103,0.186,0.136,0.801,0.672,0.652,0.033,0.554,1.0,0.727,0.724,0.039,0.495,0.975,0.563,0.346,0.438,0.264,0.106,0.98,0.773,0.353,0.639,0.777,0.657,0.276,0.646,0.113
1.0,0.302,0.479,0.462,0.142,0.706,0.718,0.612,0.398,0.762,0.774,0.737,0.243,0.557,0.874,0.808,0.002,0.915,0.427,0.394,0.651,0.727,0.295,0.495,0.543,0.437,0.43,0.942,0.937,0.975,0.725,0.285,0.33,0.164,0.389,0.792,0.212,0.909,0.712,0.628,0.019
1.0,0.35,0.312,0.39,0.541,0.674,0.675,0.394,0.95,0.697,0.1,0.331,0.623,0.671,0.9,0.635,0.238,0.888,0.338,0.507,0.154,0.638,0.472,0.079,0.801,0.93,0.338,0.242,0.797,0.988,0.89,0.932,0.417,0.347,0.367,0.238,0.001,0.862,0.685,0.847,0.048
0.0,0.074,0.201,0.324,0.3,0.178,0.167,0.783,0.515,0.921,0.136,0.952,0.852,0.523,0.23,0.195,0.673,0.742,0.653,0.238,0.646,0.039,0.37,0.059,0.899,0.738,0.254,0.322,0.986,0.869,0.312,0.866,0.045,0.063,0.755,0.653,0.864,0.207,0.81,0.954,0.461
0.0,0.85,0.334,0.543,0.079,0.31,0.068,0.927,0.874,0.311,0.075,0.971,0.967,0.704,0.187,0.075,0.823,0.36,0.289,0.198,0.192,0.464,0.511,0.668,0.834,0.286,0.094,0.584,0.911,0.129,0.51,0.03,0.022,0.381,0.854,0.822,0.819,0.942,0.781,0.005,0.056
0.0,0.041,0.467,0.524,0.239,0.856,0.515,0.187,0.373,0.295,0.605,0.947,0.023,0.835,0.244,0.67,0.21,0.387,0.975,0.4,0.176,0.908,0.35,0.28,0.762,0.121,0.812,0.033,0.735,0.405,0.644,0.09,0.016,0.916,0.252,0.014,0.3,0.524,0.7,0.257,0.498
0.0,0.077,0.269,0.556,0.102,0.02,0.345,0.917,0.113,0.624,0.636,0.937,0.953,0.145,0.63,0.827,0.018,0.991,0.175,0.062,0.508,0.78,0.226,0.714,0.403,0.565,0.992,0.982,0.747,0.399,0.624,0.369,0.374,0.503,0.09,0.114,0.894,0.795,0.417,0.565,0.012
1.0,0.456,0.268,0.318,0.473,0.754,0.272,0.885,0.053,0.004,0.554,0.147,0.668,0.832,0.973,0.448,0.928,0.932,0.561,0.401,0.236,0.186,0.787,0.568,0.221,0.009,0.616,0.236,0.758,0.09,0.761,0.387,0.915,0.032,0.595,0.263,0.404,0.342,0.481,0.864,0.118
0.0,0.358,0.531,0.357,0.348,0.754,0.286,0.48,0.677,0.593,0.216,0.914,0.459,0.788,0.047,0.461,0.865,0.259,0.356,0.603,0.468,0.098,0.746,0.886,0.394,0.067,0.262,0.188,0.119,0.93,0.344,0.819,0.358,0.045,0.333,0.716,0.157,0.488,0.873,0.725,0.959
0.0,0.522,0.238,0.717,0.691,0.863,0.43,0.263,0.133,0.151,0.183,0.764,0.875,0.388,0.627,0.62,0.703,0.383,0.074,0.485,0.223,0.814,0.819,0.593,0.314,0.496,0.399,0.697,0.138,0.411,0.501,0.816,0.443,0.93,0.585,0.028,0.806,0.43,0.761,0.236,0.263
0.0,0.322,0.875,0.97,0.976,0.099,0.3,0.764,0.937,0.27,0.425,0.61,0.243,0.545,0.215,0.444,0.265,0.293,0.394,0.34,0.865,0.4,0.362,0.953,0.356,0.373,0.59,0.098,0.516,0.029,0.981,0.714,0.641,0.462,0.691,0.029,0.777,0.947,0.153,0.255,0.227
1.0,0.933,0.297,0.434,0.661,0.796,0.828,0.365,0.079,0.629,0.918,0.912,0.046,0.063,0.311,0.922,0.021,0.929,0.071,0.748,0.046,0.818,0.945,0.328,0.863,0.9,0.409,0.864,0.485,0.833,0.815,0.15,0.124,0.19,0.754,0.559,0.852,0.348,0.528,0.317,0.189
0.0,0.662,0.798,0.87,0.129,0.957,0.029,0.936,0.139,0.958,0.54,0.773,0.466,0.17,0.436,0.896,0.918,0.492,0.221,0.829,0.047,0.84,0.94,0.934,0.894,0.277,0.653,0.272,0.439,0.383,0.677,0.335,0.9,0.146,0.502,0.568,0.715,0.655,0.581,0.425,0.316
1.0,0.922,0.618,0.604,0.744,0.33,0.287,0.58,0.541,0.325,0.935,0.67,0.633,0.562,0.096,0.651,0.159,0.275,0.479,0.8,0.861,0.987,0.85,0.047,0.621,0.538,0.595,0.586,0.622,0.834,0.91,0.433,0.134,0.666,0.741,0.36,0.214,0.501,0.117,0.934,0.86
0.0,0.765,0.133,0.304,0.303,0.017,0.178,0.419,0.459,0.051,0.114,0.255,0.154,0.033,0.236,0.501,0.669,0.356,0.85,0.47,0.537,0.925,0.583,0.932,0.344,0.722,0.946,0.201,0.381,0.981,0.313,0.005,0.086,0.446,0.129,0.908,0.722,0.674,0.971,0.022,0.056
0.0,0.494,0.653,0.4,0.195,0.872,0.51,0.645,0.113,0.341,0.686,0.451,0.111,0.91,0.708,0.808,0.291,0.898,0.9,0.442,0.05,0.427,0.538,0.084,0.459,0.335,0.966,0.218,0.706,0.216,0.672,0.819,0.857,0.65,0.678,0.029,0.642,0.428,0.379,0.562,0.403
1.0,0.022,0.177,0.078,0.137,0.561,0.934,0.572,0.927,0.002,0.659,0.808,0.107,0.043,0.009,0.995,0.282,0.03,0.395,0.562,0.863,0.611,0.616,0.139,0.887,0.809,0.958,0.406,0.787,0.575,0.829,0.287,0.02,0.815,0.094,0.295,0.999,0.203,0.553,0.85,0.995
0.0,0.54,0.21,0.535,0.827,0.089,0.043,0.395,0.557,0.491,0.066,0.552,0.966,0.922,0.101,0.187,0.381,0.802,0.942,0.273,0.495,0.914,0.655,0.832,0.905,0.514,0.493,0.504,0.63,0.694,0.864,0.03,0.219,0.155,0.967,0.395,0.622,0.74,0.524,0.95,0.951
1.0,0.576,0.162,0.696,0.589,0.312,0.547,0.885,0.788,0.526,0.493,0.433,0.276,0.427,0.056,0.437,0.703,0.011,0.377,0.862,0.631,0.034,0.063,0.514,0.063,0.691,0.766,0.943,0.841,0.675,0.446,0.921,0.251,0.988,0.727,0.104,0.514,0.299,0.225,0.303,0.056
1.0,0.227,0.563,0.503,0.06,0.434,0.555,0.763,0.341,0.501,0.239,0.606,0.333,0.822,0.472,0.263,0.778,0.929,0.012,0.037,0.049,0.039,0.834,0.77,0.526,0.885,0.138,0.575,0.447,0.704,0.705,0.805,0.27,0.764,0.115,0.343,0.369,0.877,0.477,0.51,0.038
0.0,0.603,0.83,0.955,0.07,0.48,0.763,0.776,0.27,0.548,0.941,0.558,0.743,0.288,0.27,0.749,0.096,0.23,0.91,0.391,0.318,0.489,0.166,0.546,0.512,0.497,0.371,0.973,0.494,0.54,0.009,0.838,0.466,0.103,0.591,0.457,0.023,0.767,0.262,0.395,0.339
0.0,0.674,0.689,0.72,0.118,0.736,0.022,0.716,0.425,0.838,0.27,0.687,0.799,0.421,0.345,0.071,0.273,0.801,0.577,0.708,0.448,0.12,0.585,0.831,0.483,0.282,0.442,0.544,0.695,0.189,0.944,0.014,0.967,0.786,0.931,0.203,0.619,0.874,0.846,0.369,0.326
0.0,0.151,0.803,0.503,0.923,0.036,0.526,0.068,0.97,0.576,0.554,0.375,0.479,0.616,0.857,0.295,0.881,0.357,0.372,0.938,0.453,0.712,0.215,0.942,0.975,0.514,0.702,0.915,0.046,0.395,0.181,0.068,0.572,0.806,0.399,0.494,0.985,0.764,0.844,0.175,0.189
0.0,0.548,0.949,0.521,0.567,0.798,0.488,0.025,0.192,0.244,0.514,0.789,0.658,0.906,0.044,0.35,0.039,0.8,0.058,0.435,0.881,0.767,0.428,0.816,0.45,0.234,0.975,0.455,0.838,0.754,0.347,0.605,0.68,0.368,0.502,0.42,0.439,0.817,0.873,0.671,0.15
1.0,0.416,0.007,0.428,0.771,0.21,0.019,0.134,0.017,0.731,0.271,0.942,0.192,0.135,0.955,0.661,0.989,0.773,0.798,0.404,0.193,0.899,0.328,0.227,0.017,0.526,0.23,0.435,0.446,0.417,0.732,0.064,0.223,0.936,0.075,0.497,0.197,0.598,0.13,0.658,0.034
1.0,0.168,0.15,0.784,0.86,0.054,0.101,0.786,0.739,0.865,0.231,0.29,0.114,0.64,0.133,0.236,0.01,0.96,0.418,0.612,0.807,0.222,0.401,0.881,0.012,0.892,0.13,0.478,0.266,0.219,0.328,0.05,0.055,0.159,0.678,0.597,0.942,0.774,0.395,0.874,0.789
1.0,0.191,0.728,0.224,0.437,0.622,0.647,0.736,0.672,0.216,0.476,0.515,0.102,0.637,0.699,0.226,0.506,0.069,0.599,0.133,0.38,0.189,0.489,0.428,0.763,0.76,0.183,0.684,0.531,0.113,0.248,0.842,0.519,0.541,0.734,0.668,0.986,0.697,0.238,0.119,0.171
1.0,0.244,0.869,0.205,0.718,0.92,0.545,0.6,0.2,0.835,0.528,0.249,0.147,0.196,0.97,0.842,0.783,0.028,0.335,0.004,0.539,0.078,0.217,0.523,0.913,0.154,0.601,0.563,0.402,0.765,0.117,0.22,0.76,0.363,0.376,0.812,0.452,0.77,0.872,0.3,0.68
1.0,0.655,0.403,0.704,0.314,0.805,0.816,0.51,0.813,0.153,0.361,0.084,0.564,0.433,0.98,0.627,0.34,0.075,0.513,0.211,0.656,0.999,0.666,0.339,0.754,0.011,0.886,0.795,0.797,0.823,0.607,0.417,0.663,0.72,0.128,0.579,0.317,0.418,0.837,0.802,0.362
1.0,0.295,0.022,0.41,0.688,0.781,0.746,0.913,0.459,0.534,0.75,0.779,0.499,0.856,0.259,0.721,0.607,0.48,0.121,0.948,0.085,0.481,0.685,0.432,0.804,0.479,0.101,0.446,0.358,0.135,0.662,0.019,0.416,0.528,0.151,0.671,0.067,0.668,0.866,0.036,0.425
1.0,0.072,0.525,0.285,0.734,0.584,0.592,0.724,0.638,0.687,0.201,0.864,0.656,0.807,0.978,0.664,0.333,0.619,0.69,0.75,0.137,0.467,0.187,0.246,0.336,0.723,0.66,0.998,0.653,0.117,0.451,0.613,0.95,0.669,0.109,0.225,0.113,0.589,0.647,0.846,0.05
0.0,0.304,0.83,0.734,0.651,0.312,0.983,0.864,0.475,0.887,0.066,0.639,0.669,0.792,0.625,0.032,0.962,0.134,0.581,0.007,0.813,0.685,0.979,0.793,0.875,0.639,0.512,0.007,0.442,0.252,0.067,0.618,0.113,0.67,0.131,0.67,0.333,0.204,0.561,0.273,0.139
0.0,0.072,0.635,0.72,0.604,0.577,0.417,0.629,0.127,0.362,0.345,0.871,0.251,0.676,0.683,0.822,0.281,0.863,0.664,0.443,0.983,0.231,0.716,0.673,0.337,0.275,0.321,0.35,0.157,0.604,0.356,0.046,0.219,0.865,0.251,0.304,0.136,0.869,0.653,0.461,0.171
0.0,0.561,0.951,0.933,0.652,0.124,0.772,0.335,0.296,0.593,0.958,0.341,0.911,0.113,0.402,0.338,0.11,0.86,0.932,0.615,0.789,0.515,0.093,0.181,0.537,0.195,0.932,0.799,0.757,0.167,0.671,0.698,0.76,0.455,0.973,0.714,0.399,0.012,0.456,0.124,0.79
1.0,0.181,0.306,0.041,0.581,0.425,0.016,0.907,0.406,0.977,0.393,0.539,0.414,0.464,0.101,0.013,0.373,0.935,0.865,0.447,0.152,0.948,0.994,0.394,0.523,0.457,0.175,0.392,0.174,0.404,0.293,0.321,0.268,0.557,0.506,0.225,0.213,0.461,0.698,0.757,0.071
0.0,0.411,0.799,0.042,0.599,0.615,0.365,0.94,0.5,0.335,0.684,0.717,0.248,0.306,0.889,0.274,0.647,0.7,0.664,0.534,0.733,0.759,0.734,0.963,0.379,0.512,0.839,0.129,0.713,0.962,0.313,0.694,0.828,0.112,0.283,0.026,0.841,0.286,0.908,0.502,0.625
0.0,0.564,0.195,0.689,0.973,0.913,0.868,0.665,0.472,0.783,0.649,0.542,0.384,0.256,0.247,0.955,0.594,0.867,0.354,0.435,0.65,0.353,0.584,0.492,0.021,0.683,0.171,0.373,0.314,0.526,0.061,0.32,0.337,0.663,0.694,0.225,0.722,0.635,0.586,0.917,0.046
0.0,0.058,0.852,0.76,0.536,0.382,0.602,0.088,0.206,0.816,0.937,0.652,0.937,0.81,0.164,0.744,0.476,0.976,0.355,0.179,0.98,0.849,0.759,0.449,0.472,0.81,0.218,0.734,0.195,0.033,0.808,0.248,0.2,0.322,0.42,0.579,0.866,0.262,0.288,0.46,0.834
0.0,0.124,0.472,0.896,0.508,0.475,0.804,0.346,0.502,0.934,0.961,0.249,0.889,0.37,0.497,0.848,0.726,0.026,0.517,0.684,0.912,0.821,0.431,0.354,0.56,0.222,0.57,0.681,0.425,0.146,0.39,0.435,0.738,0.233,0.315,0.384,0.762,0.306,0.479,0.621,0.187
1.0,0.336,0.713,0.885,0.986,0.427,0.468,0.71,0.843,0.895,0.363,0.33,0.518,0.669,0.793,0.068,0.329,0.38,0.786,0.674,0.757,0.443,0.833,0.546,0.027,0.086,0.212,0.981,0.972,0.878,0.865,0.346,0.368,0.761,0.711,0.185,0.89,0.604,0.849,0.243,0.721
1.0,0.947,0.625,0.237,0.3,0.432,0.981,0.938,0.252,0.965,0.664,0.211,0.036,0.035,0.902,0.942,0.233,0.451,0.124,0.936,0.559,0.332,0.864,0.512,0.486,0.361,0.837,0.641,0.697,0.983,0.943,0.075,0.666,0.268,0.395,0.754,0.267,0.573,0.814,0.213,0.44
0.0,0.065,0.114,0.614,0.557,0.582,0.27,0.314,0.574,0.553,0.054,0.89,0.895,0.711,0.386,0.452,0.283,0.703,0.441,0.482,0.082,0.613,0.798,0.005,0.397,0.362,0.973,0.801,0.802,0.722,0.91,0.221,0.926,0.837,0.497,0.335,0.544,0.354,0.805,0.701,0.028
1.0,0.818,0.151,0.812,0.338,0.24,0.417,0.974,0.8,0.125,0.96,0.497,0.602,0.681,0.979,0.611,0.6,0.965,0.437,0.102,0.602,0.519,0.824,0.121,0.612,0.732,0.421,0.882,0.906,0.76,0.198,0.493,0.249,0.38,0.297,0.052,0.383,0.615,0.221,0.762,0.223
1.0,0.425,0.441,0.8,0.989,0.589,0.298,0.401,0.856,0.647,0.43,0.006,0.697,0.543,0.852,0.484,0.078,0.716,0.764,0.855,0.077,0.426,0.033,0.738,0.345,0.604,0.837,0.115,0.698,0.317,0.818,0.4,0.598,0.287,0.77,0.784,0.468,0.932,0.179,0.34,0.591
0.0,0.608,0.009,0.814,0.446,0.469,0.337,0.42,0.576,0.309,0.579,0.282,0.883,0.054,0.776,0.136,0.473,0.669,0.248,0.703,0.465,0.992,0.095,0.601,0.709,0.699,0.27,0.55,0.872,0.164,0.57,0.969,0.091,0.568,0.518,0.071,0.255,0.978,0.245,0.793,0.625
0.0,0.604,0.96,0.703,0.717,0.595,0.696,0.977,0.41,0.911,0.867,0.094,0.743,0.669,0.558,0.645,0.564,0.625,0.406,0.164,0.48,0.041,0.619,0.984,0.051,0.855,0.271,0.298,0.499,0.347,0.113,0.208,0.302,0.994,0.42,0.861,0.737,0.746,0.493,0.055,0.273
1.0,0.483,0.346,0.175,0.519,0.045,0.738,0.286,0.14,0.797,0.564,0.299,0.226,0.495,0.468,0.536,0.953,0.112,0.96,0.448,0.997,0.54,0.087,0.327,0.103,0.756,0.444,0.97,0.431,0.377,0.945,0.12,0.808,0.672,0.05,0.006,0.846,0.1,0.342,0.872,0.958
1.0,0.664,0.097,0.689,0.857,0.126,0.455,0.524,0.891,0.593,0.532,0.002,0.343,0.682,0.543,0.816,0.096,0.216,0.854,0.769,0.408,0.41,0.01,0.714,0.353,0.668,0.321,0.375,0.378,0.284,0.478,0.681,0.346,0.164,0.259,0.341,0.516,0.415,0.996,0.619,0.086
1.0,0.653,0.119,0.164,0.412,0.067,0.335,0.106,0.913,0.187,0.101,0.053,0.603,0.197,0.07,0.892,0.335,0.967,0.821,0.383,0.247,0.975,0.652,0.33,0.592,0.483,0.02,0.481,0.424,0.959,0.409,0.043,0.412,0.504,0.468,0.372,0.232,0.182,0.156,0.772,0.834
0.0,0.849,0.387,0.564,0.451,0.882,0.614,0.436,0.285,0.756,0.388,0.0,0.917,0.297,0.341,0.759,0.416,0.3,0.026,0.549,0.35,0.749,0.132,0.946,0.579,0.747,0.239,0.174,0.968,0.968,0.799,0.27,0.896,0.523,0.256,0.236,0.389,0.241,0.969,0.768,0.851
0.0,0.968,0.04,0.939,0.532,0.869,0.104,0.841,0.917,0.518,0.049,0.26,0.147,0.534,0.701,0.145,0.786,0.946,0.279,0.025,0.436,0.016,0.36,0.189,0.86,0.044,0.066,0.551,0.176,0.91,0.074,0.953,0.935,0.941,0.442,0.404,0.814,0.074,0.942,0.207,0.31
0.0,0.335,0.369,0.694,0.368,0.731,0.322,0.158,0.645,0.79,0.849,0.026,0.689,0.628,0.099,0.858,0.611,0.436,0.007,0.787,0.012,0.361,0.215,0.54,0.454,0.095,0.439,0.892,0.26,0.653,0.413,0.083,0.557,0.284,0.949,0.16,0.093,0.753,0.141,0.119,0.845
1.0,0.83,0.291,0.339,0.185,0.732,0.789,0.121,0.47,0.972,0.692,0.074,0.457,0.263,0.102,0.745,0.49,0.391,0.022,0.653,0.5,0.275,0.976,0.084,0.035,0.366,0.608,0.815,0.656,0.656,0.529,0.679,0.793,0.804,0.789,0.985,0.22,0.604,0.839,0.22,0.991
1.0,0.542,0.629,0.002,0.234,0.352,0.221,0.24,0.469,0.288,0.229,0.891,0.465,0.959,0.817,0.285,0.184,0.464,0.751,0.725,0.409,0.559,0.555,0.733,0.854,0.447,0.538,0.718,0.038,0.83,0.934,0.885,0.928,0.427,0.274,0.245,0.067,0.673,0.88,0.902,0.666
0.0,0.517,0.731,0.733,0.624,0.959,0.484,0.637,0.287,0.434,0.877,0.627,0.387,0.811,0.729,0.151,0.424,0.954,0.732,0.233,0.833,0.927,0.028,0.888,0.727,0.525,0.903,0.562,0.506,0.869,0.205,0.293,0.207,0.836,0.336,0.322,0.718,0.037,0.619,0.901,0.941
0.0,0.678,0.931,0.79,0.465,0.926,0.705,0.548,0.371,0.007,0.271,0.664,0.866,0.076,0.619,0.823,0.999,0.668,0.609,0.703,0.856,0.46,0.124,0.598,0.286,0.429,0.676,0.315,0.29,0.543,0.704,0.092,0.835,0.112,0.45,0.129,0.741,0.778,0.313,0.191,0.579
0.0,0.529,0.265,0.638,0.074,0.831,0.706,0.137,0.518,0.499,0.303,0.233,0.929,0.868,0.825,0.494,0.065,0.747,0.887,0.029,0.251,0.513,0.862,0.291,0.636,0.069,0.635,0.709,0.307,0.828,0.313,0.167,0.969,0.757,0.317,0.512,0.309,0.675,0.774,0.004,0.329
1.0,0.26,0.912,0.755,0.101,0.469,0.011,0.211,0.431,0.117,0.782,0.575,0.309,0.286,0.32,0.826,0.906,0.405,0.402,0.793,0.065,0.09,0.961,0.586,0.921,0.603,0.229,0.84,0.397,0.386,0.126,0.71,0.261,0.999,0.422,0.725,0.588,0.485,0.224,0.591,0.417
1.0,0.88,0.334,0.789,0.891,0.278,0.885,0.649,0.836,0.267,0.531,0.627,0.628,0.934,0.777,0.735,0.269,0.414,0.542,0.34,0.258,0.556,0.065,0.447,0.625,0.326,0.461,0.768,0.596,0.571,0.078,0.564,0.231,0.279,0.786,0.712,0.228,0.56,0.925,0.095,0.472
1.0,0.034,0.222,0.289,0.399,0.268,0.98,0.365,0.122,0.806,0.58,0.67,0.165,0.622,0.138,0.491,0.243,0.232,0.891,0.433,0.073,0.573,0.188,0.446,0.774,0.296,0.944,0.421,0.536,0.945,0.245,0.181,0.067,0.186,0.997,0.503,0.017,0.399,0.485,0.767,0.365
0.0,0.953,0.739,0.107,0.468,0.952,0.401,0.449,0.608,0.728,0.947,0.684,0.646,0.644,0.515,0.076,0.359,0.232,0.708,0.076,0.951,0.166,0.493,0.934,0.023,0.955,0.599,0.646,0.177,0.453,0.751,0.107,0.17,0.71,0.047,0.338,0.677,0.905,0.502,0.549,0.989
0.0,0.743,0.724,0.663,0.072,0.394,0.946,0.568,0.4,0.618,0.591,0.408,0.849,0.718,0.479,0.738,0.731,0.72,0.295,0.233,0.107,0.341,0.922,0.877,0.834,0.814,0.442,0.195,0.982,0.103,0.917,0.683,0.182,0.46,0.815,0.953,0.659,0.442,0.279,0.105,0.844
0.0,0.687,0.289,0.861,0.762,0.35,0.755,0.285,0.48,0.571,0.91,0.217,0.799,0.181,0.401,0.015,0.356,0.336,0.138,0.683,0.522,0.25,0.812,0.219,0.963,0.216,0.657,0.257,0.364,0.808,0.508,0.442,0.118,0.404,0.408,0.804,0.056,0.942,0.801,0.505,0.319
1.0,0.913,0.406,0.539,0.032,0.498,0.579,0.206,0.97,0.805,0.422,0.286,0.259,0.349,0.464,0.117,0.825,0.517,0.325,0.274,0.761,0.046,0.43,0.586,0.044,0.295,0.063,0.084,0.298,0.788,0.975,0.28,0.52,0.672,0.845,0.749,0.732,0.923,0.85,0.28,0.107
0.0,0.559,0.408,0.916,0.753,0.91,0.689,0.685,0.607,0.293,0.327,0.464,0.78,0.607,0.269,0.543,0.322,0.026,0.429,0.644,0.273,0.793,0.279,0.258,0.711,0.677,0.527,0.76,0.311,0.018,0.415,0.307,0.791,0.278,0.391,0.4,0.733,0.187,0.533,0.38,0.22
0.0,0.642,0.119,0.332,0.806,0.685,0.203,0.731,0.444,0.692,0.914,0.716,0.656,0.876,0.234,0.95,0.734,0.557,0.264,0.632,0.739,0.589,0.964,0.993,0.531,0.895,0.204,0.529,0.867,0.202,0.503,0.231,0.907,0.682,0.837,0.412,0.549,0.91,0.468,0.479,0.981
0.0,0.938,0.232,0.262,0.729,0.03,0.205,0.707,0.71,0.088,0.45,0.475,0.48,0.928,0.932,0.977,0.723,0.832,0.498,0.608,0.306,0.383,0.801,0.981,0.754,0.894,0.245,0.904,0.308,0.302,0.849,0.595,0.419,0.684,0.943,0.716,0.001,0.902,0.021,1.0,0.101
1.0,0.627,0.277,0.983,0.587,0.018,0.342,0.929,0.505,0.171,0.082,0.724,0.553,0.248,0.308,0.6,0.843,0.023,0.181,0.669,0.12,0.991,0.87,0.029,0.81,0.504,0.174,0.293,0.05,0.699,0.828,0.31,0.623,0.106,0.862,0.867,0.574,0.785,0.861,0.284,0.301
0.0,0.36,0.428,0.491,0.624,0.978,0.074,0.167,0.494,0.389,0.222,0.392,0.556,0.678,0.268,0.58,0.203,0.03,0.1,0.546,0.924,0.882,0.951,0.433,0.652,0.9,0.686,0.907,0.172,0.203,0.452,0.024,0.382,0.116,0.624,0.43,0.693,0.022,0.594,0.388,0.509
0.0,0.132,0.868,0.916,0.605,0.893,0.735,0.656,0.345,0.957,0.571,0.33,0.415,0.671,0.005,0.51,0.964,0.977,0.776,0.087,0.842,0.068,0.064,0.88,0.029,0.529,0.034,0.679,0.129,0.205,0.736,0.251,0.631,0.953,0.72,0.751,0.48,0.417,0.694,0.014,0.016
1.0,0.409,0.762,0.909,0.524,0.263,0.281,0.731,0.349,0.532,0.528,0.193,0.028,0.373,0.347,0.557,0.503,0.506,0.834,0.042,0.965,0.236,0.266,0.464,0.617,0.025,0.078,0.472,0.12,0.083,0.902,0.633,0.656,0.227,0.357,0.071,0.447,0.123,0.296,0.478,0.715
1.0,0.974,0.821,0.201,0.6,0.02,0.111,0.292,0.41,0.628,0.007,0.459,0.531,0.084,0.264,0.173,0.543,0.754,0.487,0.635,0.544,0.393,0.382,0.268,0.09,0.361,0.154,0.949,0.026,0.148,0.797,0.187,0.61,0.122,0.479,0.834,0.322,0.935,0.887,0.607,0.689
1.0,0.116,0.49,0.724,0.045,0.775,0.38,0.7,0.166,0.888,0.795,0.184,0.035,0.364,0.707,0.972,0.782,0.53,0.428,0.263,0.651,0.956,0.865,0.299,0.78,0.05,0.314,0.483,0.975,0.293,0.296,0.183,0.821,0.854,0.965,0.653,0.477,0.925,0.946,0.861,0.962
1.0,0.386,0.742,0.073,0.022,0.369,0.54,0.6,0.037,0.415,0.807,0.067,0.582,0.186,0.687,0.485,0.564,0.181,0.931,0.084,0.042,0.973,0.955,0.647,0.701,0.019,0.785,0.85,0.523,0.555,0.622,0.076,0.507,0.075,0.435,0.47,0.795,0.755,0.731,0.323,0.672
1.0,0.766,0.151,0.806,0.758,0.082,0.513,0.429,0.716,0.441,0.608,0.643,0.687,0.194,0.876,0.239,0.482,0.291,0.679,0.336,0.245,0.484,0.426,0.431,0.619,0.473,0.076,0.203,0.784,0.258,0.401,0.549,0.879,0.214,0.332,0.65,0.747,0.391,0.517,0.748,0.573
0.0,0.171,0.544,0.113,0.687,0.953,0.556,0.63,0.601,0.721,0.537,0.925,0.192,0.648,0.306,0.792,0.943,0.799,0.769,0.999,0.355,0.271,0.698,0.163,0.855,0.357,0.094,0.067,0.293,0.289,0.447,0.24,0.752,0.695,0.024,0.077,0.294,0.168,0.506,0.674,0.101
1.0,0.789,0.823,0.92,0.431,0.716,0.65,0.728,0.761,0.455,0.806,0.605,0.239,0.603,0.002,0.878,0.965,0.803,0.569,0.314,0.752,0.752,0.363,0.229,0.185,0.531,0.768,0.439,0.525,0.679,0.022,0.089,0.986,0.018,0.241,0.559,0.613,0.049,0.421,0.916,0.654
0.0,0.471,0.271,0.398,0.657,0.61,0.761,0.376,0.43,0.679,0.499,0.442,0.898,0.12,0.872,0.69,0.681,0.07,0.26,0.571,0.743,0.951,0.743,0.568,0.664,0.341,0.765,0.521,0.964,0.841,0.366,0.295,0.135,0.394,0.336,0.499,0.282,0.859,0.83,0.857,0.953
0.0,0.868,0.417,0.054,0.88,0.201,0.234,0.763,0.789,0.12,0.76,0.732,0.861,0.1,0.67,0.291,0.467,0.213,0.19,0.932,0.288,0.771,0.633,0.058,0.979,0.852,0.32,0.773,0.314,0.674,0.136,0.451,0.289,0.119,0.573,0.835,0.272,0.004,0.331,0.598,0.836
1.0,0.694,0.307,0.025,0.721,0.754,0.551,0.922,0.95,0.753,0.287,0.224,0.523,0.264,0.869,0.964,0.685,0.048,0.774,0.247,0.685,0.137,0.772,0.526,0.638,0.576,0.073,0.717,0.285,0.858,0.189,0.65,0.689,0.041,0.396,0.993,0.037,0.673,0.306,0.016,0.496
0.0,0.781,0.736,0.105,0.471,0.236,0.347,0.844,0.846,0.721,0.45,0.212,0.816,0.572,0.576,0.227,0.807,0.194,0.789,0.602,0.721,0.992,0.408,0.1,0.746,0.827,0.689,0.19,0.89,0.669,0.01,0.586,0.392,0.62,0.603,0.75,0.171,0.698,0.114,0.931,0.949
1.0,0.801,0.262,0.679,0.88,0.732,0.245,0.834,0.291,0.732,0.534,0.207,0.557,0.735,0.487,0.132,0.607,0.968,0.59,0.181,0.706,0.166,0.155,0.329,0.182,0.772,0.544,0.425,0.841,0.244,0.729,0.879,0.274,0.463,0.678,0.508,0.293,0.03,0.389,0.901,0.225
1.0,0.105,0.71,0.277,0.71,0.654,0.456,0.975,0.264,0.22,0.266,0.066,0.487,0.803,0.272,0.914,0.094,0.997,0.631,0.012,0.73,0.671,0.096,0.186,0.275,0.951,0.864,0.898,0.652,0.363,0.101,0.116,0.893,0.407,0.765,0.911,0.08,0.154,0.231,0.108,0.016
0.0,0.765,0.946,0.265,0.982,0.788,0.629,0.827,0.001,0.99,0.87,0.984,0.87,0.052,0.69,0.736,0.14,0.153,0.821,0.529,0.987,0.964,0.712,0.423,0.292,0.314,0.651,0.422,0.765,0.256,0.618,0.175,0.745,0.628,0.288,0.683,0.046,0.75,0.05,0.331,0.973
0.0,0.749,0.985,0.448,0.389,0.802,0.539,0.823,0.97,0.684,0.373,0.178,0.664,0.563,0.861,0.691,0.343,0.391,0.676,0.643,0.396,0.183,0.845,0.862,0.164,0.294,0.701,0.983,0.44,0.62,0.187,0.332,0.727,0.115,0.574,0.128,0.083,0.547,0.288,0.893,0.803
1.0,0.289,0.207,0.298,0.748,0.033,0.182,0.802,0.53,0.397,0.987,0.636,0.589,0.091,0.921,0.342,0.381,0.154,0.048,0.264,0.888,0.129,0.766,0.524,0.426,0.126,0.89,0.741,0.946,0.199,0.061,0.791,0.932,0.055,0.564,0.393,0.042,0.56,0.62,0.378,0.744
0.0,0.77,0.321,0.167,0.614,0.636,0.806,0.923,0.087,0.57,0.835,0.685,0.965,0.773,0.826,0.301,0.642,0.649,0.651,0.559,0.096,0.359,0.915,0.182,0.356,0.469,0.794,0.636,0.293,0.97,0.092,0.69,0.797,0.214,0.526,0.809,0.616,0.763,0.916,0.287,0.073
0.0,0.101,0.757,0.643,0.673,0.441,0.943,0.605,0.957,0.025,0.44,0.079,0.079,0.612,0.442,0.34,0.581,0.621,0.125,0.862,0.758,0.307,0.15,0.444,0.519,0.512,0.925,0.544,0.522,0.451,0.456,0.411,0.243,0.732,0.809,0.658,0.998,0.331,0.071,0.641,0.758
0.0,0.268,0.189,0.822,0.282,0.832,0.649,0.535,0.03,0.675,0.338,0.871,0.604,0.015,0.017,0.464,0.237,0.36,0.891,0.313,0.612,0.421,0.064,0.986,0.831,0.413,0.848,0.174,0.821,0.582,0.958,0.084,0.192,0.842,0.14,0.622,0.662,0.613,0.481,0.009,0.313
1.0,0.463,0.169,0.365,0.17,0.024,0.501,0.173,0.117,0.734,0.769,0.008,0.72,0.084,0.513,0.88,0.296,0.769,0.402,0.077,0.142,0.574,0.612,0.124,0.989,0.515,0.806,0.365,0.39,0.554,0.119,0.347,0.317,0.38,0.129,0.549,0.648,0.035,0.03,0.511,0.847
1.0,0.26,0.689,0.391,0.03,0.541,0.28,0.451,0.946,0.429,0.277,0.879,0.629,0.543,0.919,0.597,0.999,0.538,0.087,0.328,0.929,0.001,0.782,0.182,0.553,0.088,0.941,0.75,0.714,0.686,0.448,0.024,0.023,0.115,0.92,0.69,0.856,0.465,0.407,0.804,0.998
0.0,0.489,0.233,0.098,0.407,0.87,0.68,0.511,0.001,0.282,0.576,0.392,0.271,0.655,0.231,0.287,0.343,0.616,0.005,0.826,0.223,0.131,0.04,0.043,0.2,0.375,0.614,0.585,0.593,0.737,0.211,0.618,0.438,0.563,0.179,0.838,0.125,0.898,0.49,0.187,0.711
1.0,0.266,0.983,0.968,0.715,0.553,0.65,0.452,0.175,0.156,0.919,0.563,0.136,0.997,0.809,0.326,0.004,0.93,0.666,0.11,0.302,0.788,0.079,0.374,0.87,0.638,0.797,0.54,0.082,0.801,0.965,0.876,0.512,0.415,0.992,0.299,0.935,0.382,0.378,0.91,0.831
1.0,0.051,0.705,0.816,0.228,0.005,0.037,0.272,0.339,0.864,0.302,0.251,0.108,0.526,0.932,0.621,0.107,0.748,0.936,0.335,0.369,0.676,0.113,0.204,0.892,0.7,0.838,0.747,0.058,0.66,0.162,0.364,0.647,0.428,0.614,0.02,0.131,0.441,0.644,0.428,0.133
0.0,0.237,0.367,0.76,0.577,0.858,0.001,0.5,0.122,0.799,0.439,0.407,0.578,0.634,0.471,0.042,0.684,0.165,0.851,0.615,0.183,0.345,0.041,0.678,0.753,0.262,0.459,0.038,0.384,0.802,0.694,0.191,0.66,0.053,0.754,0.37,0.462,0.52,0.534,0.949,0.061
1.0,0.986,0.386,0.782,0.078,0.28,0.015,0.035,0.959,0.545,0.335,0.245,0.416,0.186,0.804,0.904,0.013,0.838,0.582,0.874,0.197,0.807,0.744,0.217,0.704,0.199,0.942,0.498,0.987,0.163,0.43,0.655,0.377,0.069,0.901,0.934,0.682,0.772,0.915,0.225,0.078
0.0,0.712,0.623,0.396,0.789,0.58,0.205,0.79,0.103,0.948,0.053,0.596,0.61,0.088,0.074,0.339,0.625,0.783,0.067,0.017,0.374,0.461,0.877,0.805,0.696,0.94,0.896,0.819,0.158,0.326,0.702,0.984,0.696,0.841,0.538,0.901,0.436,0.673,0.448,0.018,0.58
1.0,0.288,0.745,0.875,0.244,0.153,0.402,0.002,0.471,0.98,0.51,0.887,0.429,0.482,0.431,0.137,0.492,0.919,0.787,0.383,0.57,0.804,0.161,0.769,0.854,0.677,0.679,0.883,0.066,0.431,0.836,0.099,0.546,0.035,0.194,0.585,0.65,0.692,0.834,0.125,0.9
0.0,0.793,0.564,0.726,0.573,0.179,0.288,0.626,0.318,0.342,0.456,0.362,0.934,0.441,0.126,0.067,0.652,0.274,0.245,0.184,0.095,0.353,0.975,0.501,0.568,0.188,0.574,0.49,0.097,0.506,0.75,0.801,0.252,0.65,0.672,0.13,0.766,0.098,0.122,0.035,0.977
1.0,0.822,0.391,0.466,0.097,0.11,0.169,0.038,0.09,0.67,0.077,0.701,0.831,0.128,0.831,0.443,0.189,0.428,0.058,0.219,0.954,0.235,0.433,0.357,0.596,0.366,0.832,0.016,0.463,0.814,0.459,0.735,0.017,0.252,0.262,0.641,0.94,0.333,0.871,0.057,0.594
1.0,0.215,0.083,0.042,0.616,0.818,0.629,0.364,0.78,0.131,0.44,0.71,0.768,0.297,0.456,0.789,0.405,0.132,0.466,0.738,0.985,0.668,0.933,0.063,0.416,0.316,0.354,0.575,0.39,0.338,0.235,0.186,0.719,0.978,0.033,0.434,0.558,0.436,0.634,0.419,0.828
1.0,0.369,0.524,0.743,0.287,0.354,0.483,0.536,0.781,0.926,0.468,0.764,0.515,0.833,0.132,0.186,0.371,0.331,0.22,0.627,0.655,0.942,0.746,0.315,0.76,0.555,0.141,0.14,0.895,0.82,0.044,0.392,0.822,0.169,0.186,0.994,0.374,0.62,0.06,0.107,0.63
1.0,0.041,0.718,0.782,0.846,0.226,0.516,0.71,0.004,0.639,0.415,0.565,0.093,0.555,0.354,0.679,0.898,0.282,0.493,0.16,0.982,0.314,0.539,0.393,0.654,0.67,0.206,0.676,0.38,0.351,0.386,0.336,0.492,0.321,0.404,0.728,0.987,0.79,0.21,0.643,0.837
0.0,0.134,0.702,0.258,0.312,0.251,0.044,0.278,0.875,0.241,0.818,0.733,0.762,0.366,0.277,0.782,0.095,0.659,0.923,0.848,0.846,0.959,0.256,0.843,0.097,0.581,0.369,0.814,0.074,0.795,0.976,0.609,0.347,0.848,0.973,0.755,0.535,0.273,0.314,0.863,0.684
1.0,0.991,0.167,0.181,0.681,0.793,0.443,0.966,0.776,0.003,0.473,0.795,0.648,0.077,0.418,0.6,0.826,0.998,0.331,0.257,0.006,0.973,0.516,0.718,0.948,0.147,0.314,0.346,0.85,0.254,0.101,0.233,0.443,0.827,0.656,0.577,0.466,0.414,0.224,0.472,0.095
1.0,0.803,0.649,0.016,0.698,0.197,0.002,0.018,0.195,0.419,0.442,0.729,0.945,0.293,0.749,0.463,0.431,0.589,0.887,0.661,0.261,0.56,0.451,0.371,0.718,0.136,0.976,0.041,0.211,0.842,0.961,0.189,0.817,0.725,0.804,0.325,0.731,0.855,0.494,0.315,0.951
1.0,0.88,0.602,0.91,0.644,0.304,0.105,0.058,0.871,0.557,0.986,0.718,0.73,0.889,0.231,0.377,0.944,0.556,0.624,0.196,0.725,0.141,0.912,0.472,0.142,0.425,0.969,0.863,0.938,0.86,0.133,0.723,0.088,0.391,0.08,0.103,0.491,0.762,0.614,0.52,0.724
1.0,0.987,0.504,0.815,0.704,0.793,0.984,0.459,0.61,0.609,0.34,0.684,0.524,0.491,0.161,0.453,0.91,0.481,0.515,0.716,0.325,0.031,0.204,0.669,0.577,0.953,0.228,0.249,0.046,0.28,0.367,0.159,0.912,0.855,0.183,0.744,0.215,0.863,0.501,0.355,0.755
1.0,0.425,0.266,0.793,0.379,0.64,0.5,0.343,0.794,0.68,0.699,0.161,0.283,0.836,0.407,0.032,0.055,0.975,0.143,0.502,0.776,0.846,0.26,0.269,0.574,0.057,0.147,0.265,0.1,0.967,0.334,0.673,0.646,0.154,0.034,0.585,0.607,0.556,0.727,0.234,0.161
1.0,0.919,0.484,0.717,0.753,0.504,0.96,0.275,0.099,0.823,0.864,0.469,0.415,0.332,0.565,0.144,0.053,0.595,0.517,0.506,0.015,0.061,0.979,0.456,0.509,0.944,0.79,0.74,0.449,0.144,0.379,0.496,0.912,0.36,0.398,0.09,0.709,0.748,0.47,0.246,0.061
0.0,0.399,0.689,0.589,0.793,0.976,0.825,0.486,0.794,0.853,0.221,0.806,0.249,0.419,0.574,0.539,0.174,0.601,0.768,0.89,0.189,0.637,0.808,0.933,0.202,0.309,0.391,0.61,0.709,0.844,0.663,0.467,0.156,0.387,0.634,0.833,0.331,0.987,0.509,0.314,0.67
1.0,0.077,0.652,0.063,0.814,0.515,0.158,0.357,0.396,0.229,0.565,0.195,0.631,0.251,0.779,0.794,0.808,0.765,0.637,0.135,0.601,0.605,0.45,0.237,0.068,0.02,0.565,0.102,0.482,0.069,0.776,0.832,0.189,0.969,0.778,0.417,0.183,0.453,0.443,0.442,0.152
1.0,0.148,0.366,0.656,0.788,0.629,0.622,0.403,0.953,0.109,0.669,0.842,0.413,0.23,0.711,0.701,0.551,0.695,0.979,0.242,0.716,0.146,0.032,0.144,0.374,0.618,0.102,0.984,0.032,0.239,0.357,0.625,0.746,0.121,0.071,0.037,0.821,0.158,0.478,0.473,0.463
0.0,0.349,0.124,0.341,0.906,0.909,0.546,0.273,0.126,0.996,0.475,0.058,0.927,0.434,0.003,0.416,0.863,0.792,0.774,0.283,0.383,0.925,0.426,0.977,0.731,0.036,0.076,0.124,0.653,0.575,0.579,0.762,0.815,0.393,0.914,0.999,0.734,0.119,0.985,0.799,0.114
0.0,0.033,0.44,0.215,0.16,0.342,0.807,0.48,0.05,0.858,0.399,0.157,0.777,0.157,0.931,0.006,0.872,0.341,0.117,0.707,0.303,0.564,0.576,0.42,0.814,0.862,0.453,0.274,0.266,0.986,0.076,0.812,0.917,0.306,0.534,0.59,0.449,0.409,0.722,0.626,0.17
0.0,0.166,0.339,0.377,0.084,0.102,0.277,0.33,0.169,0.387,0.898,0.443,0.928,0.793,0.479,0.815,0.393,0.167,0.72,0.307,0.571,0.443,0.984,0.481,0.305,0.043,0.712,0.018,0.397,0.12,0.27,0.157,0.411,0.777,0.72,0.167,0.467,0.309,0.004,0.302,0.975
1.0,0.677,0.699,0.288,0.462,0.76,0.679,0.642,0.066,0.97,0.219,0.791,0.283,0.421,0.796,0.124,0.541,0.365,0.555,0.538,0.32,0.742,0.284,0.348,0.31,0.562,0.058,0.995,0.929,0.134,0.211,0.091,0.916,0.492,0.611,0.873,0.035,0.979,0.847,0.568,0.73
1.0,0.485,0.55,0.572,0.934,0.765,0.27,0.412,0.043,0.82,0.283,0.385,0.367,0.972,0.414,0.935,0.241,0.715,0.594,0.999,0.551,0.96,0.149,0.115,0.662,0.821,0.157,0.007,0.214,0.523,0.465,0.896,0.181,0.6,0.67,0.516,0.631,0.975,0.251,0.196,0.876
0.0,0.111,0.509,0.14,0.329,0.13,0.048,0.887,0.49,0.323,0.809,0.428,0.796,0.985,0.838,0.162,0.958,0.119,0.386,0.894,0.735,0.045,0.477,0.758,0.979,0.256,0.296,0.828,0.37,0.15,0.688,0.794,0.025,0.274,0.048,0.882,0.484,0.81,0.899,0.142,0.354
0.0,0.603,0.012,0.51,0.661,0.093,0.999,0.683,0.804,0.899,0.306,0.124,0.302,0.917,0.975,0.922,0.672,0.523,0.235,0.742,0.815,0.467,0.114,0.895,0.12,0.108,0.385,0.836,0.643,0.027,0.851,0.65,0.659,0.718,0.153,0.923,0.121,0.243,0.303,0.595,0.22
1.0,0.158,0.444,0.937,0.027,0.78,0.989,0.779,0.478,0.005,0.976,0.869,0.143,0.492,0.426,0.236,0.95,0.523,0.344,0.056,0.197,0.02,0.331,0.436,0.994,0.931,0.229,0.642,0.694,0.583,0.198,0.344,0.975,0.366,0.232,0.89,0.634,0.106,0.18,0.942,0.473
0.0,0.263,0.737,0.249,0.167,0.253,0.393,0.709,0.208,0.873,0.094,0.684,0.863,0.385,0.625,0.413,0.667,0.247,0.3,0.619,0.114,0.297,0.293,0.966,0.701,0.258,0.007,0.673,0.915,0.738,0.541,0.056,0.776,0.364,0.187,0.113,0.857,0.923,0.294,0.618,0.748
0.0,0.326,0.103,0.158,0.578,0.892,0.275,0.503,0.75,0.04,0.848,0.414,0.099,0.572,0.47,0.839,0.904,0.433,0.286,0.796,0.942,0.181,0.707,0.702,0.518,0.414,0.562,0.244,0.344,0.194,0.146,0.909,0.022,0.392,0.827,0.437,0.722,0.033,0.059,0.614,0.704
0.0,0.189,0.171,0.882,0.407,0.877,0.308,0.536,0.74,0.004,0.599,0.882,0.849,0.977,0.635,0.772,0.678,0.455,0.704,0.468,0.7,0.197,0.431,0.517,0.446,0.759,0.307,0.811,0.724,0.569,0.984,0.51,0.944,0.935,0.674,0.799,0.201,0.022,0.444,0.798,0.449
1.0,0.795,0.074,0.044,0.169,0.525,0.007,0.988,0.049,0.298,0.013,0.232,0.662,0.303,0.206,0.973,0.371,0.204,0.689,0.219,0.019,0.797,0.721,0.019,0.782,0.38,0.166,0.315,0.578,0.221,0.308,0.336,0.668,0.637,0.575,0.751,0.11,0.427,0.67,0.66,0.237
0.0,0.807,0.039,0.437,0.342,0.147,0.924,0.991,0.024,0.792,0.214,0.332,0.912,0.073,0.181,0.323,0.477,0.119,0.357,0.262,0.671,0.147,0.941,0.425,0.665,0.222,0.24,0.149,0.335,0.282,0.316,0.344,0.855,0.394,0.87,0.651,0.363,0.205,0.104,0.778,0.411
1.0,0.305,0.344,0.888,0.353,0.841,0.566,0.332,0.626,0.526,0.187,0.678,0.58,0.671,0.178,0.788,0.539,0.349,0.909,0.281,0.484,0.09,0.156,0.245,0.258,0.81,0.327,0.645,0.102,0.315,0.761,0.104,0.791,0.168,0.632,0.353,0.671,0.205,0.462,0.969,0.158
1.0,0.547,0.094,0.148,0.591,0.399,0.505,0.437,0.257,0.046,0.468,0.483,0.326,0.003,0.439,0.615,0.006,0.523,0.199,0.689,0.543,0.601,0.343,0.759,0.988,0.224,0.501,0.789,0.539,0.606,0.458,0.693,0.183,0.953,0.6,0.68,0.927,0.855,0.268,0.986,0.71
1.0,0.854,0.045,0.48,0.271,0.667,0.641,0.625,0.396,0.784,0.628,0.724,0.611,0.835,0.712,0.018,0.337,0.109,0.388,0.153,0.405,0.817,0.013,0.102,0.02,0.921,0.455,0.803,0.328,0.285,0.892,0.677,0.831,0.471,0.861,0.145,0.263,0.565,0.175,0.116,0.315
1.0,0.33,0.354,0.677,0.899,0.454,0.542,0.739,0.405,0.188,0.575,0.075,0.029,0.256,0.765,0.586,0.882,0.047,0.036,0.923,0.247,0.061,0.771,0.612,0.416,0.648,0.039,0.67,0.763,0.24,0.702,0.394,0.099,0.192,0.658,0.881,0.931,0.574,0.205,0.542,0.829
0.0,0.861,0.748,0.363,0.57,0.015,0.603,0.589,0.226,0.637,0.262,0.892,0.879,0.825,0.599,0.89,0.614,0.189,0.219,0.068,0.767,0.052,0.889,0.29,0.635,0.809,0.739,0.778,0.636,0.165,0.61,0.021,0.52,0.943,0.188,0.017,0.982,0.618,0.064,0.979,0.282
0.0,0.258,0.318,0.917,0.101,0.074,0.321,0.963,0.739,0.317,0.071,0.824,0.821,0.327,0.972,0.362,0.096,0.076,0.786,0.581,0.04,0.269,0.053,0.335,0.493,0.131,0.359,0.737,0.382,0.335,0.703,0.992,0.046,0.641,0.042,0.881,0.737,0.262,0.843,0.662,0.208
0.0,0.973,0.72,0.531,0.353,0.837,0.204,0.906,0.497,0.521,0.55,0.909,0.987,0.25,0.73,0.335,0.922,0.191,0.445,0.24,0.354,0.729,0.381,0.195,0.703,0.946,0.208,0.44,0.946,0.803,0.601,0.787,0.638,0.312,0.907,0.038,0.339,0.99,0.367,0.47,0.02
1.0,0.603,0.966,0.035,0.986,0.05,0.764,0.52,0.061,0.326,0.624,0.732,0.662,0.777,0.751,0.76,0.344,0.511,0.83,0.452,0.446,0.31,0.02,0.101,0.858,0.182,0.803,0.786,0.951,1.0,0.492,0.982,0.655,0.888,0.07,0.747,0.284,0.162,0.566,0.919,0.544
0.0,0.917,0.114,0.216,0.305,0.935,0.404,0.443,0.076,0.719,0.26,0.204,0.373,0.726,0.631,0.419,0.158,0.886,0.542,0.65,0.833,0.027,0.439,0.912,0.821,0.829,0.121,0.582,0.552,0.167,0.997,0.849,0.717,0.185,0.969,0.124,0.76,0.068,0.953,0.574,0.756
0.0,0.559,0.208,0.763,0.022,0.877,0.114,0.983,0.72,0.555,0.716,0.015,0.966,0.294,0.361,0.42,0.103,0.625,0.743,0.032,0.742,0.828,0.878,0.714,0.141,0.312,0.421,0.523,0.481,0.237,0.666,0.466,0.785,0.007,0.484,0.025,0.809,0.007,0.633,0.743,0.946
1.0,0.46,0.773,0.551,0.391,0.323,0.819,0.463,0.793,0.954,0.194,0.928,0.58,0.099,0.363,0.338,0.54,0.932,0.392,0.603,0.388,0.972,0.865,0.634,0.819,0.624,0.073,0.608,0.846,0.05,0.746,0.749,0.405,0.161,0.654,0.735,0.591,0.122,0.706,0.357,0.514
1.0,0.986,0.223,0.476,0.429,0.467,0.248,0.993,0.214,0.445,0.869,0.064,0.746,0.59,0.269,0.658,0.563,0.011,0.621,0.799,0.817,0.354,0.199,0.106,0.595,0.598,0.846,0.767,0.113,0.326,0.333,0.533,0.458,0.117,0.577,0.279,0.602,0.908,0.184,0.545,0.223
0.0,0.377,0.568,0.766,0.891,0.218,0.714,0.361,0.743,0.903,0.869,0.227,0.872,0.745,0.433,0.791,0.448,0.572,0.533,0.777,0.518,0.784,0.067,0.587,0.507,0.86,0.044,0.172,0.684,0.458,0.423,0.415,0.693,0.819,0.676,0.97,0.238,0.37,0.908,0.467,0.813
0.0,0.151,0.719,0.057,0.478,0.603,0.103,0.087,0.391,0.637,0.58,0.154,0.43,0.612,0.222,0.961,0.889,0.76,0.064,0.252,0.727,0.8,0.013,0.782,0.323,0.286,0.894,0.924,0.291,0.723,0.011,0.865,0.642,0.337,0.303,0.451,0.713,0.394,0.625,0.933,0.874
0.0,0.518,0.784,0.466,0.879,0.215,0.578,0.166,0.774,0.017,0.879,0.459,0.288,0.705,0.264,0.436,0.489,0.825,0.289,0.983,0.137,0.411,0.16,0.895,0.99,0.223,0.726,0.492,0.655,0.935,0.254,0.37,0.791,0.8,0.228,0.589,0.134,0.679,0.349,0.135,0.831
1.0,0.599,0.47,0.672,0.784,0.369,0.588,0.675,0.814,0.116,0.862,0.901,0.079,0.05,0.067,0.182,0.425,0.489,0.616,0.216,0.978,0.081,0.17,0.537,0.637,0.52,0.946,0.672,0.051,0.522,0.362,0.544,0.272,0.601,0.999,0.105,0.168,0.992,0.901,0.301,0.708
0.0,0.893,0.801,0.28,0.134,0.874,0.951,0.427,0.176,0.984,0.83,0.282,0.081,0.247,0.483,0.224,0.253,0.721,0.971,0.946,0.473,0.587,0.867,0.602,0.502,0.676,0.385,0.893,0.575,0.99,0.132,0.425,0.184,0.008,0.349,0.609,0.604,0.686,0.238,0.349,0.518
1.0,0.431,0.241,0.066,0.656,0.745,0.502,0.991,0.45,0.374,0.774,0.64,0.409,0.634,0.045,0.293,0.398,0.234,0.063,0.983,0.913,0.46,0.183,0.462,0.262,0.334,0.644,0.159,0.808,0.3,0.947,0.078,0.914,0.72,0.403,0.43,0.359,0.131,0.34,0.203,0.33
0.0,0.217,0.61,0.9,0.659,0.75,0.351,0.167,0.333,0.998,0.34,0.715,0.936,0.469,0.384,0.271,0.033,0.765,0.423,0.645,0.25,0.156,0.994,0.953,0.457,0.206,0.662,0.586,0.856,0.216,0.454,0.937,0.435,0.007,0.067,0.133,0.415,0.074,0.591,0.924,0.872
0.0,0.595,0.299,0.653,0.802,0.04,0.454,0.771,0.506,0.89,0.097,0.268,0.79,0.753,0.424,0.352,0.184,0.705,0.657,0.637,0.306,0.38,0.778,0.84,0.258,0.299,0.996,0.266,0.739,0.238,0.315,0.832,0.926,0.63,0.013,0.026,0.503,0.642,0.77,0.613,0.392
0.0,0.999,0.323,0.817,0.582,0.894,0.938,0.509,0.77,0.533,0.451,0.729,0.216,0.328,0.657,0.514,0.021,0.43,0.035,0.737,0.25,0.804,0.561,0.581,0.536,0.55,0.317,0.628,0.176,0.88,0.073,0.572,0.141,0.783,0.64,0.872,0.821,0.733,0.676,0.808,0.517
1.0,0.288,0.799,0.716,0.8,0.626,0.748,0.361,0.698,0.244,0.812,0.792,0.358,0.395,0.508,0.21,0.9,0.221,0.825,0.031,0.639,0.047,0.125,0.321,0.525,0.399,0.531,0.505,0.316,0.203,0.862,0.572,0.752,0.688,0.219,0.573,0.345,0.675,0.789,0.841,0.096
1.0,0.271,0.708,0.893,0.206,0.584,0.182,0.998,0.52,0.929,0.646,0.222,0.691,0.938,0.472,0.821,0.211,0.672,0.387,0.436,0.623,0.694,0.775,0.141,0.706,0.359,0.699,0.989,0.983,0.585,0.685,0.631,0.886,0.097,0.033,0.477,0.253,0.547,0.757,0.955,0.2
0.0,0.432,0.153,0.662,0.054,0.521,0.827,0.409,0.311,0.551,0.067,0.464,0.472,0.66,0.59,0.683,0.538,0.912,0.494,0.444,0.658,0.8,0.533,0.891,0.106,0.965,0.328,0.634,0.375,0.287,0.876,0.662,0.258,0.408,0.099,0.246,0.194,0.12,0.763,0.987,0.381
0.0,0.136,0.211,0.513,0.351,0.124,0.961,0.343,0.492,0.281,0.509,0.063,0.694,0.303,0.248,0.34,0.746,0.438,0.937,0.708,0.944,0.574,0.778,0.94,0.255,0.423,0.231,0.666,0.401,0.059,0.212,0.981,0.826,0.161,0.745,0.67,0.865,0.256,0.759,0.437,0.99
0.0,0.161,0.603,0.325,0.294,0.314,0.744,0.931,0.136,0.306,0.645,0.947,0.943,0.582,0.759,0.612,0.778,0.81,0.712,0.31,0.678,0.242,0.688,0.212,0.327,0.659,0.226,0.152,0.206,0.909,0.762,0.354,0.358,0.367,0.358,0.416,0.364,0.878,0.369,0.67,0.082
1.0,0.677,0.23,0.278,0.395,0.389,0.414,0.5,0.606,0.814,0.35,0.682,0.613,0.637,0.585,0.135,0.377,0.802,0.158,0.047,0.216,0.452,0.536,0.118,0.668,0.12,0.688,0.754,0.615,0.471,0.408,0.211,0.395,0.817,0.833,0.588,0.437,0.023,0.461,0.803,0.258
1.0,0.673,0.677,0.902,0.625,0.003,0.411,0.842,0.819,0.584,0.47,0.838,0.349,0.909,0.902,0.277,0.755,0.274,0.97,0.705,0.919,0.248,0.671,0.479,0.864,0.898,0.57,0.051,0.426,0.39,0.963,0.482,0.274,0.535,0.191,0.078,0.775,0.482,0.941,0.073,0.326
0.0,0.843,0.44,0.139,0.785,0.328,0.067,0.966,0.2,0.051,0.882,0.555,0.908,0.594,0.95,0.592,0.652,0.314,0.339,0.634,0.328,0.493,0.737,0.997,0.873,0.674,0.85,0.797,0.375,0.51,0.997,0.941,0.957,0.305,0.634,0.299,0.579,0.185,0.413,0.545,0.65
1.0,0.406,0.751,0.306,0.026,0.009,0.073,0.097,0.532,0.913,0.085,0.226,0.677,0.413,0.024,0.656,0.607,0.047,0.353,0.508,0.163,0.908,0.818,0.386,0.479,0.591,0.659,0.35,0.145,0.728,0.088,0.993,0.419,0.43,0.112,0.466,0.86,0.369,0.904,0.747,0.311
1.0,0.41,0.657,0.979,0.293,0.195,0.054,0.214,0.223,0.717,0.416,0.987,0.158,0.338,0.462,0.27,0.163,0.319,0.395,0.571,0.181,0.419,0.321,0.292,0.008,0.413,0.439,0.927,0.895,0.248,0.478,0.996,0.537,0.05,0.612,0.995,0.586,0.572,0.809,0.539,0.273
1.0,0.889,0.815,0.599,0.725,0.671,0.937,0.367,0.019,0.355,0.156,0.491,0.584,0.677,0.136,0.238,0.199,0.516,0.893,0.581,0.057,0.401,0.317,0.056,0.689,0.187,0.56,0.27,0.499,0.849,0.739,0.268,0.977,0.345,0.421,0.825,0.727,0.989,0.919,0.468,0.834
0.0,0.342,0.342,0.571,0.31,0.282,0.128,0.234,0.77,0.623,0.528,0.76,0.802,0.478,0.928,0.886,0.791,0.078,0.129,0.805,0.277,0.277,0.014,0.26,0.701,0.606,0.407,0.025,0.224,0.083,0.995,0.197,0.815,0.631,0.224,0.181,0.066,0.146,0.951,0.832,0.206
1.0,0.064,0.04,0.961,0.626,0.417,0.657,0.291,0.483,0.03,0.306,0.324,0.083,0.968,0.305,0.266,0.195,0.081,0.085,0.766,0.159,0.565,0.478,0.661,0.671,0.743,0.744,0.85,0.608,0.145,0.967,0.962,0.391,0.317,0.096,0.301,0.395,0.15,0.18,0.689,0.949
0.0,0.884,0.613,0.679,0.113,0.882,0.016,0.874,0.888,0.821,0.858,0.54,0.043,0.351,0.817,0.281,0.346,0.079,0.943,0.651,0.071,0.886,0.794,0.022,0.16,0.855,0.844,0.767,0.876,0.852,0.574,0.469,0.452,0.605,0.06,0.908,0.382,0.59,0.068,0.136,0.417
1.0,0.063,0.465,0.405,0.706,0.247,0.19,0.241,0.855,0.727,0.548,0.538,0.596,0.881,0.243,0.317,0.133,0.853,0.11,0.29,0.188,0.46,0.934,0.112,0.561,0.672,0.49,0.061,0.481,0.2,0.83,0.686,0.831,0.302,0.301,0.447,0.484,0.836,0.384,0.359,0.248
0.0,0.165,0.834,0.821,0.188,0.2,0.924,0.338,0.985,0.072,0.242,0.554,0.81,0.052,0.866,0.229,0.045,0.39,0.77,0.71,0.851,0.869,0.129,0.869,0.266,0.239,0.464,0.223,0.273,0.044,0.472,0.947,0.873,0.943,0.692,0.893,0.68,0.364,0.047,0.479,0.337
0.0,0.511,0.894,0.08,0.067,0.976,0.928,0.581,0.048,0.233,0.259,0.237,0.702,0.624,0.109,0.191,0.855,0.928,0.626,0.34,0.467,0.752,0.04,0.243,0.158,0.953,0.723,0.619,0.337,0.665,0.533,0.337,0.757,0.108,0.4,0.756,0.492,0.399,0.334,0.226,0.87
1.0,0.756,0.299,0.046,0.166,0.613,0.837,0.608,0.202,0.87,0.04,0.584,0.229,0.962,0.604,0.781,0.128,0.233,0.497,0.764,0.915,0.392,0.767,0.71,0.473,0.713,0.105,0.22,0.208,0.626,0.583,0.473,0.653,0.777,0.845,0.937,0.651,0.254,0.291,0.652,0.898
1.0,0.763,0.561,0.98,0.634,0.761,0.916,0.04,0.923,0.882,0.2,0.142,0.614,0.941,0.343,0.229,0.265,0.188,0.635,0.049,0.111,0.055,0.532,0.251,0.414,0.403,0.493,0.128,0.723,0.227,0.745,0.479,0.307,0.003,0.2,0.025,0.306,0.685,0.655,0.964,0.135
0.0,0.291,0.837,0.452,0.911,0.658,0.767,0.962,0.311,0.844,0.895,0.122,0.818,0.421,0.52,0.42,0.395,0.996,0.197,0.665,0.749,0.917,0.399,0.615,0.973,0.241,0.626,0.155,0.912,0.433,0.765,0.99,0.369,0.386,0.065,0.27,0.542,0.057,0.78,0.564,0.454
0.0,0.512,0.315,0.546,0.182,0.534,0.341,0.226,0.049,0.278,0.983,0.185,0.692,0.662,0.857,0.193,0.52,0.727,0.787,0.637,0.915,0.148,0.333,0.454,0.702,0.736,0.402,0.043,0.34,0.603,0.142,0.507,0.499,0.557,0.293,0.969,0.225,0.237,0.663,0.678,0.717
1.0,0.724,0.897,0.929,0.559,0.137,0.504,0.606,0.358,0.843,0.334,0.134,0.182,0.442,0.196,0.24,0.67,0.783,0.29,0.058,0.762,0.777,0.939,0.604,0.392,0.739,0.735,0.048,0.033,0.123,0.952,0.289,0.516,0.256,0.19,0.791,0.393,0.153,0.766,0.754,0.614
1.0,0.439,0.294,0.72,0.491,0.575,0.118,0.388,0.275,0.379,0.982,0.882,0.101,0.543,0.055,0.331,0.905,0.225,0.085,0.689,0.473,0.797,0.539,0.735,0.84,0.803,0.204,0.054,0.633,0.826,0.642,0.759,0.46,0.429,0.391,0.83,0.538,0.752,0.852,0.897,0.544
0.0,0.398,0.532,0.834,0.693,0.249,0.621,0.147,0.043,0.753,0.727,0.493,0.95,0.032,0.707,0.32,0.344,0.344,0.874,0.678,0.703,0.283,0.283,0.001,0.542,0.564,0.612,0.527,0.842,0.547,0.828,0.659,0.079,0.008,0.7,0.076,0.301,0.182,0.35,0.79,0.017
0.0,0.42,0.032,0.753,0.113,0.906,0.985,0.34,0.53,0.726,0.178,0.445,0.806,0.645,0.882,0.068,0.982,0.245,0.222,0.043,0.568,0.26,0.487,0.034,0.425,0.132,0.123,0.126,0.521,0.761,0.929,0.405,0.469,0.71,0.706,0.076,0.355,0.359,0.668,0.715,0.059
1.0,0.061,0.766,0.844,0.92,0.044,0.403,0.084,0.687,0.08,0.043,0.96,0.574,0.645,0.672,0.689,0.747,0.72,0.23,0.159,0.207,0.143,0.887,0.708,0.228,0.335,0.123,0.357,0.527,0.019,0.393,0.788,0.815,0.749,0.621,0.201,0.901,0.724,0.337,0.206,0.635
0.0,0.679,0.982,0.707,0.645,0.718,0.889,0.547,0.367,0.538,0.6,0.829,0.958,0.848,0.812,0.591,0.263,0.633,0.825,0.116,0.491,0.512,0.338,0.846,0.146,0.697,0.081,0.08,0.724,0.704,0.32,0.171,0.68,0.887,0.356,0.557,0.596,0.988,0.064,0.15,0.466
1.0,0.433,0.433,0.024,0.871,0.407,0.153,0.587,0.99,0.666,0.173,0.818,0.531,0.062,0.03,0.356,0.372,0.669,0.165,0.695,0.626,0.831,0.75,0.376,0.549,0.87,0.815,0.302,0.485,0.209,0.759,0.07,0.607,0.769,0.435,0.999,0.648,0.058,0.971,0.623,0.241
0.0,0.269,0.872,0.202,0.387,0.991,0.917,0.406,0.067,0.092,0.809,0.212,0.706,0.332,0.837,0.022,0.112,0.872,0.82,0.051,0.442,0.212,0.542,0.603,0.101,0.52,0.685,0.054,0.245,0.927,0.117,0.974,0.02,0.272,0.239,0.97,0.158,0.967,0.182,0.54,0.687
1.0,0.871,0.241,0.401,0.067,0.619,0.321,0.588,0.349,0.378,0.668,0.382,0.345,0.531,0.395,0.437,0.175,0.116,0.405,0.31,0.077,0.241,0.733,0.765,0.047,0.917,0.899,0.037,0.784,0.34,0.972,0.079,0.547,0.311,0.919,0.504,0.736,0.97,0.324,0.346,0.363
0.0,0.819,0.161,0.436,0.95,0.381,0.872,0.075,0.873,0.813,0.123,0.557,0.291,0.555,0.991,0.024,0.307,0.242,0.299,0.061,0.714,0.483,0.958,0.97,0.904,0.903,0.422,0.718,0.137,0.784,0.159,0.242,0.277,0.275,0.283,0.632,0.641,0.842,0.992,0.131,0.608
0.0,0.709,0.156,0.764,0.475,0.75,0.092,0.169,0.198,0.1,0.641,0.95,0.562,0.093,0.392,0.822,0.938,0.021,0.535,0.807,0.821,0.158,0.209,0.646,0.183,0.793,0.382,0.473,0.998,0.011,0.385,0.352,0.371,0.686,0.095,0.089,0.478,0.141,0.511,0.13,0.39
0.0,0.949,0.34,0.335,0.93,0.725,0.335,0.295,0.619,0.96,0.71,0.848,0.871,0.681,0.362,0.334,0.575,0.124,0.053,0.574,0.519,0.272,0.644,0.099,0.614,0.303,0.157,0.852,0.939,0.349,0.322,0.836,0.367,0.92,0.153,0.722,0.058,0.771,0.485,0.988,0.888
1.0,0.439,0.297,0.582,0.066,0.068,0.928,0.547,0.075,0.575,0.856,0.586,0.485,0.102,0.673,0.144,0.205,0.075,0.652,0.084,0.706,0.834,0.811,0.334,0.328,0.559,0.829,0.409,0.827,0.358,0.686,0.903,0.897,0.27,0.261,0.912,0.829,0.178,0.32,0.346,0.12
0.0,0.631,0.867,0.246,0.585,0.378,0.245,0.318,0.792,0.128,0.208,0.054,0.977,0.37,0.599,0.188,0.029,0.88,0.377,0.809,0.377,0.299,0.104,0.22,0.083,0.717,0.331,0.413,0.724,0.628,0.761,0.486,0.028,0.704,0.034,0.231,0.418,0.551,0.44,0.036,0.41
0.0,0.018,0.975,0.589,0.214,0.892,0.795,0.638,0.99,0.306,0.602,0.916,0.112,0.216,0.455,0.606,0.708,0.027,0.904,0.458,0.301,0.893,0.093,0.385,0.461,0.669,0.945,0.232,0.332,0.535,0.274,0.302,0.539,0.406,0.979,0.083,0.971,0.829,0.857,0.938,0.263
1.0,0.8,0.95,0.535,0.15,0.157,0.544,0.857,0.105,0.747,0.923,0.097,0.488,0.394,0.773,0.812,0.297,0.72,0.332,0.788,0.081,0.645,0.217,0.531,0.591,0.448,0.209,0.947,0.01,0.751,0.333,0.626,0.521,0.808,0.345,0.682,0.883,0.045,0.576,0.938,0.519
1.0,0.212,0.779,0.363,0.021,0.586,0.274,0.953,0.281,0.845,0.759,0.458,0.089,0.015,0.188,0.022,0.775,0.301,0.192,0.039,0.006,0.156,0.564,0.444,0.489,0.256,0.147,0.747,0.148,0.92,0.945,0.282,0.36,0.945,0.563,0.767,0.591,0.374,0.795,0.213,0.262
0.0,0.208,0.511,0.01,0.071,0.368,0.353,0.636,0.361,0.431,0.986,0.649,0.338,0.593,0.757,0.889,0.01,0.613,0.841,0.339,0.203,0.439,0.609,0.854,0.816,0.684,0.436,0.959,0.524,0.451,0.355,0.289,0.222,0.613,0.03,0.528,0.609,0.12,0.823,0.332,0.98
0.0,0.231,0.69,0.561,0.751,0.072,0.243,0.157,0.627,0.177,0.143,0.203,0.01,0.247,0.044,0.391,0.113,0.011,0.645,0.849,0.494,0.809,0.287,0.988,0.325,0.226,0.763,0.798,0.03,0.972,0.974,0.784,0.594,0.376,0.069,0.677,0.518,0.266,0.273,0.135,0.644
1.0,0.237,0.361,0.938,0.289,0.135,0.61,0.136,0.126,0.515,0.283,0.218,0.034,0.711,0.501,0.999,0.406,0.793,0.954,0.351,0.071,0.097,0.185,0.557,0.183,0.698,0.26,0.141,0.566,0.631,0.275,0.358,0.234,0.469,0.617,0.569,0.652,0.091,0.162,0.379,0.681
0.0,0.588,0.144,0.413,0.012,0.86,0.988,0.695,0.203,0.029,0.939,0.374,0.488,0.64,0.161,0.071,0.307,0.968,0.745,0.496,0.14,0.744,0.12,0.479,0.329,0.23,0.402,0.693,0.408,0.339,0.984,0.268,0.51,0.963,0.598,0.945,0.138,0.183,0.724,0.083,0.233
0.0,0.738,0.289,0.012,0.134,0.875,0.2,0.553,0.054,0.732,0.199,0.187,0.7,0.077,0.089,0.318,0.145,0.703,0.577,0.736,0.773,0.042,0.813,0.149,0.392,0.931,0.704,0.086,0.731,0.318,0.63,0.885,0.339,0.007,0.498,0.662,0.398,0.874,0.311,0.928,0.339
0.0,0.098,0.094,0.581,0.494,0.9,0.108,0.629,0.695,0.239,0.185,0.161,0.305,0.264,0.931,0.609,0.035,0.021,0.121,0.22,0.349,0.384,0.337,0.575,0.581,0.641,0.718,0.303,0.384,0.786,0.319,0.28,0.736,0.108,0.091,0.659,0.39,0.345,0.503,0.72,0.827
1.0,0.454,0.816,0.403,0.368,0.62,0.474,0.044,0.277,0.653,0.759,0.449,0.015,0.83,0.226,0.706,0.737,0.56,0.85,0.959,0.799,0.251,0.16,0.305,0.791,0.318,0.469,0.904,0.451,0.745,0.678,0.69,0.051,0.102,0.871,0.134,0.42,0.348,0.949,0.853,0.37
1.0,0.362,0.374,0.367,0.656,0.406,0.172,0.528,0.012,0.904,0.942,0.282,0.401,0.065,0.837,0.087,0.618,0.668,0.152,0.087,0.788,0.803,0.412,0.476,0.708,0.883,0.028,0.02,0.557,0.182,0.14,0.562,0.06,0.902,0.096,0.7,0.193,0.777,0.344,0.551,0.856
1.0,0.126,0.594,0.833,0.198,0.353,0.877,0.391,0.051,0.575,0.398,0.418,0.359,0.801,0.31,0.857,0.814,0.07,0.952,0.98,0.415,0.11,0.304,0.327,0.465,0.482,0.801,0.869,0.059,0.85,0.707,0.519,0.749,0.312,0.202,0.002,0.642,0.9,0.644,0.179,0.698
0.0,0.935,0.194,0.172,0.06,0.447,0.668,0.208,0.631,0.004,0.041,0.594,0.338,0.361,0.878,0.5,0.587,0.954,0.144,0.866,0.323,0.618,0.611,0.817,0.496,0.551,0.901,0.78,0.42,0.348,0.87,0.648,0.982,0.149,0.53,0.667,0.195,0.231,0.794,0.83,0.866
1.0,0.896,0.494,0.083,0.856,0.384,0.789,0.782,0.971,0.728,0.431,0.445,0.476,0.205,0.216,0.821,0.176,0.51,0.555,0.623,0.207,0.981,0.603,0.421,0.981,0.578,0.002,0.581,0.876,0.308,0.186,0.765,0.688,0.699,0.46,0.806,0.434,0.562,0.954,0.065,0.743
0.0,0.614,0.603,0.905,0.023,0.944,0.648,0.617,0.761,0.492,0.561,0.713,0.998,0.342,0.841,0.241,0.875,0.2,0.431,0.874,0.126,0.167,0.428,0.447,0.185,0.095,0.803,0.798,0.229,0.509,0.509,0.228,0.908,0.153,0.417,0.007,0.178,0.685,0.53,0.644,0.919
0.0,0.102,0.248,0.261,0.967,0.226,0.978,0.115,0.567,0.031,0.831,0.404,0.145,0.464,0.227,0.559,0.836,0.722,0.527,0.558,0.403,0.867,0.976,0.867,0.437,0.239,0.944,0.523,0.503,0.767,0.815,0.935,0.953,0.406,0.371,0.467,0.022,0.659,0.858,0.342,0.072
1.0,0.298,0.473,0.435,0.474,0.24,0.875,0.093,0.635,0.198,0.037,0.781,0.212,0.643,0.288,0.615,0.248,0.464,0.421,0.583,0.375,0.904,0.91,0.006,0.389,0.734,0.809,0.223,0.93,0.493,0.804,0.574,0.351,0.035,0.17,0.956,0.99,0.094,0.853,0.235,0.034
1.0,0.044,0.4,0.609,0.141,0.723,0.793,0.089,0.591,0.964,0.584,0.806,0.726,0.029,0.803,0.8,0.115,0.415,0.926,0.891,0.738,0.701,0.894,0.558,0.628,0.221,0.961,0.92,0.394,0.455,0.983,0.906,0.564,0.954,0.577,0.696,0.889,0.88,0.307,0.774,0.618
0.0,0.969,0.688,0.777,0.708,0.842,0.828,0.994,0.046,0.555,0.508,0.641,0.612,0.827,0.046,0.263,0.718,0.485,0.6,0.713,0.242,0.152,0.585,0.768,0.223,0.529,0.571,0.266,0.793,0.59,0.642,0.305,0.389,0.059,0.195,0.133,0.333,0.996,0.97,0.547,0.547
0.0,0.696,0.22,0.995,0.753,0.02,0.06,0.678,0.503,0.537,0.895,0.436,0.723,0.385,0.823,0.442,0.161,0.087,0.016,0.999,0.919,0.86,0.335,0.701,0.951,0.229,0.367,0.872,0.107,0.005,0.621,0.826,0.545,0.291,0.017,0.96,0.781,0.962,0.859,0.426,0.997
1.0,0.731,0.815,0.299,0.069,0.819,0.654,0.068,0.949,0.529,0.63,0.02,0.55,0.461,0.024,0.113,0.384,0.838,0.033,0.913,0.614,0.454,0.322,0.226,0.225,0.372,0.436,0.951,0.607,0.263,0.174,0.604,0.706,0.636,0.164,0.842,0.118,0.011,0.517,0.535,0.291
0.0,0.768,0.183,0.95,0.866,0.949,0.687,0.212,0.435,0.926,0.197,0.166,0.574,0.627,0.367,0.374,0.587,0.896,0.219,0.837,0.477,0.186,0.202,0.701,0.161,0.207,0.801,0.077,0.922,0.604,0.027,0.019,0.145,0.543,0.482,0.61,0.449,0.206,0.903,0.572,0.184
0.0,0.899,0.06,0.84,0.943,0.99,0.854,0.818,0.557,0.759,0.219,0.125,0.981,0.993,0.791,0.685,0.485,0.261,0.794,0.315,0.487,0.856,0.701,0.25,0.184,0.789,0.368,0.144,0.506,0.331,0.748,0.616,0.685,0.106,0.124,0.687,0.248,0.981,0.813,0.777,0.65
0.0,0.515,0.023,0.706,0.839,0.957,0.347,0.589,0.543,0.576,0.577,0.11,0.597,0.269,0.621,0.988,0.303,0.671,0.3,0.527,0.707,0.157,0.52,0.871,0.207,0.149,0.955,0.664,0.688,0.767,0.157,0.369,0.533,0.367,0.078,0.469,0.924,0.835,0.916,0.18,0.565
0.0,0.394,0.462,0.306,0.961,0.722,0.987,0.727,0.025,0.627,0.043,0.577,0.984,0.345,0.187,0.712,0.194,0.849,0.533,0.215,0.454,0.909,0.785,0.731,0.114,0.4,0.741,0.753,0.115,0.654,0.912,0.109,0.087,0.039,0.925,0.084,0.274,0.392,0.975,0.607,0.437
1.0,0.665,0.587,0.03,0.645,0.03,0.011,0.6,0.756,0.189,0.122,0.292,0.102,0.812,0.848,0.293,0.991,0.915,0.946,0.298,0.188,0.402,0.302,0.573,0.8,0.107,0.79,0.762,0.515,0.69,0.653,0.654,0.307,0.906,0.734,0.824,0.043,0.174,0.155,0.93,0.572
0.0,0.129,0.97,0.263,0.475,0.598,0.54,0.647,0.677,0.135,0.687,0.939,0.56,0.029,0.443,0.085,0.826,0.369,0.805,0.572,0.696,0.312,0.686,0.813,0.333,0.89,0.641,0.875,0.356,0.393,0.46,0.795,0.201,0.387,0.991,0.863,0.968,0.741,0.673,0.571,0.435
1.0,0.573,0.713,0.241,0.683,0.1,0.305,0.084,0.353,0.72,0.351,0.714,0.054,0.073,0.161,0.575,0.531,0.984,0.517,0.211,0.138,0.981,0.65,0.349,0.872,0.051,0.436,0.965,0.616,0.861,0.985,0.855,0.143,0.591,0.193,0.914,0.515,0.231,0.173,0.98,0.368
0.0,0.432,0.431,0.491,0.013,0.362,0.264,0.678,0.463,0.291,0.524,0.069,0.647,0.806,0.042,0.757,0.276,0.494,0.301,0.148,0.468,0.617,0.034,0.891,0.604,0.524,0.652,0.938,0.582,0.469,0.485,0.674,0.624,0.589,0.684,0.509,0.962,0.532,0.244,0.089,0.888
1.0,0.411,0.369,0.319,0.957,0.29,0.202,0.641,0.393,0.405,0.102,0.023,0.704,0.751,0.402,0.512,0.139,0.214,0.615,0.674,0.793,0.936,0.257,0.594,0.951,0.34,0.787,0.377,0.384,0.436,0.395,0.029,0.429,0.27,0.046,0.261,0.818,0.404,0.182,0.756,0.628
0.0,0.928,0.778,0.856,0.474,0.961,0.679,0.258,0.227,0.591,0.355,0.245,0.043,0.562,0.827,0.509,0.033,0.627,0.535,0.31,0.952,0.262,0.152,0.576,0.375,0.739,0.923,0.935,0.102,0.263,0.588,0.685,0.663,0.335,0.298,0.618,0.622,0.073,0.729,0.765,0.552
1.0,0.29,0.371,0.954,0.799,0.781,0.637,0.952,0.948,0.871,0.891,0.916,0.043,0.341,0.951,0.88,0.149,0.683,0.73,0.94,0.93,0.244,0.826,0.52,0.431,0.032,0.048,0.657,0.868,0.683,0.79,0.104,0.154,0.434,0.299,0.07,0.641,0.942,0.235,0.005,0.221
1.0,0.05,0.15,0.512,0.748,0.036,0.134,0.088,0.668,0.213,0.111,0.612,0.591,0.359,0.17,0.411,0.413,0.739,0.991,0.219,0.376,0.161,0.333,0.345,0.172,0.696,0.613,0.161,0.691,0.557,0.671,0.747,0.492,0.788,0.402,0.488,0.209,0.821,0.864,0.385,0.708
0.0,0.579,0.795,0.811,0.705,0.744,0.888,0.095,0.666,0.339,0.039,0.453,0.043,0.569,0.957,0.054,0.326,0.603,0.604,0.798,0.919,0.111,0.723,0.952,0.407,0.562,0.005,0.781,0.494,0.139,0.892,0.377,0.199,0.056,0.546,0.047,0.141,0.447,0.924,0.566,0.672
0.0,0.886,0.18,0.365,0.088,0.98,0.001,0.729,0.053,0.575,0.809,0.509,0.961,0.155,0.93,0.453,0.038,0.799,0.851,0.907,0.45,0.738,0.383,0.05,0.292,0.922,0.724,0.218,0.928,0.61,0.726,0.591,0.352,0.023,0.73,0.504,0.801,0.11,0.243,0.246,0.866
1.0,0.163,0.486,0.503,0.704,0.17,0.374,0.48,0.032,0.37,0.407,0.695,0.145,0.824,0.524,0.052,0.86,0.988,0.494,0.319,0.741,0.949,0.189,0.519,0.382,0.771,0.979,0.289,0.925,0.746,0.431,0.737,0.17,0.756,0.229,0.244,0.922,0.3,0.49,0.27,0.661
1.0,0.384,0.673,0.243,0.912,0.539,0.288,0.064,0.601,0.627,0.407,0.476,0.224,0.508,0.986,0.018,0.333,0.693,0.857,0.448,0.707,0.654,0.359,0.719,0.141,0.19,0.48,0.796,0.673,0.857,0.402,0.966,0.567,0.147,0.684,0.91,0.202,0.18,0.381,0.117,0.245
1.0,0.602,0.615,0.072,0.625,0.734,0.887,0.783,0.033,0.208,0.858,0.886,0.23,0.131,0.43,0.166,0.64,0.103,0.437,0.118,0.713,0.225,0.686,0.405,0.465,0.156,0.014,0.964,0.383,0.754,0.282,0.751,0.959,0.06,0.314,0.965,0.761,0.383,0.31,0.953,0.474
0.0,0.954,0.189,0.249,0.238,0.038,0.619,0.07,0.481,0.978,0.434,0.488,0.781,0.994,0.104,0.749,0.583,0.024,0.356,0.857,0.785,0.652,0.055,0.356,0.058,0.711,0.392,0.971,0.036,0.597,0.237,0.521,0.731,0.401,0.882,0.353,0.47,0.815,0.31,0.819,0.715
1.0,0.908,0.063,0.667,0.254,0.012,0.122,0.104,0.163,0.637,0.572,0.192,0.253,0.144,0.906,0.371,0.591,0.756,0.448,0.551,0.151,0.679,0.252,0.665,0.306,0.634,0.019,0.775,0.615,0.888,0.318,0.169,0.928,0.41,0.144,0.017,0.353,0.027,0.431,0.249,0.398
0.0,0.856,0.089,0.636,0.864,0.652,0.107,0.962,0.097,0.031,0.033,0.359,0.522,0.023,0.248,0.794,0.315,0.976,0.696,0.21,0.727,0.791,0.225,0.084,0.873,0.421,0.188,0.703,0.184,0.869,0.068,0.731,0.814,0.822,0.843,0.726,0.466,0.304,0.681,0.713,0.173
0.0,0.68,0.214,0.077,0.448,0.993,0.997,0.543,0.718,0.619,0.645,0.09,0.182,0.768,0.037,0.418,0.138,0.274,0.109,0.189,0.803,0.282,0.654,0.6,0.087,0.854,0.283,0.638,0.276,0.57,0.477,0.403,0.64,0.438,0.436,0.675,0.437,0.521,0.057,0.699,0.854
1.0,0.198,0.445,0.683,0.562,0.408,0.955,0.481,0.354,0.313,0.197,0.518,0.602,0.701,0.888,0.755,0.804,0.578,0.676,0.666,0.398,0.807,0.776,0.413,0.313,0.402,0.823,0.296,0.868,0.97,0.806,0.271,0.704,0.538,0.58,0.757,0.943,0.414,0.151,0.479,0.466
1.0,0.129,0.035,0.599,0.046,0.617,0.58,0.887,0.883,0.53,0.682,0.203,0.072,0.929,0.471,0.701,0.663,0.959,0.353,0.498,0.018,0.708,0.471,0.728,0.097,0.504,0.448,0.603,0.179,0.493,0.931,0.345,0.544,0.035,0.435,0.095,0.144,0.453,0.677,0.809,0.303
1.0,0.335,0.197,0.455,0.568,0.771,0.36,0.83,0.986,0.691,0.442,0.96,0.22,0.326,0.671,0.031,0.978,0.823,0.602,0.396,0.744,0.376,0.425,0.211,0.049,0.048,0.243,0.386,0.983,0.35,0.586,0.85,0.619,0.718,0.591,0.255,0.475,0.95,0.699,0.161,0.494
1.0,0.409,0.581,0.822,0.651,0.765,0.398,0.563,0.366,0.217,0.477,0.752,0.035,0.492,0.188,0.098,0.741,0.539,0.465,0.732,0.334,0.796,0.795,0.278,0.8,0.34,0.634,0.454,0.589,0.814,0.99,0.078,0.83,0.715,0.04,0.239,0.561,0.871,0.813,0.506,0.395
1.0,0.746,0.292,0.044,0.694,0.187,0.142,0.309,0.291,0.595,0.385,0.938,0.216,0.165,0.439,0.388,0.036,0.375,0.629,0.282,0.785,0.153,0.131,0.689,0.715,0.866,0.901,0.899,0.543,0.368,0.835,0.908,0.855,0.747,0.646,0.12,0.348,0.145,0.587,0.867,0.014
1.0,0.789,0.862,0.475,0.627,0.021,0.536,0.962,0.556,0.849,0.042,0.315,0.744,0.059,0.265,0.523,0.866,0.854,0.383,0.874,0.413,0.257,0.785,0.41,0.182,0.84,0.826,0.175,0.163,0.318,0.87,0.447,0.039,0.036,0.99,0.925,0.679,0.272,0.674,0.135,0.253
0.0,0.746,0.704,0.221,0.468,0.257,0.939,0.26,0.481,0.08,0.743,0.142,0.773,0.264,0.341,0.246,0.903,0.149,0.919,0.167,0.473,0.747,0.958,0.115,0.14,0.723,0.906,0.695,0.708,0.034,0.058,0.209,0.907,0.781,0.77,0.531,0.696,0.423,0.882,0.002,0.954
1.0,0.395,0.718,0.001,0.137,0.723,0.13,0.072,0.882,0.3,0.129,0.523,0.063,0.034,0.718,0.948,0.841,0.027,0.253,0.929,0.162,0.928,0.35,0.281,0.352,0.513,0.392,0.83,0.121,0.226,0.83,0.686,0.232,0.653,0.681,0.304,0.112,0.832,0.65,0.024,0.777
1.0,0.107,0.887,0.981,0.418,0.328,0.1,0.879,0.566,0.711,0.195,0.006,0.607,0.629,0.391,0.056,0.498,0.182,0.243,0.961,0.185,0.455,0.824,0.488,0.357,0.251,0.072,0.862,0.153,0.504,0.898,0.758,0.921,0.759,0.988,0.698,0.626,0.031,0.704,0.776,0.308
1.0,0.649,0.978,0.762,0.935,0.647,0.164,0.629,0.094,0.47,0.54,0.862,0.318,0.831,0.491,0.965,0.688,0.125,0.228,0.455,0.758,0.789,0.489,0.1,0.409,0.332,0.53,0.544,0.706,0.887,0.34,0.744,0.278,0.255,0.044,0.899,0.82,0.147,0.452,0.401,0.753
0.0,0.023,0.816,0.142,0.749,0.239,0.763,0.862,0.244,0.674,0.675,0.096,0.928,0.187,0.707,0.488,0.919,0.062,0.157,0.911,0.414,0.03,0.821,0.165,0.611,0.23,0.432,0.093,0.892,0.524,0.93,0.927,0.426,0.547,0.267,0.558,0.634,0.279,0.739,0.365,0.273
1.0,0.762,0.446,0.028,0.371,0.296,0.611,0.705,0.222,0.987,0.381,0.079,0.52,0.952,0.083,0.337,0.976,0.842,0.898,0.564,0.375,0.035,0.293,0.417,0.575,0.081,0.34,0.541,0.381,0.635,0.723,0.655,0.979,0.478,0.695,0.723,0.655,0.257,0.473,0.831,0.241
0.0,0.868,0.45,0.219,0.527,0.782,0.147,0.886,0.68,0.369,0.24,0.514,0.87,0.045,0.644,0.272,0.278,0.702,0.816,0.496,0.376,0.247,0.881,0.283,0.172,0.252,0.256,0.23,0.891,0.306,0.159,0.423,0.252,0.77,0.415,0.465,0.16,0.949,0.368,0.666,0.825
0.0,0.47,0.582,0.423,0.97,0.029,0.703,0.274,0.285,0.674,0.648,0.66,0.891,0.945,0.904,0.146,0.39,0.767,0.117,0.781,0.591,0.143,0.704,0.589,0.056,0.936,0.718,0.926,0.566,0.407,0.387,0.114,0.37,0.723,0.193,0.962,0.875,0.21,0.557,0.933,0.132
0.0,0.896,0.151,0.406,0.221,0.024,0.797,0.636,0.651,0.566,0.023,0.595,0.259,0.134,0.373,0.307,0.138,0.859,0.166,0.684,0.563,0.544,0.961,0.855,0.452,0.649,0.039,0.975,0.803,0.731,0.619,0.09,0.05,0.727,0.094,0.86,0.961,0.764,0.615,0.561,0.034
0.0,0.616,0.622,0.066,0.789,0.132,0.293,0.455,0.869,0.779,0.497,0.385,0.247,0.438,0.184,0.978,0.657,0.055,0.308,0.642,0.618,0.352,0.945,0.985,0.968,0.157,0.337,0.794,0.664,0.382,0.349,0.158,0.173,0.582,0.827,0.293,0.118,0.857,0.67,0.317,0.67
0.0,0.161,0.608,0.226,0.955,0.531,0.955,0.707,0.22,0.608,0.055,0.667,0.954,0.988,0.546,0.12,0.153,0.113,0.407,0.046,0.097,0.762,0.353,0.439,0.539,0.094,0.268,0.995,0.34,0.885,0.684,0.35,0.313,0.658,0.599,0.523,0.291,0.831,0.401,0.293,0.279
0.0,0.412,0.072,0.382,0.224,0.788,0.144,0.37,0.655,0.39,0.376,0.663,0.85,0.503,0.604,0.483,0.023,0.894,0.65,0.266,0.576,0.549,0.474,0.284,0.324,0.667,0.361,0.794,0.914,0.036,0.959,0.755,0.767,0.489,0.204,0.769,0.652,0.461,0.957,0.502,0.425
1.0,0.747,0.928,0.487,0.046,0.174,0.955,0.983,0.474,0.909,0.047,0.458,0.163,0.412,0.491,0.22,0.626,0.665,0.774,0.67,0.484,0.127,0.877,0.435,0.117,0.142,0.76,0.064,0.833,0.853,0.351,0.307,0.891,0.887,0.161,0.402,0.28,0.383,0.367,0.446,0.659
1.0,0.006,0.401,0.772,0.058,0.276,0.062,0.262,0.339,0.9,0.794,0.345,0.592,0.195,0.187,0.146,0.142,0.921,0.691,0.762,0.646,0.032,0.068,0.694,0.483,0.313,0.767,0.265,0.396,0.455,0.595,0.559,0.587,0.685,0.075,0.52,0.116,0.266,0.902,0.088,0.239
1.0,0.401,0.754,0.968,0.304,0.236,0.555,0.46,0.712,0.403,0.011,0.021,0.597,0.521,0.641,0.996,0.325,0.96,0.665,0.208,0.679,0.922,0.148,0.104,0.131,0.899,0.258,0.53,0.487,0.406,0.37,0.179,0.061,0.724,0.771,0.192,0.315,0.718,0.703,0.292,0.788
0.0,0.322,0.826,0.391,0.139,0.538,0.757,0.21,0.248,0.25,0.389,0.397,0.666,0.624,0.758,0.967,0.241,0.742,0.631,0.705,0.314,0.192,0.658,0.787,0.628,0.567,0.08,0.43,0.206,0.127,0.812,0.457,0.526,0.641,0.219,0.385,0.708,0.371,0.429,0.446,0.284
0.0,0.451,0.526,0.137,0.559,0.332,0.451,0.544,0.652,0.469,0.734,0.848,0.648,0.225,0.859,0.408,0.029,0.686,0.888,0.459,0.545,0.483,0.623,0.945,0.006,0.622,0.569,0.996,0.54,0.941,0.925,0.059,0.545,0.315,0.857,0.431,0.157,0.446,0.955,0.047,0.176
0.0,0.455,0.267,0.384,0.691,0.972,0.107,0.967,0.638,0.335,0.477,0.38,0.081,0.793,0.562,0.196,0.624,0.548,0.009,0.13,0.25,0.818,0.294,0.845,0.802,0.808,0.638,0.841,0.659,0.645,0.378,0.376,0.703,0.5,0.895,0.011,0.709,0.129,0.671,0.313,0.272
1.0,0.028,0.371,0.809,0.102,0.628,0.076,0.243,0.269,0.785,0.541,0.021,0.894,0.872,0.151,0.838,0.967,0.004,0.653,0.485,0.638,0.284,0.15,0.051,0.969,0.969,0.298,0.486,0.48,0.787,0.117,0.301,0.385,0.074,0.264,0.417,0.795,0.95,0.6,0.364,0.034
1.0,0.885,0.539,0.326,0.858,0.429,0.546,0.569,0.432,0.932,0.42,0.004,0.15,0.677,0.125,0.012,0.727,0.269,0.085,0.946,0.914,0.667,0.75,0.276,0.601,0.286,0.672,0.475,0.659,0.862,0.21,0.826,0.096,0.346,0.137,0.948,0.31,0.593,0.944,0.626,0.685
0.0,0.896,0.24,0.411,0.44,0.903,0.888,0.128,0.327,0.227,0.156,0.254,0.257,0.631,0.495,0.711,0.754,0.379,0.921,0.226,0.405,0.538,0.224,0.029,0.681,0.488,0.996,0.444,0.12,0.288,0.041,0.91,0.826,0.224,0.927,0.189,0.959,0.312,0.661,0.111,0.798
1.0,0.695,0.183,0.472,0.227,0.147,0.225,0.161,0.77,0.131,0.261,0.478,0.283,0.543,0.929,0.731,0.891,0.049,0.653,0.619,0.029,0.432,0.952,0.133,0.638,0.689,0.287,0.35,0.781,0.411,0.031,0.126,0.342,0.698,0.258,0.255,0.737,0.427,0.621,0.06,0.732
1.0,0.387,0.563,0.138,0.579,0.689,0.92,0.999,0.478,0.648,0.63,0.393,0.345,0.728,0.021,0.153,0.995,0.618,0.182,0.095,0.447,0.255,0.814,0.045,0.186,0.372,0.338,0.705,0.799,0.512,0.082,0.891,0.824,0.831,0.13,0.954,0.115,0.344,0.67,0.481,0.243
0.0,0.146,0.216,0.725,0.134,0.212,0.851,0.308,0.596,0.645,0.874,0.854,0.891,0.14,0.926,0.465,0.956,0.021,0.05,0.046,0.727,0.958,0.433,0.031,0.422,0.404,0.464,0.409,0.751,0.851,0.618,0.137,0.334,0.033,0.29,0.914,0.104,0.93,0.793,0.167,0.765
0.0,0.659,0.646,0.091,0.327,0.987,0.706,0.521,0.735,0.21,0.019,0.174,0.61,0.227,0.381,0.138,0.865,0.157,0.267,0.415,0.822,0.216,0.551,0.04,0.163,0.245,0.735,0.999,0.127,0.723,0.007,0.71,0.823,0.11,0.273,0.965,0.826,0.386,0.249,0.443,0.762
1.0,0.764,0.952,0.941,0.117,0.636,0.634,0.315,0.734,0.06,0.276,0.51,0.312,0.098,0.793,0.32,0.888,0.514,0.153,0.249,0.28,0.579,0.876,0.46,0.975,0.218,0.02,0.805,0.011,0.129,0.408,0.311,0.274,0.492,0.831,0.192,0.732,0.366,0.58,0.661,0.362
1.0,0.003,0.454,0.511,0.135,0.155,0.016,0.323,0.08,0.129,0.566,0.852,0.277,0.83,0.995,0.638,0.702,0.24,0.332,0.778,0.779,0.583,0.464,0.259,0.022,0.304,0.564,0.026,0.04,0.846,0.41,0.241,0.499,0.514,0.584,0.137,0.705,0.247,0.781,0.134,0.88
0.0,0.188,0.72,0.625,0.318,0.375,0.62,0.228,0.09,0.357,0.195,0.862,0.292,0.622,0.115,0.411,0.609,0.098,0.737,0.06,0.816,0.091,0.44,0.425,0.784,0.947,0.038,0.899,0.327,0.957,0.448,0.806,0.581,0.208,0.754,0.986,0.031,0.245,0.558,0.789,0.867
0.0,0.418,0.136,0.274,0.211,0.87,0.362,0.143,0.838,0.333,0.368,0.665,0.75,0.082,0.779,0.945,0.379,0.031,0.117,0.489,0.569,0.556,0.915,0.123,0.237,0.304,0.883,0.169,0.421,0.528,0.523,0.46,0.853,0.781,0.196,0.759,0.161,0.305,0.535,0.155,0.933
0.0,0.358,0.43,0.424,0.233,0.143,0.897,0.667,0.084,0.58,0.979,0.683,0.251,0.626,0.003,0.691,0.887,0.841,0.81,0.282,0.062,0.536,0.951,0.053,0.846,0.959,0.991,0.196,0.695,0.169,0.992,0.284,0.507,0.787,0.831,0.712,0.131,0.584,0.142,0.279,0.679
0.0,0.295,0.334,0.806,0.089,0.876,0.027,0.728,0.251,0.573,0.557,0.183,0.403,0.424,0.866,0.638,0.436,0.657,0.583,0.27,0.492,0.306,0.615,0.161,0.872,0.733,0.49,0.504,0.589,0.965,0.679,0.66,0.571,0.455,0.926,0.286,0.259,0.564,0.222,0.517,0.592
0.0,0.786,0.636,0.325,0.939,0.784,0.914,0.219,0.492,0.087,0.527,0.158,0.827,0.076,0.272,0.121,0.646,0.028,0.745,0.919,0.186,0.149,0.677,0.249,0.711,0.271,0.389,0.385,0.232,0.427,0.386,0.679,0.693,0.217,0.541,0.54,0.544,0.863,0.175,0.042,0.145
1.0,0.776,0.33,0.269,0.94,0.512,0.424,0.121,0.007,0.719,0.341,0.567,0.172,0.844,0.085,0.777,0.705,0.454,0.247,0.825,0.277,0.209,0.128,0.023,0.307,0.778,0.918,0.155,0.654,0.109,0.861,0.087,0.339,0.827,0.179,0.442,0.386,0.185,0.818,0.088,0.167
1.0,0.902,0.068,0.775,0.361,0.486,0.316,0.872,0.167,0.699,0.686,0.315,0.541,0.246,0.135,0.378,0.629,0.86,0.751,0.889,0.68,0.492,0.991,0.547,0.471,0.229,0.791,0.009,0.995,0.393,0.318,0.458,0.156,0.362,0.463,0.308,0.772,0.69,0.879,0.779,0.66
1.0,0.075,0.619,0.405,0.356,0.826,0.856,0.048,0.355,0.974,0.93,0.422,0.602,0.009,0.989,0.611,0.187,0.792,0.896,0.179,0.455,0.535,0.938,0.148,0.509,0.754,0.584,0.709,0.371,0.706,0.515,0.719,0.122,0.178,0.366,0.861,0.332,0.767,0.145,0.799,0.038
1.0,0.087,0.745,0.098,0.72,0.59,0.383,0.781,0.73,0.117,0.22,0.026,0.601,0.129,0.149,0.55,0.122,0.963,0.098,1.0,0.257,0.581,0.473,0.32,0.406,0.789,0.928,0.783,0.472,0.766,0.33,0.357,0.347,0.236,0.688,0.056,0.702,0.077,0.891,0.073,0.143
0.0,0.564,0.859,0.205,0.658,0.951,0.367,0.697,0.332,0.358,0.022,0.565,0.9,0.81,0.917,0.348,0.142,0.348,0.742,0.796,0.775,0.345,0.295,0.624,0.551,0.47,0.66,0.137,0.878,0.51,0.26,0.886,0.118,0.444,0.709,0.763,0.191,0.95,0.672,0.05,0.516
0.0,0.001,0.131,0.32,0.939,0.228,0.532,0.645,0.281,0.341,0.108,0.784,0.782,0.472,0.514,0.97,0.108,0.089,0.13,0.37,0.523,0.037,0.486,0.296,0.254,0.597,0.359,0.571,0.79,0.619,0.311,0.888,0.47,0.657,0.632,0.584,0.207,0.274,0.698,0.014,0.235
1.0,0.446,0.321,0.052,0.809,0.32,0.506,0.758,0.539,0.463,0.493,0.172,0.499,0.584,0.548,0.477,0.853,0.409,0.24,0.421,0.336,0.163,0.775,0.654,0.78,0.437,0.271,0.747,0.387,0.75,0.855,0.301,0.741,0.719,0.17,0.233,0.281,0.937,0.323,0.468,0.354
0.0,0.859,0.247,0.682,0.437,0.86,0.492,0.768,0.787,0.423,0.863,0.658,0.211,0.375,0.522,0.563,0.425,0.595,0.432,0.406,0.683,0.029,0.377,0.638,0.381,0.071,0.669,0.656,0.558,0.813,0.718,0.844,0.904,0.291,0.84,0.801,0.165,0.944,0.638,0.949,0.26
0.0,0.424,0.786,0.958,0.079,0.941,0.086,0.865,0.369,0.57,0.861,0.692,0.261,0.207,0.211,0.408,0.654,0.55,0.058,0.045,0.338,0.541,0.79,0.467,0.74,0.009,0.231,0.843,0.29,0.392,0.196,0.001,0.512,0.273,0.041,0.672,0.255,0.269,0.816,0.658,0.307
0.0,0.54,0.825,0.283,0.551,0.438,0.799,0.339,0.512,0.792,0.777,0.844,0.218,0.1,0.967,0.976,0.293,0.772,0.839,0.941,0.868,0.124,0.619,0.818,0.63,0.433,0.201,0.612,0.687,0.246,0.532,0.598,0.306,0.335,0.214,0.046,0.98,0.668,0.616,0.074,0.649
1.0,0.659,0.591,0.546,0.343,0.298,0.036,0.968,0.107,0.419,0.914,0.307,0.197,0.357,0.306,0.553,0.718,0.844,0.148,0.672,0.174,0.37,0.292,0.47,0.725,0.439,0.5,0.563,0.197,0.915,0.652,0.042,0.692,0.347,0.014,0.849,0.617,0.012,0.901,0.688,0.197
0.0,0.272,0.082,0.937,0.158,0.395,0.654,0.297,0.805,0.218,0.565,0.88,0.978,0.581,0.576,0.576,0.101,0.818,0.014,0.671,0.922,0.315,0.093,0.234,0.192,0.085,0.535,0.357,0.992,0.482,0.932,0.716,0.531,0.466,0.656,0.688,0.146,0.644,0.534,0.287,0.524
1.0,0.506,0.77,0.689,0.228,0.365,0.868,0.412,0.831,0.317,0.019,0.173,0.28,0.114,0.349,0.269,0.226,0.874,0.597,0.102,0.432,0.845,0.243,0.753,0.635,0.098,0.421,0.532,0.132,0.035,0.981,0.632,0.692,0.774,0.246,0.592,0.379,0.382,0.499,0.622,0.869
1.0,0.449,0.789,0.617,0.193,0.334,0.842,0.379,0.737,0.288,0.346,0.507,0.214,0.832,0.149,0.718,0.412,0.346,0.311,0.256,0.808,0.488,0.355,0.706,0.276,0.382,0.536,0.229,0.798,0.742,0.589,0.195,0.77,0.789,0.485,0.606,0.657,0.625,0.864,0.197,0.805
0.0,0.085,0.162,0.693,0.718,0.684,0.439,0.22,0.837,0.701,0.481,0.84,0.899,0.896,0.507,0.091,0.053,0.477,0.551,0.634,0.275,0.405,0.155,0.808,0.476,0.098,0.171,0.799,0.817,0.65,0.848,0.389,0.156,0.484,0.285,0.725,0.611,0.067,0.572,0.982,0.55
0.0,0.39,0.399,0.842,0.971,0.227,0.39,0.844,0.444,0.654,0.098,0.764,0.289,0.619,0.672,0.359,0.843,0.782,0.336,0.238,0.254,0.364,0.666,0.206,0.851,0.719,0.622,0.648,0.196,0.398,0.023,0.429,0.209,0.774,0.626,0.435,0.492,0.351,0.495,0.764,0.263
1.0,0.802,0.078,0.12,0.394,0.492,0.147,0.888,0.41,0.675,0.9,0.189,0.664,0.491,0.136,0.884,0.948,0.421,0.757,0.048,0.267,0.616,0.776,0.163,0.654,0.801,0.554,0.733,0.066,0.11,0.394,0.797,0.119,0.094,0.005,0.201,0.39,0.614,0.307,0.58,0.79
1.0,0.093,0.172,0.953,0.534,0.075,0.417,0.407,0.439,0.733,0.65,0.135,0.279,0.437,0.272,0.107,0.322,0.256,0.623,0.18,0.002,0.715,0.676,0.359,0.643,0.363,0.304,0.186,0.981,0.881,0.338,0.469,0.943,0.852,0.293,0.58,0.228,0.572,0.063,0.454,0.041
1.0,0.517,0.99,0.684,0.745,0.788,0.446,0.172,0.548,0.47,0.798,0.912,0.512,0.856,0.396,0.704,0.199,0.241,0.793,0.587,0.17,0.227,0.957,0.292,0.705,0.272,0.314,0.943,0.69,0.094,0.837,0.783,0.257,0.005,0.949,0.398,0.418,0.557,0.655,0.01,0.483
1.0,0.235,0.607,0.984,0.773,0.369,0.875,0.962,0.506,0.04,0.196,0.987,0.389,0.887,0.526,0.994,0.882,0.075,0.876,0.018,0.641,0.095,0.41,0.73,0.08,0.454,0.426,0.589,0.082,0.134,0.955,0.623,0.939,0.733,0.445,0.802,0.624,0.468,0.333,0.444,0.193
1.0,0.39,0.432,0.277,0.862,0.666,0.386,0.412,0.422,0.315,0.888,0.343,0.967,0.218,0.41,0.396,0.087,0.211,0.687,0.78,0.63,0.815,0.989,0.091,0.322,0.904,0.587,0.102,0.217,0.56,0.13,0.247,0.651,0.765,0.239,0.316,0.512,0.722,0.35,0.741,0.012
1.0,0.626,0.978,0.708,0.631,0.791,0.802,0.853,0.152,0.22,0.982,0.314,0.261,0.008,0.177,0.441,0.648,0.83,0.426,0.368,0.687,0.673,0.717,0.333,0.239,0.051,0.051,0.004,0.969,0.365,0.906,0.322,0.97,0.786,0.243,0.671,0.856,0.9,0.837,0.592,0.535
1.0,0.261,0.054,0.729,0.027,0.793,0.97,0.343,0.972,0.083,0.951,0.514,0.52,0.685,0.66,0.785,0.18,0.545,0.698,0.572,0.695,0.184,0.639,0.418,0.712,0.367,0.754,0.69,0.114,0.803,0.749,0.396,0.529,0.488,0.47,0.184,0.363,0.502,0.263,0.63,0.504
1.0,0.415,0.932,0.11,0.435,0.145,0.385,0.139,0.631,0.046,0.142,0.967,0.18,0.064,0.117,0.808,0.13,0.643,0.371,0.326,0.035,0.629,0.096,0.726,0.645,0.806,0.273,0.369,0.363,0.991,0.889,0.124,0.259,0.947,0.198,0.182,0.209,0.274,0.442,0.841,0.369
0.0,0.29,0.036,0.438,0.518,0.847,0.587,0.273,0.913,0.994,0.857,0.91,0.8,0.35,0.209,0.29,0.795,0.106,0.236,0.173,0.478,0.504,0.101,0.326,0.458,0.419,0.03,0.932,0.583,0.23,0.976,0.681,0.15,0.715,0.623,0.364,0.429,0.946,0.794,0.245,0.508
0.0,0.096,0.167,0.039,0.664,0.05,0.886,0.735,0.527,0.529,0.578,0.23,0.384,0.245,0.175,0.203,0.79,0.342,0.293,0.615,0.586,0.282,0.379,0.904,0.062,0.913,0.77,0.935,0.856,0.312,0.549,0.724,0.222,0.431,0.386,0.437,0.266,0.196,0.417,0.306,0.048
1.0,0.883,0.622,0.212,0.15,0.675,0.994,0.029,0.314,0.769,0.393,0.863,0.176,0.71,0.685,0.554,0.54,0.782,0.87,0.852,0.138,0.104,0.854,0.578,0.618,0.861,0.688,0.592,0.369,0.606,0.207,0.057,0.206,0.342,0.353,0.335,0.85,0.634,0.293,0.406,0.582
1.0,0.237,0.786,0.645,0.129,0.601,0.851,0.849,0.177,0.273,0.89,0.868,0.644,0.084,0.966,0.845,0.657,0.25,0.411,0.215,0.965,0.894,0.495,0.648,0.023,0.454,0.5,0.651,0.026,0.247,0.091,0.467,0.228,0.124,0.493,0.394,0.536,0.37,0.165,0.202,0.758
1.0,0.46,0.667,0.509,0.504,0.204,0.159,0.495,0.725,0.562,0.004,0.084,0.574,0.695,0.337,0.643,0.284,0.423,0.19,0.3,0.556,0.878,0.524,0.327,0.692,0.789,0.948,0.533,0.006,0.459,0.764,0.428,0.007,0.035,0.064,0.328,0.013,0.826,0.913,0.358,0.871
1.0,0.61,0.421,0.407,0.21,0.457,0.291,0.317,0.113,0.182,0.803,0.194,0.591,0.814,0.004,0.163,0.752,0.549,0.987,0.062,0.808,0.083,0.354,0.661,0.678,0.511,0.871,0.293,0.206,0.482,0.47,0.513,0.616,0.289,0.172,0.263,0.375,0.131,0.691,0.681,0.224
0.0,0.218,0.368,0.02,0.131,0.111,0.264,0.468,0.496,0.813,0.556,0.537,0.88,0.767,0.403,0.266,0.898,0.319,0.644,0.511,0.424,0.382,0.58,0.781,0.934,0.526,0.771,0.398,0.978,0.097,0.116,0.003,0.669,0.018,0.276,0.69,0.233,0.132,0.312,0.062,0.141
1.0,0.701,0.293,0.429,0.446,0.297,0.838,0.169,0.036,0.238,0.71,0.69,0.292,0.417,0.286,0.073,0.421,0.224,0.892,0.016,0.672,0.237,0.696,0.509,0.81,0.382,0.864,0.088,0.678,0.415,0.79,0.283,0.964,0.352,0.097,0.978,0.687,0.244,0.486,0.838,0.635
1.0,0.096,0.179,0.472,0.577,0.393,0.066,0.046,0.139,0.281,0.592,0.177,0.721,0.839,0.369,0.368,0.371,0.833,0.573,0.016,0.645,0.146,0.102,0.237,0.251,0.935,0.136,0.699,0.607,0.675,0.015,0.412,0.892,0.454,0.549,0.584,0.922,0.708,0.498,0.594,0.296
1.0,0.681,0.871,0.11,0.912,0.595,0.942,0.792,0.222,0.609,0.973,0.177,0.416,0.58,0.417,0.897,0.961,0.128,0.787,0.951,0.704,0.06,0.372,0.419,0.868,0.503,0.76,0.968,0.634,0.835,0.844,0.617,0.227,0.819,0.621,0.666,0.671,0.06,0.146,0.387,0.25
0.0,0.26,0.461,0.986,0.7,0.693,0.333,0.056,0.931,0.763,0.613,0.855,0.954,0.35,0.83,0.61,0.551,0.929,0.627,0.961,0.821,0.747,0.481,0.346,0.395,0.6,0.233,0.465,0.163,0.185,0.622,0.187,0.518,0.229,0.765,0.276,0.57,0.988,0.558,0.082,0.781
1.0,0.639,0.046,0.734,0.439,0.717,0.906,0.208,0.07,0.149,0.513,0.123,0.703,0.167,0.132,0.665,0.153,0.228,0.326,0.233,0.282,0.241,0.566,0.651,0.912,0.596,0.15,0.878,0.559,0.606,0.865,0.148,0.804,0.633,0.228,0.258,0.495,0.337,0.712,0.206,0.215
1.0,0.637,0.814,0.477,0.282,0.828,0.603,0.115,0.228,0.099,0.076,0.464,0.141,0.657,0.083,0.951,0.502,0.924,0.267,0.21,0.558,0.068,0.482,0.479,0.837,0.245,0.55,0.869,0.268,0.167,0.995,0.304,0.835,0.022,0.597,0.623,0.421,0.258,0.006,0.675,0.397
1.0,0.58,0.989,0.78,0.397,0.697,0.577,0.161,0.495,0.301,0.223,0.247,0.199,0.574,0.539,0.149,0.297,0.309,0.068,0.303,0.198,0.744,0.227,0.385,0.518,0.056,0.751,0.27,0.354,0.691,0.103,0.659,0.729,0.097,0.116,0.954,0.119,0.953,0.682,0.223,0.942
1.0,0.312,0.474,0.032,0.129,0.288,0.458,0.385,0.052,0.674,0.179,0.939,0.083,0.967,0.857,0.479,0.942,0.731,0.857,0.352,0.96,0.493,0.113,0.636,0.233,0.18,0.817,0.824,0.036,0.75,0.432,0.602,0.267,0.047,0.226,0.289,0.406,0.39,0.343,0.777,0.861
0.0,0.726,0.782,0.91,0.096,0.274,0.718,0.589,0.756,0.697,0.468,0.394,0.105,0.637,0.161,0.289,0.48,0.56,0.086,0.266,0.601,0.898,0.793,0.929,0.358,0.329,0.474,0.443,0.614,0.841,0.489,0.569,0.313,0.049,0.151,0.764,0.298,0.458,0.26,0.648,0.877
1.0,0.228,0.578,0.672,0.592,0.607,0.726,0.943,0.462,0.211,0.412,0.031,0.577,0.043,0.553,0.678,0.223,0.94,0.787,0.916,0.034,0.896,0.103,0.194,0.6,0.309,0.581,0.128,0.445,0.663,0.062,0.398,0.86,0.142,0.96,0.933,0.519,0.797,0.955,0.215,0.969
0.0,0.653,0.573,0.81,0.799,0.899,0.941,0.87,0.752,0.411,0.201,0.571,0.16,0.228,0.744,0.658,0.496,0.222,0.2,0.326,0.313,0.413,0.122,0.936,0.948,0.509,0.083,0.829,0.353,0.976,0.685,0.673,0.214,0.881,0.034,0.466,0.299,0.083,0.778,0.078,0.931
0.0,0.443,0.422,0.41,0.036,0.466,0.496,0.723,0.779,0.206,0.037,0.305,0.888,0.059,0.937,0.195,0.116,0.047,0.538,0.605,0.158,0.058,0.546,0.009,0.86,0.592,0.726,0.103,0.235,0.231,0.574,0.134,0.835,0.599,0.677,0.695,0.346,0.632,0.531,0.32,0.24
0.0,0.033,0.945,0.782,0.835,0.77,0.117,0.823,0.413,0.162,0.961,0.119,0.848,0.907,0.01,0.329,0.382,0.09,0.588,0.771,0.017,0.809,0.768,0.035,0.548,0.87,0.713,0.077,0.346,0.016,0.394,0.031,0.682,0.893,0.685,0.44,0.81,0.601,0.432,0.605,0.789
1.0,0.164,0.549,0.365,0.682,0.516,0.488,0.643,0.591,0.213,0.352,0.799,0.293,0.362,0.117,0.652,0.648,0.449,0.021,0.531,0.709,0.198,0.991,0.191,0.337,0.138,0.445,0.606,0.724,0.091,0.646,0.106,0.29,0.779,0.169,0.749,0.408,0.58,0.617,0.789,0.589
1.0,0.044,0.221,0.386,0.321,0.299,0.726,0.709,0.425,0.808,0.323,0.517,0.594,0.591,0.012,0.675,0.517,0.798,0.854,0.705,0.76,0.464,0.661,0.059,0.9,0.926,0.958,0.273,0.378,0.253,0.978,0.88,0.677,0.231,0.28,0.584,0.807,0.101,0.466,0.279,0.429
0.0,0.823,0.954,0.285,0.8,0.193,0.257,0.38,0.28,0.968,0.5,0.563,0.998,0.954,0.643,0.39,0.337,0.139,0.05,0.731,0.655,0.383,0.138,0.426,0.08,0.721,0.099,0.373,0.794,0.809,0.965,0.089,0.376,0.878,0.298,0.782,0.43,0.256,0.161,0.945,0.767
1.0,0.173,0.684,0.335,0.979,0.233,0.77,0.477,0.238,0.234,0.885,0.969,0.754,0.414,0.243,0.766,0.522,0.071,0.435,0.725,0.665,0.273,0.875,0.253,0.534,0.188,0.74,0.589,0.361,0.025,0.151,0.337,0.973,0.022,0.513,0.488,0.848,0.731,0.891,0.959,0.254
1.0,0.76,0.254,0.256,0.358,0.568,0.652,0.533,0.497,0.956,0.164,0.933,0.117,0.406,0.365,0.514,0.516,0.012,0.333,0.835,0.536,0.046,0.417,0.624,0.595,0.355,0.911,0.684,0.701,0.503,0.206,0.209,0.217,0.784,0.865,0.871,0.719,0.703,0.31,0.904,0.232
0.0,0.828,0.735,0.361,0.538,0.348,0.898,0.746,0.493,0.785,0.798,0.841,0.018,1.0,0.83,0.995,0.521,0.177,0.358,0.652,0.211,0.598,0.741,0.792,0.619,0.501,0.692,0.901,0.423,0.568,0.821,0.008,0.247,0.183,0.241,0.121,0.104,0.062,0.941,0.521,0.878
0.0,0.034,0.786,0.985,0.74,0.873,0.759,0.44,0.885,0.558,0.311,0.239,0.388,0.054,0.836,0.32,0.43,0.69,0.23,0.489,0.507,0.398,0.062,0.002,0.354,0.68,0.891,0.633,0.975,0.697,0.197,0.205,0.491,0.988,0.471,0.587,0.628,0.969,0.506,0.655,0.881
1.0,0.22,0.048,0.992,0.722,0.752,0.383,0.912,0.448,0.537,0.809,0.403,0.595,0.145,0.83,0.8,0.157,0.784,0.415,0.829,0.645,0.765,0.836,0.352,0.957,0.372,0.42,0.845,0.071,0.55,0.902,0.764,0.905,0.934,0.912,0.285,0.424,0.792,0.078,0.376,0.079
1.0,0.009,0.678,0.122,0.664,0.539,0.814,0.621,0.808,0.207,0.536,0.691,0.421,0.426,0.93,0.651,0.273,0.489,0.771,0.086,0.116,0.948,0.818,0.172,0.638,0.904,0.296,0.645,0.031,0.677,0.111,0.101,0.206,0.702,0.591,0.957,0.396,0.991,0.766,0.572,0.807
0.0,0.247,0.651,0.896,0.487,0.725,0.946,0.182,0.201,0.736,0.887,0.103,0.936,0.143,0.87,0.219,0.573,0.364,0.466,0.278,0.424,0.032,0.999,0.029,0.038,0.545,0.772,0.278,0.984,0.826,0.506,0.399,0.166,0.775,0.736,0.153,0.171,0.351,0.817,0.511,0.689
1.0,0.559,0.117,0.638,0.165,0.704,0.852,0.843,0.972,0.698,0.23,0.768,0.077,0.114,0.825,0.524,0.052,0.336,0.249,0.895,0.604,0.206,0.766,0.383,0.893,0.417,0.588,0.321,0.491,0.369,0.657,0.635,0.571,0.339,0.163,0.003,0.406,0.646,0.233,0.1,0.562
1.0,0.309,0.373,0.966,0.387,0.375,0.65,0.188,0.14,0.247,0.57,0.712,0.55,0.158,0.092,0.696,0.938,0.077,0.876,0.456,0.447,0.791,0.448,0.664,0.069,0.89,0.849,0.436,0.763,0.873,0.08,0.456,0.59,0.31,0.046,0.364,0.824,0.268,0.301,0.925,0.549
1.0,0.952,0.335,0.658,0.931,0.758,0.643,0.452,0.0,0.97,0.72,0.587,0.867,0.792,0.512,0.889,0.374,0.48,0.542,0.97,0.524,0.118,0.984,0.37,0.614,0.212,0.91,0.907,0.255,0.53,0.998,0.599,0.401,0.754,0.779,0.134,0.219,0.205,0.166,0.32,0.863
1.0,0.563,0.134,0.455,0.826,0.515,0.805,0.494,0.909,0.085,0.774,0.953,0.071,0.167,0.816,0.452,0.537,0.961,0.295,0.429,0.698,0.421,0.785,0.753,0.751,0.285,0.988,0.383,0.024,0.966,0.774,0.03,0.752,0.172,0.409,0.965,0.864,0.486,0.059,0.107,0.145
0.0,0.691,0.03,0.402,0.469,0.871,0.157,0.682,0.058,0.875,0.556,0.139,0.846,0.66,0.528,0.236,0.235,0.149,0.218,0.764,0.111,0.185,0.961,0.508,0.562,0.448,0.582,0.31,0.342,0.607,0.376,0.267,0.661,0.606,0.739,0.221,0.912,0.041,0.879,0.832,0.245
1.0,0.499,0.666,0.283,0.026,0.75,0.016,0.425,0.938,0.273,0.285,0.306,0.161,0.297,0.149,0.295,0.643,0.057,0.574,0.346,0.262,0.995,0.694,0.77,0.005,0.661,0.769,0.128,0.211,0.14,0.045,0.831,0.321,0.166,0.874,0.392,0.76,0.321,0.73,0.375,0.858
0.0,0.002,0.933,0.517,0.509,0.707,0.961,0.7,0.833,0.315,0.232,0.899,0.932,0.728,0.594,0.614,0.151,0.625,0.809,0.868,0.015,0.457,0.355,0.767,0.21,0.22,0.865,0.77,0.346,0.582,0.883,0.388,0.085,0.287,0.965,0.818,0.71,0.837,0.846,0.524,0.409
0.0,0.119,0.521,0.6,0.932,0.133,0.454,0.06,0.081,0.183,0.28,0.079,0.146,0.695,0.203,0.992,0.492,0.212,0.171,0.266,0.414,0.135,0.115,0.813,0.879,0.271,0.283,0.606,0.995,0.563,0.192,0.649,0.233,0.113,0.27,0.452,0.622,0.264,0.438,0.799,0.77
1.0,0.664,0.606,0.638,0.476,0.001,0.046,0.934,0.117,0.604,0.487,0.329,0.741,0.402,0.631,0.915,0.967,0.129,0.613,0.011,0.879,0.265,0.447,0.26,0.096,0.222,0.288,0.043,0.134,0.87,0.669,0.014,0.548,0.215,0.724,0.929,0.448,0.613,0.962,0.581,0.643
1.0,0.954,0.473,0.08,0.349,0.388,0.082,0.98,0.488,0.111,0.954,0.167,0.135,0.374,0.918,0.659,0.471,0.741,0.307,0.56,0.775,0.411,0.142,0.64,0.914,0.849,0.637,0.412,0.425,0.085,0.779,0.247,0.901,0.424,0.95,0.768,0.703,0.631,0.611,0.875,0.983
1.0,0.28,0.364,0.241,0.782,0.457,0.184,0.318,0.693,0.234,0.689,0.29,0.055,0.672,0.407,0.852,0.338,0.499,0.067,0.052,0.422,0.669,0.862,0.102,0.96,0.009,0.215,0.616,0.167,0.155,0.83,0.983,0.825,0.518,0.006,0.486,0.084,0.585,0.74,0.168,0.336
1.0,0.91,0.963,0.759,0.034,0.497,0.767,0.666,0.381,0.191,0.618,0.481,0.259,0.659,0.114,0.893,0.03,0.299,0.359,0.549,0.994,0.29,0.361,0.324,0.161,0.733,0.19,0.416,0.1,0.86,0.48,0.324,0.741,0.575,0.587,0.057,0.632,0.02,0.804,0.839,0.421
1.0,0.27,0.189,0.444,0.748,0.198,0.88,0.794,0.084,0.39,0.76,0.155,0.213,0.725,0.555,0.377,0.692,0.662,0.893,0.68,0.182,0.085,0.029,0.139,0.292,0.583,0.341,0.467,0.996,0.798,0.48,0.249,0.459,0.765,0.333,0.683,0.076,0.506,0.449,0.147,0.167
1.0,0.916,0.204,0.569,0.797,0.045,0.774,0.201,0.044,0.806,0.478,0.55,0.582,0.327,0.098,0.583,0.303,0.683,0.239,0.64,0.168,0.158,0.76,0.353,0.049,0.062,0.536,0.454,0.677,0.025,0.038,0.147,0.978,0.981,0.714,0.531,0.815,0.72,0.742,0.96,0.053
1.0,0.714,0.314,0.13,0.924,0.444,0.594,0.666,0.962,0.468,0.814,0.933,0.64,0.001,0.262,0.449,0.978,0.56,0.508,0.257,0.576,0.255,0.307,0.307,0.951,0.797,0.831,0.223,0.716,0.192,0.137,0.364,0.39,0.654,0.29,0.051,0.948,0.183,0.157,0.852,0.323
1.0,0.95,0.789,0.059,0.244,0.142,0.617,0.454,0.793,0.248,0.205,0.245,0.198,0.264,0.199,0.907,0.733,0.825,0.348,0.503,0.277,0.93,0.525,0.094,0.52,0.292,0.192,0.976,0.208,0.944,0.01,0.195,0.076,0.953,0.783,0.429,0.877,0.215,0.723,0.953,0.839
1.0,0.688,0.259,0.331,0.535,0.319,0.35,0.685,0.875,0.338,0.826,0.471,0.662,0.823,0.419,0.82,0.789,0.748,0.776,0.111,0.778,0.505,0.577,0.58,0.539,0.686,0.725,0.977,0.662,0.889,0.656,0.866,0.518,0.775,0.05,0.061,0.218,0.16,0.16,0.93,0.945
1.0,0.512,0.052,0.693,0.752,0.008,0.198,0.299,0.194,0.147,0.577,0.543,0.467,0.055,0.264,0.748,0.656,0.804,0.073,0.45,0.617,0.832,0.807,0.718,0.707,0.587,0.179,0.908,0.748,0.536,0.106,0.307,0.835,0.938,0.65,0.368,0.575,0.894,0.09,0.543,0.291
1.0,0.68,0.346,0.03,0.45,0.146,0.532,0.126,0.046,0.456,0.759,0.55,0.513,0.945,0.388,0.128,0.269,0.578,0.86,0.708,0.524,0.865,0.293,0.226,0.168,0.156,0.463,0.194,0.424,0.24,0.674,0.232,0.804,0.814,0.213,0.938,0.488,0.445,0.835,0.987,0.45
1.0,0.32,0.685,0.671,0.265,0.202,0.038,0.424,0.989,0.978,0.132,0.601,0.594,0.328,0.986,0.736,0.037,0.339,0.028,0.363,0.609,0.369,0.689,0.377,0.902,0.017,0.799,0.235,0.844,0.577,0.763,0.8,0.046,0.271,0.171,0.758,0.415,0.487,0.797,0.79,0.434
1.0,0.744,0.846,0.495,0.274,0.759,0.992,0.795,0.289,0.352,0.814,0.61,0.614,0.438,0.957,0.239,0.259,0.249,0.918,0.424,0.995,0.444,0.721,0.026,0.958,0.31,0.394,0.17,0.917,0.69,0.961,0.112,0.156,0.405,0.412,0.935,0.128,0.177,0.981,0.029,0.844
1.0,0.846,0.147,0.401,0.016,0.074,0.592,0.074,0.742,0.102,0.295,0.811,0.279,0.507,0.926,0.788,0.806,0.586,0.242,0.949,0.267,0.885,0.743,0.335,0.491,0.155,0.908,0.514,0.5,0.685,0.218,0.36,0.035,0.278,0.971,0.61,0.933,0.64,0.245,0.123,0.464
1.0,0.705,0.061,0.874,0.134,0.219,0.757,0.156,0.508,0.992,0.139,0.2,0.724,0.075,0.963,0.18,0.622,0.401,0.589,0.593,0.368,0.126,0.489,0.685,0.331,0.196,0.093,0.626,0.663,0.683,0.201,0.646,0.926,0.025,0.585,0.109,0.217,0.583,0.181,0.886,0.261
0.0,0.35,0.909,0.495,0.169,0.592,0.98,0.424,0.943,0.586,0.366,0.596,0.795,0.944,0.074,0.561,0.486,0.812,0.361,0.519,0.838,0.098,0.807,0.447,0.46,0.609,0.717,0.685,0.928,0.725,0.072,0.375,0.271,0.887,0.219,0.653,0.395,0.512,0.313,0.368,0.887
1.0,0.007,0.705,0.738,0.057,0.414,0.456,0.539,0.224,0.326,0.859,0.657,0.648,0.184,0.357,0.583,0.975,0.411,0.415,0.44,0.087,0.735,0.723,0.104,0.906,0.782,0.681,0.229,0.092,0.703,0.999,0.855,0.721,0.36,0.669,0.024,0.962,0.354,0.025,0.026,0.246
1.0,0.914,0.87,0.967,0.37,0.479,0.163,0.681,0.666,0.189,0.093,0.22,0.741,0.448,0.689,0.782,0.312,0.36,0.915,0.44,0.816,0.238,0.818,0.14,0.047,0.005,0.082,0.214,0.829,0.477,0.899,0.866,0.029,0.508,0.703,0.246,0.751,0.424,0.408,0.775,0.55
1.0,0.085,0.598,0.24,0.468,0.037,0.62,0.0,0.872,0.98,0.737,0.936,0.661,0.604,0.848,0.377,0.151,0.14,0.641,0.715,0.504,0.933,0.577,0.478,0.373,0.083,0.875,0.712,0.51,0.023,0.708,0.449,0.87,0.253,0.515,0.852,0.324,0.447,0.471,0.911,0.738
1.0,0.953,0.361,0.522,0.633,0.647,0.143,0.192,0.885,0.642,0.15,0.955,0.351,0.911,0.971,0.743,0.635,0.578,0.593,0.387,0.355,0.629,0.248,0.471,0.352,0.916,0.208,0.794,0.282,0.225,0.786,0.807,0.48,0.223,0.571,0.774,0.962,0.138,0.096,0.602,0.804
0.0,0.561,0.915,0.906,0.58,0.976,0.676,0.534,0.76,0.592,0.576,0.546,0.724,0.136,0.127,0.347,0.15,0.658,0.768,0.286,0.559,0.007,0.737,0.427,0.412,0.109,0.445,0.494,0.512,0.385,0.951,0.098,0.834,0.785,0.685,0.043,0.651,0.249,0.94,0.262,0.162
0.0,0.86,0.751,0.388,0.934,0.461,0.692,0.119,0.288,0.648,0.741,0.975,0.668,0.801,0.003,0.934,0.627,0.471,0.339,0.318,0.723,0.677,0.556,0.847,0.497,0.809,0.752,0.767,0.983,0.254,0.163,0.397,0.055,0.097,0.109,0.521,0.906,0.316,0.785,0.047,0.197
0.0,0.411,0.527,0.031,0.228,0.646,0.571,0.031,0.555,0.957,0.832,0.446,0.771,0.44,0.272,0.076,0.326,0.666,0.102,0.979,0.35,0.949,0.104,0.099,0.895,0.431,0.906,0.905,0.513,0.531,0.35,0.711,0.716,0.348,0.537,0.649,0.202,0.325,0.807,0.71,0.809
0.0,0.789,0.804,0.047,0.324,0.031,0.73,0.642,0.231,0.627,0.174,0.757,0.072,0.274,0.659,0.284,0.902,0.407,0.029,0.985,0.641,0.62,0.335,0.895,0.926,0.94,0.058,0.145,0.35,0.545,0.262,0.974,0.42,0.913,0.033,0.49,0.614,0.715,0.579,0.972,0.671
0.0,0.363,0.479,0.184,0.512,0.906,0.55,0.544,0.668,0.907,0.844,0.067,0.281,0.283,0.146,0.358,0.063,0.072,0.118,0.473,0.272,0.267,0.19,0.806,0.39,0.262,0.387,0.608,0.046,0.656,0.281,0.51,0.122,0.413,0.089,0.632,0.553,0.539,0.474,0.173,0.689
0.0,0.507,0.218,0.344,0.466,0.574,0.34,0.355,0.647,0.105,0.219,0.334,0.285,0.165,0.107,0.762,0.466,0.982,0.821,0.041,0.465,0.018,0.052,0.923,0.81,0.937,0.914,0.848,0.01,0.839,0.42,0.067,0.759,0.127,0.815,0.657,0.795,0.808,0.266,0.723,0.292
1.0,0.345,0.099,0.525,0.489,0.346,0.061,0.375,0.005,0.168,0.5,0.177,0.698,0.556,0.901,0.134,0.482,0.6,0.667,0.445,0.842,0.165,0.706,0.083,0.247,0.422,0.058,0.819,0.525,0.556,0.115,0.098,0.43,0.538,0.239,0.433,0.951,0.209,0.968,0.684,0.418
1.0,0.321,0.733,0.374,0.195,0.765,0.811,0.971,0.754,0.684,0.626,0.126,0.327,0.314,0.677,0.523,0.909,0.96,0.339,0.298,0.934,0.258,0.548,0.309,0.943,0.202,0.889,0.254,0.367,0.241,0.282,0.471,0.616,0.825,0.483,0.854,0.954,0.144,0.159,0.233,0.667
1.0,0.24,0.852,0.82,0.54,0.036,0.569,0.153,0.994,0.532,0.712,0.31,0.731,0.342,0.035,0.05,0.077,0.32,0.245,0.083,0.317,0.519,0.328,0.07,0.372,0.755,0.69,0.008,0.268,0.769,0.773,0.601,0.087,0.031,0.697,0.027,0.713,0.444,0.93,0.635,0.883
0.0,0.815,0.385,0.262,0.999,0.924,0.884,0.185,0.675,0.933,0.076,0.141,0.39,0.531,0.474,0.333,0.485,0.76,0.168,0.112,0.207,0.024,0.067,0.27,0.239,0.325,0.121,0.561,0.416,0.831,0.39,0.429,0.971,0.113,0.497,0.564,0.326,0.984,0.26,0.637,0.772
0.0,0.187,0.475,0.486,0.524,0.007,0.375,0.926,0.612,0.923,0.934,0.202,0.579,0.346,0.126,0.275,0.285,0.422,0.597,0.902,0.483,0.085,0.379,0.995,0.697,0.991,0.444,0.307,0.913,0.901,0.686,0.7,0.463,0.846,0.499,0.867,0.694,0.633,0.596,0.499,0.781
1.0,0.612,0.788,0.494,0.684,0.609,0.364,0.721,0.972,0.34,0.685,0.555,0.368,0.011,0.973,0.278,0.543,0.994,0.183,0.794,0.628,0.794,0.056,0.61,0.971,0.642,0.687,0.508,0.121,0.853,0.526,0.672,0.631,0.413,0.533,0.705,0.708,0.06,0.701,0.796,0.586
1.0,0.961,0.779,0.194,0.744,0.051,0.959,0.465,0.77,0.984,0.39,0.57,0.662,0.958,0.532,0.463,0.749,0.004,0.894,0.834,0.565,0.011,0.37,0.58,0.036,0.039,0.664,0.443,0.774,0.509,0.777,0.55,0.068,0.44,0.398,0.979,0.524,0.312,0.481,0.595,0.73
0.0,0.28,0.78,0.312,0.455,0.741,0.991,0.813,0.766,0.004,0.315,0.265,0.891,0.252,0.04,0.934,0.664,0.149,0.354,0.802,0.597,0.606,0.07,0.761,0.693,0.681,0.282,0.023,0.5,0.564,0.098,0.668,0.581,0.268,0.575,0.35,0.545,0.644,0.959,0.124,0.888
0.0,0.889,0.872,0.629,0.515,0.87,0.73,0.971,0.51,0.752,0.514,0.042,0.129,0.135,0.253,0.563,0.33,0.228,0.67,0.182,0.632,0.209,0.182,0.842,0.501,0.407,0.539,0.766,0.993,0.175,0.194,0.547,0.55,0.545,0.747,0.405,0.059,0.748,0.008,0.992,0.52
0.0,0.544,0.729,0.196,0.191,0.806,0.524,0.732,0.221,0.895,0.581,0.23,0.638,0.244,0.279,0.812,0.112,0.498,0.372,0.327,0.765,0.161,0.022,0.937,0.016,0.636,0.342,0.1,0.073,0.902,0.861,0.758,0.376,0.015,0.131,0.46,0.111,0.467,0.496,0.998,0.386
1.0,0.255,0.966,0.141,0.547,0.156,0.624,0.585,0.804,0.944,0.857,0.844,0.588,0.118,0.233,0.619,0.508,0.63,0.535,0.043,0.666,0.251,0.088,0.048,0.703,0.696,0.297,0.644,0.021,0.83,0.027,0.83,0.662,0.288,0.12,0.873,0.461,0.339,0.195,0.125,0.798
0.0,0.383,0.557,0.665,0.457,0.815,0.946,0.124,0.021,0.638,0.815,0.663,0.982,0.593,0.399,0.611,0.311,0.273,0.375,0.122,0.717,0.276,0.729,0.108,0.22,0.758,0.92,0.95,0.449,0.764,0.835,0.963,0.956,0.22,0.591,0.708,0.728,0.708,0.318,0.31,0.58
1.0,0.953,0.32,0.344,0.339,0.332,0.57,0.601,0.123,0.493,0.989,0.47,0.672,0.251,0.956,0.994,0.287,0.89,0.229,0.174,0.027,0.071,0.324,0.342,0.7,0.887,0.378,0.237,0.392,0.184,0.773,0.29,0.651,0.785,0.157,0.678,0.595,0.407,0.217,0.015,0.883
0.0,0.45,0.14,0.113,0.223,0.132,0.599,0.902,0.043,0.003,0.311,0.894,0.697,0.79,0.912,0.69,0.497,0.033,0.853,0.19,0.832,0.779,0.66,0.893,0.423,0.306,0.371,0.295,0.273,0.449,0.058,0.663,0.273,0.727,0.366,0.084,0.744,0.738,0.069,0.571,0.621
1.0,0.144,0.097,0.15,0.726,0.048,0.375,0.133,0.333,0.9,0.409,0.753,0.381,0.927,0.019,0.957,0.437,0.685,0.351,0.468,0.222,0.378,0.174,0.584,0.396,0.249,0.012,0.476,0.808,0.389,0.853,0.873,0.596,0.591,0.575,0.35,0.298,0.757,0.906,0.819,0.237
1.0,0.324,0.186,0.9,0.913,0.128,0.03,0.356,0.342,0.237,0.465,0.013,0.041,0.078,0.927,0.411,0.325,0.72,0.899,0.825,0.81,0.556,0.406,0.023,0.925,0.564,0.442,0.19,0.789,0.621,0.519,0.42,0.587,0.754,0.999,0.332,0.349,0.865,0.926,0.118,0.948
1.0,0.245,0.197,0.003,0.709,0.341,0.675,0.056,0.724,0.576,0.606,0.988,0.057,0.523,0.254,0.338,0.905,0.421,0.158,0.13,0.491,0.779,0.024,0.127,0.018,0.704,0.547,0.242,0.292,0.555,0.427,0.996,0.551,0.325,0.304,0.939,0.748,0.685,0.936,0.623,0.16
1.0,0.056,0.946,0.763,0.214,0.215,0.099,0.507,0.138,0.248,0.739,0.003,0.608,0.074,0.672,0.471,0.185,0.726,0.839,0.492,0.893,0.367,0.284,0.294,0.403,0.888,0.422,0.032,0.528,0.615,0.753,0.955,0.302,0.943,0.014,0.04,0.544,0.867,0.1,0.958,0.797
1.0,0.978,0.442,0.651,0.132,0.029,0.35,0.918,0.061,0.184,0.772,0.017,0.46,0.813,0.596,0.999,0.472,0.819,0.604,0.855,0.675,0.436,0.924,0.184,0.498,0.133,0.994,0.665,0.788,0.634,0.429,0.498,0.343,0.012,0.745,0.748,0.797,0.428,0.68,0.234,0.141
0.0,0.813,0.101,0.54,0.302,0.796,0.05,0.707,0.056,0.443,0.964,0.728,0.688,0.749,0.3,0.389,0.418,0.816,0.425,0.36,0.197,0.753,0.512,0.997,0.648,0.859,0.428,0.184,0.301,0.412,0.842,0.248,0.206,0.326,0.867,0.774,0.765,0.959,0.42,0.075,0.045
1.0,0.679,0.107,0.088,0.427,0.213,0.281,0.853,0.045,0.251,0.689,0.504,0.182,0.019,0.73,0.746,0.498,0.851,0.864,0.842,0.29,0.692,0.704,0.122,0.861,0.368,0.822,0.22,0.911,0.056,0.352,0.252,0.333,0.143,0.525,0.135,0.327,0.187,0.991,0.596,0.935
0.0,0.958,0.371,0.196,0.365,0.755,0.436,0.211,0.361,0.61,0.837,0.283,0.236,0.373,0.716,0.06,0.519,0.309,0.756,0.221,0.08,0.849,0.792,0.964,0.683,0.934,0.229,0.067,0.387,0.688,0.352,0.615,0.568,0.817,0.322,0.22,0.908,0.558,0.604,0.618,0.845
0.0,0.132,0.727,0.994,0.38,0.446,0.082,0.578,0.68,0.567,0.92,0.368,0.257,0.691,0.112,0.692,0.081,0.707,0.024,0.395,0.192,0.961,0.416,0.997,0.212,0.814,0.252,0.637,0.981,0.931,0.515,0.4,0.517,0.188,0.686,0.655,0.71,0.81,0.471,0.192,0.514
0.0,0.756,0.792,0.673,0.619,0.941,0.019,0.323,0.593,0.62,0.66,0.588,0.329,0.171,0.001,0.984,0.72,0.01,0.425,0.293,0.572,0.154,0.351,0.993,0.769,0.53,0.346,0.478,0.524,0.51,0.683,0.523,0.154,0.686,0.037,0.494,0.791,0.623,0.482,0.517,0.647
0.0,0.178,0.931,0.041,0.05,0.855,0.844,0.412,0.885,0.294,0.594,0.616,0.553,0.86,0.6,0.135,0.172,0.221,0.391,0.339,0.198,0.833,0.56,0.481,0.83,0.38,0.491,0.175,0.961,0.524,0.667,0.224,0.041,0.347,0.782,0.869,0.871,0.713,0.429,0.29,0.887
0.0,0.904,0.861,0.614,0.662,0.848,0.977,0.854,0.884,0.463,0.574,0.481,0.454,0.851,0.7,0.149,0.771,0.456,0.688,0.019,0.55,0.086,0.94,0.41,0.01,0.309,0.664,0.301,0.703,0.624,0.434,0.412,0.225,0.245,0.517,0.006,0.735,0.783,0.172,0.27,0.646
1.0,0.575,0.9,0.823,0.236,0.966,0.277,0.004,0.284,0.198,0.433,0.667,0.426,0.559,0.382,0.522,0.232,0.863,0.304,0.111,0.706,0.88,0.333,0.393,0.436,0.564,0.142,0.426,0.395,0.793,0.903,0.587,0.133,0.594,0.684,0.233,0.195,0.983,0.452,0.528,0.618
1.0,0.27,0.882,0.012,0.891,0.778,0.155,0.909,0.938,0.357,0.156,0.154,0.087,0.161,0.732,0.636,0.786,0.323,0.427,0.859,0.636,0.202,0.645,0.334,0.928,0.359,0.128,0.363,0.587,0.292,0.536,0.11,0.113,0.838,0.082,0.814,0.337,0.591,0.821,0.8,0.116
1.0,0.868,0.35,0.315,0.168,0.739,0.062,0.383,0.885,0.885,0.977,0.903,0.655,0.725,0.387,0.381,0.502,0.877,0.653,0.684,0.099,0.184,0.166,0.607,0.91,0.311,0.865,0.83,0.163,0.251,0.496,0.494,0.126,0.479,0.66,0.039,0.317,0.191,0.871,0.1,0.42
1.0,0.783,0.812,0.906,0.378,0.779,0.461,0.057,0.967,0.822,0.14,0.807,0.496,0.966,0.983,0.795,0.06,0.901,0.478,0.033,0.64,0.899,0.558,0.173,0.052,0.158,0.76,0.704,0.209,0.36,0.989,0.358,0.112,0.025,0.821,0.144,0.272,0.94,0.83,0.302,0.598
0.0,0.044,0.772,0.434,0.956,0.977,0.118,0.94,0.098,0.856,0.384,0.84,0.619,0.325,0.106,0.543,0.529,0.812,0.167,0.14,0.362,0.06,0.359,0.296,0.731,0.415,0.218,0.318,0.486,0.12,0.551,0.709,0.023,0.961,0.841,0.771,0.559,0.719,0.857,0.386,0.168
1.0,0.151,0.828,0.807,0.681,0.26,0.641,0.257,0.196,0.83,0.013,0.193,0.206,0.167,0.637,0.191,0.484,0.442,0.503,0.877,0.666,0.454,0.547,0.034,0.26,0.204,0.914,0.337,0.79,0.837,0.319,0.077,0.151,0.534,0.103,0.407,0.71,0.426,0.844,0.964,0.602
1.0,0.664,0.754,0.934,0.263,0.32,0.773,0.42,0.529,0.153,0.538,0.681,0.683,0.304,0.738,0.928,0.651,0.894,0.086,0.767,0.251,0.273,0.921,0.13,0.4,0.968,0.246,0.756,0.676,0.408,0.226,0.321,0.719,0.523,0.667,0.9,0.911,0.433,0.99,0.352,0.982
0.0,0.686,0.095,0.19,0.042,0.494,0.381,0.679,0.865,0.375,0.295,0.307,0.427,0.424,0.082,0.78,0.004,0.848,0.325,0.337,0.59,0.455,0.241,0.983,0.336,0.027,0.602,0.406,0.164,0.087,0.787,0.269,0.68,0.313,0.11,0.519,0.085,0.166,0.655,0.19,0.103
1.0,0.701,0.199,0.164,0.831,0.706,0.299,0.479,0.63,0.591,0.793,0.638,0.234,0.414,0.497,0.647,0.006,0.962,0.523,0.536,0.176,0.822,0.907,0.006,0.866,0.905,0.061,0.06,0.598,0.083,0.451,0.256,0.9,0.731,0.667,0.429,0.38,0.599,0.68,0.301,0.209
0.0,0.489,0.994,0.502,0.074,0.201,0.713,0.187,0.719,0.13,0.664,0.385,0.446,0.749,0.696,0.619,0.737,0.187,0.947,0.446,0.457,0.266,0.094,0.887,0.112,0.373,0.495,0.149,0.872,0.906,0.697,0.973,0.247,0.493,0.611,0.15,0.144,0.519,0.128,0.981,0.445
1.0,0.249,0.55,0.532,0.717,0.159,0.704,0.365,0.789,0.565,0.603,0.908,0.425,0.349,0.415,0.616,0.49,0.16,0.371,0.094,0.321,0.91,0.308,0.236,0.854,0.797,0.327,0.668,0.149,0.91,0.3,0.971,0.571,0.569,0.352,0.017,0.854,0.231,0.374,0.742,0.008
1.0,0.577,0.769,0.069,0.042,0.754,0.556,0.286,0.589,0.667,0.804,0.923,0.455,0.893,0.365,0.267,0.588,0.851,0.345,0.33,0.218,0.823,0.091,0.74,0.477,0.278,0.342,0.019,0.238,0.834,0.361,0.071,0.225,0.044,0.975,0.828,0.199,0.384,0.684,0.223,0.158
0.0,0.703,0.701,0.181,0.956,0.028,0.751,0.621,0.321,0.698,0.326,0.054,0.526,0.085,0.888,0.829,0.926,0.644,0.786,0.353,0.007,0.87,0.47,0.988,0.81,0.129,0.676,0.237,0.374,0.112,0.889,0.24,0.021,0.469,0.085,0.317,0.093,0.861,0.402,0.785,0.254
1.0,0.916,0.347,0.991,0.111,0.74,0.109,0.023,0.287,0.707,0.302,0.56,0.608,0.067,0.533,0.97,0.237,0.234,0.87,0.296,0.683,0.53,0.675,0.667,0.659,0.22,0.738,0.902,0.159,0.021,0.34,0.247,0.168,0.814,0.981,0.833,0.607,0.486,0.072,0.435,0.166
1.0,0.26,0.855,0.739,0.416,0.693,0.739,0.941,0.989,0.966,0.029,0.856,0.194,0.725,0.542,0.981,0.753,0.006,0.123,0.56,0.288,0.434,0.653,0.665,0.944,0.231,0.276,0.48,0.524,0.0,0.91,0.489,0.978,0.446,0.301,0.321,0.826,0.533,0.492,0.143,0.908
0.0,0.731,0.292,0.44,0.417,0.567,0.183,0.387,0.418,0.974,0.246,0.098,0.028,0.424,0.037,0.396,0.292,0.714,0.11,0.75,0.652,0.082,0.64,0.854,0.391,0.365,0.986,0.321,0.702,0.951,0.339,0.348,0.09,0.069,0.694,0.792,0.978,0.592,0.037,0.035,0.403
1.0,0.714,0.768,0.629,0.647,0.71,0.542,0.993,0.457,0.701,0.957,0.314,0.1,0.294,0.491,0.048,0.47,0.094,0.385,0.688,0.713,0.605,0.713,0.114,0.909,0.121,0.376,0.704,0.3,0.038,0.469,0.307,0.797,0.514,0.93,0.821,0.433,0.71,0.274,0.63,0.959
0.0,0.371,0.085,0.385,0.862,0.934,0.473,0.969,0.324,0.302,0.245,0.223,0.34,0.838,0.948,0.326,0.09,0.102,0.771,0.226,0.004,0.49,0.365,0.761,0.039,0.369,0.996,0.54,0.642,0.609,0.838,0.772,0.434,0.993,0.721,0.779,0.911,0.258,0.301,0.673,0.417
0.0,0.583,0.534,0.632,0.26,0.305,0.705,0.565,0.56,0.748,0.374,0.89,0.153,0.893,0.655,0.925,0.128,0.273,0.546,0.765,0.991,0.28,0.477,0.934,0.333,0.066,0.703,0.141,0.722,0.286,0.908,0.458,0.241,0.54,0.382,0.677,0.171,0.633,0.578,0.396,0.089
1.0,0.083,0.933,0.919,0.943,0.3,0.465,0.226,0.814,0.69,0.846,0.826,1.0,0.915,0.886,0.664,0.039,0.986,0.487,0.413,0.92,0.944,0.752,0.688,0.085,0.504,0.344,0.335,0.536,0.848,0.834,0.142,0.474,0.578,0.868,0.937,0.377,0.916,0.646,0.915,0.257
0.0,0.935,0.53,0.806,0.552,0.906,0.826,0.43,0.004,0.227,0.581,0.082,0.455,0.276,0.27,0.266,0.49,0.863,0.86,0.221,0.68,0.503,0.048,0.032,0.334,0.681,0.593,0.889,0.543,0.698,0.689,0.255,0.935,0.081,0.958,0.172,0.564,0.038,0.744,0.833,0.704
1.0,0.22,0.679,0.388,0.809,0.349,0.288,0.968,0.437,0.503,0.705,0.38,0.408,0.084,0.967,0.036,0.324,0.036,0.096,0.012,0.372,0.219,0.413,0.723,0.112,0.883,0.342,0.805,0.772,0.021,0.626,0.553,0.114,0.812,0.833,0.204,0.754,0.375,0.053,0.957,0.996
0.0,0.409,0.341,0.53,0.237,0.919,0.403,0.38,0.991,0.089,0.266,0.958,0.829,0.148,0.103,0.13,0.351,0.04,0.776,0.533,0.761,0.039,0.862,0.203,0.216,0.487,0.914,0.226,0.998,0.73,0.609,0.199,0.344,0.264,0.256,0.826,0.086,0.32,0.588,0.911,0.718
1.0,0.532,0.218,0.492,0.616,0.129,0.041,0.37,0.391,0.852,0.863,0.761,0.67,0.001,0.812,0.201,0.008,0.084,0.991,0.162,0.011,0.812,0.744,0.435,0.687,0.458,0.12,0.068,0.496,0.324,0.93,0.738,0.833,0.092,0.821,0.723,0.004,0.302,0.481,0.316,0.912
0.0,0.079,0.197,0.932,0.887,0.889,0.934,0.963,0.713,0.55,0.329,0.113,0.849,0.37,0.773,0.291,0.306,0.096,0.616,0.639,0.401,0.813,0.586,0.812,0.316,0.824,0.684,0.143,0.618,0.711,0.663,0.706,0.683,0.485,0.463,0.345,0.226,0.013,0.267,0.553,0.023
0.0,0.632,0.673,0.17,0.556,0.595,0.455,0.63,0.702,0.014,0.718,0.02,0.117,0.726,0.139,0.196,0.532,0.014,0.083,0.087,0.923,0.241,0.082,0.043,0.987,0.847,0.189,0.173,0.814,0.587,0.706,0.832,0.011,0.269,0.133,0.445,0.106,0.287,0.326,0.108,0.622
0.0,0.751,0.62,0.651,0.409,0.226,0.906,0.948,0.775,0.755,0.626,0.783,0.885,0.229,0.524,0.784,0.134,0.895,0.02,0.541,0.349,0.807,0.772,0.19,0.097,0.633,0.477,0.596,0.963,0.671,0.184,0.833,0.207,0.852,0.635,0.286,0.756,0.284,0.117,0.597,0.687
0.0,0.779,0.758,0.039,0.626,0.76,0.821,0.649,0.612,0.113,0.384,0.294,0.511,0.308,0.099,0.51,0.269,0.547,0.696,0.682,0.035,0.406,0.733,0.839,0.196,0.164,0.226,0.782,0.034,0.183,0.232,0.451,0.604,0.33,0.953,0.981,0.585,0.142,0.004,0.101,0.582
1.0,0.53,0.26,0.69,0.13,0.01,0.462,0.206,0.711,0.967,0.945,0.716,0.305,0.257,0.788,0.031,0.107,0.601,0.388,0.864,0.368,0.855,0.231,0.496,0.957,0.131,0.55,0.796,0.572,0.466,0.155,0.448,0.969,0.453,0.092,0.08,0.268,0.138,0.877,0.049,0.302
0.0,0.574,0.175,0.851,0.408,0.068,0.624,0.711,0.192,0.912,0.386,0.727,0.376,0.496,0.281,0.206,0.075,0.055,0.191,0.759,0.541,0.243,0.079,0.932,0.095,0.114,0.47,0.552,0.499,0.8,0.886,0.722,0.065,0.523,0.872,0.399,0.654,0.575,0.73,0.435,0.547
0.0,0.423,0.72,0.189,0.185,0.636,0.103,0.327,0.864,0.793,0.904,0.075,0.501,0.532,0.04,0.826,0.769,0.256,0.467,0.879,0.166,0.59,0.398,0.986,0.205,0.025,0.547,0.421,0.974,0.794,0.974,0.467,0.587,0.142,0.707,0.752,0.677,0.11,0.441,0.727,0.892
0.0,0.092,0.225,0.234,0.07,0.169,0.182,0.129,0.722,0.017,0.153,0.972,0.778,0.905,0.996,0.646,0.146,0.638,0.053,0.823,0.4,0.762,0.04,0.291,0.621,0.602,0.145,0.756,0.845,0.61,0.256,0.025,0.252,0.717,0.225,0.465,0.995,0.127,0.923,0.992,0.542
0.0,0.977,0.974,0.826,0.16,0.982,0.999,0.329,0.915,0.275,0.086,0.774,0.952,0.187,0.504,0.721,0.715,0.723,0.819,0.975,0.154,0.84,0.415,0.209,0.398,0.612,0.266,0.523,0.255,0.915,0.211,0.837,0.909,0.068,0.12,0.967,0.388,0.053,0.941,0.777,0.104
0.0,0.437,0.357,0.582,0.1,0.804,0.257,0.949,0.81,0.025,0.475,0.046,0.564,0.696,0.985,0.805,0.352,0.368,0.816,0.74,0.996,0.586,0.955,0.952,0.445,0.349,0.897,0.285,0.818,0.931,0.789,0.346,0.269,0.804,0.603,0.931,0.727,0.096,0.036,0.889,0.844
1.0,0.808,0.688,0.684,0.428,0.762,0.95,0.19,0.981,0.876,0.103,0.708,0.419,0.006,0.314,0.95,0.486,0.386,0.201,0.193,0.164,0.982,0.749,0.174,0.86,0.687,0.598,0.218,0.299,0.69,0.724,0.802,0.138,0.622,0.462,0.994,0.607,0.728,0.098,0.009,0.051
1.0,0.858,0.048,0.688,0.299,0.085,0.025,0.935,0.711,0.011,0.272,0.386,0.142,0.172,0.105,0.037,0.183,0.436,0.309,0.703,0.591,0.109,0.528,0.383,0.607,0.021,0.041,0.486,0.254,0.133,0.374,0.727,0.809,0.53,0.037,0.693,0.718,0.441,0.161,0.529,0.009
0.0,0.438,0.675,0.652,0.668,0.848,0.841,0.432,0.702,0.465,0.149,0.564,0.051,0.461,0.674,0.524,0.825,0.261,0.064,0.898,0.453,0.453,0.564,0.518,0.576,0.287,0.773,0.71,0.346,0.459,0.805,0.349,0.697,0.434,0.471,0.716,0.74,0.623,0.734,0.509,0.835
1.0,0.529,0.841,0.084,0.648,0.067,0.561,0.165,0.34,0.848,0.386,0.152,0.398,0.756,0.008,0.147,0.61,0.837,0.648,0.961,0.487,0.468,0.984,0.275,0.192,0.052,0.29,0.054,0.241,0.6,0.144,0.373,0.791,0.943,0.932,0.226,0.619,0.035,0.386,0.082,0.357
1.0,0.024,0.192,0.228,0.188,0.135,0.476,0.456,0.092,0.003,0.505,0.609,0.601,0.403,0.299,0.808,0.191,0.138,0.346,0.678,0.534,0.124,0.71,0.316,0.317,0.574,0.716,0.764,0.582,0.809,0.925,0.922,0.035,0.23,0.595,0.934,0.412,0.082,0.513,0.19,0.072
1.0,0.863,0.888,0.747,0.626,0.391,0.055,0.152,0.499,0.85,0.156,0.718,0.754,0.911,0.271,0.873,0.38,0.629,0.295,0.099,0.234,0.888,0.426,0.24,0.443,0.251,0.647,0.532,0.076,0.28,0.598,0.406,0.31,0.071,0.35,0.33,0.303,0.061,0.581,0.903,0.249
1.0,0.933,0.985,0.503,0.808,0.721,0.925,0.312,0.212,0.726,0.851,0.405,0.219,0.962,0.5,0.549,0.996,0.364,0.293,0.938,0.02,0.194,0.573,0.556,0.46,0.915,0.372,0.264,0.589,0.719,0.877,0.759,0.012,0.452,0.695,0.934,0.359,0.61,0.909,0.805,0.676
0.0,0.065,0.267,0.677,0.84,0.864,0.197,0.528,0.34,0.362,0.089,0.226,0.337,0.055,0.067,0.899,0.085,0.086,0.861,0.095,0.293,0.959,0.156,0.141,0.986,0.148,0.695,0.849,0.486,0.117,0.567,0.224,0.452,0.508,0.449,0.091,0.962,0.537,0.859,0.066,0.718
1.0,0.998,0.167,0.437,0.096,0.236,0.612,0.751,0.063,0.231,0.186,0.68,0.31,0.959,0.864,0.574,0.45,0.176,0.079,0.053,0.518,0.587,0.117,0.662,0.324,0.687,0.112,0.532,0.356,0.061,0.349,0.302,0.845,0.228,0.224,0.339,0.356,0.379,0.282,0.329,0.495
0.0,0.73,0.083,0.073,0.033,0.511,0.183,0.009,0.496,0.466,0.41,0.993,0.533,0.554,0.666,0.987,0.801,0.984,0.843,0.355,0.753,0.781,0.924,0.908,0.345,0.918,0.261,0.37,0.001,0.129,0.605,0.43,0.909,0.294,0.97,0.472,0.381,0.654,0.524,0.601,0.175
0.0,0.745,0.127,0.613,0.503,0.908,0.311,0.687,0.449,0.109,0.93,0.503,0.574,0.393,0.241,0.639,0.633,0.963,0.175,0.183,0.688,0.116,0.265,0.821,0.708,0.05,0.54,0.923,0.713,0.726,0.838,0.161,0.971,0.717,0.442,0.776,0.774,0.131,0.097,0.181,0.797
1.0,0.295,0.663,0.184,0.86,0.405,0.09,0.932,0.123,0.912,0.868,0.068,0.447,0.435,0.998,0.602,0.982,0.458,0.186,0.724,0.21,0.055,0.796,0.181,0.094,0.004,0.981,0.823,0.009,0.936,0.95,0.739,0.664,0.723,0.039,0.349,0.316,0.03,0.977,0.789,0.252
1.0,0.451,0.214,0.969,0.579,0.259,0.393,0.843,0.392,0.65,0.366,0.854,0.026,0.544,0.32,0.146,0.116,0.779,0.0,0.265,0.191,0.008,0.583,0.038,0.349,0.303,0.262,0.376,0.969,0.564,0.491,0.735,0.115,0.136,0.711,0.397,0.796,0.506,0.801,0.92,0.483
0.0,0.415,0.146,0.521,0.542,0.376,0.32,0.452,0.387,0.38,0.342,0.259,0.971,0.462,0.286,0.383,0.434,0.884,0.868,0.574,0.85,0.596,0.113,0.783,0.384,0.736,0.669,0.137,0.533,0.62,0.897,0.05,0.813,0.082,0.006,0.247,0.085,0.089,0.58,0.46,0.521
0.0,0.552,0.61,0.274,0.818,0.962,0.916,0.529,0.826,0.142,0.444,0.87,0.064,0.18,0.829,0.845,0.58,0.361,0.064,0.932,0.118,0.701,0.464,0.966,0.43,0.24,0.024,0.268,0.354,0.701,0.812,0.494,0.977,0.186,0.304,0.824,0.432,0.81,0.84,0.629,0.736
1.0,0.693,0.825,0.046,0.905,0.417,0.871,0.618,0.376,0.111,0.506,0.64,0.571,0.468,0.897,0.515,0.803,0.501,0.273,0.46,0.826,0.783,0.669,0.331,0.441,0.156,0.866,0.325,0.372,0.487,0.534,0.504,0.56,0.417,0.292,0.509,0.863,0.612,0.092,0.25,0.28
1.0,0.866,0.461,0.526,0.197,0.402,0.513,0.466,0.419,0.204,0.881,0.266,0.117,0.596,0.318,0.799,0.044,0.127,0.237,0.889,0.87,0.761,0.778,0.968,0.258,0.924,0.331,0.199,0.723,0.482,0.71,0.89,0.164,0.012,0.001,0.827,0.722,0.871,0.859,0.362,0.756
1.0,0.953,0.206,0.077,0.566,0.194,0.694,0.45,0.422,0.904,0.121,0.791,0.685,0.339,0.586,0.115,0.07,0.749,0.629,0.769,0.328,0.329,0.972,0.218,0.23,0.365,0.311,0.136,0.28,0.607,0.938,0.438,0.031,0.896,0.846,0.172,0.496,0.255,0.885,0.525,0.429
0.0,0.99,0.697,0.65,0.677,0.83,0.112,0.393,0.965,0.209,0.705,0.994,0.145,0.451,0.264,0.727,0.634,0.444,0.326,0.348,0.762,0.71,1.0,0.826,0.452,0.654,0.676,0.495,0.311,0.37,0.36,0.624,0.084,0.545,0.894,0.03,0.777,0.071,0.281,0.966,0.08
0.0,0.58,0.565,0.126,0.834,0.812,0.079,0.04,0.769,0.248,0.201,0.607,0.834,0.284,0.433,0.3,0.508,0.428,0.219,0.933,0.52,0.417,0.341,0.816,0.372,0.642,0.458,0.967,0.499,0.388,0.388,0.495,0.886,0.708,0.479,0.191,0.37,0.205,0.277,0.05,0.072
0.0,0.708,0.039,0.007,0.443,0.803,0.088,0.24,0.71,0.333,0.33,0.068,0.99,0.937,0.757,0.303,0.817,0.0,0.788,0.869,0.345,0.126,0.322,0.786,0.835,0.106,0.077,0.513,0.76,0.038,0.996,0.952,0.63,0.475,0.324,0.354,0.331,0.281,0.223,0.933,0.084
0.0,0.98,0.832,0.421,0.196,0.579,0.968,0.841,0.661,0.999,0.983,0.5,0.856,0.276,0.094,0.573,0.297,0.398,0.183,0.764,0.295,0.256,0.467,0.23,0.726,0.825,0.225,0.389,0.912,0.93,0.417,0.37,0.294,0.571,0.685,0.986,0.695,0.634,0.243,0.004,0.066
1.0,0.737,0.396,0.677,0.243,0.791,0.53,0.204,0.685,0.449,0.87,0.175,0.679,0.798,0.588,0.881,0.21,0.327,0.124,0.138,0.363,0.239,0.689,0.04,0.549,0.538,0.223,0.459,0.617,0.149,0.392,0.16,0.933,0.77,0.421,0.449,0.446,0.803,0.299,0.468,0.938
0.0,0.315,0.604,0.364,0.618,0.525,0.882,0.682,0.764,0.446,0.474,0.309,0.787,0.222,0.018,0.398,0.476,0.708,0.119,0.356,0.654,0.272,0.116,0.915,0.451,0.091,0.865,0.553,0.031,0.809,0.219,0.011,0.018,0.295,0.083,0.76,0.016,0.592,0.458,0.132,0.722
0.0,0.991,0.937,0.812,0.058,0.373,0.436,0.037,0.88,0.006,0.902,0.151,0.983,0.587,0.555,0.109,0.592,0.757,0.191,0.057,0.119,0.7,0.672,0.632,0.946,0.174,0.122,0.698,0.223,0.955,0.295,0.689,0.93,0.295,0.985,0.074,0.846,0.866,0.71,0.177,0.454
0.0,0.245,0.125,0.013,0.061,0.876,0.758,0.03,0.621,0.607,0.999,0.231,0.833,0.286,0.205,0.592,0.097,0.104,0.202,0.932,0.849,0.892,0.013,0.782,0.292,0.267,0.713,0.657,0.86,0.518,0.709,0.698,0.664,0.235,0.421,0.479,0.393,0.923,0.629,0.786,0.44
1.0,0.472,0.23,0.918,0.748,0.411,0.634,0.961,0.346,0.937,0.669,0.34,0.341,0.273,0.506,0.965,0.859,0.339,0.765,0.006,0.09,0.415,0.908,0.311,0.039,0.871,0.893,0.166,0.027,0.688,0.364,0.737,0.91,0.092,0.146,0.397,0.42,0.796,0.65,0.413,0.083
1.0,0.382,0.371,0.673,0.215,0.454,0.184,0.752,0.505,0.07,0.03,0.643,0.715,0.967,0.47,0.537,0.263,0.004,0.885,0.6,0.949,0.005,0.233,0.445,0.426,0.943,0.979,0.718,0.543,0.93,0.397,0.474,0.08,0.138,0.462,0.728,0.349,0.494,0.786,0.977,0.457
0.0,0.515,0.38,0.927,0.686,0.85,0.082,0.461,0.704,0.139,0.286,0.256,0.22,0.899,0.252,0.093,0.519,0.765,0.945,0.838,0.842,0.067,0.14,0.287,0.505,0.239,0.539,0.069,0.36,0.921,0.788,0.011,0.612,0.86,0.623,0.899,0.677,0.847,0.764,0.574,0.062
1.0,0.832,0.973,0.414,0.55,0.572,0.474,0.012,0.784,0.759,0.775,0.238,0.605,0.624,0.302,0.144,0.027,0.118,0.003,0.004,0.12,0.849,0.54,0.083,0.594,0.211,0.077,0.364,0.246,0.085,0.542,0.045,0.353,0.861,0.848,0.443,0.954,0.092,0.145,0.547,0.494
1.0,0.799,0.466,0.199,0.561,0.56,0.196,0.686,0.308,0.991,0.202,0.975,0.625,0.578,0.707,0.055,0.283,0.025,0.546,0.493,0.925,0.918,0.831,0.269,0.393,0.442,0.544,0.073,0.385,0.136,0.74,0.826,0.316,0.008,0.899,0.322,0.372,0.298,0.901,0.792,0.161
1.0,0.435,0.898,0.477,0.454,0.556,0.126,0.57,0.855,0.353,0.765,0.054,0.206,0.289,0.891,0.149,0.573,0.507,0.939,0.096,0.596,0.83,0.313,0.324,0.091,0.533,0.092,0.14,0.528,0.907,0.36,0.349,0.541,0.556,0.287,0.73,0.979,0.862,0.295,0.354,0.17
0.0,0.431,0.207,0.579,0.458,0.986,0.842,0.576,0.949,0.751,0.196,0.841,0.919,0.666,0.116,0.626,0.577,0.636,0.806,0.978,0.588,0.585,0.65,0.984,0.636,0.405,0.305,0.469,0.379,0.033,0.492,0.701,0.695,0.85,0.654,0.343,0.807,0.054,0.565,0.232,0.172
0.0,0.741,0.644,0.989,0.737,0.559,0.023,0.899,0.644,0.726,0.978,0.151,0.16,0.993,0.184,0.746,0.299,0.186,0.44,0.115,0.23,0.661,0.077,0.792,0.72,0.762,0.213,0.068,0.294,0.679,0.509,0.337,0.291,0.856,0.786,0.443,0.563,0.689,0.308,0.708,0.089
0.0,0.867,0.727,0.776,0.058,0.894,0.143,0.808,0.877,0.619,0.286,0.77,0.271,0.621,0.631,0.779,0.823,0.658,0.355,0.527,0.141,0.326,0.469,0.283,0.728,0.471,0.306,0.394,0.686,0.792,0.346,0.086,0.484,0.618,0.26,0.666,0.104,0.829,0.773,0.565,0.334
1.0,0.749,0.748,0.473,0.136,0.284,0.881,0.767,0.858,0.719,0.279,0.437,0.083,0.932,0.737,0.037,0.628,0.442,0.791,0.286,0.758,0.651,0.672,0.349,0.304,0.458,0.513,0.952,0.707,0.776,0.474,0.556,0.213,0.213,0.11,0.32,0.74,0.563,0.509,0.059,0.214
0.0,0.836,0.387,0.698,0.31,0.958,0.819,0.413,0.399,0.573,0.022,0.932,0.79,0.899,0.676,0.764,0.403,0.266,0.719,0.356,0.556,0.034,0.703,0.29,0.364,0.192,0.349,0.598,0.716,0.838,0.461,0.228,0.622,0.824,0.654,0.332,0.092,0.29,0.191,0.579,0.435
0.0,0.537,0.771,0.798,0.475,0.887,0.142,0.044,0.108,0.971,0.359,0.541,0.168,0.319,0.113,0.028,0.742,0.805,0.77,0.861,0.871,0.829,0.64,0.927,0.404,0.185,0.367,0.679,0.653,0.83,0.129,0.598,0.701,0.413,0.748,0.997,0.95,0.891,0.499,0.552,0.719
1.0,0.276,0.99,0.487,0.005,0.608,0.426,0.773,0.516,0.207,0.144,0.391,0.248,0.825,0.023,0.883,0.864,0.29,0.451,0.385,0.966,0.084,0.514,0.693,0.859,0.18,0.009,0.29,0.702,0.413,0.028,0.445,0.332,0.564,0.792,0.515,0.055,0.011,0.137,0.641,0.202
0.0,0.719,0.219,0.292,0.644,0.194,0.357,0.678,0.091,0.573,0.247,0.25,0.866,0.832,0.382,0.799,0.436,0.136,0.334,0.425,0.724,0.442,0.184,0.221,0.563,0.765,0.263,0.459,0.516,0.249,0.176,0.303,0.966,0.291,0.02,0.315,0.545,0.175,0.09,0.669,0.695
0.0,0.056,0.297,0.359,0.809,0.212,0.9,0.946,0.354,0.048,0.836,0.606,0.687,0.139,0.666,0.111,0.919,0.017,0.646,0.524,0.119,0.583,0.161,0.82,0.214,0.361,0.335,0.061,0.877,0.119,0.192,0.91,0.539,0.325,0.743,0.953,0.129,0.576,0.442,0.328,0.456
1.0,0.607,0.628,0.129,0.666,0.653,0.244,0.167,0.385,0.384,0.972,0.971,0.431,0.091,0.403,0.265,0.909,0.204,0.431,0.853,0.781,0.455,0.642,0.505,0.335,0.395,0.097,0.153,0.249,0.488,0.306,0.491,0.8,0.934,0.044,0.778,0.175,0.624,0.133,0.104,0.627
0.0,0.038,0.102,0.275,0.997,0.014,0.386,0.259,0.941,0.839,0.146,0.071,0.235,0.91,0.638,0.908,0.899,0.081,0.696,0.687,0.791,0.978,0.077,0.92,0.575,0.575,0.881,0.679,0.724,0.025,0.005,0.739,0.19,0.246,0.689,0.821,0.57,0.891,0.823,0.129,0.521
0.0,0.04,0.589,0.284,0.1,0.522,0.397,0.901,0.482,0.097,0.424,0.305,0.982,0.227,0.627,0.545,0.71,0.343,0.872,0.297,0.005,0.006,0.616,0.75,0.151,0.928,0.69,0.483,0.13,0.372,0.265,0.028,0.93,0.676,0.57,0.302,0.557,0.712,0.317,0.367,0.398
0.0,0.234,0.532,0.694,0.15,0.758,0.176,0.163,0.322,0.612,0.468,0.749,0.888,0.238,0.358,0.198,0.923,0.87,0.714,0.865,0.796,0.257,0.275,0.561,0.263,0.002,0.465,0.576,0.608,0.695,0.96,0.338,0.201,0.052,0.107,0.164,0.925,0.702,0.89,0.17,0.637
0.0,0.176,0.426,0.012,0.873,0.161,0.588,0.066,0.568,0.362,0.158,0.104,0.503,0.861,0.733,0.131,0.117,0.817,0.216,0.915,0.821,0.888,0.954,0.794,0.415,0.09,0.803,0.75,0.708,0.406,0.716,0.258,0.069,0.468,0.189,0.734,0.361,0.892,0.779,0.093,0.753
0.0,0.17,0.206,0.786,0.558,0.101,0.196,0.248,0.616,0.611,0.278,0.481,0.961,0.149,0.272,0.407,0.205,0.355,0.517,0.906,0.601,0.518,0.517,0.434,0.184,0.259,0.659,0.511,0.843,0.206,0.716,0.856,0.146,0.414,0.438,0.763,0.741,0.388,0.083,0.499,0.935
0.0,0.57,0.141,0.411,0.059,0.824,0.094,0.428,0.972,0.296,0.559,0.31,0.943,0.22,0.063,0.226,0.194,0.968,0.919,0.692,0.314,0.207,0.621,0.795,0.606,0.036,0.255,0.47,0.324,0.084,0.481,0.014,0.48,0.724,0.628,0.676,0.513,0.115,0.464,0.982,0.767
0.0,0.806,0.737,0.575,0.967,0.923,0.75,0.131,0.205,0.327,0.643,0.878,0.829,0.742,0.833,0.264,0.222,0.108,0.773,0.195,0.696,0.31,0.082,0.788,0.563,0.661,0.895,0.195,0.127,0.998,0.267,0.426,0.108,0.491,0.277,0.684,0.07,0.966,0.533,0.188,0.887
0.0,0.11,0.2,0.493,0.39,0.645,0.276,0.179,0.736,0.218,0.594,0.1,0.102,0.717,0.333,0.349,0.816,0.576,0.519,0.778,0.863,0.855,0.771,0.904,0.867,0.353,0.778,0.794,0.838,0.894,0.024,0.278,0.819,0.588,0.966,0.678,0.437,0.932,0.235,0.17,0.916
0.0,0.458,0.662,0.269,0.14,0.933,0.018,0.555,0.481,0.458,0.196,0.342,0.317,0.066,0.93,0.775,0.038,0.197,0.366,0.191,0.789,0.449,0.851,0.125,0.604,0.572,0.879,0.257,0.302,0.108,0.476,0.071,0.975,0.621,0.01,0.946,0.255,0.822,0.881,0.002,0.738
1.0,0.931,0.251,0.418,0.269,0.79,0.957,0.007,0.446,0.83,0.516,0.428,0.696,0.818,0.627,0.954,0.665,0.051,0.346,0.414,0.594,0.071,0.449,0.598,0.044,0.853,0.906,0.502,0.142,0.3,0.359,0.681,0.945,0.559,0.763,0.242,0.931,0.894,0.152,0.664,0.945
1.0,0.298,0.184,0.194,0.397,0.042,0.981,0.017,0.788,0.689,0.162,0.48,0.671,0.248,0.966,0.65,0.189,0.661,0.844,0.821,0.999,0.576,0.618,0.131,0.393,0.842,0.263,0.644,0.458,0.835,0.858,0.466,0.827,0.993,0.146,0.161,0.437,0.706,0.871,0.015,0.317
1.0,0.42,0.003,0.549,0.507,0.104,0.69,0.397,0.632,0.026,0.156,0.227,0.037,0.873,0.791,0.218,0.385,0.036,0.753,0.54,0.982,0.501,0.618,0.654,0.608,0.073,0.898,0.791,0.154,0.707,0.585,0.214,0.535,0.287,0.171,0.045,0.414,0.426,0.233,0.698,0.39
0.0,0.473,0.927,0.092,0.663,0.98,0.329,0.887,0.289,0.726,0.393,0.409,0.379,0.231,0.991,0.794,0.64,0.205,0.587,0.03,0.44,0.65,0.993,0.848,0.071,0.335,0.756,0.889,0.245,0.17,0.129,0.521,0.183,0.213,0.159,0.928,0.738,0.269,0.909,0.777,0.606
0.0,0.098,0.196,0.073,0.768,0.327,0.411,0.811,0.618,0.07,0.247,0.229,0.974,0.418,0.917,0.909,0.466,0.277,0.367,0.068,0.773,0.332,0.268,0.19,0.813,0.532,0.704,0.868,0.274,0.123,0.604,0.743,0.83,0.947,0.418,0.536,0.685,0.819,0.789,0.341,0.373
1.0,0.283,0.809,0.893,0.755,0.32,0.428,0.201,0.704,0.117,0.947,0.733,0.144,0.291,0.406,0.035,0.154,0.6,0.494,0.136,0.82,0.45,0.092,0.618,0.307,0.225,0.13,0.581,0.993,0.519,0.248,0.64,0.306,0.33,0.097,0.19,0.906,0.326,0.468,0.643,0.915
1.0,0.146,0.914,0.904,0.508,0.163,0.972,0.072,0.496,0.225,0.055,0.274,0.014,0.712,0.025,0.315,0.811,0.465,0.011,0.294,0.829,0.978,0.31,0.723,0.808,0.921,0.357,0.762,0.35,0.52,0.678,0.035,0.716,0.465,0.886,0.906,0.706,0.51,0.62,0.706,0.719
1.0,0.427,0.515,0.162,0.299,0.367,0.743,0.693,0.449,0.641,0.655,0.349,0.529,0.702,0.054,0.008,0.561,0.618,0.937,0.13,0.883,0.275,0.081,0.126,0.931,0.513,0.306,0.715,0.811,0.565,0.066,0.781,0.861,0.591,0.453,0.297,0.099,0.624,0.832,0.106,0.088
0.0,0.423,0.549,0.04,0.511,0.017,0.948,0.875,0.561,0.387,0.462,0.45,0.817,0.205,0.555,0.212,0.322,0.043,0.652,0.153,0.66,0.634,0.442,0.825,0.051,0.575,0.308,0.356,0.37,0.309,0.763,0.961,0.611,0.94,0.535,0.559,0.639,0.722,0.363,0.065,0.532
1.0,0.684,0.437,0.447,0.592,0.199,0.9,0.513,0.478,0.5,0.645,0.176,0.75,0.783,0.586,0.333,0.919,0.259,0.785,0.581,0.67,0.268,0.476,0.333,0.464,0.952,0.174,0.256,0.544,0.57,0.375,0.959,0.668,0.704,0.856,0.667,0.142,0.09,0.328,0.33,0.385
1.0,0.66,0.588,0.668,0.291,0.003,0.878,0.997,0.421,0.827,0.004,0.682,0.481,0.613,0.024,0.186,0.769,0.435,0.034,0.496,0.437,0.385,0.581,0.133,0.482,0.568,0.365,0.32,0.053,0.535,0.02,0.944,0.004,0.798,0.623,0.988,0.301,0.711,0.08,0.744,0.038
0.0,0.704,0.815,0.34,0.808,0.931,0.853,0.436,0.507,0.076,0.418,0.493,0.001,0.125,0.13,0.597,0.543,0.24,0.677,0.757,0.493,0.328,0.631,0.791,0.345,0.92,0.996,0.751,0.307,0.232,0.323,0.685,0.511,0.263,0.848,0.512,0.791,0.034,0.489,0.602,0.695
1.0,0.948,0.952,0.456,0.247,0.536,0.547,0.34,0.47,0.901,0.566,0.292,0.525,0.184,0.173,0.939,0.433,0.25,0.3,0.947,0.793,0.051,0.986,0.1,0.244,0.332,0.842,0.717,0.325,0.807,0.328,0.038,0.639,0.739,0.151,0.081,0.076,0.986,0.715,0.243,0.526
0.0,0.202,0.974,0.675,0.824,0.082,0.956,0.155,0.919,0.819,0.25,0.997,0.978,0.131,0.855,0.186,0.933,0.813,0.442,0.097,0.096,0.279,0.935,0.195,0.609,0.136,0.474,0.638,0.205,0.75,0.014,0.744,0.03,0.619,0.245,0.92,0.999,0.224,0.892,0.145,0.802
1.0,0.273,0.936,0.159,0.339,0.316,0.143,0.272,0.366,0.815,0.581,0.443,0.005,0.787,0.847,0.798,0.657,0.201,0.184,0.752,0.106,0.063,0.192,0.496,0.54,0.569,0.272,0.889,0.478,0.079,0.848,0.979,0.65,0.972,0.62,0.874,0.434,0.241,0.705,0.293,0.408
0.0,0.627,0.349,0.934,0.54,0.44,0.743,0.99,0.616,0.622,0.65,0.065,0.877,0.631,0.389,0.816,0.872,0.867,0.126,0.151,0.457,0.238,0.443,0.663,0.562,0.259,0.49,0.969,0.317,0.867,0.905,0.017,0.155,0.753,0.329,0.678,0.415,0.536,0.788,0.739,0.178
0.0,0.93,0.293,0.706,0.195,0.147,0.051,0.985,0.924,0.59,0.727,0.25,0.352,0.814,0.754,0.698,0.335,0.101,0.548,0.787,0.513,0.763,0.76,0.711,0.387,0.106,0.474,0.342,0.644,0.613,0.068,0.467,0.709,0.837,0.058,0.348,0.621,0.686,0.343,0.42,0.098
0.0,0.431,0.731,0.527,0.281,0.948,0.883,0.074,0.737,0.597,0.478,0.169,0.774,0.252,0.13,0.312,0.155,0.502,0.684,0.002,0.534,0.942,0.795,0.162,0.162,0.179,0.976,0.432,0.927,0.596,0.444,0.376,0.105,0.764,0.227,0.426,0.638,0.452,0.768,0.487,0.86
0.0,0.153,0.535,0.98,0.384,0.925,0.52,0.337,0.062,0.099,0.483,0.692,0.408,0.308,0.82,0.279,0.964,0.437,0.587,0.187,0.628,0.207,0.844,0.271,0.196,0.518,0.382,0.648,0.888,0.675,0.736,0.85,0.072,0.484,0.552,0.953,0.151,0.251,0.343,0.673,0.629
0.0,0.441,0.836,0.048,0.124,0.128,0.702,0.018,0.631,0.896,0.841,0.793,0.854,0.021,0.22,0.237,0.91,0.073,0.507,0.52,0.892,0.238,0.15,0.691,0.525,0.962,0.646,0.975,0.536,0.702,0.395,0.109,0.206,0.053,0.607,0.358,0.741,0.187,0.716,0.475,0.541
1.0,0.77,0.788,0.337,0.479,0.146,0.323,0.467,0.961,0.734,0.244,0.929,0.491,0.867,0.708,0.227,0.754,0.871,0.033,0.627,0.931,0.148,0.11,0.438,0.311,0.351,0.536,0.2,0.692,0.233,0.272,0.739,0.85,0.253,0.723,0.057,0.465,0.557,0.475,0.866,0.599
1.0,0.998,0.566,0.649,0.93,0.156,0.076,0.622,0.581,0.014,0.653,0.389,0.489,0.236,0.87,0.581,0.799,0.592,0.169,0.235,0.882,0.236,0.134,0.144,0.16,0.75,0.16,0.293,1.0,0.359,0.71,0.657,0.878,0.331,0.876,0.773,0.171,0.932,0.717,0.091,0.728
0.0,0.189,0.195,0.349,0.204,0.346,0.132,0.796,0.607,0.768,0.021,0.452,0.773,0.704,0.18,0.325,0.145,0.181,0.248,0.085,0.645,0.062,0.141,0.296,0.965,0.054,0.029,0.021,0.963,0.057,0.834,0.291,0.397,0.119,0.401,0.886,0.517,0.898,0.787,0.181,0.323
0.0,0.358,0.12,0.791,0.378,0.733,0.828,0.339,0.844,0.95,0.194,0.364,0.169,0.651,0.218,0.91,0.677,0.336,0.962,0.035,0.761,0.484,0.913,0.954,0.939,0.949,0.002,0.77,0.012,0.21,0.39,0.325,0.493,0.96,0.939,0.436,0.415,0.644,0.155,0.693,0.292
1.0,0.032,0.973,0.788,0.871,0.972,0.325,0.286,0.207,0.667,0.369,0.823,0.811,0.78,0.094,0.479,0.121,0.054,0.181,0.287,0.597,0.926,0.282,0.137,0.821,0.638,0.439,0.467,0.456,0.971,0.411,0.219,0.527,0.319,0.272,0.981,0.728,0.94,0.803,0.075,0.131
1.0,0.064,0.029,0.733,0.708,0.605,0.399,0.566,0.329,0.902,0.53,0.643,0.747,0.841,0.498,0.575,0.289,0.108,0.09,0.699,0.572,0.297,0.843,0.205,0.308,0.093,0.597,0.956,0.968,0.067,0.189,0.112,0.214,0.781,0.624,0.927,0.738,0.395,0.365,0.172,0.068
1.0,0.671,0.635,0.854,0.845,0.519,0.571,0.563,0.121,0.601,0.185,0.536,0.507,0.145,0.004,0.983,0.598,0.332,0.212,0.508,0.247,0.104,0.149,0.431,0.829,0.517,0.058,0.1,0.567,0.87,0.957,0.129,0.292,0.137,0.756,0.479,0.079,0.44,0.149,0.516,0.711
0.0,0.148,0.198,0.322,0.138,0.321,0.772,0.818,0.857,0.151,0.388,0.591,0.597,0.68,0.971,0.734,0.101,0.821,0.692,0.706,0.595,0.982,0.616,0.856,0.075,0.471,0.454,0.647,0.401,0.959,1.0,0.4,0.403,0.89,0.598,0.173,0.617,0.214,0.001,0.66,0.746
0.0,0.663,0.952,0.833,0.622,0.625,0.58,0.383,0.464,0.942,0.868,0.431,0.805,0.382,0.06,0.693,0.288,0.501,1.0,0.745,0.802,0.679,0.972,0.313,0.222,0.363,0.28,0.056,0.578,0.796,0.685,0.363,0.261,0.029,0.518,0.12,0.725,0.588,0.221,0.192,0.106
0.0,0.308,0.153,0.366,0.056,0.541,0.95,0.756,0.633,0.86,0.731,0.715,0.779,0.884,0.928,0.892,0.376,0.133,0.707,0.091,0.096,0.728,0.332,0.401,0.199,0.608,0.13,0.796,0.615,0.266,0.67,0.79,0.655,0.686,0.016,0.657,0.044,0.768,0.849,0.247,0.424
0.0,0.861,0.874,0.091,0.492,0.495,0.376,0.941,0.541,0.294,0.613,0.699,0.391,0.722,0.928,0.748,0.162,0.023,0.381,0.03,0.614,0.52,0.14,0.034,0.768,0.847,0.171,0.709,0.846,0.47,0.547,0.95,0.173,0.571,0.023,0.757,0.357,0.32,0.545,0.594,0.619
1.0,0.03,0.134,0.386,0.16,0.714,0.071,0.272,0.195,0.572,0.097,0.346,0.448,0.423,0.457,0.791,0.747,0.343,0.566,0.155,0.32,0.797,0.405,0.679,0.295,0.766,0.848,0.261,0.078,0.82,0.8,0.791,0.293,0.673,0.608,0.8,0.284,0.182,0.566,0.886,0.41
0.0,0.837,0.764,0.671,0.17,0.908,0.639,0.104,0.92,0.388,0.991,0.719,0.861,0.706,0.279,0.518,0.946,0.531,0.004,0.513,0.755,0.113,0.174,0.757,0.644,0.482,0.76,0.885,0.183,0.293,0.156,0.323,0.114,0.432,0.596,0.89,0.802,0.896,0.795,0.403,0.107
0.0,0.434,0.569,0.856,0.018,0.529,0.521,0.662,0.358,0.122,0.05,0.903,0.559,0.967,0.206,0.218,0.276,0.636,0.516,0.946,0.276,0.673,0.3,0.976,0.493,0.247,0.306,0.76,0.639,0.635,0.63,0.717,0.995,0.386,0.987,0.983,0.583,0.073,0.245,0.463,0.308
0.0,0.797,0.168,0.486,0.459,0.402,0.435,0.405,0.465,0.109,0.578,0.271,0.474,0.133,0.263,0.191,0.198,0.955,0.733,0.678,0.509,0.692,0.448,0.01,0.164,0.599,0.163,0.857,0.476,0.309,0.208,0.67,0.769,0.496,0.753,0.751,0.948,0.816,0.077,0.044,0.832
0.0,0.054,0.019,0.649,0.924,0.996,0.097,0.768,0.565,0.526,0.276,0.184,0.646,0.081,0.621,0.869,0.724,0.409,0.351,0.901,0.791,0.65,0.095,0.096,0.032,0.375,0.999,0.487,0.152,0.59,0.112,0.687,0.438,0.485,0.822,0.593,0.853,0.297,0.119,0.56,0.491
1.0,0.462,0.847,0.746,0.001,0.518,0.234,0.704,0.755,0.282,0.473,0.919,0.69,0.799,0.763,0.862,0.694,0.29,0.93,0.891,0.938,0.592,0.77,0.742,0.955,0.603,0.58,0.778,0.508,0.013,0.678,0.72,0.485,0.398,0.875,0.887,0.837,0.056,0.872,0.531,0.473
0.0,0.904,0.361,0.918,0.138,0.805,0.116,0.228,0.889,0.925,0.288,0.712,0.899,0.974,0.927,0.259,0.417,0.866,0.693,1.0,0.475,0.174,0.485,0.62,0.824,0.471,0.318,0.637,0.236,0.728,0.241,0.8,0.055,0.162,0.717,0.431,0.945,0.092,0.6,0.663,0.027
0.0,0.33,0.367,0.206,0.734,0.273,0.593,0.876,0.987,0.003,0.116,0.494,0.794,0.978,0.695,0.011,0.178,0.578,0.983,0.931,0.857,0.661,0.81,0.42,0.2,0.192,0.844,0.698,0.652,0.339,0.231,0.189,0.337,0.126,0.624,0.548,0.157,0.231,0.765,0.374,0.408
0.0,0.928,0.566,0.593,0.972,0.394,0.671,0.705,0.405,0.791,0.708,0.246,0.879,0.983,0.479,0.082,0.769,0.584,0.51,0.464,0.051,0.893,0.473,0.022,0.111,0.551,0.885,0.935,0.859,0.683,0.87,0.316,0.028,0.468,0.809,0.664,0.79,0.091,0.845,0.948,0.84
1.0,0.422,0.092,0.879,0.539,0.295,0.004,0.309,0.447,0.805,0.565,0.642,0.418,0.342,0.179,0.166,0.12,0.855,0.279,0.173,0.091,0.143,0.679,0.16,0.049,0.729,0.386,0.18,0.62,0.232,0.389,0.829,0.532,0.06,0.325,0.814,0.548,0.117,0.478,0.144,0.924
1.0,0.553,0.604,0.497,0.813,0.231,0.843,0.505,0.471,0.78,0.827,0.798,0.532,0.702,0.97,0.187,0.475,0.083,0.721,0.305,0.787,0.027,0.906,0.508,0.323,0.285,0.415,0.984,0.2,0.161,0.235,0.225,0.949,0.902,0.639,0.866,0.98,0.413,0.72,0.455,0.881
0.0,0.42,0.951,0.19,0.975,0.682,0.085,0.503,0.119,0.338,0.282,0.421,0.94,0.968,0.839,0.315,0.015,0.136,0.016,0.581,0.215,0.339,0.146,0.944,0.363,0.782,0.791,0.312,0.763,0.743,0.574,0.83,0.664,0.453,0.26,0.75,0.728,0.361,0.146,0.551,0.172
0.0,0.827,0.669,0.68,0.465,0.034,0.246,0.377,0.698,0.714,0.308,0.635,0.732,0.743,0.014,0.954,0.058,0.524,0.393,0.553,0.525,0.693,0.954,0.956,0.308,0.71,0.941,0.029,0.602,0.721,0.151,0.159,0.031,0.451,0.742,0.539,0.696,0.785,0.89,0.716,0.69
1.0,0.958,0.909,0.719,0.035,0.781,0.042,0.627,0.543,0.757,0.624,0.12,0.71,0.652,0.746,0.384,0.287,0.829,0.705,0.274,0.967,0.955,0.607,0.162,0.386,0.974,0.682,0.885,0.75,0.304,0.011,0.034,0.911,0.081,0.791,0.861,0.286,0.453,0.698,0.952,0.4
0.0,0.057,0.012,0.969,0.044,0.883,0.783,0.306,0.217,0.937,0.732,0.802,0.644,0.753,0.039,0.853,0.511,0.25,0.151,0.129,0.052,0.562,0.952,0.183,0.225,0.105,0.036,0.921,0.241,0.458,0.25,0.228,0.166,0.692,0.406,0.099,0.677,0.974,0.939,0.845,0.151
1.0,0.573,0.482,0.157,0.462,0.331,0.64,0.435,0.689,0.602,0.887,0.574,0.31,0.299,0.974,0.125,0.932,0.327,0.876,0.924,0.677,0.524,0.266,0.401,0.673,0.426,0.958,0.359,0.469,0.435,0.246,0.629,0.055,0.886,0.344,0.735,0.938,0.049,0.172,0.293,0.598
0.0,0.207,0.034,0.149,0.492,0.564,0.647,0.619,0.467,0.912,0.591,0.125,0.553,0.558,0.925,0.171,0.228,0.957,0.392,0.863,0.962,0.645,0.468,0.975,0.119,0.52,0.684,0.039,0.133,0.75,0.441,0.394,0.422,0.21,0.237,0.808,0.895,0.823,0.025,0.08,0.935
0.0,0.456,0.869,0.711,0.415,0.262,0.34,0.886,0.349,0.463,0.22,0.998,0.031,0.545,0.1,0.546,0.046,0.562,0.194,0.419,0.308,0.119,0.225,0.986,0.838,0.807,0.811,0.494,0.1,0.83,0.655,0.467,0.297,0.057,0.988,0.042,0.713,0.062,0.799,0.46,0.289
1.0,0.902,0.496,0.265,0.869,0.452,0.392,0.049,0.839,0.074,0.13,0.954,0.674,0.398,0.845,0.251,0.063,0.41,0.407,0.137,0.969,0.373,0.945,0.006,0.949,0.026,0.195,0.417,0.722,0.742,0.516,0.299,0.402,0.455,0.659,0.41,0.782,0.118,0.258,0.296,0.116
0.0,0.7,0.771,0.754,0.28,0.916,0.783,0.845,0.146,0.825,0.937,0.252,0.119,0.521,0.456,0.97,0.817,0.714,0.037,0.535,0.054,0.187,0.368,0.634,0.573,0.313,0.093,0.957,0.564,0.108,0.899,0.205,0.255,0.098,0.052,0.142,0.463,0.527,0.76,0.559,0.62
1.0,0.059,0.295,0.118,0.879,0.82,0.289,0.499,0.207,0.795,0.353,0.159,0.396,0.955,0.9,0.513,0.161,0.868,0.162,0.628,0.652,0.177,0.286,0.346,0.575,0.809,0.637,0.045,0.731,0.993,0.932,0.07,0.992,0.682,0.866,0.866,0.807,0.202,0.118,0.507,0.504
0.0,0.898,0.697,0.236,0.481,0.921,0.88,0.175,0.214,0.617,0.204,0.668,0.045,0.685,0.612,0.128,0.799,0.307,0.338,0.988,0.427,0.302,0.084,0.683,0.133,0.267,0.98,0.174,0.696,0.898,0.187,0.399,0.753,0.737,0.481,0.683,0.481,0.196,0.54,0.125,0.283
1.0,0.992,0.819,0.88,0.492,0.388,0.289,0.745,0.67,0.006,0.832,0.707,0.511,0.767,0.641,0.145,0.458,0.212,0.723,0.478,0.224,0.16,0.94,0.71,0.753,0.551,0.729,0.61,0.442,0.075,0.068,0.158,0.272,0.384,0.481,0.343,0.167,0.244,0.521,0.466,0.856
0.0,0.694,0.192,0.801,0.369,0.058,0.483,0.014,0.323,0.532,0.836,0.566,0.764,0.842,0.468,0.611,0.772,0.866,0.709,0.775,0.174,0.166,0.461,0.811,0.16,0.44,0.442,0.115,0.9,0.217,0.659,0.904,0.892,0.747,0.551,0.08,0.023,0.235,0.784,0.453,0.9
1.0,0.312,0.411,0.414,0.433,0.622,0.938,0.159,0.099,0.827,0.735,0.981,0.684,0.697,0.054,0.338,0.753,0.351,0.317,0.139,0.887,0.617,0.223,0.028,0.916,0.71,0.576,0.09,0.027,0.183,0.455,0.5,0.184,0.52,0.964,0.898,0.156,0.757,0.744,0.378,0.56
1.0,0.721,0.781,0.359,0.603,0.466,0.028,0.086,0.468,0.565,0.6,0.093,0.607,0.576,0.439,0.281,0.165,0.859,0.061,0.013,0.484,0.657,0.308,0.335,0.166,0.054,0.367,0.981,0.925,0.807,0.229,0.838,0.566,0.544,0.762,0.421,0.513,0.403,0.653,0.864,0.268
0.0,0.732,0.407,0.318,0.614,0.852,0.066,0.513,0.989,0.226,0.061,0.067,0.28,0.791,0.624,0.894,0.777,0.541,0.111,0.105,0.267,0.86,0.294,0.737,0.311,0.749,0.195,0.393,0.903,0.97,0.49,0.268,0.783,0.805,0.707,0.74,0.242,0.597,0.323,0.3,0.731
1.0,0.706,0.598,0.934,0.34,0.292,0.608,0.595,0.972,0.264,0.094,0.117,0.224,0.577,0.744,0.308,0.526,0.462,0.802,0.279,0.362,0.037,0.74,0.385,0.67,0.769,0.63,0.076,0.95,0.83,0.966,0.435,0.783,0.076,0.105,0.305,0.825,0.299,0.416,0.869,0.925
0.0,0.757,0.24,0.144,0.323,0.984,0.293,0.159,0.044,0.016,0.15,0.159,0.703,0.091,0.634,0.714,0.104,0.36,0.72,0.505,0.056,0.526,0.071,0.863,0.72,0.869,0.776,0.602,0.478,0.836,0.686,0.466,0.256,0.194,0.592,0.714,0.998,0.076,0.361,0.738,0.991
1.0,0.815,0.541,0.381,0.096,0.205,0.447,0.735,0.191,0.731,0.217,0.859,0.611,0.145,0.089,0.25,0.147,0.338,0.412,0.071,0.684,0.939,0.312,0.229,0.124,0.838,0.175,0.892,0.388,0.043,0.317,0.914,0.651,0.957,0.393,0.979,0.395,0.637,0.271,0.128,0.793
0.0,0.576,0.724,0.191,0.768,0.907,0.94,0.093,0.371,0.891,0.452,0.597,0.972,0.599,0.642,0.068,0.676,0.908,0.825,0.248,0.47,0.04,0.659,0.653,0.245,0.195,0.211,0.995,0.537,0.506,0.899,0.487,0.481,0.869,0.025,0.408,0.589,0.216,0.274,0.027,0.52
0.0,0.838,0.324,0.563,0.595,0.18,0.334,0.721,0.908,0.674,0.982,0.699,0.128,0.328,0.044,0.295,0.971,0.064,0.748,0.632,0.137,0.255,0.511,0.955,0.944,0.233,0.182,0.101,0.148,0.237,0.915,0.286,0.63,0.339,0.339,0.28,0.221,0.512,0.226,0.128,0.546
1.0,0.888,0.658,0.472,0.084,0.164,0.137,0.567,0.631,0.969,0.976,0.304,0.513,0.169,0.479,0.659,0.183,0.257,0.738,0.145,0.138,0.913,0.818,0.262,0.619,0.588,0.472,0.942,0.104,0.856,0.378,0.315,0.777,0.259,0.995,0.92,0.042,0.904,0.105,0.717,0.514
1.0,0.864,0.359,0.003,0.986,0.534,0.839,0.093,0.567,0.924,0.611,0.499,0.07,0.749,0.309,0.26,0.568,0.446,0.782,0.6,0.784,0.776,0.674,0.837,0.144,0.316,0.752,0.88,0.256,0.167,0.867,0.477,0.285,0.142,0.79,0.71,0.27,0.514,0.571,0.449,0.795
0.0,0.839,0.865,0.536,0.45,0.307,0.999,0.671,0.454,0.807,0.19,0.524,0.663,0.972,0.042,0.578,0.867,0.62,0.714,0.897,0.965,0.996,0.12,0.885,0.3,0.913,0.366,0.79,0.866,0.529,0.31,0.212,0.41,0.258,0.528,0.293,0.955,0.348,0.999,0.465,0.432
1.0,0.082,0.513,0.741,0.496,0.607,0.645,0.377,0.725,0.008,0.323,0.092,0.373,0.287,0.572,0.984,0.174,0.832,0.175,0.249,0.652,0.83,0.108,0.39,0.861,0.978,0.814,0.707,0.346,0.042,0.58,0.276,0.288,0.919,0.52,0.14,0.862,0.323,0.099,0.955,0.199
0.0,0.428,0.247,0.278,0.556,0.626,0.01,0.218,0.766,0.541,0.411,0.238,0.942,0.906,0.669,0.08,0.936,0.709,0.713,0.638,0.727,0.547,0.947,0.911,0.324,0.14,0.898,0.241,0.985,0.345,0.31,0.212,0.637,0.938,0.706,0.833,0.286,0.341,0.482,0.996,0.041
0.0,0.15,0.414,0.371,0.446,0.171,0.985,0.715,0.208,0.514,0.909,0.021,0.863,0.96,0.751,0.045,0.191,0.429,0.321,0.23,0.965,0.976,0.78,0.377,0.094,0.685,0.508,0.085,0.861,0.14,0.657,0.124,0.754,0.17,0.163,0.554,0.702,0.44,0.002,0.799,0.303
1.0,0.726,0.17,0.9,0.815,0.418,0.385,0.451,0.499,0.968,0.631,0.49,0.284,0.401,0.01,0.131,0.579,0.032,0.52,0.64,0.257,0.064,0.467,0.548,0.575,0.906,0.105,0.672,0.726,0.643,0.975,0.599,0.002,0.158,0.566,0.729,0.871,0.912,0.508,0.447,0.453
0.0,0.362,0.999,0.529,0.354,0.911,0.553,0.88,0.621,0.958,0.479,0.299,0.302,0.98,0.533,0.181,0.087,0.805,0.985,0.561,0.573,0.658,0.344,0.43,0.96,0.967,0.368,0.242,0.569,0.871,0.419,0.396,0.71,0.076,0.063,0.864,0.391,0.823,0.243,0.278,0.821
1.0,0.584,0.569,0.914,0.803,0.186,0.517,0.984,0.974,0.451,0.737,0.409,0.843,0.308,0.409,0.879,0.73,0.184,0.509,0.454,0.355,0.201,0.243,0.654,0.955,0.907,0.647,0.995,0.606,0.088,0.043,0.801,0.238,0.714,0.181,0.838,0.535,0.692,0.489,0.74,0.041
1.0,0.243,0.809,0.934,0.471,0.313,0.695,0.849,0.68,0.289,0.539,0.229,0.425,0.566,0.394,0.345,0.016,0.238,0.95,0.757,0.861,0.269,0.256,0.068,0.059,0.531,0.296,0.247,0.929,0.266,0.904,0.748,0.235,0.001,0.895,0.361,0.257,0.426,0.878,0.462,1.0
1.0,0.736,0.39,0.732,0.897,0.479,0.276,0.3,0.929,0.685,0.311,0.123,0.148,0.205,0.758,0.921,0.802,0.383,0.693,0.589,0.829,0.314,0.906,0.162,0.169,0.491,0.33,0.102,0.967,0.111,0.04,0.418,0.362,0.017,0.785,0.165,0.058,0.714,0.315,0.542,0.299
0.0,0.325,0.946,0.044,0.861,0.811,0.956,0.938,0.126,0.784,0.319,0.952,0.014,0.776,0.867,0.927,0.005,0.382,0.829,0.536,0.787,0.712,0.644,0.858,0.31,0.45,0.432,0.543,0.274,0.643,0.036,0.388,0.999,0.996,0.44,0.403,0.982,0.179,0.859,0.904,0.337
0.0,0.256,0.808,0.302,0.394,0.275,0.47,0.105,0.687,0.71,0.447,0.636,0.819,0.4,1.0,0.534,0.059,0.985,0.079,0.504,0.9,0.065,0.585,0.484,0.793,0.734,0.261,0.46,0.619,0.529,0.755,0.008,0.354,0.708,0.052,0.209,0.528,0.838,0.31,0.158,0.171
0.0,0.509,0.346,0.973,0.172,0.17,0.556,0.871,0.732,0.47,0.741,0.443,0.871,0.865,0.392,0.286,0.575,0.108,0.98,0.185,0.15,0.582,0.568,0.983,0.667,0.634,0.7,0.281,0.943,0.484,0.227,0.444,0.598,0.153,0.409,0.235,0.963,0.407,0.306,0.638,0.579
1.0,0.782,0.093,0.321,0.98,0.385,0.764,0.868,0.999,0.847,0.374,0.667,0.508,0.326,0.581,0.969,0.497,0.469,0.683,0.688,0.746,0.787,0.229,0.087,0.923,0.526,0.313,0.815,0.246,0.016,0.156,0.092,0.737,0.682,0.569,0.842,0.535,0.823,0.436,0.945,0.212
0.0,0.064,0.242,0.478,0.224,0.657,0.295,0.892,0.368,0.94,0.671,0.02,0.722,0.7,0.373,0.373,0.497,0.64,0.911,0.234,0.67,0.914,0.566,0.922,0.955,0.262,0.274,0.71,0.088,0.688,0.294,0.634,0.08,0.792,0.13,0.357,0.803,0.079,0.064,0.001,0.154
1.0,0.027,0.91,0.175,0.3,0.647,0.942,0.453,0.914,0.73,0.708,0.573,0.737,0.423,0.701,0.446,0.782,0.514,0.536,0.708,0.267,0.662,0.682,0.487,0.663,0.278,0.634,0.151,0.732,0.128,0.459,0.337,0.046,0.648,0.147,0.365,0.615,0.912,0.375,0.328,0.55
1.0,0.84,0.968,0.344,0.004,0.489,0.642,0.335,0.664,0.777,0.606,0.482,0.555,0.29,0.754,0.387,0.713,0.307,0.123,0.885,0.616,0.368,0.092,0.102,0.898,0.812,0.472,0.115,0.888,0.752,0.08,0.026,0.909,0.911,0.327,0.603,0.761,0.687,0.028,0.215,0.112
0.0,0.51,0.816,0.317,0.321,0.217,0.383,0.974,0.292,0.832,0.251,0.213,0.799,0.871,0.963,0.913,0.283,0.37,0.332,0.685,0.292,0.286,0.367,0.81,0.171,0.843,0.099,0.811,0.13,0.441,0.469,0.459,0.05,0.569,0.554,0.911,0.897,0.523,0.789,0.106,0.217
0.0,0.391,0.461,0.418,0.149,0.876,0.72,0.825,0.14,0.494,0.07,0.72,0.741,0.283,0.014,0.704,0.448,0.176,0.255,0.922,0.04,0.453,0.295,0.851,0.002,0.245,0.272,0.82,0.207,0.574,0.784,0.13,0.384,0.493,0.926,0.04,0.734,0.005,0.97,0.581,0.39
0.0,0.072,0.05,0.649,0.297,0.952,0.731,0.11,0.832,0.578,0.961,0.645,0.689,0.892,0.648,0.209,0.862,0.494,0.462,0.371,0.272,0.86,0.073,0.21,0.432,0.802,0.655,0.87,0.188,0.301,0.97,0.171,0.125,0.586,0.215,0.426,0.629,0.632,0.107,0.837,0.665
1.0,0.898,0.5,0.068,0.394,0.007,0.869,0.235,0.799,0.359,0.532,0.17,0.276,0.054,0.685,0.645,0.999,0.361,0.389,0.347,0.956,0.948,0.629,0.323,0.054,0.516,0.569,0.648,0.701,0.95,0.085,0.279,0.143,0.533,0.98,0.179,0.202,0.687,0.801,0.51,0.437
0.0,0.777,0.371,0.473,0.266,0.845,0.217,0.999,0.167,0.889,0.222,0.558,0.694,0.698,0.278,0.194,0.642,0.157,0.001,0.322,0.674,0.787,0.032,0.674,0.039,0.571,0.654,0.082,0.239,0.67,0.08,0.697,0.838,0.303,0.127,0.616,0.696,0.575,0.98,0.154,0.903
0.0,0.183,0.604,0.34,0.517,0.13,0.791,0.63,0.402,0.406,0.204,0.165,0.803,0.147,0.667,0.198,0.052,0.351,0.931,0.011,0.155,0.507,0.148,0.811,0.644,0.478,0.53,0.92,0.151,0.641,0.416,0.234,0.718,0.331,0.257,0.316,0.592,0.402,0.307,0.414,0.409
1.0,0.073,0.6,0.663,0.585,0.243,0.66,0.082,0.804,0.301,0.978,0.223,0.03,0.555,0.415,0.239,0.937,0.03,0.184,0.306,0.829,0.586,0.407,0.654,0.164,0.956,0.961,0.998,0.819,0.336,0.467,0.044,0.911,0.857,0.971,0.857,0.987,0.872,0.705,0.93,0.75
0.0,0.227,0.808,0.49,0.463,0.844,0.289,0.776,0.206,0.152,0.585,0.452,0.816,0.928,0.421,0.592,0.863,0.404,0.205,0.231,0.717,0.3,0.758,0.923,0.845,0.144,0.63,0.4,0.814,0.176,0.205,0.352,0.284,0.06,0.059,0.415,0.368,0.118,0.559,0.297,0.809
1.0,0.976,0.203,0.943,0.818,0.438,0.189,0.612,0.182,0.096,0.013,0.29,0.488,0.799,0.978,0.897,0.528,0.703,0.784,0.769,0.472,0.054,0.233,0.456,0.349,0.424,0.847,0.29,0.713,0.035,0.912,0.933,0.929,0.742,0.983,0.144,0.622,0.811,0.938,0.886,0.351
0.0,0.032,0.242,0.165,0.191,0.862,0.926,0.625,0.659,0.426,0.991,0.137,0.737,0.421,0.177,0.114,0.077,0.805,0.731,0.896,0.889,0.435,0.387,0.136,0.964,0.136,0.706,0.198,0.333,0.743,0.903,0.307,0.853,0.508,0.47,0.564,0.056,0.596,0.338,0.658,0.682
1.0,0.853,0.606,0.694,0.336,0.395,0.993,0.122,0.235,0.031,0.851,0.506,0.142,0.95,0.443,0.678,0.506,0.994,0.419,0.626,0.91,0.249,0.827,0.081,0.773,0.482,0.407,0.684,0.532,0.137,0.184,0.949,0.781,0.083,0.743,0.747,0.996,0.238,0.152,0.656,0.503
1.0,0.579,0.793,0.031,0.026,0.388,0.657,0.498,0.705,0.585,0.507,0.515,0.593,0.362,0.275,0.849,0.295,0.45,0.217,0.734,0.793,0.842,0.956,0.206,0.993,0.444,0.468,0.648,0.999,0.8,0.199,0.507,0.993,0.711,0.316,0.274,0.862,0.043,0.238,0.02,0.065
0.0,0.445,0.493,0.488,0.134,0.039,0.02,0.895,0.648,0.637,0.221,0.819,0.056,0.92,0.007,0.733,0.737,0.15,0.716,0.292,0.09,0.111,0.824,0.973,0.691,0.253,0.969,0.22,0.064,0.525,0.744,0.079,0.135,0.82,0.959,0.238,0.943,0.398,0.38,0.039,0.633
1.0,0.464,0.187,0.949,0.991,0.091,0.758,0.12,0.196,0.213,0.541,0.779,0.204,0.791,0.683,0.273,0.685,0.264,0.185,0.477,0.74,0.21,0.154,0.517,0.913,0.288,0.895,0.218,0.041,0.087,0.18,0.542,0.936,0.406,0.474,0.715,0.062,0.773,0.447,0.666,0.343
0.0,0.081,0.456,0.613,0.117,0.734,0.698,0.817,0.129,0.157,0.94,0.383,0.02,0.776,0.336,0.804,0.811,0.006,0.056,0.77,0.667,0.405,0.73,0.886,0.574,0.966,0.019,0.296,0.599,0.014,0.667,0.088,0.334,0.832,0.826,0.38,0.075,0.602,0.828,0.556,0.43
1.0,0.329,0.806,0.738,0.725,0.188,0.232,0.705,0.778,0.462,0.293,0.044,0.234,0.475,0.628,0.861,0.043,0.681,0.522,0.686,0.194,0.623,0.309,0.279,0.407,0.519,0.834,0.824,0.206,0.84,0.153,0.958,0.383,0.092,0.677,0.202,0.213,0.13,0.841,0.629,0.348
1.0,0.766,0.092,0.477,0.993,0.808,0.999,0.079,0.665,0.032,0.344,0.77,0.043,0.738,0.568,0.75,0.48,0.446,0.417,0.731,0.009,0.927,0.127,0.196,0.59,0.481,0.898,0.993,0.655,0.306,0.638,0.961,0.644,0.938,0.221,0.145,0.327,0.705,0.959,0.026,0.705
0.0,0.183,0.363,0.004,0.622,0.796,0.721,0.936,0.201,0.788,0.994,0.382,0.471,0.239,0.147,0.945,0.391,0.956,0.811,0.203,0.982,0.758,0.862,0.41,0.316,0.554,0.4,0.199,0.671,0.798,0.262,0.531,0.976,0.181,0.333,0.154,0.664,0.851,0.673,0.424,0.178
1.0,0.046,0.718,0.035,0.424,0.089,0.785,0.517,0.834,0.526,0.891,0.25,0.792,0.295,0.496,0.554,0.268,0.952,0.604,0.163,0.561,0.961,0.988,0.715,0.009,0.153,0.191,0.467,0.942,0.462,0.991,0.981,0.918,0.692,0.21,0.917,0.868,0.086,0.603,0.925,0.691
1.0,0.698,0.824,0.851,0.891,0.115,0.075,0.525,0.115,0.37,0.44,0.843,0.62,0.997,0.157,0.275,0.199,0.351,0.684,0.534,0.783,0.051,0.485,0.292,0.219,0.481,0.16,0.381,0.575,0.48,0.89,0.551,0.809,0.535,0.07,0.256,0.636,0.417,0.335,0.193,0.312
1.0,0.429,0.831,0.065,0.877,0.614,0.513,0.575,0.068,0.153,0.45,0.303,0.205,0.639,0.354,0.848,0.953,0.699,0.11,0.11,0.351,0.971,0.874,0.396,0.752,0.501,0.302,0.663,0.818,0.483,0.254,0.097,0.675,0.838,0.747,0.255,0.073,0.911,0.85,0.911,0.845
0.0,0.682,0.06,0.159,0.584,0.473,0.803,0.339,0.802,0.974,0.997,0.04,0.824,0.619,0.395,0.732,0.667,0.712,0.207,0.944,0.125,0.365,0.394,0.954,0.993,0.681,0.608,0.773,0.632,0.409,0.553,0.914,0.791,0.771,0.924,0.976,0.666,0.153,0.476,0.283,0.992
0.0,0.672,0.744,0.613,0.023,0.918,0.414,0.922,0.352,0.705,0.26,0.891,0.352,0.091,0.344,0.334,0.621,0.53,0.51,0.135,0.443,0.001,0.539,0.447,0.76,0.513,0.2,0.893,0.482,0.912,0.336,0.702,0.161,0.902,0.057,0.958,0.452,0.588,0.53,0.157,0.464
1.0,0.533,0.341,0.612,0.12,0.275,0.1,0.116,0.447,0.526,0.79,0.42,0.009,0.742,0.817,0.181,0.619,0.825,0.337,0.329,0.744,0.419,0.009,0.526,0.504,0.324,0.085,0.164,0.879,0.313,0.465,0.903,0.849,0.599,0.403,0.725,0.988,0.463,0.721,0.124,0.039
0.0,0.138,0.391,0.815,0.006,0.281,0.056,0.379,0.094,0.189,0.116,0.451,0.019,0.177,0.177,0.154,0.476,0.773,0.752,0.416,0.945,0.536,0.68,0.975,0.891,0.17,0.752,0.195,0.311,0.435,0.399,0.072,0.162,0.425,0.526,0.26,0.504,0.884,0.419,0.327,0.537
1.0,0.513,0.507,0.565,0.032,0.249,0.471,0.329,0.058,0.308,0.333,0.03,0.268,0.646,0.979,0.799,0.926,0.765,0.484,0.539,0.424,0.972,0.64,0.653,0.654,0.365,0.349,0.007,0.059,0.93,0.344,0.06,0.202,0.274,0.203,0.076,0.213,0.023,0.819,0.216,0.666
1.0,0.14,0.343,0.718,0.907,0.18,0.704,0.492,0.916,0.405,0.941,0.259,0.16,0.98,0.073,0.395,0.908,0.155,0.688,0.055,0.403,0.735,0.224,0.611,0.52,0.994,0.662,0.471,0.74,0.563,0.095,0.197,0.549,0.312,0.308,0.049,0.044,0.933,0.154,0.104,0.809
0.0,0.308,0.946,0.992,0.086,0.742,0.758,0.988,0.132,0.395,0.655,0.468,0.37,0.613,0.243,0.88,0.4,0.171,0.002,0.567,0.076,0.154,0.001,0.806,0.751,0.559,0.128,0.818,0.865,0.993,0.613,0.501,0.036,0.537,0.539,0.158,0.52,0.611,0.671,0.966,0.125
0.0,0.719,0.166,0.586,0.144,0.824,0.034,0.76,0.379,0.242,0.882,0.086,0.238,0.591,0.052,0.682,0.357,0.005,0.035,0.317,0.969,0.795,0.089,0.872,0.758,0.05,0.912,0.456,0.168,0.617,0.571,0.468,0.067,0.162,0.429,0.983,0.818,0.61,0.718,0.834,0.395
1.0,0.545,0.086,0.748,0.658,0.154,0.963,0.962,0.668,0.711,0.316,0.421,0.451,0.904,0.775,0.926,0.746,0.57,0.381,0.987,0.717,0.144,0.716,0.337,0.387,0.697,0.257,0.239,0.047,0.607,0.058,0.47,0.545,0.389,0.924,0.245,0.118,0.895,0.862,0.046,0.282
1.0,0.292,0.608,0.229,0.152,0.323,0.317,0.832,0.163,0.956,0.791,0.89,0.605,0.174,0.593,0.606,0.378,0.064,0.158,0.211,0.221,0.573,0.242,0.549,0.752,0.769,0.087,0.708,0.903,0.672,0.603,0.725,0.596,0.237,0.633,0.278,0.629,0.851,0.563,0.179,0.396
0.0,0.487,0.907,0.662,0.955,0.635,0.45,0.038,0.919,0.885,0.974,0.013,0.831,0.206,0.303,0.424,0.646,0.575,0.899,0.18,0.718,0.737,0.107,0.914,0.981,0.804,0.784,0.886,0.316,0.041,0.898,0.406,0.343,0.587,0.611,0.814,0.316,0.226,0.427,0.657,0.241
1.0,0.554,0.431,0.409,0.344,0.286,0.179,0.075,0.245,0.394,0.756,0.344,0.27,0.281,0.115,0.596,0.925,0.862,0.127,0.968,0.607,0.376,0.0,0.72,0.588,0.358,0.648,0.963,0.246,0.951,0.096,0.682,0.201,0.11,0.416,0.387,0.908,0.475,0.587,0.712,0.537
0.0,0.994,0.86,0.3,0.887,0.593,0.948,0.709,0.793,0.932,0.574,0.021,0.406,0.973,0.277,0.143,0.934,0.27,0.517,0.924,0.602,0.839,0.216,0.817,0.433,0.028,0.391,0.818,0.869,0.068,0.57,0.068,0.909,0.375,0.791,0.899,0.289,0.774,0.595,0.752,0.512
1.0,0.949,0.282,0.524,0.3,0.181,0.728,0.437,0.221,0.161,0.788,0.228,0.502,0.617,0.55,0.57,0.334,0.649,0.007,0.063,0.661,0.571,0.652,0.019,0.381,0.17,0.352,0.207,0.155,0.963,0.012,0.974,0.811,0.662,0.475,0.255,0.014,0.661,0.202,0.732,0.356
1.0,0.718,0.851,0.704,0.144,0.588,0.404,0.198,0.617,0.211,0.158,0.022,0.175,0.117,0.116,0.468,0.75,0.265,0.754,0.677,0.378,0.801,0.887,0.493,0.254,0.982,0.242,0.703,0.17,0.767,0.133,0.031,0.639,0.075,0.079,0.056,0.39,0.02,0.023,0.173,0.483
1.0,0.437,0.699,0.961,0.433,0.345,0.969,0.87,0.718,0.311,0.239,0.387,0.391,0.707,0.575,0.506,0.308,0.165,0.716,0.085,0.052,0.731,0.764,0.254,0.926,0.098,0.954,0.64,0.587,0.418,0.249,0.329,0.058,0.203,0.885,0.461,0.741,0.183,0.088,0.869,0.608
0.0,0.248,0.94,0.006,0.503,0.897,0.528,0.714,0.561,0.376,0.886,0.111,0.817,0.981,0.777,0.016,0.337,0.368,0.041,0.583,0.468,0.153,0.652,0.614,0.92,0.71,0.289,0.717,0.23,0.034,0.445,0.891,0.306,0.151,0.53,0.36,0.452,0.097,0.761,0.018,0.95
1.0,0.791,0.61,0.249,0.947,0.125,0.773,0.895,0.397,0.683,0.786,0.672,0.161,0.61,0.546,0.963,0.572,0.509,0.791,0.938,0.656,0.484,0.148,0.362,0.308,0.896,0.515,0.429,0.118,0.542,0.956,0.992,0.345,0.372,0.119,0.715,0.909,0.262,0.234,0.638,0.264
0.0,0.386,0.449,0.071,0.949,0.123,0.856,0.15,0.505,0.244,0.1,0.067,0.654,0.655,0.161,0.3,0.206,0.673,0.897,0.929,0.585,0.471,0.207,0.796,0.069,0.98,0.602,0.872,0.345,0.66,0.012,0.902,0.925,0.647,0.561,0.98,0.973,0.421,0.25,0.585,0.307
0.0,0.604,0.369,0.122,0.853,0.493,0.624,0.8,0.392,0.229,0.273,0.395,0.929,0.757,0.387,0.261,0.237,0.873,0.598,0.237,0.706,0.806,0.879,0.636,0.403,0.411,0.251,0.67,0.2,0.594,0.325,0.505,0.212,0.204,0.486,0.195,0.008,0.6,0.646,0.15,0.637
0.0,0.246,0.839,0.709,0.077,0.778,0.506,0.032,0.336,0.046,0.495,0.898,0.422,0.609,0.888,0.161,0.03,0.508,0.878,0.912,0.36,0.135,0.079,0.797,0.795,0.942,0.228,0.18,0.149,0.263,0.477,0.177,0.03,0.253,0.559,0.041,0.532,0.884,0.521,0.399,0.261
1.0,0.175,0.919,0.484,0.055,0.186,0.148,0.137,0.773,0.753,0.8,0.487,0.453,0.734,0.658,0.633,0.794,0.442,0.82,0.516,0.477,0.854,0.513,0.517,0.948,0.064,0.018,0.886,0.811,0.117,0.526,0.422,0.474,0.179,0.522,0.092,0.009,0.544,0.016,0.392,0.606
0.0,0.243,0.815,0.408,0.423,0.967,0.933,0.596,0.215,0.198,0.528,0.322,0.721,0.45,0.61,0.321,0.988,0.918,0.754,0.944,0.509,0.449,0.768,0.282,0.825,0.906,0.724,0.497,0.993,0.237,0.738,0.216,0.108,0.408,0.211,0.306,0.409,0.726,0.277,0.703,0.243
0.0,0.233,0.726,0.052,0.648,0.023,0.844,0.756,0.034,0.369,0.884,0.969,0.715,0.994,0.156,0.066,0.317,0.756,0.419,0.963,0.267,0.257,0.596,0.795,0.447,0.727,0.609,0.721,0.0,0.421,0.372,0.715,0.826,0.88,0.105,0.313,0.288,0.731,0.762,0.686,0.209
1.0,0.912,0.01,0.012,0.879,0.653,0.804,0.084,0.748,0.156,0.245,0.902,0.222,0.391,0.643,0.628,0.085,0.25,0.971,0.09,0.056,0.15,0.812,0.243,0.713,0.821,0.348,0.111,0.043,0.322,0.681,0.654,0.238,0.407,0.308,0.977,0.257,0.564,0.444,0.862,0.511
1.0,0.602,0.118,0.801,0.725,0.749,0.669,0.518,0.956,0.05,0.412,0.965,0.708,0.073,0.913,0.144,0.816,0.406,0.025,0.188,0.562,0.795,0.359,0.296,0.666,0.823,0.403,0.368,0.034,0.933,0.92,0.488,0.649,0.504,0.431,0.963,0.867,0.261,0.255,0.398,0.149
1.0,0.921,0.574,0.618,0.845,0.097,0.218,0.516,0.111,0.928,0.958,0.877,0.558,0.759,0.602,0.661,0.371,0.638,0.883,0.364,0.014,0.345,0.064,0.291,0.448,0.587,0.195,0.724,0.563,0.646,0.919,0.523,0.928,0.034,0.145,0.371,0.876,0.512,0.683,0.349,0.215
0.0,0.959,0.056,0.942,0.43,0.92,0.946,0.028,0.661,0.144,0.852,0.576,0.26,0.264,0.837,0.498,0.457,0.983,0.45,0.678,0.968,0.152,0.185,0.131,0.417,0.424,0.755,0.825,0.908,0.951,0.429,0.9,0.016,0.388,0.527,0.59,0.873,0.922,0.753,0.737,0.776
0.0,0.965,0.182,0.271,0.871,0.565,0.822,0.063,0.03,0.538,0.107,0.547,0.414,0.449,0.461,0.345,0.239,0.814,0.721,0.256,0.806,0.914,0.515,0.949,0.601,0.357,0.443,0.367,0.394,0.946,0.63,0.22,0.186,0.417,0.837,0.219,0.629,0.532,0.816,0.181,0.767
1.0,0.846,0.604,0.366,0.312,0.88,0.505,0.724,0.285,0.687,0.252,0.526,0.039,0.348,0.924,0.316,0.047,0.128,0.079,0.945,0.18,0.244,0.669,0.001,0.086,0.06,0.086,0.452,0.712,0.369,0.288,0.158,0.767,0.397,0.164,0.983,0.83,0.995,0.458,0.727,0.867
1.0,0.459,0.883,0.611,0.376,0.792,0.956,0.243,0.565,0.849,0.761,0.326,0.487,0.35,0.304,0.177,0.056,0.554,0.419,0.875,0.376,0.972,0.984,0.256,0.07,0.67,0.55,0.064,0.804,0.331,0.951,0.731,0.85,0.077,0.289,0.272,0.561,0.823,0.517,0.856,0.682
1.0,0.945,0.429,0.378,0.189,0.455,0.014,0.615,0.402,0.066,0.117,0.39,0.319,0.249,0.903,0.951,0.148,0.452,0.505,0.66,0.156,0.494,0.526,0.344,0.831,0.151,0.998,0.321,0.18,0.613,0.179,0.236,0.269,0.658,0.346,0.727,0.881,0.577,0.282,0.112,0.978
0.0,0.108,0.045,0.042,0.059,0.149,0.673,0.107,0.134,0.721,0.394,0.314,0.231,0.54,0.208,0.209,0.83,0.478,0.769,0.476,0.416,0.439,0.653,0.982,0.277,0.097,0.052,0.178,0.311,0.029,0.258,0.604,0.166,0.44,0.34,0.493,0.636,0.222,0.128,0.506,0.111
1.0,0.216,0.96,0.941,0.709,0.8,0.004,0.526,0.613,0.206,0.643,0.067,0.664,0.075,0.722,0.275,0.252,0.279,0.606,0.652,0.849,0.205,0.69,0.043,0.61,0.739,0.25,0.249,0.795,0.069,0.14,0.838,0.927,0.494,0.029,0.399,0.684,0.546,0.654,0.803,0.792
0.0,0.888,0.648,0.636,0.115,0.09,0.015,0.872,0.555,0.573,0.622,0.641,0.926,0.782,0.905,0.752,0.596,0.155,0.92,0.546,0.686,0.31,0.71,0.875,0.225,0.133,0.618,0.518,0.026,0.782,0.573,0.46,0.841,0.985,0.24,0.154,0.688,0.47,0.158,0.832,0.638
1.0,0.122,0.347,0.947,0.994,0.429,0.261,0.163,0.107,0.725,0.447,0.709,0.116,0.962,0.028,0.579,0.524,0.789,0.524,0.727,0.619,0.715,0.163,0.176,0.789,0.892,0.842,0.371,0.687,0.618,0.822,0.497,0.994,0.045,0.255,0.178,0.359,0.749,0.743,0.301,0.115
1.0,0.794,0.416,0.727,0.2,0.622,0.967,0.096,0.271,0.257,0.448,0.943,0.663,0.587,0.157,0.026,0.654,0.712,0.419,0.2,0.378,0.305,0.424,0.234,0.571,0.146,0.185,0.253,0.369,0.211,0.287,0.215,0.024,0.844,0.946,0.475,0.825,0.544,0.773,0.963,0.196
0.0,0.301,0.089,0.418,0.839,0.341,0.732,0.602,0.659,0.525,0.48,0.755,0.337,0.361,0.006,0.274,0.83,0.419,0.792,0.865,0.439,0.361,0.472,0.784,0.967,0.655,0.856,0.969,0.231,0.44,0.884,0.101,0.083,0.065,0.175,0.864,0.702,0.493,0.007,0.476,0.63
0.0,0.577,0.744,0.911,0.081,0.839,0.369,0.464,0.628,0.399,0.268,0.712,0.067,0.609,0.914,0.021,0.183,0.609,0.952,0.214,0.613,0.057,0.869,0.967,0.637,0.66,0.757,0.162,0.688,0.099,0.145,0.815,0.736,0.571,0.124,0.667,0.47,0.329,0.846,0.653,0.812
1.0,0.608,0.773,0.652,0.091,0.733,0.051,0.925,0.455,0.968,0.359,0.822,0.543,0.292,0.749,0.256,0.179,0.731,0.962,0.827,0.372,0.011,0.963,0.103,0.503,0.652,0.148,0.06,0.39,0.422,0.832,0.91,0.324,0.6,0.689,0.635,0.275,0.985,0.891,0.117,0.459
0.0,0.118,0.944,0.431,0.991,0.865,0.292,0.297,0.471,0.893,0.573,0.292,0.558,0.573,0.932,0.498,0.878,0.469,0.868,0.721,0.814,0.859,0.725,0.768,0.482,0.756,0.449,0.869,0.154,0.153,0.349,0.486,0.364,0.695,0.749,0.007,0.365,0.201,0.132,0.717,0.852
1.0,0.452,0.441,0.927,0.914,0.819,0.153,0.522,0.829,0.997,0.065,0.775,0.031,0.012,0.171,0.692,0.991,0.67,0.848,0.523,0.762,0.643,0.723,0.378,0.1,0.407,0.477,0.732,0.635,0.771,0.571,0.884,0.419,0.845,0.065,0.686,0.332,0.953,0.786,0.993,0.418
1.0,0.13,0.891,0.439,0.058,0.416,0.862,0.737,0.242,0.156,0.289,0.882,0.293,0.308,0.258,0.133,0.213,0.799,0.369,0.417,0.663,0.163,0.11,0.56,0.948,0.835,0.697,0.452,0.91,0.154,0.49,0.513,0.16,0.851,0.957,0.134,0.339,0.648,0.554,0.927,0.038
0.0,0.018,0.158,0.997,0.859,0.111,0.281,0.572,0.233,0.478,0.624,0.35,0.657,0.221,0.315,0.184,0.896,0.614,0.799,0.287,0.194,0.73,0.91,0.912,0.999,0.513,0.279,0.997,0.504,0.378,0.529,0.345,0.422,0.41,0.325,0.492,0.431,0.871,0.181,0.068,0.508
1.0,0.898,0.84,0.204,0.301,0.956,0.549,0.921,0.42,0.777,0.671,0.476,0.042,0.591,0.569,0.043,0.806,0.079,0.729,0.731,0.981,0.742,0.476,0.673,0.744,0.122,0.542,0.299,0.061,0.057,0.613,0.916,0.331,0.087,0.988,0.36,0.681,0.446,0.829,0.885,0.418
1.0,0.22,0.743,0.595,0.516,0.859,0.846,0.107,0.501,0.937,0.532,0.532,0.043,0.227,0.519,0.328,0.506,0.084,0.122,0.534,0.109,0.461,0.542,0.843,0.661,0.952,0.972,0.053,0.573,0.49,0.312,0.791,0.916,0.682,0.718,0.996,0.09,0.374,0.648,0.402,0.584
0.0,0.577,0.906,0.006,0.25,0.066,0.242,0.292,0.382,0.841,0.54,0.497,0.865,0.367,0.335,0.698,0.569,0.905,0.855,0.836,0.71,0.036,0.164,0.128,0.167,0.203,0.564,0.793,0.275,0.65,0.153,0.525,0.339,0.422,0.621,0.169,0.259,0.904,0.235,0.821,0.053
1.0,0.931,0.054,0.625,0.338,0.611,0.808,0.775,0.432,0.144,0.564,0.324,0.345,0.623,0.603,0.42,0.648,0.834,0.633,0.082,0.645,0.511,0.517,0.476,0.714,0.139,0.209,0.015,0.05,0.365,0.817,0.801,0.058,0.765,0.715,0.691,0.095,0.365,0.153,0.722,0.724
1.0,0.862,0.095,0.995,0.466,0.806,0.552,0.304,0.837,0.669,0.563,0.79,0.458,0.07,0.275,0.384,0.839,0.85,0.813,0.377,0.24,0.994,0.044,0.534,0.256,0.746,0.186,0.184,0.208,0.488,0.908,0.792,0.491,0.649,0.941,0.516,0.341,0.48,0.636,0.851,0.486
0.0,0.074,0.021,0.631,0.139,0.1,0.546,0.557,0.954,0.636,0.931,0.651,0.949,0.793,0.953,0.484,0.489,0.15,0.587,0.064,0.57,0.35,0.942,0.449,0.03,0.263,0.348,0.656,0.884,0.788,0.958,0.271,0.879,0.195,0.214,0.427,0.899,0.744,0.333,0.84,0.46
0.0,0.785,0.251,0.091,0.897,0.936,0.96,0.949,0.476,0.338,0.024,0.664,0.593,0.992,0.253,0.873,0.537,0.777,0.85,0.521,0.299,0.256,0.963,0.657,0.751,0.54,0.947,0.294,0.174,0.743,0.176,0.551,0.825,0.337,0.752,0.433,0.033,0.466,0.701,0.719,0.621
0.0,0.309,0.036,0.045,0.51,0.16,0.463,0.268,0.386,0.108,0.421,0.555,0.931,0.246,0.229,0.934,0.937,0.719,0.075,0.07,0.68,0.552,0.416,0.176,0.405,0.776,0.026,0.315,0.996,0.163,0.992,0.307,0.391,0.838,0.28,0.555,0.056,0.716,0.374,0.019,0.718
1.0,0.816,0.079,1.0,0.532,0.841,0.939,0.545,0.23,0.932,0.825,0.053,0.298,0.519,0.998,0.003,0.642,0.038,0.164,0.718,0.439,0.702,0.528,0.171,0.71,0.568,0.584,0.531,0.594,0.226,0.493,0.89,0.876,0.671,0.156,0.678,0.082,0.178,0.977,0.987,0.887
0.0,0.484,0.921,0.381,0.215,0.381,0.037,0.211,0.384,0.989,0.971,0.936,0.169,0.671,0.155,0.996,0.277,0.697,0.82,0.05,0.833,0.184,0.878,0.874,0.256,0.237,0.143,0.174,0.387,0.842,0.993,0.498,0.363,0.935,0.122,0.712,0.906,0.641,0.848,0.358,0.014
0.0,0.962,0.642,0.66,0.024,0.56,0.169,0.626,0.861,0.4,0.847,0.027,0.71,0.723,0.182,0.189,0.728,0.643,0.971,0.897,0.445,0.631,0.812,0.826,0.728,0.25,0.597,0.166,0.602,0.044,0.572,0.216,0.3,0.681,0.995,0.583,0.137,0.688,0.235,0.983,0.079
1.0,0.428,0.599,0.56,0.435,0.834,0.692,0.054,0.295,0.194,0.406,0.791,0.421,0.588,0.96,0.142,0.418,0.07,0.442,0.397,0.902,0.442,0.941,0.558,0.104,0.067,0.013,0.709,0.419,0.641,0.493,0.603,0.561,0.554,0.004,0.5,0.049,0.926,0.435,0.301,0.043
0.0,0.581,0.246,0.684,0.794,0.059,0.312,0.433,0.746,0.177,0.428,0.838,0.064,0.589,0.186,0.366,0.651,0.264,0.587,0.18,0.678,0.435,0.533,0.225,0.816,0.77,0.498,0.335,0.85,0.416,0.613,0.538,0.358,0.201,0.171,0.157,0.512,0.573,0.335,0.869,0.981
0.0,0.442,0.425,0.614,0.187,0.643,0.377,0.742,0.284,0.47,0.985,0.027,0.197,0.403,0.242,0.449,0.145,0.981,0.204,0.627,0.792,0.483,0.137,0.903,0.484,0.296,0.45,0.765,0.072,0.972,0.586,0.768,0.907,0.55,0.464,0.326,0.81,0.239,0.95,0.21,0.328
0.0,0.518,0.312,0.096,0.209,0.104,0.801,0.077,0.719,0.654,0.413,0.403,0.23,0.32,0.035,0.925,0.072,0.514,0.858,0.112,0.041,0.718,0.855,0.785,0.521,0.553,0.636,0.38,0.104,0.575,0.109,0.996,0.243,0.438,0.94,0.34,0.04,0.209,0.119,0.381,0.915
1.0,0.854,0.833,0.357,0.051,0.764,0.313,0.178,0.676,0.809,0.926,0.441,0.248,0.956,0.325,0.965,0.327,0.219,0.782,0.268,0.084,0.596,0.362,0.667,0.209,0.261,0.044,0.211,0.564,0.121,0.978,0.087,0.651,0.765,0.288,0.14,0.327,0.032,0.388,0.81,0.094
0.0,0.533,0.332,0.729,0.76,0.814,0.723,0.854,0.024,0.812,0.971,0.441,0.807,0.161,0.616,0.368,0.587,0.36,0.269,0.134,0.311,0.969,0.451,0.184,0.765,0.425,0.04,0.518,0.82,0.12,0.487,0.5,0.767,0.688,0.678,0.786,0.945,0.733,0.786,0.571,0.496
1.0,0.498,0.056,0.089,0.726,0.409,0.284,0.325,0.663,0.529,0.91,0.138,0.234,0.629,0.978,0.864,0.021,0.349,0.738,0.379,0.707,0.925,0.045,0.255,0.032,0.16,0.411,0.793,0.119,0.052,0.238,0.427,0.065,0.639,0.209,0.815,0.504,0.207,0.417,0.404,0.611
1.0,0.35,0.321,0.67,0.267,0.799,0.626,0.426,0.443,0.22,0.703,0.996,0.018,0.15,0.504,0.389,0.091,0.71,0.023,0.091,0.235,0.324,0.981,0.16,0.743,0.953,0.397,0.371,0.397,0.97,0.525,0.572,0.532,0.996,0.988,0.352,0.933,0.596,0.826,0.109,0.307
1.0,0.638,0.453,0.839,0.393,0.935,0.973,0.624,0.191,0.472,0.858,0.946,0.706,0.648,0.692,0.397,0.256,0.742,0.715,0.818,0.725,0.59,0.237,0.444,0.435,0.457,0.506,0.18,0.259,0.338,0.437,0.469,0.57,0.773,0.773,0.225,0.996,0.419,0.459,0.728,0.983
1.0,0.569,0.117,0.841,0.224,0.284,0.215,0.135,0.68,0.925,0.825,0.822,0.087,0.645,0.911,0.834,0.568,0.921,0.476,0.355,0.167,0.675,0.234,0.082,0.544,0.889,0.628,0.687,0.652,0.183,0.59,0.137,0.192,0.802,0.592,0.089,0.376,0.476,0.121,0.0,0.397
0.0,0.493,0.886,0.825,0.534,0.985,0.324,0.392,0.137,0.372,0.597,0.571,0.974,0.158,0.884,0.683,0.234,0.513,0.271,0.139,0.101,0.572,0.913,0.224,0.252,0.288,0.312,0.943,0.396,0.949,0.366,0.914,0.943,0.232,0.276,0.722,0.571,0.53,0.987,0.115,0.272
1.0,0.186,0.301,0.348,0.251,0.78,0.361,0.592,0.884,0.614,0.542,0.712,0.353,0.624,0.124,0.635,0.975,0.611,0.826,0.381,0.671,0.514,0.89,0.499,0.72,0.114,0.867,0.718,0.276,0.012,0.239,0.051,0.076,0.771,0.178,0.376,0.433,0.053,0.684,0.613,0.311
0.0,0.537,0.372,0.263,0.501,0.566,0.584,0.646,0.106,0.576,0.493,0.994,0.98,0.444,0.714,0.573,0.417,0.839,0.657,0.587,0.492,0.696,0.003,0.244,0.782,0.125,0.469,0.222,0.491,0.673,0.807,0.19,0.391,0.57,0.395,0.675,0.357,0.75,0.636,0.566,0.158
1.0,0.303,0.686,0.925,0.718,0.7,0.662,0.716,0.454,0.538,0.977,0.959,0.673,0.561,0.968,0.35,0.754,0.133,0.876,0.377,0.993,0.524,0.408,0.085,0.423,0.532,0.536,0.17,0.229,0.508,0.426,0.45,0.623,0.68,0.912,0.233,0.129,0.563,0.359,0.735,0.572
0.0,0.612,0.343,0.843,0.267,0.599,0.346,0.602,0.359,0.308,0.906,0.023,0.895,0.951,0.924,0.718,0.62,0.893,0.906,0.214,0.234,0.074,0.115,0.341,0.683,0.609,0.667,0.075,0.432,0.292,0.347,0.323,0.872,0.845,0.436,0.45,0.41,0.839,0.976,0.246,0.343
0.0,0.666,0.405,0.414,0.255,0.866,0.912,0.581,0.864,0.055,0.909,0.432,0.409,0.507,0.777,0.77,0.337,0.592,0.605,0.74,0.978,0.739,0.943,0.517,0.701,0.988,0.019,0.352,0.077,0.856,0.8,0.793,0.103,0.222,0.239,0.149,0.361,0.884,0.223,0.792,0.189
1.0,0.299,0.426,0.026,0.023,0.18,0.717,0.82,0.229,0.61,0.759,0.487,0.573,0.905,0.696,0.853,0.53,0.427,0.895,0.697,0.815,0.498,0.222,0.05,0.98,0.842,0.417,0.228,0.118,0.65,0.246,0.978,0.149,0.488,0.197,0.346,0.96,0.008,0.672,0.739,0.999
0.0,0.812,0.937,0.032,0.415,0.644,0.243,0.647,0.851,0.264,0.915,0.581,0.868,0.051,0.692,0.717,0.064,0.769,0.094,0.241,0.238,0.327,0.527,0.957,0.067,0.679,0.298,0.93,0.125,0.513,0.772,0.876,0.708,0.233,0.231,0.508,0.786,0.747,0.799,0.407,0.254
1.0,0.254,0.605,0.405,0.113,0.697,0.27,0.249,0.756,0.094,0.932,0.913,0.558,0.091,0.014,0.127,0.316,0.445,0.605,0.762,0.822,0.426,0.268,0.436,0.304,0.676,0.318,0.698,0.338,0.395,0.755,0.019,0.439,0.95,0.412,0.434,0.301,0.351,0.248,0.457,0.013
1.0,0.834,0.672,0.202,0.24,0.515,0.749,0.862,0.909,0.389,0.311,0.569,0.85,0.519,0.263,0.954,0.907,0.801,0.332,0.047,0.205,0.141,0.611,0.926,0.663,0.373,0.456,0.971,0.124,0.821,0.253,0.377,0.825,0.929,0.242,0.048,0.959,0.87,0.969,0.568,0.191
1.0,0.477,0.61,0.942,0.324,0.589,0.518,0.557,0.884,0.941,0.412,0.509,0.479,0.159,0.478,0.378,0.58,0.421,0.105,0.689,0.818,0.431,0.633,0.066,0.921,0.939,0.275,0.616,0.194,0.33,0.576,0.914,0.043,0.25,0.293,0.384,0.833,0.193,0.109,0.039,0.626
1.0,0.277,0.703,0.174,0.867,0.354,0.451,0.767,0.173,0.904,0.733,0.941,0.706,0.354,0.556,0.255,0.86,0.047,0.655,0.62,0.767,0.229,0.449,0.612,0.154,0.517,0.01,0.706,0.571,0.148,0.338,0.09,0.838,0.114,0.307,0.094,0.147,0.949,0.492,0.725,0.941
1.0,0.76,0.489,0.731,0.541,0.509,0.995,0.942,0.028,0.559,0.319,0.835,0.979,0.364,0.19,0.832,0.628,0.168,0.329,0.08,0.194,0.816,0.473,0.011,0.435,0.991,0.641,0.169,0.985,0.705,0.686,0.41,0.742,0.337,0.248,0.415,0.132,0.23,0.941,0.173,0.552
1.0,0.097,0.124,0.057,0.781,0.135,0.372,0.651,0.083,0.068,0.209,0.48,0.625,0.541,0.268,0.907,0.219,0.076,0.05,0.751,0.572,0.932,0.592,0.518,0.038,0.281,0.574,0.784,0.573,0.918,0.222,0.121,0.352,0.534,0.543,0.584,0.04,0.752,0.002,0.269,0.721
0.0,0.338,0.654,0.72,0.253,0.424,0.686,0.976,0.494,0.412,0.943,0.568,0.664,0.911,0.067,0.009,0.784,0.127,0.976,0.75,0.605,0.612,0.559,0.965,0.559,0.185,0.045,0.493,0.03,0.495,0.715,0.916,0.4,0.505,0.128,0.208,0.492,0.83,0.81,0.274,0.612
1.0,0.373,0.731,0.012,0.133,0.28,0.813,0.08,0.673,0.842,0.332,0.88,0.321,0.084,0.089,0.311,0.716,0.185,0.339,0.524,0.479,0.771,0.782,0.333,0.377,0.925,0.189,0.739,0.489,0.602,0.712,0.86,0.359,0.475,0.93,0.611,0.68,0.091,0.299,0.393,0.085
1.0,0.346,0.11,0.617,0.666,0.831,0.63,0.977,0.409,0.539,0.705,0.221,0.232,0.835,0.655,0.063,0.607,0.038,0.53,0.232,0.037,0.145,0.184,0.533,0.214,0.973,0.405,0.687,0.708,0.251,0.823,0.916,0.97,0.107,0.328,0.148,0.179,0.894,0.634,0.723,0.236
0.0,0.912,0.58,0.296,0.502,0.971,0.623,0.78,0.942,0.301,0.481,0.233,0.064,0.57,0.157,0.128,0.662,0.642,0.312,0.2,0.493,0.099,0.993,0.798,0.015,0.591,0.04,0.04,0.373,0.643,0.97,0.36,0.586,0.314,0.428,0.95,0.43,0.649,0.483,0.488,0.445
1.0,0.977,0.345,0.211,0.717,0.873,0.609,0.778,0.992,0.802,0.423,0.039,0.727,0.572,0.243,0.219,0.724,0.854,0.456,0.897,0.309,0.836,0.267,0.652,0.049,0.803,0.511,0.425,0.552,0.29,0.916,0.339,0.703,0.84,0.883,0.742,0.332,0.813,0.758,0.518,0.544
1.0,0.32,0.655,0.495,0.183,0.84,0.517,0.399,0.388,0.841,0.506,0.15,0.34,0.772,0.419,0.295,0.293,0.091,0.491,0.201,0.988,0.073,0.99,0.467,0.175,0.162,0.637,0.226,0.04,0.235,0.738,0.801,0.967,0.217,0.521,0.474,0.216,0.402,0.065,0.314,0.964
1.0,0.773,0.454,0.546,0.278,0.042,0.259,0.778,0.75,0.395,0.648,0.51,0.339,0.116,0.237,0.667,0.9,0.137,0.244,0.155,0.767,0.916,0.243,0.54,0.71,0.359,0.517,0.727,0.015,0.155,0.404,0.042,0.765,0.86,0.78,0.519,0.264,0.227,0.015,0.52,0.941
0.0,0.571,0.425,0.743,0.396,0.029,0.063,0.999,0.529,0.146,0.26,0.867,0.011,0.142,0.201,0.439,0.069,0.407,0.599,0.401,0.408,0.53,0.761,0.809,0.914,0.114,0.605,0.899,0.128,0.931,0.392,0.768,0.918,0.385,0.663,0.443,0.523,0.779,0.356,0.208,0.574
1.0,0.599,0.004,0.346,0.244,0.275,0.486,0.729,0.551,0.401,0.82,0.231,0.243,0.479,0.581,0.665,0.827,0.143,0.309,0.911,0.863,0.302,0.226,0.5,0.006,0.851,0.832,0.314,0.429,0.684,0.23,0.584,0.314,0.975,0.551,0.914,0.926,0.185,0.019,0.77,0.945
1.0,0.211,0.24,0.635,0.45,0.17,0.009,0.314,0.684,0.806,0.637,0.845,0.715,0.098,0.817,0.6,0.562,0.896,0.673,0.008,0.141,0.309,0.708,0.685,0.857,0.492,0.503,0.392,0.585,0.667,0.58,0.419,0.348,0.312,0.938,0.958,0.533,0.219,0.425,0.277,0.165
0.0,0.344,0.242,0.554,0.181,0.015,0.699,0.316,0.649,0.98,0.162,0.648,0.878,0.659,0.219,0.096,0.937,0.579,0.148,0.809,0.026,0.288,0.165,0.428,0.339,0.514,0.747,0.66,0.796,0.117,0.974,0.936,0.291,0.462,0.814,0.416,0.91,0.706,0.84,0.57,0.624
0.0,0.542,0.298,0.302,0.602,0.643,0.837,0.079,0.483,0.379,0.883,0.182,0.829,0.23,0.102,0.281,0.137,0.568,0.798,0.594,0.893,0.528,0.928,0.381,0.678,0.641,0.497,0.339,0.34,0.089,0.713,0.527,0.432,0.574,0.013,0.373,0.548,0.429,0.927,0.486,0.016
1.0,0.351,0.286,0.743,0.246,0.454,0.458,0.779,0.143,0.442,0.48,0.698,0.087,0.572,0.569,0.469,0.428,0.347,0.94,0.413,0.624,0.271,0.562,0.534,0.424,0.597,0.741,0.023,0.938,0.155,0.589,0.067,0.708,0.185,0.547,0.094,0.03,0.912,0.628,0.431,0.275
0.0,0.343,0.875,0.133,0.58,0.902,0.361,0.197,0.939,0.503,0.44,0.533,0.625,0.348,0.659,0.143,0.602,0.895,0.298,0.488,0.295,0.248,0.513,0.889,0.291,0.154,0.466,0.722,0.483,0.348,0.488,0.424,0.035,0.806,0.657,0.84,0.157,0.542,0.035,0.806,0.198
1.0,0.826,0.423,0.868,0.402,0.625,0.868,0.899,0.725,0.735,0.504,0.855,0.168,0.41,0.054,0.658,0.652,0.687,0.74,0.315,0.798,0.884,0.0,0.328,0.616,0.006,0.71,0.275,0.043,0.196,0.864,0.37,0.618,0.37,0.729,0.86,0.864,0.261,0.945,0.221,0.966
0.0,0.086,0.629,0.086,0.026,0.599,0.39,0.591,0.79,0.885,0.507,0.426,0.862,0.723,0.148,0.019,0.131,0.554,0.777,0.053,0.916,0.228,0.93,0.86,0.481,0.503,0.489,0.372,0.125,0.278,0.318,0.801,0.484,0.597,0.677,0.349,0.267,0.426,0.106,0.529,0.806
0.0,0.511,0.859,0.084,0.212,0.802,0.131,0.458,0.266,0.503,0.572,0.784,0.196,0.049,0.15,0.336,0.623,0.52,0.625,0.913,0.592,0.462,0.078,0.407,0.805,0.632,0.075,0.344,0.86,0.307,0.013,0.409,0.275,0.91,0.428,0.577,0.659,0.841,0.715,0.545,0.682
1.0,0.035,0.192,0.142,0.257,0.456,0.68,0.964,0.746,0.258,0.789,0.602,0.355,0.66,0.654,0.811,0.265,0.374,0.85,0.215,0.706,0.464,0.497,0.473,0.734,0.929,0.671,0.316,0.354,0.36,0.12,0.006,0.571,0.01,0.449,0.573,0.211,0.804,0.804,0.587,0.421
1.0,0.064,0.433,0.467,0.777,0.138,0.912,0.537,0.718,0.52,0.418,0.371,0.258,0.889,0.275,0.577,0.183,0.151,0.169,0.142,0.323,0.263,0.413,0.431,0.025,0.208,0.803,0.426,0.272,0.611,0.596,0.848,0.577,0.619,0.774,0.02,0.135,0.847,0.471,0.37,0.285
0.0,0.589,0.002,0.342,0.746,0.43,0.759,0.442,0.994,0.922,0.849,0.458,0.911,0.338,0.023,0.898,0.155,0.237,0.592,0.053,0.165,0.147,0.338,0.099,0.873,0.389,0.22,0.36,0.71,0.522,0.734,0.98,0.481,0.97,0.38,0.341,0.36,0.556,0.028,0.282,0.065
0.0,0.041,0.483,0.749,0.954,0.883,0.907,0.946,0.529,0.654,0.775,0.258,0.894,0.017,0.175,0.088,0.072,0.358,0.427,0.228,0.874,0.521,0.183,0.212,0.96,0.548,0.658,0.984,0.767,0.921,0.025,0.11,0.991,0.437,0.469,0.149,0.058,0.328,0.376,0.287,0.213
0.0,0.026,0.931,0.678,0.631,0.743,0.371,0.059,0.432,0.397,0.546,0.874,0.894,0.892,0.94,0.239,0.366,0.031,0.452,0.625,0.448,0.788,0.529,0.625,0.958,0.979,0.18,0.155,0.718,0.785,0.695,0.238,0.27,0.932,0.825,0.498,0.671,0.262,0.654,0.987,0.433
0.0,0.262,0.688,0.061,0.637,0.987,0.205,0.303,0.527,0.444,0.898,0.456,0.054,0.208,0.734,0.774,0.785,0.475,0.254,0.693,0.304,0.713,0.771,0.933,0.582,0.044,0.434,0.508,0.569,0.653,0.069,0.818,0.654,0.227,0.916,0.977,0.321,0.367,0.565,0.723,0.182
1.0,0.083,0.957,0.685,0.087,0.519,0.533,0.188,0.222,0.985,0.049,0.345,0.73,0.843,0.707,0.312,0.824,0.574,0.624,0.539,0.929,0.626,0.762,0.749,0.936,0.63,0.974,0.865,0.214,0.395,0.026,0.992,0.291,0.988,0.145,0.057,0.336,0.309,0.192,0.836,0.857
0.0,0.236,0.766,0.867,0.617,0.579,0.52,0.436,0.84,0.232,0.015,0.986,0.884,0.117,0.103,0.385,0.903,0.453,0.738,0.192,0.728,0.922,0.902,0.135,0.895,0.029,0.126,0.391,0.433,0.881,0.28,0.474,0.433,0.996,0.896,0.545,0.885,0.757,0.427,0.714,0.121
0.0,0.455,0.982,0.594,0.63,0.346,0.254,0.035,0.598,0.167,0.451,0.03,0.843,0.485,0.032,0.303,0.426,0.122,0.496,0.6,0.909,0.549,0.735,0.053,0.052,0.997,0.027,0.513,0.056,0.275,0.502,0.89,0.122,0.741,0.367,0.862,0.012,0.949,0.711,0.078,0.694
1.0,0.825,0.02,0.523,0.866,0.215,0.217,0.878,0.934,0.446,0.754,0.505,0.634,0.064,0.811,0.001,0.766,0.243,0.676,0.461,0.973,0.869,0.518,0.715,0.246,0.693,0.416,0.056,0.104,0.464,0.756,0.172,0.386,0.758,0.381,0.61,0.882,0.639,0.209,0.402,0.518
0.0,0.749,0.549,0.982,0.942,0.257,0.341,0.97,0.203,0.149,0.761,0.883,0.456,0.182,0.526,0.829,0.867,0.383,0.745,0.718,0.587,0.296,0.518,0.821,0.837,0.025,0.444,0.723,0.313,0.967,0.138,0.401,0.341,0.882,0.335,0.999,0.847,1.0,0.568,0.581,0.032
0.0,0.787,0.781,0.39,0.327,0.299,0.965,0.435,0.793,0.346,0.438,0.361,0.982,0.479,0.756,0.386,0.518,0.379,0.897,0.089,0.608,0.588,0.642,0.737,0.06,0.622,0.378,0.974,0.664,0.854,0.254,0.233,0.915,0.25,0.336,0.843,0.527,0.063,0.057,0.346,0.376
1.0,0.061,0.586,0.273,0.421,0.489,0.621,0.257,0.7,0.828,0.252,0.955,0.044,0.776,0.969,0.583,0.167,0.166,0.378,0.823,0.945,0.882,0.096,0.032,0.207,0.102,0.455,0.842,0.985,0.281,0.225,0.86,0.205,0.887,0.366,0.089,0.539,0.929,0.013,0.364,0.516
1.0,0.551,0.855,0.992,0.808,0.779,0.193,0.899,0.927,0.657,0.93,0.846,0.702,0.584,0.216,0.186,0.62,0.444,0.398,0.392,0.747,0.539,0.517,0.664,0.247,0.437,0.475,0.264,0.898,0.057,0.262,0.457,0.858,0.751,0.997,0.129,0.943,0.547,0.352,0.649,0.728
1.0,0.741,0.607,0.771,0.926,0.778,0.729,0.598,0.354,0.572,0.16,0.526,0.159,0.433,0.585,0.476,0.087,0.914,0.639,0.845,0.44,0.215,0.756,0.143,0.942,0.886,0.343,0.161,0.193,0.976,0.151,0.21,0.623,0.005,0.257,0.308,0.763,0.105,0.077,0.153,0.895
1.0,0.291,0.435,0.264,0.396,0.75,0.155,0.121,0.631,0.634,0.218,0.418,0.066,0.049,0.985,0.231,0.738,0.832,0.961,0.749,0.674,0.779,0.397,0.42,0.524,0.876,0.978,0.922,0.659,0.535,0.431,0.874,0.989,0.829,0.033,0.601,0.502,0.955,0.284,0.639,0.759
0.0,0.52,0.714,0.869,0.528,0.533,0.235,0.619,0.505,1.0,0.467,0.86,0.951,0.265,0.991,0.067,0.62,0.393,0.052,0.435,0.269,0.328,0.431,0.01,0.733,0.208,0.5,0.581,0.076,0.907,0.837,0.56,0.2,0.573,0.298,0.009,0.824,0.877,0.446,0.286,0.481
0.0,0.424,0.026,0.284,0.83,0.13,0.18,0.238,0.806,0.022,0.991,0.504,0.791,0.981,0.293,0.929,0.506,0.873,0.098,0.045,0.443,0.887,0.213,0.323,0.138,0.294,0.849,0.78,0.234,0.817,0.49,0.536,0.134,0.426,0.006,0.296,0.475,0.65,0.281,0.745,0.789
0.0,0.681,0.687,0.581,0.941,0.106,0.223,0.499,0.655,0.03,0.794,0.238,0.252,0.606,0.63,0.206,0.089,0.51,0.31,0.584,0.134,0.916,0.781,0.857,0.657,0.053,0.209,0.066,0.255,0.007,0.222,0.54,0.965,0.375,0.469,0.019,0.185,0.481,0.339,0.938,0.149
0.0,0.303,0.358,0.361,0.023,0.066,0.524,0.764,0.056,0.837,0.182,0.544,0.922,0.368,0.279,0.221,0.564,0.62,0.04,0.306,0.844,0.52,0.109,0.048,0.938,0.412,0.466,0.727,0.97,0.067,0.775,0.787,0.304,0.427,0.278,0.323,0.352,0.061,0.452,0.317,0.854
1.0,0.101,0.628,0.746,0.846,0.146,0.805,0.094,0.132,0.676,0.742,0.164,0.742,0.113,0.871,0.958,0.18,0.388,0.051,0.853,0.211,0.03,0.228,0.019,0.614,0.136,0.689,0.532,0.102,0.983,0.587,0.879,0.1,0.789,0.535,0.162,0.494,0.436,0.726,0.964,0.845
0.0,0.256,0.702,0.731,0.745,0.973,0.705,0.843,0.068,0.463,0.14,0.166,0.858,0.034,0.366,0.412,0.882,0.512,0.029,0.439,0.369,0.995,0.239,0.98,0.462,0.342,0.134,0.568,0.877,0.78,0.374,0.766,0.078,0.364,0.548,0.102,0.782,0.189,0.122,0.973,0.665
0.0,0.029,0.836,0.345,0.811,0.541,0.047,0.097,0.637,0.298,0.268,0.066,0.732,0.997,0.14,0.887,0.712,0.562,0.735,0.147,0.502,0.477,0.715,0.38,0.236,0.36,0.282,0.878,0.523,0.423,0.577,0.346,0.881,0.875,0.622,0.676,0.761,0.189,0.614,0.338,0.99
1.0,0.208,0.645,0.605,0.343,0.087,0.504,0.29,0.038,0.519,0.123,0.346,0.034,0.583,0.711,0.721,0.333,0.255,0.24,0.985,0.293,0.754,0.36,0.067,0.29,0.127,0.88,0.007,0.066,0.611,0.426,0.353,0.965,0.944,0.889,0.022,0.159,0.94,0.455,0.346,0.234
0.0,0.225,0.336,0.333,0.583,0.964,0.517,0.796,0.573,0.292,0.247,0.429,0.762,0.305,0.054,0.564,0.09,0.045,0.258,0.037,0.257,0.034,0.429,0.629,0.758,0.564,0.168,0.647,0.828,0.241,0.807,0.817,0.833,0.844,0.026,0.721,0.493,0.841,0.887,0.178,0.574
1.0,0.987,0.233,0.545,0.477,0.447,0.125,0.07,0.648,0.253,0.962,0.027,0.173,0.076,0.315,0.291,0.463,0.015,0.747,0.901,0.746,0.332,0.18,0.454,0.234,0.228,0.221,0.307,0.829,0.155,0.492,0.596,0.54,0.269,0.861,0.768,0.315,0.354,0.63,0.16,0.028
0.0,0.154,0.445,0.141,0.02,0.733,0.662,0.488,0.791,0.808,0.082,0.402,0.532,0.352,0.517,0.355,0.433,0.594,0.275,0.935,0.377,0.049,0.2,0.499,0.751,0.537,0.879,0.178,0.756,0.172,0.549,0.05,0.708,0.018,0.865,0.771,0.774,0.522,0.221,0.893,0.649
0.0,0.398,0.663,0.4,0.077,0.879,0.239,0.268,0.315,0.055,0.021,0.281,0.591,0.479,0.473,0.285,0.681,0.955,0.883,0.734,0.938,0.644,0.804,0.374,0.089,0.691,0.781,0.295,0.205,0.087,0.527,0.468,0.792,0.262,0.209,0.095,0.89,0.266,0.402,0.814,0.347
1.0,0.105,0.346,0.83,0.305,0.62,0.314,0.899,0.942,0.791,0.787,0.127,0.609,0.334,0.538,0.673,0.966,0.569,0.675,0.44,0.339,0.739,0.655,0.037,0.424,0.516,0.016,0.292,0.968,0.127,0.265,0.324,0.078,0.118,0.776,0.932,0.326,0.219,0.827,0.451,0.483
1.0,0.393,0.945,0.87,0.724,0.618,0.653,0.009,0.978,0.932,0.904,0.726,0.731,0.909,0.463,0.813,0.199,0.449,0.087,0.706,0.987,0.598,0.437,0.31,0.812,0.33,0.565,0.256,0.824,0.041,0.85,0.91,0.512,0.842,0.553,0.294,0.811,0.21,0.783,0.858,0.864
0.0,0.059,0.92,0.474,0.015,0.014,0.977,0.682,0.392,0.867,0.146,0.362,0.768,0.176,0.292,0.545,0.117,0.82,0.647,0.031,0.898,0.591,0.238,0.783,0.037,0.232,0.176,0.785,0.675,0.099,0.61,0.288,0.757,0.856,0.109,0.982,0.745,0.181,0.831,0.447,0.06
1.0,0.567,0.081,0.845,0.321,0.074,0.993,0.338,0.433,0.466,0.407,0.199,0.143,0.244,0.097,0.832,0.307,0.548,0.579,0.819,0.706,0.047,0.401,0.065,0.333,0.709,0.359,0.557,0.209,1.0,0.485,0.081,0.367,0.492,0.101,0.04,0.9,0.485,0.894,0.034,0.441
1.0,0.27,0.605,0.569,0.98,0.836,0.705,0.582,0.196,0.553,0.359,0.363,0.327,0.296,0.649,0.639,0.998,0.558,0.349,0.672,0.296,0.951,0.702,0.602,0.677,0.248,0.19,0.202,0.682,0.186,0.378,0.464,0.833,0.876,0.592,0.616,0.873,0.978,0.471,0.223,0.594
0.0,0.086,0.352,0.819,0.667,0.493,0.843,0.237,0.667,0.286,0.063,0.039,0.812,0.021,0.372,0.546,0.562,0.852,0.138,0.855,0.664,0.193,0.66,0.199,0.814,0.579,0.044,0.501,0.578,0.891,0.392,0.059,0.277,0.822,0.696,0.429,0.666,0.411,0.416,0.515,0.914
1.0,0.399,0.539,0.279,0.829,0.542,0.719,0.995,0.725,0.502,0.177,0.48,0.324,0.095,0.627,0.384,0.611,0.087,0.637,0.536,0.786,0.641,0.388,0.386,0.099,0.341,0.399,0.762,0.117,0.236,0.14,0.025,0.759,0.263,0.827,0.324,0.833,0.002,0.389,0.435,0.158
1.0,0.144,0.921,0.13,0.404,0.582,0.215,0.149,0.996,0.49,0.319,0.025,0.298,0.429,0.741,0.927,0.671,0.217,0.4,0.205,0.365,0.095,0.289,0.601,0.393,0.615,0.088,0.178,0.038,0.487,0.841,0.549,0.161,0.318,0.452,0.967,0.293,0.876,0.334,0.629,0.238
1.0,0.588,0.337,0.144,0.004,0.251,0.473,0.476,0.123,0.585,0.571,0.679,0.511,0.922,0.977,0.144,0.392,0.957,0.502,0.385,0.649,0.799,0.924,0.604,0.009,0.945,0.231,0.4,0.033,0.705,0.378,0.682,0.431,0.036,0.576,0.185,0.207,0.079,0.834,0.611,0.463
1.0,0.225,0.466,0.209,0.956,0.187,0.839,0.935,0.64,0.393,0.816,0.941,0.487,0.278,0.1,0.224,0.049,0.474,0.106,0.121,0.486,0.587,0.72,0.49,0.915,0.729,0.609,0.838,0.529,0.465,0.384,0.014,0.097,0.501,0.905,0.343,0.801,0.646,0.358,0.092,0.516
0.0,0.424,0.414,0.208,0.259,0.855,0.613,0.971,0.279,0.869,0.42,0.926,0.769,0.024,0.279,0.444,0.714,0.85,0.391,0.552,0.127,0.504,0.542,0.786,0.841,0.946,0.429,0.479,0.4,0.455,0.394,0.783,0.73,0.165,0.565,0.685,0.995,0.471,0.846,0.003,0.91
1.0,0.283,0.555,0.902,0.56,0.277,0.157,0.365,0.975,0.244,0.4,0.641,0.383,0.511,0.612,0.783,0.228,0.768,0.543,0.745,0.256,0.776,0.16,0.346,0.864,0.732,0.203,0.47,0.491,0.873,0.58,0.828,0.003,0.449,0.769,0.732,0.921,0.325,0.151,0.207,0.313
0.0,0.354,0.474,0.531,0.482,0.214,0.251,0.554,0.028,0.365,0.277,0.382,0.023,0.128,0.862,0.749,0.07,0.862,0.886,0.319,0.061,0.887,0.363,0.795,0.238,0.421,0.713,0.45,0.895,0.958,0.769,0.124,0.182,0.115,0.521,0.177,0.425,0.52,0.916,0.736,0.984
0.0,0.423,0.893,0.199,0.881,0.971,0.782,0.87,0.328,0.921,0.322,0.631,0.252,0.568,0.343,0.236,0.155,0.97,0.776,0.523,0.354,0.116,0.145,0.326,0.752,0.555,0.685,0.951,0.428,0.755,0.03,0.382,0.095,0.428,0.287,0.668,0.538,0.359,0.581,0.474,0.322
0.0,0.007,0.351,0.516,0.074,0.199,0.435,0.846,0.197,0.385,0.851,0.659,0.832,0.867,0.368,0.662,0.444,0.359,0.805,0.857,0.995,0.306,0.889,0.489,0.943,0.313,0.816,0.587,0.824,0.915,0.026,0.998,0.39,0.496,0.626,0.384,0.639,0.328,0.002,0.879,0.277
0.0,0.99,0.876,0.995,0.759,0.437,0.872,0.785,0.359,0.198,0.258,0.669,0.983,0.179,0.826,0.443,0.258,0.32,0.762,0.489,0.317,0.677,0.612,0.896,0.092,0.014,0.155,0.615,0.179,0.97,0.42,0.411,0.513,0.501,0.534,0.964,0.386,0.251,0.769,0.758,0.396
1.0,0.062,0.893,0.278,0.599,0.172,0.894,0.515,0.411,0.909,0.731,0.955,0.425,0.99,0.723,0.677,0.9,0.875,0.822,0.019,0.932,0.298,0.76,0.705,0.237,0.921,0.969,0.848,0.802,0.282,0.273,0.896,0.126,0.254,0.604,0.106,0.22,0.468,0.168,0.82,0.484
0.0,0.481,0.654,0.906,0.743,0.093,0.021,0.889,0.827,0.561,0.328,0.286,0.331,0.626,0.879,0.976,0.641,0.391,0.01,0.577,0.043,0.116,0.639,0.939,0.294,0.603,0.709,0.224,0.672,0.128,0.1,0.35,0.796,0.459,0.979,0.045,0.311,0.829,0.344,0.291,0.669
0.0,0.586,0.561,0.908,0.334,0.392,0.738,0.506,0.954,0.675,0.142,0.092,0.909,0.406,0.12,0.155,0.722,0.345,0.771,0.488,0.558,0.095,0.783,0.221,0.989,0.185,0.206,0.008,0.682,0.463,0.306,0.57,0.347,0.471,0.94,0.767,0.742,0.24,0.687,0.213,0.154
1.0,0.143,0.046,0.187,0.783,0.694,0.864,0.836,0.171,0.118,0.544,0.78,0.701,0.105,0.155,0.803,0.366,0.717,0.948,0.42,0.513,0.615,0.799,0.011,0.288,0.242,0.22,0.604,0.818,0.268,0.956,0.502,0.376,0.278,0.973,0.66,0.061,0.613,0.151,0.735,0.253
0.0,0.04,0.495,0.883,0.625,0.281,0.928,0.356,0.818,0.859,0.367,0.964,0.032,0.875,0.293,0.859,0.375,0.531,0.18,0.491,0.149,0.873,0.589,0.526,0.321,0.602,0.326,0.225,0.468,0.021,0.584,0.116,0.089,0.057,0.991,0.946,0.134,0.37,0.8,0.684,0.446
0.0,0.75,0.101,0.691,0.326,0.984,0.538,0.002,0.825,0.723,0.024,0.795,0.677,0.998,0.829,0.705,0.765,0.833,0.218,0.294,0.562,0.712,0.9,0.658,0.619,0.126,0.864,0.409,0.969,0.198,0.617,0.561,0.115,0.172,0.209,0.871,0.938,0.696,0.828,0.617,0.578
1.0,0.09,0.333,0.881,0.889,0.998,0.076,0.783,0.304,0.34,0.463,0.226,0.424,0.089,0.427,0.365,0.109,0.605,0.377,0.788,0.51,0.175,0.363,0.971,0.9,0.303,0.608,0.707,0.102,0.605,0.618,0.115,0.323,0.029,0.59,0.252,0.558,0.492,0.738,0.917,0.253
1.0,0.098,0.327,0.581,0.124,0.09,0.994,0.745,0.984,0.28,0.342,0.588,0.419,0.391,0.689,0.508,0.125,0.546,0.885,0.189,0.801,0.171,0.592,0.349,0.137,0.006,0.975,0.22,0.524,0.193,0.511,0.237,0.949,0.652,0.748,0.174,0.676,0.841,0.072,0.3,0.77
1.0,0.677,0.564,0.046,0.45,0.653,0.55,0.214,0.151,0.428,0.816,0.759,0.217,0.119,0.472,0.846,0.774,0.597,0.975,0.577,0.237,0.639,0.764,0.715,0.795,0.105,0.017,0.175,0.941,0.981,0.288,0.042,0.77,0.159,0.341,0.616,0.033,0.663,0.979,0.313,0.622
0.0,0.866,0.673,0.028,0.227,0.938,0.619,0.13,0.943,0.797,0.784,0.418,0.381,0.888,0.437,0.428,0.878,0.776,0.36,0.792,0.7,0.576,0.129,0.742,0.649,0.938,0.837,0.648,0.911,0.511,0.15,0.544,0.952,0.822,0.782,0.737,0.859,0.937,0.413,0.096,0.236
0.0,0.9,0.746,0.601,0.605,0.724,0.658,0.946,0.677,0.895,0.751,0.814,0.795,0.871,0.266,0.793,0.156,0.567,0.366,0.118,0.748,0.349,0.902,0.288,0.085,0.03,0.783,0.195,0.611,0.1,0.259,0.769,0.278,0.637,0.446,0.162,0.081,0.049,0.697,0.324,0.923
1.0,0.135,0.236,0.492,0.41,0.039,0.362,0.693,0.533,0.891,0.161,0.338,0.545,0.642,0.402,0.631,0.444,0.728,0.378,0.156,0.441,0.017,0.606,0.692,0.076,0.042,0.237,0.98,0.182,0.199,0.974,0.67,0.109,0.278,0.317,0.332,0.366,0.094,0.155,0.99,0.618
0.0,0.567,0.075,0.747,0.938,0.346,0.151,0.999,0.541,0.444,0.923,0.494,0.064,0.439,0.01,0.219,0.547,0.723,0.649,0.065,0.38,0.618,0.885,0.844,0.486,0.149,0.209,0.37,0.692,0.673,0.469,0.786,0.663,0.729,0.729,0.78,0.247,0.789,0.133,0.409,0.28
1.0,0.696,0.51,0.289,0.841,0.188,0.803,0.112,0.727,0.33,0.286,0.314,0.546,0.245,0.034,0.036,0.612,0.542,0.813,0.681,0.69,0.009,0.107,0.602,0.481,0.743,0.601,0.339,0.321,0.14,0.072,0.21,0.574,0.505,0.085,0.651,0.66,0.898,0.563,0.432,0.845
0.0,0.288,0.354,0.756,0.66,0.909,0.231,0.962,0.717,0.628,0.006,0.211,0.189,0.471,0.518,0.856,0.677,0.622,0.364,0.602,0.45,0.286,0.261,0.709,0.33,0.959,0.837,0.621,0.046,0.067,0.717,0.998,0.327,0.092,0.679,0.615,0.696,0.48,0.232,0.222,0.788
0.0,0.053,0.717,0.548,0.3,0.885,0.916,0.148,0.753,0.237,0.268,0.989,0.767,0.838,0.279,0.254,0.138,0.451,0.735,0.171,0.432,0.201,0.283,0.886,0.311,0.563,0.331,0.698,0.186,0.279,0.08,0.001,0.843,0.321,0.271,0.28,0.968,0.618,0.68,0.116,0.892
0.0,0.407,0.443,0.899,0.754,0.661,0.72,0.553,0.259,0.009,0.589,0.738,0.842,0.189,0.982,0.143,0.637,0.646,0.363,0.727,0.451,0.459,0.656,0.427,0.489,0.309,0.729,0.763,0.608,0.454,0.863,0.041,0.577,0.33,0.898,0.079,0.212,0.679,0.717,0.231,0.334
0.0,0.584,0.244,0.632,0.358,0.177,0.544,0.865,0.204,0.708,0.598,0.194,0.888,0.486,0.74,0.477,0.993,0.476,0.003,0.047,0.343,0.989,0.631,0.217,0.794,0.4,0.138,0.643,0.519,0.043,0.107,0.729,0.428,0.854,0.844,0.461,0.963,0.294,0.545,0.013,0.737
0.0,0.788,0.599,0.632,0.413,0.008,0.545,0.09,0.602,0.09,0.903,0.189,0.84,0.643,0.035,0.143,0.155,0.896,0.942,0.961,0.478,0.427,0.775,0.221,0.114,0.923,0.129,0.913,0.612,0.895,0.958,0.842,0.687,0.071,0.338,0.018,0.069,0.25,0.4,0.227,0.12
1.0,0.116,0.933,0.302,0.442,0.089,0.574,0.157,0.94,0.474,0.82,0.48,0.637,0.548,0.789,0.946,0.903,0.082,0.701,0.551,0.836,0.529,0.163,0.773,0.031,0.419,0.378,0.766,0.408,0.746,0.178,0.788,0.069,0.694,0.892,0.778,0.574,0.137,0.007,0.009,0.815
1.0,0.66,0.656,0.056,0.485,0.148,0.228,0.403,0.81,0.788,0.472,0.747,0.607,0.517,0.819,0.595,0.734,0.21,0.163,0.503,0.415,0.01,0.849,0.226,0.522,0.414,0.212,0.964,0.824,0.301,0.027,0.281,0.377,0.349,0.966,0.107,0.011,0.848,0.495,0.342,0.097
1.0,0.037,0.805,0.268,0.068,0.255,0.57,0.862,0.345,0.711,0.906,0.993,0.715,0.202,0.124,0.536,0.278,0.075,0.025,0.094,0.984,0.853,0.168,0.524,0.288,0.293,0.922,0.508,0.191,0.346,0.091,0.427,0.714,0.65,0.918,0.661,0.309,0.091,0.884,0.587,0.896
1.0,0.433,0.676,0.361,0.203,0.554,0.553,0.693,0.246,0.313,0.074,0.89,0.242,0.136,0.667,0.979,0.076,0.625,0.095,0.307,0.166,0.486,0.417,0.505,0.812,0.715,0.948,0.155,0.904,0.263,0.008,0.554,0.688,0.796,0.46,0.208,0.245,0.193,0.295,0.081,0.911
0.0,0.367,0.205,0.947,0.717,0.77,0.534,0.782,0.036,0.568,0.644,0.537,0.774,0.086,0.744,0.799,0.162,0.274,0.28,0.955,0.544,0.883,0.306,0.744,0.745,0.845,0.554,0.42,0.993,0.636,0.438,0.862,0.843,0.813,0.204,0.639,0.301,0.399,0.475,0.153,0.025
0.0,0.561,0.459,0.194,0.75,0.527,0.178,0.29,0.82,0.945,0.888,0.708,0.885,0.531,0.394,0.836,0.826,0.718,0.968,0.942,0.818,0.68,0.69,0.351,0.012,0.51,0.456,0.906,0.866,0.95,0.423,0.547,0.731,0.5,0.482,0.479,0.667,0.914,0.479,0.398,0.05
1.0,0.707,0.745,0.123,0.593,0.34,0.157,0.295,0.88,0.481,0.208,0.967,0.297,0.137,0.084,0.938,0.316,0.209,0.891,0.043,0.431,0.548,0.013,0.634,0.463,0.299,0.439,0.101,0.784,0.882,0.14,0.792,0.87,0.841,0.305,0.091,0.138,0.346,0.629,0.314,0.899
1.0,0.248,0.681,0.824,0.732,0.097,0.14,0.68,0.601,0.629,0.521,0.406,0.202,0.739,0.12,0.92,0.545,0.004,0.932,0.17,0.466,0.298,0.251,0.55,0.065,0.582,0.419,0.37,0.377,0.502,0.453,0.328,0.819,0.33,0.45,0.43,0.463,0.716,0.615,0.861,0.386
1.0,0.863,0.24,0.27,0.774,0.379,0.737,0.005,0.062,0.254,0.416,0.838,0.247,0.101,0.848,0.351,0.244,0.009,0.476,0.431,0.482,0.534,0.306,0.339,0.494,0.62,0.08,0.712,0.363,0.957,0.707,0.811,0.432,0.714,0.022,0.631,0.379,0.331,0.701,0.409,0.604
1.0,0.461,0.182,0.504,0.934,0.152,0.995,0.513,0.754,0.742,0.644,0.669,0.385,0.274,0.968,0.304,0.117,0.745,0.139,0.157,0.911,0.426,0.711,0.509,0.672,0.164,0.843,0.017,0.957,0.705,0.409,0.433,0.57,0.443,0.414,0.856,0.739,0.283,0.724,0.718,0.825
1.0,0.74,0.412,0.52,0.464,0.529,0.593,0.763,0.792,0.568,0.613,0.621,0.226,0.692,0.719,0.243,0.661,0.467,0.767,0.315,0.813,0.952,0.786,0.486,0.451,0.953,0.812,0.784,0.659,0.034,0.963,0.414,0.297,0.058,0.277,0.88,0.231,0.263,0.727,0.19,0.373
1.0,0.478,0.061,0.948,0.206,0.435,0.603,0.532,0.408,0.785,0.328,0.422,0.531,0.487,0.381,0.006,0.113,0.414,0.523,0.204,0.639,0.654,0.195,0.621,0.036,0.487,0.823,0.761,0.235,0.101,0.348,0.483,0.394,0.133,0.567,0.268,0.587,0.131,0.891,0.954,0.417
0.0,0.303,0.148,0.466,0.349,0.92,0.894,0.467,0.894,0.676,0.026,0.265,0.977,0.067,0.577,0.445,0.619,0.917,0.277,0.474,0.782,0.81,0.751,0.745,0.02,0.054,0.665,0.378,0.532,0.962,0.485,0.743,0.645,0.642,0.977,0.831,0.274,0.847,0.912,0.237,0.299
1.0,0.59,0.132,0.887,0.349,0.219,0.464,0.648,0.531,0.201,0.234,0.485,0.671,0.942,0.421,0.904,0.263,0.085,0.297,0.757,0.32,0.936,0.607,0.714,0.663,0.194,0.793,0.496,0.674,0.714,0.405,0.138,0.263,0.0,0.903,0.272,0.264,0.16,0.218,0.582,0.725
1.0,0.641,0.921,0.612,0.714,0.113,0.993,0.374,0.004,0.929,0.563,0.703,0.469,0.805,0.125,0.966,0.296,0.062,0.846,0.131,0.208,0.793,0.817,0.764,0.905,0.517,0.283,0.241,0.828,0.875,0.867,0.22,0.625,0.83,0.655,0.131,0.242,0.219,0.781,0.104,0.793
0.0,0.569,0.852,0.673,0.371,0.649,0.583,0.409,0.194,0.984,0.761,0.961,0.899,0.315,0.081,0.563,0.937,0.664,0.295,0.395,0.6,0.906,0.83,0.969,0.005,0.512,0.881,0.254,0.92,0.67,0.71,0.264,0.139,0.133,0.757,0.102,0.323,0.288,0.453,0.413,0.049
1.0,0.036,0.085,0.155,0.088,0.154,0.888,0.517,0.216,0.671,0.723,0.585,0.08,0.609,0.757,0.527,0.913,0.212,0.025,0.983,0.253,0.972,0.631,0.948,0.514,0.247,0.158,0.26,0.662,0.729,0.692,0.766,0.271,0.623,0.902,0.931,0.534,0.598,0.044,0.215,0.346
1.0,0.507,0.855,0.218,0.901,0.439,0.056,0.289,0.71,0.552,0.719,0.21,0.145,0.618,0.779,0.603,0.314,0.749,0.62,0.568,0.788,0.179,0.919,0.684,0.345,0.074,0.481,0.53,0.505,0.4,0.578,0.962,0.192,0.625,0.828,0.389,0.358,0.466,0.891,0.403,0.434
1.0,0.117,0.051,0.055,0.639,0.226,0.614,0.846,0.26,0.315,0.1,0.223,0.082,0.179,0.69,0.323,0.052,0.978,0.777,0.838,0.269,0.534,0.742,0.482,0.311,0.985,0.238,0.478,0.996,0.695,0.09,0.817,0.865,0.185,0.674,0.094,0.69,0.381,0.853,0.753,0.338
0.0,0.402,0.723,0.976,0.066,0.442,0.543,0.992,0.966,0.597,0.054,0.752,0.891,0.894,0.316,0.194,0.64,0.535,0.769,0.27,0.647,0.697,0.085,0.382,0.978,0.015,0.078,0.674,0.612,0.155,0.397,0.723,0.868,0.112,0.13,0.689,0.05,0.205,0.231,0.131,0.828
0.0,0.586,0.362,0.428,0.522,0.69,0.706,0.44,0.032,0.595,0.993,0.608,0.094,0.531,0.444,0.184,0.785,0.123,0.875,0.183,0.612,0.61,0.539,0.918,0.552,0.362,0.887,0.469,0.458,0.114,0.306,0.352,0.573,0.328,0.512,0.527,0.82,0.521,0.821,0.775,0.246
1.0,0.244,0.236,0.363,0.018,0.329,0.37,0.779,0.392,0.966,0.171,0.894,0.709,0.573,0.341,0.337,0.078,0.967,0.061,0.848,0.109,0.873,0.047,0.655,0.632,0.562,0.347,0.39,0.715,0.117,0.957,0.282,0.437,0.282,0.97,0.319,0.329,0.204,0.681,0.428,0.272
1.0,0.317,0.469,0.986,0.105,0.016,0.103,0.541,0.929,0.826,0.224,0.115,0.364,0.196,0.683,0.79,0.404,0.767,0.565,0.386,0.699,0.559,0.289,0.352,0.024,0.619,0.326,0.027,0.099,0.791,0.441,0.376,0.923,0.633,0.738,0.262,0.761,0.991,0.106,0.535,0.395
0.0,0.264,0.333,0.837,0.192,0.526,0.84,0.539,0.199,0.895,0.151,0.054,0.812,0.874,0.701,0.103,0.538,0.86,0.43,0.364,0.127,0.671,0.955,0.446,0.84,0.485,0.195,0.332,0.926,0.583,0.698,0.782,0.767,0.08,0.188,0.753,0.321,0.387,0.62,0.774,0.155
1.0,0.824,0.935,0.705,0.606,0.176,0.351,0.863,0.806,0.506,0.038,0.493,0.145,0.147,0.199,0.082,0.046,0.392,0.208,0.141,0.379,0.895,0.858,0.74,0.14,0.645,0.226,0.699,0.718,0.076,0.48,0.67,0.07,0.603,0.715,0.961,0.599,0.016,0.089,0.652,0.148
0.0,0.489,0.567,0.867,0.756,0.724,0.482,0.177,0.041,0.68,0.421,0.295,0.915,0.26,0.304,0.324,0.781,0.234,0.345,0.362,0.933,0.83,0.471,0.177,0.804,0.528,0.98,0.542,0.897,0.553,0.975,0.632,0.416,0.551,0.039,0.635,0.825,0.058,0.541,0.256,0.171
0.0,0.077,0.691,0.156,0.747,0.901,0.465,0.907,0.792,0.82,0.634,0.534,0.401,0.73,0.691,0.378,0.673,0.104,0.543,0.783,0.268,0.129,0.3,0.632,0.178,0.786,0.367,0.27,0.59,0.685,0.201,0.202,0.312,0.168,0.378,0.202,0.872,0.859,0.664,0.234,0.283
0.0,0.319,0.408,0.626,0.502,0.142,0.855,0.101,0.846,0.471,0.021,0.075,0.867,0.338,0.974,0.496,0.12,0.602,0.895,0.574,0.832,0.437,0.036,0.752,0.904,0.585,0.64,0.591,0.719,0.77,0.795,0.037,0.833,0.464,0.137,0.586,0.018,0.084,0.712,0.052,0.369
0.0,0.193,0.338,0.739,0.169,0.937,0.765,0.977,0.177,0.223,0.733,0.794,0.677,0.193,0.735,0.895,0.644,0.876,0.303,0.273,0.679,0.987,0.039,0.061,0.774,0.854,0.454,0.088,0.646,0.468,0.601,0.475,0.369,0.665,0.894,0.864,0.991,0.956,0.838,0.387,0.418
0.0,0.089,0.052,0.822,0.244,0.351,0.981,0.468,0.385,0.594,0.38,0.269,0.728,0.81,0.044,0.885,0.082,0.814,0.281,0.565,0.978,0.508,0.752,0.977,0.266,0.411,0.188,0.708,0.868,0.502,0.484,0.24,0.658,0.139,0.729,0.755,0.63,0.462,0.358,0.046,0.541
1.0,0.151,0.203,0.534,0.685,0.768,0.062,0.987,0.04,0.37,0.031,0.0,0.416,0.785,0.215,0.91,0.94,0.493,0.207,0.172,0.656,0.053,0.903,0.607,0.965,0.541,0.52,0.01,0.392,0.469,0.368,0.794,0.34,0.864,0.997,0.872,0.135,0.357,0.021,0.533,0.755
1.0,0.088,0.544,0.562,0.49,0.313,0.627,0.876,0.53,0.044,0.973,0.759,0.49,0.229,0.03,0.115,0.035,0.434,0.514,0.859,0.632,0.922,0.078,0.222,0.562,0.908,0.665,0.16,0.423,0.533,0.154,0.661,0.088,0.727,0.194,0.007,0.955,0.945,0.962,0.854,0.752
0.0,0.408,0.141,0.01,0.369,0.88,0.45,0.135,0.305,0.42,0.108,0.512,0.257,0.931,0.637,0.086,0.244,0.051,0.166,0.641,0.424,0.026,0.878,0.07,0.594,0.966,0.065,0.002,0.945,0.725,0.999,0.826,0.079,0.97,0.862,0.469,0.629,0.032,0.315,0.57,0.909
1.0,0.036,0.345,0.751,0.937,0.824,0.481,0.111,0.364,0.015,0.88,0.361,0.265,0.678,0.832,0.266,0.34,0.256,0.028,0.731,0.652,0.194,0.385,0.377,0.306,0.58,0.025,0.144,0.412,0.956,0.286,0.799,0.964,0.836,0.562,0.533,0.012,0.038,0.91,0.433,0.032
0.0,0.446,0.186,0.58,0.385,0.248,0.712,0.425,0.809,0.82,0.253,0.164,0.889,0.05,0.784,0.259,0.543,0.367,0.871,0.647,0.036,0.851,0.23,0.083,0.391,0.861,0.989,0.738,0.756,0.007,0.937,0.358,0.824,0.776,0.058,0.978,0.906,0.968,0.493,0.295,0.304
0.0,0.92,0.567,0.806,0.791,0.983,0.455,0.649,0.907,0.46,0.864,0.422,0.503,0.323,0.5,0.689,0.245,0.113,0.152,0.969,0.243,0.348,0.684,0.09,0.894,0.494,0.235,0.071,0.187,0.457,0.889,0.359,0.6,0.4,0.036,0.42,0.402,0.853,0.112,0.908,0.403
0.0,0.824,0.791,0.077,0.943,0.418,0.939,0.98,0.804,0.811,0.913,0.804,0.836,0.066,0.756,0.071,0.489,0.965,0.133,0.941,0.373,0.257,0.505,0.889,0.486,0.503,0.63,0.554,0.898,0.016,0.415,0.895,0.385,0.704,0.759,0.961,0.637,0.699,0.55,0.976,0.32
0.0,0.503,0.22,0.966,0.194,0.853,0.693,0.829,0.529,0.279,0.204,0.679,0.348,0.095,0.558,0.523,0.474,0.566,0.591,0.457,0.623,0.901,0.43,0.518,0.167,0.595,0.658,0.942,0.678,0.859,0.742,0.486,0.933,0.532,0.156,0.577,0.421,0.562,0.92,0.937,0.966
1.0,0.358,0.409,0.654,0.05,0.524,0.405,0.983,0.073,0.174,0.526,0.129,0.041,0.16,0.135,0.542,0.402,0.848,0.205,0.922,0.304,0.04,0.654,0.394,0.069,0.255,0.993,0.435,0.738,0.047,0.031,0.732,0.815,0.327,0.949,0.227,0.393,0.446,0.876,0.642,0.071
1.0,0.757,0.925,0.039,0.129,0.672,0.552,0.106,0.305,0.499,0.576,0.377,0.391,0.077,0.806,0.497,0.788,0.863,0.617,0.221,0.39,0.147,0.678,0.431,0.293,0.338,0.993,0.978,0.128,0.414,0.833,0.176,0.05,0.592,0.536,0.875,0.077,0.274,0.588,0.374,0.732
1.0,0.052,0.328,0.568,0.399,0.46,0.577,0.967,0.494,0.673,0.235,0.471,0.604,0.73,0.433,0.618,0.226,0.167,0.167,0.895,0.933,0.825,0.072,0.349,0.649,0.662,0.235,0.524,0.587,0.59,0.617,0.66,0.631,0.427,0.745,0.036,0.481,0.755,0.501,0.464,0.709
0.0,0.243,0.528,0.474,0.542,0.08,0.671,0.443,0.334,0.081,0.459,0.354,0.823,0.412,0.006,0.246,0.794,0.558,0.71,0.737,0.931,0.381,0.737,0.427,0.871,0.59,0.982,0.814,0.141,0.717,0.36,0.07,0.227,0.408,0.252,0.343,0.666,0.226,0.012,0.025,0.34
1.0,0.359,0.578,0.649,0.127,0.27,0.522,0.439,0.994,0.689,0.101,0.631,0.1,0.992,0.526,0.834,0.585,0.309,0.466,0.619,0.827,0.539,0.542,0.418,0.672,0.786,0.049,0.799,0.337,0.004,0.701,0.388,0.02,0.549,0.772,0.381,0.253,0.09,0.142,0.109,0.736
0.0,0.546,0.41,0.753,0.184,0.851,0.336,0.115,0.912,0.013,0.623,0.995,0.92,0.451,0.669,0.211,0.28,0.584,0.074,0.549,0.71,0.458,0.461,0.259,0.669,0.612,0.41,0.29,0.128,0.227,0.175,0.266,0.108,0.283,0.835,0.614,0.261,0.204,0.101,0.851,0.273
1.0,0.366,0.514,0.039,0.666,0.635,0.537,0.817,0.746,0.804,0.939,0.665,0.674,0.671,0.2,0.139,0.076,0.546,0.873,0.354,0.967,0.208,0.1,0.457,0.583,0.203,0.468,0.334,0.591,0.107,0.038,0.477,0.574,0.262,0.782,0.804,0.678,0.439,0.617,0.432,0.731
1.0,0.342,0.655,0.268,0.398,0.295,0.188,0.433,0.977,0.26,0.504,0.474,0.946,0.264,0.967,0.801,0.252,0.801,0.623,0.41,0.417,0.243,0.396,0.957,0.575,0.543,0.754,0.481,0.983,0.075,0.072,0.571,0.697,0.206,0.392,0.592,0.53,0.893,0.368,0.734,0.289
1.0,0.904,0.697,0.003,0.494,0.992,0.027,0.452,0.032,0.313,0.885,0.064,0.533,0.845,0.727,0.34,0.924,0.793,0.194,0.206,0.223,0.499,0.553,0.019,0.388,0.722,0.206,0.867,0.94,0.734,0.324,0.418,0.103,0.457,0.897,0.706,0.593,0.859,0.727,0.29,0.087
1.0,0.247,0.73,0.563,0.987,0.84,0.084,0.072,0.841,0.572,0.625,0.292,0.571,0.672,0.064,0.741,0.025,0.635,0.197,0.061,0.251,0.082,0.018,0.21,0.955,0.175,0.593,0.738,0.342,0.828,0.559,0.237,0.318,0.162,0.304,0.315,0.718,0.062,0.598,0.418,0.771
1.0,0.386,0.884,0.002,0.376,0.251,0.409,0.736,0.387,0.634,0.862,0.742,0.273,0.93,0.42,0.061,0.135,0.311,0.948,0.671,0.468,0.883,0.746,0.26,0.084,0.215,0.609,0.919,0.693,0.376,0.989,0.566,0.576,0.483,0.216,0.993,0.932,0.125,0.033,0.05,0.874
1.0,0.714,0.617,0.789,0.768,0.397,0.107,0.091,0.429,0.117,0.854,0.917,0.401,0.477,0.626,0.047,0.681,0.058,0.295,0.026,0.888,0.844,0.249,0.298,0.38,0.278,0.464,0.618,0.144,0.509,0.949,0.73,0.237,0.601,0.88,0.69,0.103,0.958,0.973,0.93,0.886
0.0,0.485,0.374,0.373,0.497,0.509,0.879,0.935,0.975,0.492,0.117,0.64,0.565,0.671,0.312,0.563,0.899,0.939,0.312,0.56,0.523,0.531,0.452,0.883,0.851,0.414,0.535,0.92,0.589,0.748,0.704,0.555,0.625,0.229,0.982,0.033,0.242,0.256,0.025,0.857,0.862
0.0,0.008,0.45,0.799,0.176,0.567,0.305,0.586,0.432,0.772,0.939,0.209,0.357,0.484,0.251,0.542,0.512,0.748,0.524,0.933,0.639,0.824,0.646,0.792,0.012,0.202,0.255,0.927,0.232,0.507,0.667,0.079,0.825,0.477,0.563,0.806,0.948,0.725,0.224,0.217,0.152
0.0,0.899,0.196,0.777,0.156,0.315,0.383,0.641,0.1,0.484,0.769,0.818,0.86,0.98,0.215,0.788,0.204,0.02,0.754,0.494,0.097,0.884,0.461,0.219,0.401,0.451,0.95,0.991,0.199,0.923,0.96,0.486,0.407,0.135,0.091,0.493,0.419,0.103,0.994,0.105,0.381
0.0,0.285,0.758,0.456,0.014,0.85,0.741,0.411,0.348,0.839,0.298,0.08,0.187,0.94,0.658,0.515,0.219,0.695,0.867,0.232,0.873,0.38,0.478,0.369,0.037,0.579,0.283,0.128,0.937,0.42,0.69,0.151,0.895,0.13,0.361,0.107,0.857,0.726,0.463,0.87,0.991
1.0,0.257,0.444,0.339,0.29,0.649,0.502,0.91,0.559,0.266,0.569,0.122,0.514,0.337,0.998,0.869,0.125,0.901,0.886,0.469,0.847,0.396,0.677,0.324,0.673,0.329,0.422,0.771,0.276,0.623,0.434,0.677,0.103,0.621,0.922,0.004,0.417,0.043,0.045,0.582,0.4
1.0,0.816,0.932,0.879,0.038,0.635,0.312,0.109,0.35,0.499,0.558,0.574,0.063,0.375,0.821,0.248,0.523,0.768,0.771,0.777,0.858,0.623,0.908,0.581,0.46,0.222,0.971,0.733,0.992,0.456,0.794,0.38,0.815,0.519,0.763,0.448,0.753,0.44,0.571,0.047,0.087
0.0,0.813,0.112,0.758,0.22,0.703,0.656,0.908,0.656,0.775,0.333,0.581,0.838,0.914,0.217,0.732,0.12,0.857,0.358,0.514,0.239,0.704,0.412,0.033,0.331,0.026,0.185,0.162,0.217,0.674,0.172,0.037,0.882,0.836,0.125,0.199,0.945,0.757,0.863,0.449,0.036
0.0,0.842,0.919,0.348,0.243,0.216,0.527,0.324,0.334,0.559,0.723,0.576,0.439,0.923,0.635,0.896,0.664,0.325,0.763,0.93,0.357,0.976,0.42,0.398,0.957,0.373,0.177,0.32,0.674,0.557,0.375,0.269,0.211,0.366,0.857,0.049,0.123,0.404,0.353,0.065,0.125
1.0,0.742,0.532,0.24,0.278,0.517,0.964,0.538,0.681,0.121,0.874,0.951,0.354,0.088,0.114,0.766,0.841,0.467,0.726,0.984,0.432,0.508,0.523,0.734,0.851,0.205,0.208,0.504,0.01,0.16,0.992,0.98,0.917,0.573,0.89,0.213,0.046,0.382,0.149,0.27,0.645
1.0,0.948,0.543,0.637,0.7,0.3,0.656,0.968,0.673,0.65,0.478,0.037,0.584,0.357,0.3,0.147,0.432,0.352,0.059,0.825,0.611,0.575,0.462,0.62,0.374,0.296,0.125,0.249,0.025,0.495,0.422,0.619,0.415,0.879,0.095,0.307,0.249,0.554,0.775,0.156,0.998
1.0,0.256,0.778,0.189,0.002,0.594,0.727,0.43,0.082,0.1,0.424,0.497,0.819,0.121,0.406,0.144,0.257,0.361,0.481,0.838,0.324,0.473,0.067,0.643,0.44,0.45,0.093,0.903,0.065,0.728,0.485,0.154,0.558,0.058,0.557,0.551,0.966,0.522,0.983,0.697,0.425
1.0,0.898,0.585,0.859,0.552,0.147,0.931,0.842,0.696,0.484,0.129,0.982,0.554,0.616,0.127,0.278,0.406,0.481,0.452,0.084,0.76,0.829,0.435,0.025,0.721,0.823,0.587,0.525,0.794,0.291,0.636,0.099,0.428,0.509,0.793,0.084,0.592,0.525,0.511,0.428,0.829
1.0,0.792,0.239,0.214,0.173,0.093,0.056,0.544,0.981,0.579,0.441,0.916,0.363,0.934,0.131,0.043,0.538,0.995,0.691,0.31,0.462,0.045,0.726,0.622,0.606,0.28,0.743,0.261,0.1,0.348,0.17,0.232,0.344,0.174,0.349,0.813,0.208,0.721,0.584,0.09,0.783
0.0,0.166,0.877,0.719,0.726,0.38,0.601,0.9,0.427,0.422,0.411,0.565,0.785,0.758,0.722,0.95,0.31,0.841,0.433,0.99,0.458,0.668,0.136,0.295,0.137,0.478,0.379,0.661,0.689,0.429,0.564,0.115,0.446,0.256,0.899,0.26,0.079,0.019,0.243,0.949,0.734
0.0,0.673,0.104,0.922,0.803,0.975,0.345,0.761,0.79,0.158,0.755,0.31,0.096,0.557,0.495,0.629,0.065,0.835,0.382,0.27,0.952,0.918,0.312,0.763,0.563,0.495,0.014,0.971,0.129,0.532,0.186,0.151,0.311,0.728,0.173,0.61,0.543,0.421,0.447,0.26,0.811
1.0,0.537,0.978,0.108,0.868,0.101,0.449,0.069,0.191,0.564,0.366,0.509,0.421,0.07,0.368,0.914,0.512,0.052,0.19,0.57,0.045,0.68,0.11,0.124,0.003,0.768,0.579,0.735,0.15,0.898,0.712,0.318,0.219,0.112,0.92,0.47,0.183,0.559,0.308,0.602,0.129
1.0,0.216,0.017,0.994,0.804,0.58,0.273,0.836,0.181,0.267,0.981,0.622,0.285,0.169,0.11,0.217,0.367,0.742,0.867,0.84,0.901,0.154,0.081,0.102,0.672,0.739,0.733,0.421,0.178,0.669,0.46,0.25,0.435,0.217,0.107,0.086,0.594,0.972,0.238,0.491,0.764
0.0,0.652,0.868,0.405,0.181,0.189,0.612,0.917,0.899,0.24,0.305,0.24,0.61,0.936,0.642,0.86,0.968,0.337,0.598,0.58,0.504,0.07,0.782,0.185,0.658,0.419,0.526,0.935,0.84,0.588,0.664,0.888,0.499,0.523,0.589,0.264,0.448,0.351,0.808,0.199,0.688
0.0,0.521,0.044,0.742,0.968,0.844,0.604,0.802,0.489,0.303,0.103,0.623,0.858,0.078,0.363,0.553,0.624,0.1,0.202,0.228,0.278,0.549,0.382,0.168,0.852,0.707,0.927,0.773,0.485,0.866,0.509,0.35,0.436,0.54,0.603,0.009,0.293,0.643,0.824,0.116,0.84
1.0,0.451,0.457,0.934,0.128,0.46,0.885,0.758,0.697,0.184,0.411,0.391,0.718,0.245,0.474,0.92,0.356,0.575,0.738,0.57,0.308,0.143,0.57,0.237,0.449,0.148,0.445,0.409,0.585,0.289,0.871,0.698,0.398,0.263,0.8,0.51,0.776,0.639,0.38,0.377,0.644
0.0,0.089,0.936,0.811,0.658,0.535,0.561,0.531,0.98,0.81,0.528,0.179,0.882,0.68,0.865,0.125,0.146,0.491,0.337,0.641,0.242,0.319,0.369,0.314,0.089,0.494,0.38,0.93,0.802,0.887,0.463,0.915,0.563,0.674,0.199,0.341,0.472,0.683,0.126,0.612,0.355
1.0,0.611,0.218,0.534,0.545,0.126,0.142,0.57,0.521,0.254,0.289,0.792,0.671,0.555,0.029,0.355,0.991,0.457,0.138,0.232,0.401,0.368,0.338,0.184,0.957,0.375,0.92,0.163,0.993,0.571,0.171,0.972,0.091,0.357,0.366,0.806,0.912,0.151,0.436,0.056,0.735
1.0,0.559,0.834,0.347,0.622,0.304,0.881,0.023,0.857,0.854,0.645,0.657,0.079,0.935,0.479,0.109,0.062,0.84,0.313,0.036,0.515,0.506,0.894,0.272,0.838,0.552,0.385,0.603,0.106,0.695,0.314,0.186,0.12,0.29,0.817,0.623,0.626,0.757,0.304,0.283,0.375
1.0,0.314,0.181,0.629,0.671,0.49,0.013,0.249,0.993,0.128,0.187,0.087,0.719,0.903,0.136,0.321,0.315,0.944,0.357,0.882,0.872,0.588,0.407,0.47,0.653,0.309,0.44,0.544,0.663,0.078,0.157,0.315,0.504,0.302,0.522,0.825,0.185,0.091,0.972,0.307,0.408
0.0,0.215,0.026,0.902,0.339,0.707,0.471,0.189,0.601,0.497,0.348,0.27,0.975,0.273,0.151,0.694,0.93,0.809,0.162,0.573,0.3,0.044,0.651,1.0,0.232,0.594,0.02,0.092,0.343,0.089,0.719,0.675,0.828,0.827,0.351,0.379,0.166,0.021,0.846,0.23,0.407
1.0,0.68,0.352,0.248,0.025,0.251,0.442,0.214,0.732,0.74,0.081,0.677,0.159,0.651,0.171,0.814,0.897,0.126,0.615,0.749,0.464,0.831,0.222,0.627,0.914,0.853,0.705,0.752,0.529,0.239,0.94,0.356,0.373,0.804,0.357,0.282,0.7,0.446,0.037,0.315,0.552
1.0,0.635,0.317,0.772,0.145,0.784,0.676,0.828,0.886,0.437,0.263,0.807,0.63,0.628,0.103,0.815,0.351,0.247,0.889,0.349,0.963,0.463,0.356,0.631,0.167,0.855,0.24,0.708,0.52,0.302,0.113,0.756,0.113,0.542,0.156,0.648,0.092,0.263,0.238,0.189,0.035
1.0,0.634,0.586,0.557,0.541,0.711,0.844,0.865,0.258,0.612,0.442,0.568,0.565,0.523,0.29,0.703,0.965,0.205,0.193,0.494,0.954,0.189,0.882,0.965,0.443,0.833,0.271,0.226,0.16,0.027,0.645,0.132,0.74,0.527,0.852,0.44,0.576,0.114,0.487,0.817,0.768
1.0,0.51,0.618,0.149,0.375,0.62,0.604,0.756,0.413,0.177,0.15,0.817,0.047,0.463,0.976,0.997,0.225,0.906,0.369,0.87,0.837,0.208,0.053,0.098,0.079,0.775,0.341,0.873,0.745,0.955,0.765,0.562,0.781,0.777,0.818,0.608,0.533,0.891,0.546,0.36,0.613
0.0,0.654,0.221,0.523,0.059,0.46,0.257,0.572,0.579,0.192,0.29,0.756,0.248,0.55,0.253,0.092,0.277,0.473,0.115,0.474,0.081,0.128,0.072,0.392,0.441,0.731,0.164,0.635,0.835,0.498,0.229,0.573,0.163,0.171,0.164,0.41,0.195,0.55,0.201,0.188,0.289
0.0,0.899,0.296,0.331,0.863,0.36,0.803,0.702,0.592,0.802,0.76,0.483,0.888,0.553,0.791,0.241,0.073,0.413,0.75,0.927,0.794,0.422,0.001,0.972,0.166,0.179,0.257,0.366,0.594,0.39,0.094,0.047,0.678,0.311,0.855,0.663,0.94,0.897,0.621,0.637,0.3
0.0,0.465,0.64,0.168,0.837,0.575,0.246,0.532,0.048,0.856,0.29,0.248,0.198,0.33,0.109,0.061,0.187,0.816,0.852,0.637,0.869,0.296,0.482,0.591,0.804,0.07,0.439,0.152,0.976,0.23,0.013,0.953,0.696,0.681,0.447,0.015,0.541,0.033,0.274,0.505,0.145
0.0,0.05,0.641,0.434,0.705,0.397,0.189,0.353,0.901,0.95,0.315,0.687,0.409,0.848,0.352,0.217,0.187,0.906,0.184,0.716,0.538,0.728,0.043,0.823,0.157,0.598,0.419,0.849,0.737,0.111,0.887,0.179,0.774,0.373,0.575,0.322,0.011,0.297,0.955,0.892,0.635
0.0,0.281,0.08,0.428,0.927,0.897,0.537,0.219,0.436,0.75,0.892,0.37,0.427,0.428,0.695,0.633,0.282,0.147,0.019,0.699,0.704,0.521,0.717,0.957,0.844,0.975,0.38,0.966,0.529,0.562,0.919,0.193,0.824,0.02,0.142,0.953,0.653,0.319,0.463,0.478,0.341
1.0,0.239,0.394,0.047,0.784,0.742,0.402,0.701,0.8,0.168,0.563,0.463,0.044,0.88,0.139,0.005,0.563,0.672,0.645,0.265,0.827,0.855,0.73,0.553,0.156,0.661,0.703,0.214,0.982,0.456,0.25,0.126,0.865,0.003,0.253,0.356,0.338,0.361,0.098,0.243,0.433
0.0,0.363,0.213,0.436,0.95,0.214,0.578,0.288,0.469,0.601,0.158,0.319,0.822,0.885,0.041,0.503,0.724,0.623,0.972,0.8,0.929,0.277,0.352,0.087,0.899,0.915,0.965,0.613,0.27,0.037,0.399,0.918,0.258,0.118,0.057,0.627,0.984,0.953,0.329,0.097,0.507
1.0,0.543,0.152,0.354,0.404,0.746,0.231,0.678,0.795,0.91,0.202,0.567,0.534,0.102,0.281,0.368,0.812,0.516,0.85,0.005,0.107,0.026,0.349,0.286,0.701,0.563,0.818,0.922,0.11,0.319,0.127,0.65,0.566,0.493,0.382,0.83,0.205,0.517,0.4,0.322,0.528
0.0,0.843,0.432,0.741,0.608,0.237,0.138,0.615,0.538,0.634,0.083,0.856,0.898,0.419,0.142,0.043,0.519,0.109,0.714,0.561,0.222,0.147,0.234,0.89,0.359,0.78,0.815,0.02,0.789,0.931,0.341,0.234,0.424,0.38,0.963,0.813,0.487,0.898,0.895,0.223,0.02
0.0,0.175,0.693,0.506,0.79,0.516,0.661,0.874,0.225,0.982,0.729,0.825,0.109,0.659,0.683,0.596,0.202,0.699,0.259,0.653,0.93,0.437,0.3,0.9,0.208,0.877,0.243,0.651,0.129,0.805,0.979,0.935,0.112,0.723,0.279,0.516,0.375,0.574,0.407,0.442,0.893
0.0,0.746,0.501,0.468,0.113,0.836,0.593,0.547,0.452,0.737,0.235,0.158,0.882,0.937,0.814,0.355,0.982,0.488,0.231,0.231,0.487,0.438,0.528,0.772,0.477,0.591,0.986,0.349,0.43,0.157,0.822,0.407,0.837,0.774,0.918,0.175,0.149,0.659,0.333,0.768,0.501
1.0,0.648,0.112,0.336,0.271,0.007,0.847,0.072,0.078,0.567,0.9,0.928,0.176,0.58,0.043,0.231,0.945,0.388,0.89,0.836,0.731,0.624,0.452,0.301,0.977,0.038,0.013,0.621,0.706,0.481,0.48,0.725,0.366,0.662,0.906,0.973,0.062,0.806,0.377,0.089,0.592
1.0,0.273,0.212,0.683,0.69,0.814,0.092,0.199,0.504,0.013,0.136,0.085,0.579,0.405,0.06,0.007,0.916,0.26,0.533,0.844,0.642,0.314,0.902,0.291,0.197,0.994,0.277,0.076,0.806,0.613,0.639,0.079,0.662,0.855,0.87,0.781,0.609,0.065,0.37,0.742,0.07
1.0,0.098,0.447,0.122,0.625,0.826,0.081,0.825,0.555,0.782,0.692,0.194,0.096,0.75,0.6,0.827,0.686,0.72,0.961,1.0,0.173,0.966,0.116,0.734,0.094,0.344,0.038,0.075,0.223,0.824,0.444,0.666,0.783,0.289,0.069,0.156,0.622,0.179,0.841,0.295,0.507
0.0,0.728,0.546,0.933,0.247,0.779,0.403,0.02,0.806,0.212,0.085,0.566,0.984,0.252,0.597,0.017,0.749,0.831,0.491,0.055,0.455,0.443,0.318,0.613,0.815,0.087,0.909,0.367,0.368,0.764,0.397,0.644,0.724,0.389,0.411,0.109,0.908,0.641,0.697,0.09,0.68
1.0,0.716,0.764,0.919,0.11,0.438,0.274,0.302,0.716,0.455,0.515,0.807,0.568,0.262,0.165,0.923,0.684,0.393,0.744,0.526,0.156,0.515,0.992,0.638,0.078,0.754,0.794,0.612,0.053,0.763,0.538,0.574,0.883,0.997,0.128,0.352,0.247,0.498,0.103,0.888,0.376
1.0,0.812,0.358,0.428,0.819,0.259,0.975,0.194,0.071,0.012,0.301,0.723,0.744,0.961,0.383,0.391,0.864,0.691,0.22,0.619,0.685,0.104,0.97,0.421,0.224,0.154,0.813,0.652,0.074,0.08,0.697,0.301,0.666,0.446,0.438,0.908,0.851,0.997,0.859,0.384,0.28
1.0,0.209,0.576,0.581,0.961,0.498,0.513,0.879,0.74,0.172,0.143,0.504,0.334,0.255,0.276,0.75,0.28,0.586,0.023,0.171,0.882,0.966,0.598,0.048,0.161,0.65,0.885,0.107,0.026,0.634,0.452,0.913,0.378,0.161,0.409,0.802,0.794,0.189,0.683,0.27,0.524
0.0,0.388,0.709,0.976,0.236,0.818,0.981,0.623,0.259,0.479,0.934,0.444,0.262,0.232,0.323,0.785,0.765,0.796,0.87,0.108,0.852,0.066,0.166,0.807,0.647,0.985,0.427,0.205,0.447,0.438,0.054,0.916,0.158,0.408,0.572,0.158,0.502,0.04,0.934,0.959,0.521
1.0,0.963,0.561,0.139,0.393,0.375,0.116,0.944,0.721,0.619,0.608,0.803,0.468,0.972,0.916,0.732,0.324,0.726,0.8,0.485,0.534,0.423,0.735,0.475,0.489,0.09,0.758,0.897,0.502,0.176,0.96,0.669,0.311,0.503,0.786,0.857,0.613,0.72,0.393,0.049,0.176
0.0,0.236,0.405,0.937,0.264,0.781,0.026,0.793,0.487,0.656,0.367,0.326,0.265,0.291,0.569,0.07,0.1,0.148,0.929,0.973,0.987,0.314,0.428,0.933,0.218,0.446,0.505,0.609,0.816,0.607,0.41,0.504,0.858,0.946,0.044,0.95,0.038,0.474,0.77,0.392,0.238
1.0,0.291,0.246,0.688,0.397,0.235,0.193,0.373,0.862,0.308,0.936,0.37,0.524,0.82,0.164,0.457,0.29,0.39,0.012,0.93,0.55,0.116,0.707,0.002,0.222,0.438,0.15,0.699,0.794,0.042,0.413,0.242,0.885,0.094,0.444,0.115,0.314,0.169,0.615,0.205,0.86
0.0,0.478,0.802,0.529,0.316,0.548,0.385,0.155,0.498,0.724,0.743,0.572,0.507,0.002,0.259,0.912,0.977,0.358,0.866,0.456,0.533,0.062,0.758,0.808,0.413,0.548,0.803,0.334,0.197,0.631,0.065,0.451,0.613,0.284,0.979,0.249,0.832,0.127,0.785,0.047,0.735
1.0,0.297,0.363,0.572,0.968,0.644,0.962,0.151,0.057,0.863,0.046,0.306,0.146,0.632,0.704,0.917,0.827,0.751,0.882,0.239,0.012,0.705,0.737,0.414,0.487,0.102,0.726,0.099,0.431,0.289,0.772,0.941,0.638,0.251,0.017,0.696,0.87,0.349,0.266,0.034,0.929
1.0,0.906,0.49,0.973,0.518,0.383,0.502,0.238,0.164,0.772,0.388,0.793,0.09,0.245,0.21,0.082,0.329,0.556,0.699,0.877,0.585,0.564,0.588,0.089,0.543,0.41,0.935,0.308,0.004,0.787,0.112,0.141,0.294,0.621,0.381,0.616,0.109,0.529,0.014,0.494,0.215
0.0,0.323,0.462,0.479,0.681,0.778,0.698,0.891,0.636,0.594,0.419,0.107,0.692,0.367,0.817,0.603,0.135,0.552,0.113,0.953,0.512,0.516,0.088,0.832,0.989,0.94,0.496,0.735,0.054,0.044,0.746,0.27,0.153,0.778,0.013,0.996,0.433,0.746,0.679,0.188,0.638
0.0,0.601,0.898,0.123,0.933,0.957,0.907,0.137,0.458,0.127,0.058,0.72,0.164,0.372,0.691,0.334,0.242,0.956,0.31,0.692,0.623,0.909,0.832,0.835,0.716,0.581,0.187,0.497,0.66,0.977,0.942,0.067,0.268,0.215,0.205,0.502,0.546,0.79,0.756,0.037,0.833
0.0,0.383,0.421,0.148,0.673,0.385,0.415,0.759,0.694,0.672,0.658,0.164,0.912,0.492,0.16,0.331,0.597,0.378,0.053,0.568,0.661,0.62,0.681,0.485,0.098,0.993,0.89,0.55,0.845,0.186,0.087,0.232,0.535,0.485,0.522,0.978,0.507,0.447,0.387,0.079,0.876
1.0,0.123,0.289,0.119,0.931,0.057,0.893,0.981,0.753,0.437,0.126,0.258,0.232,0.86,0.623,0.951,0.629,0.72,0.238,0.964,0.208,0.999,0.986,0.744,0.68,0.361,0.691,0.038,0.862,0.394,0.959,0.866,0.089,0.966,0.559,0.091,0.013,0.917,0.642,0.799,0.491
0.0,0.104,0.514,0.3,0.111,0.873,0.891,0.545,0.756,0.205,0.32,0.667,0.364,0.66,0.534,0.488,0.28,0.708,0.11,0.92,0.334,0.042,0.647,0.128,0.313,0.484,0.013,0.677,0.162,0.719,0.884,0.857,0.063,0.534,0.229,0.99,0.086,0.902,0.874,0.481,0.496
1.0,0.298,0.085,0.745,0.317,0.772,0.563,0.321,0.814,0.471,0.566,0.519,0.158,0.019,0.305,0.789,0.529,0.627,0.139,0.567,0.58,0.641,0.798,0.009,0.978,0.063,0.194,0.789,0.004,0.555,0.308,0.13,0.182,0.182,0.174,0.881,0.802,0.639,0.985,0.206,0.361
0.0,0.936,0.82,0.296,0.293,0.482,0.198,0.591,0.794,0.479,0.318,0.517,0.784,0.23,0.863,0.281,0.804,0.275,0.215,0.155,0.994,0.71,0.027,0.959,0.146,0.236,0.162,0.336,0.573,0.349,0.361,0.183,0.584,0.185,0.985,0.738,0.901,0.245,0.758,0.902,0.479
1.0,0.595,0.54,0.36,0.631,0.768,0.048,0.973,0.727,0.276,0.996,0.45,0.139,0.816,0.63,0.828,0.069,0.063,0.962,0.313,0.963,0.373,0.12,0.699,0.668,0.042,0.22,0.174,0.639,0.282,0.304,0.46,0.448,0.732,0.999,0.125,0.35,0.791,0.215,0.145,0.3
1.0,0.476,0.946,0.297,0.991,0.801,0.121,0.507,0.89,0.559,0.004,0.948,0.106,0.362,0.704,0.629,0.059,0.227,0.263,0.559,0.455,0.685,0.504,0.371,0.867,0.029,0.802,0.429,0.544,0.125,0.765,0.57,0.19,0.442,0.31,0.619,0.564,0.899,0.537,0.917,0.443
1.0,0.139,0.868,0.399,0.135,0.615,0.052,0.468,0.029,0.116,0.13,0.005,0.21,0.343,0.888,0.053,0.307,0.069,0.892,0.719,0.942,0.175,0.072,0.008,0.573,0.185,0.916,0.428,0.818,0.636,0.492,0.101,0.756,0.136,0.093,0.836,0.206,0.506,0.081,0.368,0.123
1.0,0.664,0.854,0.775,0.727,0.011,0.667,0.226,0.995,0.41,0.231,0.181,0.452,0.801,0.946,0.366,0.81,0.845,0.435,0.729,0.941,0.766,0.154,0.437,0.476,0.514,0.286,0.177,0.932,0.694,0.741,0.419,0.72,0.623,0.284,0.557,0.664,0.9,0.594,0.074,0.165
0.0,0.773,0.371,0.727,0.93,0.171,0.098,0.412,0.736,0.899,0.241,0.268,0.96,0.769,0.95,0.034,0.986,0.708,0.951,0.079,0.72,0.623,0.997,0.621,0.865,0.853,0.054,0.702,0.592,0.691,0.385,0.596,0.508,0.102,0.828,0.541,0.276,0.418,0.491,0.879,0.021
1.0,0.352,0.25,0.21,0.19,0.233,0.33,0.138,0.798,0.122,0.644,0.456,0.656,0.152,0.205,0.979,0.071,0.985,0.485,0.614,0.074,0.603,0.724,0.216,0.435,0.904,0.013,0.319,0.578,0.063,0.957,0.342,0.973,0.884,0.16,0.903,0.295,0.448,0.083,0.346,0.728
0.0,0.163,0.322,0.656,0.9,0.041,0.524,0.634,0.873,0.585,0.569,0.335,0.997,0.459,0.444,0.457,0.888,0.478,0.431,0.767,0.806,0.886,0.127,0.375,0.831,0.262,0.128,0.671,0.932,0.525,0.015,0.025,0.128,0.425,0.898,0.545,0.514,0.207,0.551,0.477,0.016
0.0,0.212,0.266,0.795,0.803,0.005,0.731,0.268,0.552,0.639,0.323,0.552,0.804,0.769,0.524,0.967,0.993,0.853,0.056,0.943,0.804,0.862,0.865,0.444,0.705,0.7,0.854,0.158,0.898,0.028,0.885,0.013,0.249,0.984,0.004,0.652,0.778,0.421,0.789,0.926,0.676
0.0,0.766,0.276,0.162,0.384,0.043,0.438,0.969,0.619,0.181,0.78,0.435,0.871,0.205,0.817,0.733,0.317,0.782,0.34,0.534,0.196,0.888,0.119,0.533,0.665,0.413,0.238,0.723,0.302,0.24,0.032,0.888,0.404,0.786,0.843,0.055,0.849,0.888,0.053,0.978,0.028
1.0,0.968,0.78,0.286,0.513,0.422,0.417,0.559,0.49,0.249,0.853,0.453,0.541,0.563,0.541,0.336,0.519,0.224,0.646,0.893,0.202,0.83,0.362,0.319,0.0,0.735,0.496,0.423,0.986,0.988,0.628,0.485,0.211,0.634,0.848,0.812,0.484,0.972,0.567,0.432,0.006
1.0,0.218,0.981,0.874,0.665,0.156,0.163,0.452,0.274,0.101,0.733,0.254,0.366,0.433,0.21,0.965,0.265,0.752,0.439,0.664,0.85,0.031,0.963,0.011,0.269,0.803,0.887,0.563,0.218,0.087,0.937,0.368,0.831,0.13,0.963,0.551,0.875,0.957,0.035,0.351,0.872
0.0,0.233,0.178,0.594,0.126,0.127,0.223,0.098,0.259,0.746,0.616,0.09,0.976,0.171,0.235,0.904,0.387,0.121,0.309,0.86,0.473,0.646,0.541,0.329,0.04,0.871,0.538,0.324,0.243,0.995,0.399,0.595,0.472,0.805,0.9,0.95,0.097,0.691,0.583,0.831,0.892
0.0,0.972,0.989,0.406,0.605,0.457,0.975,0.503,0.218,0.614,0.033,0.258,0.786,0.556,0.156,0.322,0.951,0.649,0.149,0.788,0.429,0.536,0.754,0.524,0.001,0.464,0.16,0.934,0.794,0.522,0.812,0.401,0.545,0.93,0.337,0.08,0.265,0.577,0.105,0.082,0.752
1.0,0.013,0.891,0.728,0.146,0.814,0.469,0.13,0.931,0.293,0.994,0.198,0.756,0.929,0.364,0.65,0.622,0.153,0.375,0.974,0.846,0.581,0.453,0.264,0.017,0.746,0.724,0.9,0.918,0.173,0.135,0.041,0.331,0.762,0.791,0.751,0.22,0.237,0.088,0.121,0.75
1.0,0.849,0.251,0.478,0.567,0.716,0.216,0.149,0.606,0.626,0.815,0.105,0.596,0.877,0.998,0.238,0.345,0.426,0.24,0.448,0.582,0.997,0.911,0.494,0.038,0.525,0.686,0.412,0.917,0.049,0.832,0.35,0.785,0.682,0.185,0.889,0.972,0.729,0.731,0.633,0.857
0.0,0.122,0.381,0.029,0.738,0.442,0.569,0.092,0.126,0.231,0.956,0.377,0.839,0.049,0.371,0.116,0.617,0.476,0.501,0.166,0.157,0.63,0.607,0.983,0.575,0.006,0.555,0.538,0.183,0.642,0.113,0.791,0.095,0.659,0.62,0.599,0.6,0.964,0.523,0.276,0.756
1.0,0.693,0.505,0.945,0.988,0.166,0.756,0.689,0.206,0.562,0.503,0.771,0.093,0.156,0.619,0.011,0.459,0.935,0.707,0.086,0.847,0.291,0.557,0.647,0.009,0.576,0.028,0.725,0.404,0.4,0.854,0.185,0.623,0.032,0.299,0.317,0.856,0.479,0.056,0.622,0.23
0.0,0.306,0.712,0.376,0.537,0.51,0.571,0.063,0.494,0.652,0.189,0.408,0.285,0.681,0.037,0.218,0.476,0.831,0.001,0.953,0.627,0.289,0.713,0.139,0.278,0.045,0.378,0.808,0.658,0.278,0.816,0.315,0.314,0.477,0.587,0.626,0.782,0.71,0.013,0.015,0.965
0.0,0.627,0.521,0.486,0.67,0.76,0.257,0.981,0.562,0.166,0.908,0.266,0.508,0.653,0.139,0.551,0.526,0.922,0.828,0.346,0.359,0.379,0.148,0.941,0.863,0.375,0.279,0.294,0.858,0.844,0.928,0.305,0.194,0.649,0.674,0.734,0.713,0.671,0.451,0.085,0.698
0.0,0.128,0.398,0.959,0.613,0.543,0.088,0.301,0.414,0.9,0.09,0.064,0.896,0.476,0.65,0.694,0.635,0.937,0.214,0.153,0.271,0.421,0.024,0.54,0.705,0.471,0.19,0.343,0.421,0.428,0.44,0.108,0.814,0.328,0.798,0.137,0.614,0.002,0.587,0.622,0.807
1.0,0.938,0.043,0.258,0.182,0.677,0.077,0.363,0.669,0.295,0.382,0.151,0.668,0.394,0.046,0.708,0.215,0.885,0.777,0.884,0.833,0.003,0.431,0.224,0.415,0.336,0.813,0.413,0.782,0.807,0.79,0.874,0.455,0.965,0.33,0.777,0.851,0.087,0.525,0.804,0.228
1.0,0.007,0.707,0.68,0.547,0.212,0.001,0.805,0.933,0.909,0.21,0.75,0.525,0.204,0.946,0.594,0.64,0.551,0.038,0.158,0.999,0.906,0.133,0.002,0.113,0.732,0.124,0.352,0.19,0.031,0.448,0.773,0.903,0.327,0.848,0.939,0.221,0.703,0.191,0.323,0.33
0.0,0.657,0.503,0.629,0.304,0.991,0.464,0.751,0.352,0.03,0.148,0.862,0.994,0.277,0.242,0.342,0.61,0.648,0.686,0.46,0.367,0.454,0.245,0.823,0.399,0.462,0.196,0.288,0.895,0.221,0.537,0.367,0.307,0.557,0.554,0.159,0.721,0.871,0.77,0.554,0.27
0.0,0.306,0.547,0.564,0.284,0.934,0.616,0.014,0.714,0.205,0.428,0.073,0.445,0.257,0.107,0.583,0.271,0.648,0.364,0.102,0.649,0.671,0.467,0.537,0.196,0.701,0.788,0.11,0.345,0.327,0.176,0.415,0.829,0.859,0.071,0.13,0.31,0.698,0.746,0.962,0.592
0.0,0.094,0.177,0.471,0.841,0.924,0.424,0.842,0.972,0.985,0.994,0.151,0.214,0.398,0.954,0.468,0.65,0.274,0.685,0.066,0.036,0.155,0.182,0.232,0.307,0.899,0.942,0.501,0.889,0.637,0.492,0.295,0.249,0.927,0.836,0.249,0.109,0.3,0.442,0.177,0.472
1.0,0.119,0.047,0.108,0.35,0.102,0.797,0.946,0.811,0.035,0.844,0.404,0.183,0.202,0.192,0.755,0.599,0.456,0.884,0.009,0.752,0.895,0.871,0.633,0.551,0.333,0.97,0.132,0.288,0.352,0.396,0.709,0.737,0.976,0.654,0.394,0.419,0.943,0.844,0.646,0.23
0.0,0.6,0.707,0.662,0.988,0.251,0.754,0.601,0.044,0.213,0.068,0.1,0.495,0.479,0.447,1.0,0.178,0.224,0.952,0.445,0.305,0.205,0.376,0.899,0.414,0.596,0.144,0.06,0.221,0.148,0.799,0.155,0.256,0.856,0.569,0.508,0.89,0.257,0.128,0.033,0.404
1.0,0.3,0.297,0.986,0.521,0.703,0.7,0.52,0.574,0.315,0.796,0.262,0.684,0.374,0.33,0.745,0.119,0.937,0.511,0.702,0.176,0.643,0.68,0.693,0.569,0.006,0.038,0.748,0.931,0.921,0.822,0.09,0.65,0.129,0.88,0.964,0.718,0.422,0.451,0.535,0.815
1.0,0.824,0.168,0.07,0.239,0.552,0.701,0.999,0.396,0.475,0.457,0.354,0.609,0.159,0.626,0.841,0.421,0.465,0.457,0.994,0.095,0.384,0.032,0.1,0.339,0.147,0.794,0.135,0.694,0.609,0.456,0.498,0.984,0.618,0.672,0.505,0.408,0.902,0.028,0.804,0.255
0.0,0.44,0.313,0.055,0.061,0.677,0.836,0.042,0.823,0.572,0.942,0.048,0.801,0.643,0.99,0.53,0.087,0.748,0.194,0.951,0.463,0.68,0.801,0.02,0.853,0.679,0.674,0.079,0.571,0.843,0.445,0.801,0.277,0.5,0.556,0.426,0.217,0.893,0.693,0.464,0.661
0.0,0.516,0.812,0.991,0.899,0.198,0.915,0.642,0.796,0.9,0.477,0.405,0.844,0.694,0.293,0.728,0.478,0.243,0.796,0.06,0.37,0.525,0.347,0.64,0.129,0.311,0.435,0.477,0.606,0.317,0.694,0.254,0.443,0.588,0.604,0.16,0.322,0.51,0.449,0.532,0.575
0.0,0.774,0.475,0.97,0.607,0.957,0.912,0.375,0.219,0.654,0.699,0.005,0.211,0.686,0.222,0.851,0.339,0.818,0.241,0.747,0.303,0.137,0.434,0.166,0.349,1.0,0.334,0.648,0.922,0.638,0.45,0.379,0.824,0.706,0.751,0.67,0.681,0.139,0.471,0.149,0.384
1.0,0.056,0.533,0.538,0.429,0.04,0.85,0.978,0.602,0.926,0.1,0.919,0.25,0.194,0.164,0.601,0.919,0.836,0.284,0.212,0.047,0.234,0.001,0.264,0.448,0.132,0.055,0.94,0.425,0.032,0.902,0.256,0.091,0.852,0.065,0.443,0.147,0.469,0.319,0.609,0.226
1.0,0.947,0.252,0.742,0.311,0.088,0.673,0.87,0.968,0.578,0.173,0.915,0.596,0.726,0.255,0.095,0.658,0.141,0.471,0.686,0.632,0.021,0.257,0.511,0.981,0.536,0.667,0.849,0.913,0.888,0.263,0.141,0.742,0.517,0.105,0.481,0.845,0.115,0.962,0.027,0.031
1.0,0.87,0.812,0.363,0.197,0.643,0.029,0.062,0.709,0.327,0.512,0.858,0.003,0.481,0.971,0.42,0.969,0.606,0.34,0.225,0.802,0.403,0.934,0.729,0.075,0.876,0.786,0.2,0.248,0.642,0.615,0.061,0.657,0.319,0.905,0.787,0.963,0.991,0.081,0.392,0.478
0.0,0.96,0.072,0.328,0.508,0.057,0.173,0.503,0.624,0.816,0.318,0.436,0.551,0.123,0.933,0.175,0.038,0.495,0.803,0.051,0.282,0.229,0.955,0.961,0.312,0.376,0.087,0.369,0.509,0.558,0.447,0.601,0.164,0.847,0.964,0.396,0.352,0.403,0.855,0.5,0.718
1.0,0.796,0.805,0.989,0.444,0.554,0.632,0.743,0.205,0.851,0.445,0.642,0.36,0.39,0.805,0.764,0.245,0.7,0.435,0.785,0.809,0.504,0.778,0.611,0.212,0.554,0.388,0.515,0.842,0.978,0.252,0.852,0.373,0.795,0.553,0.754,0.393,0.933,0.426,0.581,0.304
0.0,0.159,0.52,0.712,0.875,0.044,0.497,0.296,0.456,0.757,0.686,0.197,0.707,0.988,0.821,0.673,0.969,0.074,0.633,0.747,0.88,0.239,0.757,0.167,0.476,0.681,0.411,0.518,0.89,0.967,0.529,0.993,0.699,0.643,0.163,0.072,0.081,0.773,0.262,0.922,0.174
0.0,0.53,0.93,0.575,0.117,0.493,0.458,0.11,0.798,0.454,0.339,0.621,0.86,0.674,0.512,0.955,0.296,0.325,0.282,0.847,0.613,0.899,0.42,0.786,0.102,0.174,0.363,0.341,0.051,0.986,0.087,0.272,0.389,0.919,0.422,0.473,0.028,0.696,0.893,0.559,0.509
1.0,0.507,0.926,0.68,0.113,0.71,0.286,0.602,0.09,0.574,0.774,0.82,0.306,0.405,0.611,0.36,0.164,0.58,0.939,0.884,0.537,0.661,0.454,0.102,0.215,0.463,0.28,0.938,0.456,0.549,0.824,0.706,0.36,0.511,0.835,0.875,0.987,0.936,0.675,0.487,0.478
1.0,0.043,0.931,0.937,0.68,0.801,0.754,0.437,0.717,0.144,0.164,0.968,0.425,0.099,0.881,0.069,0.468,0.278,0.758,0.181,0.446,0.144,0.378,0.041,0.602,0.995,0.146,0.616,0.449,0.604,0.257,0.177,0.513,0.695,0.774,0.551,0.52,0.2,0.419,0.986,0.355
0.0,0.03,0.542,0.405,0.185,0.649,0.501,0.197,0.158,0.449,0.053,0.528,0.108,0.982,0.004,0.231,0.445,0.704,0.059,0.768,0.627,0.249,0.784,0.938,0.104,0.83,0.493,0.561,0.482,0.758,0.855,0.095,0.559,0.981,0.759,0.237,0.656,0.346,0.487,0.225,0.091
1.0,0.204,0.65,0.954,0.916,0.289,0.1,0.588,0.583,0.803,0.372,0.62,0.373,0.481,0.738,0.615,0.021,0.377,0.709,0.154,0.408,0.068,0.774,0.254,0.909,0.264,0.038,0.502,0.421,0.31,0.39,0.922,0.278,0.839,0.49,0.944,0.666,0.459,0.007,0.101,0.951
0.0,0.891,0.763,0.197,0.773,0.996,0.643,0.468,0.9,0.472,0.276,0.427,0.149,0.546,0.324,0.554,0.764,0.684,0.477,0.104,0.416,0.39,0.225,0.978,0.787,0.606,0.939,0.129,0.237,0.11,0.202,1.0,0.888,0.6,0.164,0.249,0.272,0.912,0.392,0.701,0.892
0.0,0.23,0.775,0.877,0.936,0.879,0.012,0.141,0.798,0.114,0.831,0.31,0.725,0.398,0.026,0.732,0.226,0.835,0.041,0.104,0.383,0.279,0.175,0.574,0.181,0.854,0.239,0.691,0.048,0.563,0.363,0.514,0.78,0.489,0.679,0.747,0.169,0.499,0.018,0.399,0.985
1.0,0.517,0.25,0.441,0.196,0.556,0.338,0.172,0.342,0.996,0.209,0.268,0.549,0.632,0.698,0.229,0.461,0.037,0.167,0.763,0.311,0.42,0.335,0.712,0.903,0.598,0.03,0.931,0.089,0.355,0.566,0.155,0.247,0.772,0.936,0.384,0.275,0.895,0.02,0.764,0.952
0.0,0.97,0.061,0.467,0.407,0.143,0.836,0.305,0.936,0.827,0.707,0.942,0.825,0.951,0.875,0.231,0.8,0.771,0.86,0.809,0.152,0.959,0.208,0.725,0.813,0.935,0.014,0.953,0.958,0.902,0.778,0.945,0.871,0.595,0.837,0.79,0.071,0.904,0.144,0.541,0.403
1.0,0.321,0.034,0.429,0.435,0.145,0.924,0.122,0.092,0.514,0.196,0.532,0.673,0.092,0.48,0.954,0.823,0.895,0.624,0.447,0.849,0.854,0.873,0.565,0.61,0.642,0.233,0.695,0.967,0.189,0.888,0.479,0.201,0.205,0.964,0.209,0.618,0.858,0.036,0.81,0.789
0.0,0.15,0.419,0.835,0.265,0.834,0.804,0.068,0.949,0.088,0.816,0.358,0.239,0.591,0.88,0.55,0.814,0.863,0.514,0.49,0.462,0.458,0.289,0.936,0.841,0.832,0.032,0.014,0.475,0.502,0.373,0.888,0.129,0.595,0.69,0.959,0.979,0.817,0.099,0.724,0.661
0.0,0.425,0.987,0.082,0.104,0.321,0.171,0.752,0.693,0.939,0.36,0.001,0.895,0.585,0.54,0.999,0.175,0.008,0.875,0.773,0.426,0.235,0.95,0.075,0.427,0.722,0.859,0.102,0.554,0.699,0.522,1.0,0.25,0.242,0.836,0.113,0.644,0.301,0.873,0.532,0.789
0.0,0.15,0.919,0.942,0.158,0.917,0.37,0.2,0.097,0.096,0.447,0.229,0.637,0.599,0.584,0.113,0.411,0.457,0.295,0.514,0.855,0.715,0.91,0.654,0.769,0.502,0.177,0.449,0.944,0.976,0.876,0.316,0.984,0.589,0.526,0.939,0.584,0.953,0.326,0.16,0.76
0.0,0.419,0.091,0.636,0.13,0.491,0.737,0.327,0.277,0.434,0.742,0.294,0.717,0.99,0.672,0.393,0.224,0.613,0.124,0.95,0.869,0.62,0.317,0.852,0.378,0.462,0.342,0.296,0.292,0.128,0.658,0.698,0.535,0.36,0.422,0.81,0.663,0.819,0.515,0.303,0.245
1.0,0.883,0.126,0.907,0.096,0.408,0.041,0.313,0.968,0.507,0.391,0.272,0.42,0.38,0.775,0.805,0.866,0.645,0.278,0.613,0.682,0.812,0.325,0.683,0.415,0.714,0.691,0.587,0.743,0.517,0.126,0.887,0.964,0.451,0.406,0.456,0.207,0.406,0.858,0.361,0.662
1.0,0.527,0.254,0.806,0.237,0.473,0.045,0.883,0.212,0.168,0.15,0.563,0.201,0.186,0.866,0.04,0.817,0.359,0.022,0.289,0.326,0.027,0.067,0.741,0.041,0.147,0.499,0.498,0.611,0.739,0.595,0.428,0.565,0.539,0.67,0.829,0.214,0.95,0.927,0.57,0.94
0.0,0.424,0.849,0.106,0.803,0.264,0.074,0.177,0.499,0.59,0.665,0.406,0.969,0.171,0.201,0.302,0.934,0.234,0.513,0.246,0.097,0.74,0.948,0.224,0.302,0.426,0.896,0.166,0.309,0.778,0.113,0.071,0.049,0.13,0.616,0.586,0.565,0.046,0.267,0.76,0.545
1.0,0.242,0.18,0.414,0.173,0.567,0.721,0.643,0.111,0.65,0.214,0.988,0.331,0.663,0.8,0.676,0.477,0.08,0.199,0.397,0.266,0.608,0.155,0.522,0.576,0.496,0.327,0.946,0.819,0.475,0.99,0.689,0.69,0.58,0.265,0.753,0.844,0.588,0.755,0.09,0.917
0.0,0.031,0.031,0.44,0.828,0.961,0.575,0.945,0.874,0.861,0.245,0.758,0.58,0.056,0.924,0.243,0.872,0.021,0.949,0.472,0.421,0.084,0.469,0.132,0.686,0.045,0.848,0.881,0.394,0.856,0.145,0.779,0.459,0.313,0.277,0.403,0.643,0.714,0.32,0.579,0.562
1.0,0.241,0.291,0.552,0.857,0.828,0.29,0.519,0.771,0.955,0.644,0.714,0.319,0.059,0.802,0.741,0.462,0.649,0.167,0.092,0.831,0.828,0.418,0.132,0.636,0.557,0.293,0.065,0.938,0.163,0.111,0.44,0.58,0.174,0.197,0.115,0.087,0.214,0.653,0.362,0.208
0.0,0.124,0.44,0.177,0.383,0.452,0.803,0.908,0.257,0.002,0.385,0.018,0.656,0.866,0.223,0.238,0.17,0.861,0.753,0.788,0.14,0.286,0.188,0.794,0.835,0.075,0.97,0.705,0.811,0.603,0.681,0.654,0.77,0.744,0.802,0.874,0.52,0.986,0.494,0.354,0.679
1.0,0.469,0.955,0.706,0.293,0.011,0.968,0.676,0.378,0.998,0.541,0.927,0.473,0.19,0.25,0.805,0.761,0.755,0.802,0.632,0.728,0.005,0.024,0.456,0.067,0.306,0.358,0.113,0.411,0.786,0.007,0.037,0.73,0.82,0.193,0.129,0.921,0.68,0.277,0.716,0.819
0.0,0.351,0.582,0.717,0.895,0.752,0.425,0.287,0.845,0.499,0.406,0.116,0.585,0.412,0.079,0.976,0.9,0.497,0.012,0.656,0.694,0.413,0.709,0.235,0.366,0.18,0.06,0.981,0.65,0.272,0.657,0.453,0.704,0.917,0.4,0.22,0.243,0.671,0.135,0.249,0.206
1.0,0.368,0.89,0.946,0.576,0.231,0.912,0.038,0.365,0.077,0.469,0.797,0.696,0.795,0.125,0.457,0.551,0.277,0.088,0.388,0.874,0.098,0.638,0.743,0.542,0.883,0.877,0.063,0.933,0.062,0.547,0.364,0.39,0.639,0.925,0.733,0.641,0.332,0.45,0.317,0.593
0.0,0.71,0.416,0.288,0.768,0.226,0.693,0.066,0.144,0.843,0.44,0.15,0.798,0.136,0.758,0.573,0.011,0.957,0.111,0.052,0.205,0.097,0.633,0.075,0.813,0.973,0.09,0.842,0.013,0.594,0.421,0.269,0.047,0.987,0.933,0.918,0.181,0.807,0.513,0.98,0.765
0.0,0.055,0.737,0.65,0.469,0.658,0.913,0.241,0.041,0.188,0.946,0.708,0.857,0.734,0.29,0.984,0.464,0.649,0.105,0.685,0.461,0.993,0.879,0.414,0.583,0.732,0.334,0.943,0.693,0.269,0.768,0.837,0.447,0.411,0.15,0.015,0.536,0.86,0.872,0.044,0.919
1.0,0.227,0.658,0.189,0.861,0.697,0.004,0.102,0.115,0.156,0.056,0.775,0.313,0.015,0.141,0.453,0.36,0.274,0.231,0.202,0.296,0.06,0.336,0.713,0.685,0.113,0.195,0.334,0.822,0.198,0.962,0.92,0.142,0.476,0.128,0.526,0.997,0.694,0.496,0.624,0.787
1.0,0.061,0.833,0.721,0.033,0.575,0.005,0.931,0.257,0.065,0.619,0.908,0.75,0.834,0.607,0.976,0.347,0.895,0.519,0.654,0.412,0.841,0.516,0.23,0.637,0.032,0.851,0.781,0.338,0.704,0.485,0.626,0.226,0.536,0.568,0.687,0.708,0.269,0.546,0.784,0.086
1.0,0.426,0.128,0.656,0.362,0.205,0.297,0.826,0.197,0.818,0.761,0.989,0.459,0.287,0.455,0.443,0.257,0.825,0.704,0.118,0.504,0.842,0.773,0.543,0.958,0.942,0.789,0.528,0.305,0.253,0.008,0.765,0.507,0.429,0.684,0.21,0.28,0.721,0.628,0.862,0.578
1.0,0.055,0.76,0.477,0.156,0.692,0.745,0.619,0.744,0.987,0.627,0.661,0.69,0.384,0.345,0.862,0.645,0.724,0.49,0.481,0.716,0.788,0.642,0.096,0.361,0.051,0.382,0.611,0.178,0.603,0.243,0.02,0.001,0.5,0.186,0.296,0.117,0.875,0.964,0.684,0.075
0.0,0.343,0.787,0.761,0.77,0.864,0.933,0.253,0.812,0.044,0.917,0.6,0.161,0.124,0.566,0.819,0.614,0.822,0.133,0.352,0.777,0.693,0.961,0.014,0.645,0.235,0.305,0.411,0.235,0.102,0.864,0.374,0.924,0.738,0.785,0.542,0.258,0.497,0.055,0.652,0.843
0.0,0.771,0.691,0.546,0.54,0.578,0.088,0.659,0.52,0.449,0.454,0.915,0.994,0.017,0.461,0.048,0.95,0.574,0.727,0.728,0.868,0.963,0.775,0.954,0.27,0.62,0.314,0.391,0.048,0.882,0.777,0.395,0.157,0.457,0.831,0.468,0.835,0.03,0.405,0.753,0.119
1.0,0.708,0.207,0.841,0.223,0.79,0.538,0.365,0.361,0.642,0.99,0.408,0.522,0.54,0.067,0.088,0.038,0.898,0.912,0.754,0.524,0.112,0.881,0.27,0.005,0.644,0.861,0.565,0.844,0.291,0.899,0.819,0.758,0.65,0.154,0.739,0.466,0.867,0.387,0.941,0.911
0.0,0.742,0.731,0.119,0.441,0.917,0.375,0.756,0.303,0.778,0.215,0.508,0.604,0.9,0.889,0.074,0.047,0.501,0.817,0.055,0.782,0.767,0.415,0.685,0.434,0.321,0.203,0.898,0.252,0.159,0.598,0.06,0.482,0.167,0.22,0.847,0.998,0.496,0.336,0.674,0.703
1.0,0.13,0.998,0.747,0.532,0.743,0.299,0.472,0.812,0.381,0.033,0.684,0.33,0.319,0.531,0.458,0.045,0.34,0.061,0.702,0.94,0.36,0.695,0.525,0.346,0.916,0.14,0.144,0.535,0.269,0.404,0.8,0.668,0.068,0.465,0.926,0.291,0.641,0.539,0.644,0.813
0.0,0.805,0.648,0.254,0.199,0.811,0.735,0.636,0.976,0.15,0.857,0.722,0.609,0.071,0.567,0.886,0.638,0.194,0.554,0.716,0.204,0.577,0.65,0.632,0.282,0.094,0.086,0.707,0.446,0.739,0.459,0.07,0.118,0.774,0.861,0.246,0.003,0.4,0.723,0.253,0.332
0.0,0.269,0.918,0.369,0.065,0.976,0.798,0.866,0.112,0.699,0.437,0.99,0.969,0.345,0.859,0.896,0.352,0.432,0.469,0.436,0.98,0.989,0.638,0.916,0.488,0.608,0.966,0.806,0.662,0.832,0.621,0.914,0.531,0.659,0.543,0.049,0.828,0.363,0.659,0.827,0.698
1.0,0.389,0.347,0.182,0.758,0.701,0.403,0.743,0.084,0.137,0.798,0.427,0.009,0.578,0.331,0.173,0.527,0.306,0.93,0.466,0.995,0.369,0.045,0.488,0.28,0.356,0.7,0.265,0.736,0.77,0.193,0.095,0.784,0.997,0.542,0.024,0.75,0.786,0.35,0.29,0.984
0.0,0.206,0.675,0.562,0.505,0.18,0.079,0.982,0.472,0.162,0.469,0.453,0.943,0.649,0.842,0.629,0.502,0.431,0.271,0.402,0.523,0.343,0.455,0.852,0.71,0.289,0.767,0.756,0.969,0.799,0.478,0.988,0.89,0.329,0.554,0.888,0.511,0.361,0.699,0.621,0.63
1.0,0.572,0.2,0.799,0.807,0.616,0.459,0.391,0.555,0.72,0.391,0.891,0.391,0.854,0.028,0.285,0.649,0.518,0.457,0.731,0.703,0.588,0.189,0.195,0.15,0.377,0.419,0.13,0.122,0.01,0.617,0.658,0.925,0.597,0.423,0.135,0.094,0.938,0.756,0.331,0.304
1.0,0.365,0.576,0.108,0.926,0.054,0.338,0.251,0.109,0.201,0.495,0.757,0.595,0.606,0.425,0.866,0.524,0.964,0.022,0.909,0.578,0.538,0.869,0.764,0.025,0.28,0.517,0.242,0.717,0.548,0.545,0.544,0.091,0.368,0.258,0.721,0.122,0.932,0.916,0.486,0.763
1.0,0.398,0.247,0.819,0.936,0.944,0.722,0.108,0.877,0.352,0.233,0.4,0.093,0.53,0.19,0.175,0.2,0.212,0.461,0.28,0.155,0.523,0.662,0.279,0.656,0.076,0.478,0.414,0.836,0.418,0.098,0.85,0.188,0.864,0.347,0.623,0.805,0.294,0.102,0.32,0.644
1.0,0.007,0.018,0.914,0.41,0.315,0.603,0.885,0.788,0.744,0.203,0.041,0.432,0.515,0.988,0.016,0.921,0.588,0.907,0.063,0.842,0.042,0.738,0.604,0.888,0.404,0.114,0.17,0.082,0.312,0.47,0.883,0.999,0.725,0.78,0.709,0.761,0.606,0.713,0.136,0.491
0.0,0.277,0.171,0.275,0.045,0.039,0.84,0.937,0.468,0.872,0.584,0.655,0.928,0.899,0.3,0.651,0.454,0.793,0.605,0.458,0.378,0.339,0.609,0.92,0.545,0.568,0.855,0.155,0.872,0.104,0.888,0.867,0.513,0.358,0.289,0.721,0.977,0.342,0.588,0.852,0.901
1.0,0.457,0.653,0.36,0.809,0.826,0.906,0.462,0.189,0.124,0.958,0.133,0.337,0.007,0.781,0.776,0.345,0.72,0.244,0.085,0.846,0.015,0.892,0.779,0.087,0.954,0.094,0.743,0.593,0.939,0.095,0.706,0.815,0.193,0.241,0.983,0.224,0.955,0.307,0.764,0.448
1.0,0.905,0.736,0.818,0.714,0.737,0.163,0.994,0.592,0.6,0.986,0.746,0.05,0.034,0.479,0.323,0.898,0.339,0.84,0.917,0.132,0.988,0.795,0.301,0.933,0.563,0.115,0.363,0.92,0.128,0.67,0.44,0.897,0.754,0.492,0.746,0.9,0.964,0.808,0.862,0.618
1.0,0.026,0.34,0.213,0.641,0.734,0.601,0.439,0.46,0.968,0.003,0.109,0.758,0.862,0.579,0.693,0.786,0.287,0.08,0.231,0.35,0.757,0.795,0.143,0.962,0.311,0.779,0.669,0.241,0.509,0.427,0.338,0.383,0.449,0.752,0.215,0.135,0.264,0.083,0.258,0.085
0.0,0.619,0.876,0.68,0.871,0.144,0.45,0.362,0.346,0.06,0.415,0.393,0.753,0.952,0.642,0.193,0.31,0.905,0.771,0.703,0.648,0.617,0.508,0.8,0.278,0.9,0.271,0.513,0.189,0.55,0.031,0.923,0.317,0.733,0.42,0.805,0.383,0.77,0.902,0.845,0.571
0.0,0.161,0.285,0.178,0.982,0.997,0.832,0.312,0.799,0.005,0.073,0.997,0.804,0.873,0.86,0.049,0.91,0.659,0.338,0.405,0.837,0.546,0.847,0.993,0.909,0.895,0.254,0.428,0.172,0.667,0.599,0.699,0.614,0.438,0.622,0.765,0.029,0.613,0.736,0.384,0.496
1.0,0.129,0.419,0.347,0.779,0.036,0.199,0.741,0.916,0.081,0.634,0.476,0.465,0.921,0.384,0.932,0.316,0.408,0.613,0.503,0.583,0.262,0.682,0.065,0.486,0.354,0.75,0.73,0.17,0.453,0.522,0.303,0.251,0.205,0.35,0.732,0.173,0.626,0.802,0.083,0.689
1.0,0.569,0.824,0.301,0.707,0.461,0.575,0.877,0.115,0.619,0.48,0.809,0.753,0.014,0.227,0.53,0.499,0.927,0.827,0.569,0.493,0.209,0.895,0.588,0.409,0.438,0.377,0.356,0.031,0.788,0.951,0.647,0.251,0.137,0.778,0.522,0.724,0.061,0.848,0.17,0.656
1.0,0.861,0.145,0.184,0.075,0.623,0.231,0.456,0.176,0.295,0.819,0.09,0.599,0.855,0.34,0.656,0.972,0.005,0.572,0.963,0.078,0.944,0.989,0.047,0.523,0.411,0.65,0.116,0.707,0.99,0.263,0.674,0.572,0.55,0.687,0.075,0.349,0.927,0.918,0.092,0.293
1.0,0.262,0.297,0.863,0.305,0.363,0.126,0.469,0.189,0.776,0.361,0.705,0.083,0.717,0.823,0.143,0.032,0.198,0.265,0.228,0.113,0.39,0.623,0.547,0.075,0.063,0.157,0.83,0.442,0.847,0.749,0.428,0.191,0.331,0.323,0.044,0.718,0.077,0.397,0.536,0.084
1.0,0.14,0.301,0.129,0.627,0.473,0.114,0.73,0.91,0.3,0.677,0.528,0.369,0.281,0.991,0.698,0.086,0.433,0.335,0.84,0.858,0.159,0.098,0.183,0.961,0.5,0.711,0.98,0.166,0.793,0.479,0.52,0.917,0.608,0.423,0.587,0.524,0.819,0.064,0.169,0.89
1.0,0.713,0.533,0.895,0.944,0.25,0.62,0.464,0.895,0.846,0.298,0.144,0.653,0.492,0.756,0.678,0.712,0.194,0.963,0.951,0.827,0.64,0.484,0.692,0.519,0.542,0.668,0.258,0.668,0.296,0.335,0.93,0.256,0.234,0.412,0.03,0.758,0.947,0.001,0.093,0.407
1.0,0.804,0.632,0.845,0.532,0.094,0.025,0.151,0.46,0.362,0.535,0.738,0.726,0.324,0.988,0.491,0.549,0.627,0.48,0.227,0.507,0.93,0.089,0.175,0.212,0.441,0.214,0.224,0.439,0.356,0.673,0.586,0.441,0.586,0.442,0.095,0.586,0.341,0.729,0.03,0.867
0.0,0.177,0.653,0.555,0.706,0.871,0.68,0.467,0.635,0.686,0.883,0.023,0.479,0.932,0.396,0.259,0.85,0.748,0.925,0.153,0.607,0.918,0.724,0.735,0.05,0.596,0.283,0.706,0.396,0.657,0.818,0.059,0.284,0.374,0.377,0.698,0.198,0.339,0.701,0.365,0.923
0.0,0.76,0.595,0.867,0.86,0.414,0.847,0.067,0.86,0.555,0.196,0.173,0.831,0.895,0.219,0.164,0.354,0.367,0.919,0.31,0.746,0.934,0.716,0.849,0.855,0.646,0.305,0.62,0.64,0.761,0.936,0.088,0.104,0.881,0.449,0.279,0.647,0.943,0.41,0.489,0.277
0.0,0.948,0.203,0.374,0.224,0.93,0.825,0.372,0.162,0.581,0.265,0.824,0.321,0.306,0.383,0.546,0.851,0.25,0.919,0.434,0.834,0.519,0.919,0.665,0.299,0.838,0.075,0.189,0.089,0.398,0.517,0.388,0.876,0.835,0.636,0.113,0.212,0.768,0.852,0.459,0.834
1.0,0.155,0.985,0.248,0.523,0.629,0.77,0.037,0.103,0.363,0.077,0.703,0.415,0.585,0.01,0.96,0.566,0.607,0.633,0.332,0.549,0.626,0.768,0.292,0.641,0.676,0.03,0.426,0.844,0.025,0.9,0.041,0.679,0.068,0.295,0.042,0.759,0.442,0.58,0.583,0.158
0.0,0.474,0.375,0.188,0.607,0.817,0.318,0.917,0.284,0.151,0.029,0.798,0.471,0.255,0.097,0.667,0.187,0.594,0.451,0.585,0.321,0.704,0.477,0.925,0.645,0.793,0.409,0.994,0.576,0.248,0.842,0.133,0.203,0.235,0.222,0.584,0.507,0.704,0.545,0.617,0.623
1.0,0.126,0.405,0.053,0.121,0.12,0.754,0.88,0.307,0.294,0.668,0.384,0.289,0.563,0.907,0.338,0.581,0.908,0.755,0.293,0.369,0.847,0.364,0.735,0.497,0.941,0.486,0.968,0.884,0.463,0.312,0.811,0.986,0.706,0.562,0.939,0.78,0.321,0.518,0.151,0.029
0.0,0.714,0.093,0.096,0.277,0.128,0.089,0.963,0.621,0.536,0.973,0.299,0.079,0.962,0.611,0.761,0.389,0.103,0.312,0.907,0.436,0.695,0.173,0.104,0.344,0.769,0.66,0.02,0.197,0.382,0.138,0.701,0.334,0.765,0.531,0.254,0.276,0.918,0.864,0.792,0.372
0.0,0.429,0.178,0.515,0.794,0.469,0.693,0.052,0.474,0.074,0.732,0.064,0.936,0.305,0.867,0.265,0.873,0.805,0.67,0.984,0.626,0.745,0.001,0.309,0.249,0.314,0.615,0.187,0.442,0.447,0.396,0.19,0.204,0.819,0.164,0.521,0.315,0.245,0.781,0.59,0.389
1.0,0.653,0.131,0.07,0.64,0.834,0.252,0.726,0.04,0.598,0.994,0.52,0.2,0.713,0.268,0.314,0.393,0.143,0.348,0.008,0.843,0.896,0.485,0.712,0.657,0.256,0.311,0.969,0.566,0.477,0.691,0.842,0.893,0.989,0.199,0.022,0.901,0.066,0.402,0.933,0.583
1.0,0.119,0.957,0.922,0.925,0.233,0.082,0.007,0.361,0.914,0.471,0.628,0.566,0.885,0.685,0.281,0.441,0.837,0.275,0.484,0.621,0.131,0.008,0.709,0.836,0.643,0.395,0.705,0.047,0.959,0.137,0.792,0.938,0.826,0.503,0.422,0.951,0.515,0.175,0.631,0.982
0.0,0.08,0.401,0.275,0.449,0.864,0.669,0.209,0.411,0.278,0.143,0.227,0.665,0.562,0.353,0.859,0.791,0.472,0.808,0.554,0.783,0.571,0.902,0.095,0.819,0.925,0.957,0.663,0.715,0.564,0.676,0.783,0.366,0.449,0.525,0.748,0.031,0.083,0.765,0.093,0.806
0.0,0.285,0.909,0.557,0.424,0.98,0.309,0.765,0.458,0.733,0.147,0.367,0.749,0.963,0.657,0.483,0.056,0.619,0.743,0.823,0.888,0.792,0.161,0.041,0.936,0.768,0.485,0.151,0.932,0.587,0.333,0.969,0.098,0.22,0.387,0.222,0.259,0.734,0.399,0.887,0.668
1.0,0.761,0.784,0.058,0.344,0.334,0.897,0.937,0.626,0.892,0.375,0.665,0.101,0.869,0.94,0.1,0.68,0.553,0.723,0.391,0.605,0.132,0.574,0.185,0.048,0.27,0.995,0.881,0.181,0.373,0.56,0.684,0.069,0.023,0.589,0.089,0.584,0.438,0.735,0.134,0.436
1.0,0.06,0.59,0.346,0.448,0.113,0.025,0.682,0.454,0.991,0.909,0.07,0.725,0.867,0.576,0.853,0.773,0.689,0.992,0.701,0.507,0.839,0.019,0.666,0.267,0.248,0.476,0.194,0.859,0.947,0.609,0.05,0.444,0.985,0.255,0.455,0.737,0.646,0.989,0.589,0.051
0.0,0.145,0.827,0.818,0.526,0.1,0.258,0.628,0.271,0.674,0.09,0.361,0.289,0.917,0.999,0.339,0.435,0.333,0.996,0.099,0.86,0.541,0.483,0.854,0.609,0.99,0.671,0.555,0.076,0.087,0.07,0.23,0.129,0.773,0.097,0.617,0.093,0.281,0.269,0.173,0.201
1.0,0.259,0.144,0.608,0.43,0.801,0.722,0.064,0.186,0.378,0.541,0.987,0.359,0.429,0.823,0.036,0.141,0.143,0.335,0.671,0.517,0.062,0.105,0.47,0.654,0.088,0.476,0.236,0.391,0.371,0.342,0.924,0.204,0.51,0.489,0.323,0.828,0.668,0.516,0.281,0.222
1.0,0.279,0.892,0.131,0.194,0.469,0.625,0.924,0.853,0.605,0.343,0.264,0.136,0.653,0.811,0.382,0.295,0.904,0.893,0.025,0.825,0.595,0.978,0.744,0.637,0.996,0.731,0.42,0.626,0.251,0.507,0.22,0.213,0.017,0.24,0.351,0.392,0.22,0.891,0.3,0.537
0.0,0.653,0.404,0.232,0.77,0.625,0.703,0.723,0.555,0.657,0.327,0.027,0.812,0.413,0.795,0.825,0.807,0.311,0.418,0.353,0.714,0.104,0.943,0.373,0.143,0.206,0.98,0.384,0.597,0.935,0.592,0.175,0.681,0.965,0.422,0.746,0.465,0.665,0.684,0.975,0.347
1.0,0.579,0.79,0.785,0.198,0.731,0.997,0.366,0.168,0.655,0.507,0.879,0.191,0.714,0.165,0.294,0.971,0.192,0.043,0.973,0.299,0.17,0.861,0.232,0.172,0.261,0.751,0.2,0.23,0.478,0.567,0.697,0.682,0.372,0.477,0.695,0.152,0.343,0.529,0.639,0.658
0.0,0.094,0.89,0.515,0.913,0.959,0.126,0.905,0.466,0.083,0.384,0.761,0.116,0.245,0.95,0.741,0.656,0.613,0.02,0.626,0.549,0.968,0.942,0.349,0.043,0.184,0.454,0.174,0.133,0.212,0.48,0.926,0.593,0.493,0.608,0.161,0.948,0.758,0.682,0.334,0.245
0.0,0.898,0.59,0.832,0.879,0.989,0.906,0.426,0.389,0.304,0.071,0.027,0.345,0.864,0.025,0.327,0.387,0.269,0.963,0.864,0.779,0.205,0.979,0.874,0.536,0.052,0.662,0.294,0.274,0.345,0.412,0.128,0.759,0.792,0.05,0.86,0.304,0.39,0.991,0.903,0.144
0.0,0.039,0.472,0.014,0.829,0.45,0.473,0.845,0.139,0.741,0.427,0.568,0.679,0.03,0.691,0.561,0.74,0.403,0.654,0.783,0.463,0.996,0.553,0.89,0.857,0.184,0.101,0.97,0.123,0.214,0.219,0.012,0.467,0.764,0.718,0.759,0.621,0.052,0.435,0.356,0.737
0.0,0.991,0.196,0.801,0.089,0.494,0.301,0.357,0.641,0.889,0.674,0.458,0.94,0.824,0.97,0.153,0.244,0.074,0.129,0.46,0.999,0.769,0.217,0.461,0.569,0.004,0.059,0.717,0.118,0.512,0.11,0.94,0.387,0.904,0.765,0.487,0.931,0.223,0.109,0.173,0.444
1.0,0.989,0.743,0.375,0.079,0.171,0.173,0.148,0.953,0.351,0.684,0.047,0.77,0.146,0.186,0.458,0.157,0.379,0.484,0.231,0.33,0.608,0.834,0.238,0.272,0.393,0.148,0.956,0.677,0.881,0.594,0.906,0.999,0.908,0.569,0.057,0.589,0.316,0.644,0.362,0.634
0.0,0.827,0.257,0.2,0.504,0.779,0.788,0.049,0.323,0.991,0.242,0.788,0.84,0.733,0.053,0.496,0.612,0.184,0.581,0.519,0.401,0.675,0.297,0.14,0.252,0.439,0.514,0.45,0.394,0.243,0.528,0.769,0.743,0.547,0.513,0.356,0.383,0.214,0.437,0.426,0.414
0.0,0.705,0.918,0.111,0.01,0.733,0.754,0.153,0.312,0.921,0.219,0.283,0.973,0.036,0.01,0.844,0.093,0.034,0.984,0.133,0.701,0.188,0.373,0.6,0.065,0.653,0.276,0.79,0.856,0.607,0.067,0.65,0.131,0.495,0.356,0.526,0.879,0.03,0.204,0.735,0.802
1.0,0.666,0.137,0.388,0.447,0.47,0.478,0.441,0.2,0.455,0.283,0.255,0.541,0.163,0.558,0.786,0.454,0.657,0.885,0.337,0.492,0.413,0.189,0.392,0.593,0.499,0.109,0.622,0.345,0.131,0.977,0.675,0.837,0.629,0.577,0.489,0.069,0.476,0.949,0.138,0.198
0.0,0.105,0.437,0.601,0.908,0.948,0.31,0.879,0.435,0.855,0.759,0.849,0.302,0.057,0.628,0.664,0.717,0.863,0.886,0.335,0.332,0.454,0.387,0.732,0.093,0.73,0.326,0.314,0.533,0.85,0.705,0.853,0.107,0.164,0.956,0.374,0.768,0.243,0.019,0.589,0.131
1.0,0.606,0.05,0.676,0.404,0.269,0.293,0.475,0.07,0.866,0.669,0.062,0.573,0.634,0.382,0.388,0.397,0.09,0.455,0.897,0.567,0.423,0.643,0.309,0.658,0.363,0.552,0.664,0.377,0.331,0.334,0.807,0.365,0.932,0.362,0.519,0.451,0.971,0.519,0.335,0.842
0.0,0.011,0.733,0.967,0.863,0.608,0.731,0.455,0.483,0.449,0.818,0.332,0.396,0.298,0.795,0.593,0.12,0.074,0.711,0.376,0.372,0.576,0.351,0.788,0.176,0.683,0.25,0.068,0.62,0.043,0.524,0.968,0.082,0.722,0.333,0.852,0.669,0.465,0.128,0.543,0.059
0.0,0.508,0.984,0.839,0.37,0.611,0.719,0.655,0.742,0.465,0.001,0.509,0.617,0.1,0.6,0.018,0.1,0.544,0.271,0.758,0.642,0.787,0.823,0.955,0.131,0.517,0.805,0.853,0.907,0.114,0.073,0.237,0.641,0.264,0.923,0.959,0.274,0.418,0.372,0.788,0.784
1.0,0.673,0.307,0.062,0.095,0.495,0.744,0.767,0.599,0.545,0.938,0.629,0.564,0.903,0.301,0.861,0.775,0.018,0.23,0.041,0.736,0.189,0.481,0.468,0.775,0.56,0.785,0.637,0.712,0.868,0.471,0.824,0.57,0.292,0.239,0.561,0.276,0.011,0.715,0.428,0.691
0.0,0.621,0.937,0.268,0.536,0.623,0.167,0.982,0.754,0.822,0.941,0.395,0.644,0.185,0.398,0.139,0.937,0.075,0.327,0.715,0.162,0.222,0.177,0.936,0.054,0.864,0.939,0.841,0.021,0.918,0.191,0.359,0.112,0.669,0.815,0.602,0.033,0.402,0.834,0.275,0.296
1.0,0.296,0.842,0.998,0.967,0.221,0.193,0.599,0.301,0.246,0.483,0.061,0.107,0.741,0.551,0.537,0.2,0.342,0.551,0.505,0.516,0.844,0.989,0.68,0.707,0.176,0.881,0.563,0.235,0.277,0.91,0.175,0.842,0.373,0.051,0.985,0.125,0.668,0.206,0.242,0.719
0.0,0.187,0.328,0.08,0.691,0.11,0.607,0.142,0.893,0.542,0.962,0.823,0.321,0.796,0.33,0.46,0.726,0.902,0.024,0.149,0.596,0.264,0.163,0.904,0.583,0.173,0.028,0.951,0.757,0.085,0.574,0.398,0.093,0.051,0.972,0.244,0.416,0.959,0.977,0.849,0.47
1.0,0.144,0.624,0.381,0.712,0.593,0.499,0.746,0.5,0.078,0.816,0.336,0.499,0.796,0.875,0.899,0.083,0.984,0.972,0.491,0.485,0.459,0.972,0.277,0.749,0.185,0.089,0.419,0.657,0.353,0.707,0.211,0.592,0.317,0.422,0.485,0.269,0.673,0.514,0.385,0.459
1.0,0.902,0.565,0.749,0.837,0.692,0.511,0.955,0.605,0.385,0.52,0.415,0.23,0.595,0.858,0.848,0.822,0.873,0.361,0.684,0.616,0.522,0.759,0.148,0.876,0.903,0.579,0.65,0.564,0.665,0.125,0.888,0.185,0.726,0.495,0.95,0.127,0.09,0.539,0.538,0.944
1.0,0.727,0.947,0.961,0.896,0.407,0.56,0.402,0.479,0.819,0.854,0.629,0.023,0.941,0.679,0.858,0.941,0.598,0.721,0.612,0.12,0.937,0.273,0.614,0.66,0.343,0.692,0.489,0.429,0.85,0.327,0.891,0.444,0.799,0.273,0.673,0.447,0.426,0.135,0.646,0.174
0.0,0.34,0.186,0.976,0.182,0.956,0.768,0.937,0.648,0.118,0.555,0.095,0.302,0.342,0.591,0.359,0.596,0.887,0.353,0.41,0.086,0.575,0.595,0.105,0.756,0.568,0.084,0.913,0.48,0.441,0.354,0.597,0.102,0.032,0.708,0.244,0.372,0.025,0.285,0.958,0.42
0.0,0.509,0.017,0.746,0.787,0.66,0.263,0.229,0.183,0.074,0.115,0.148,0.818,0.11,0.551,0.446,0.909,0.876,0.823,0.91,0.349,0.494,0.898,0.848,0.26,0.26,0.974,0.864,0.129,0.811,0.363,0.564,0.147,0.167,0.235,0.661,0.641,0.441,0.826,0.911,0.539
0.0,0.186,0.631,0.244,0.956,0.696,0.808,0.183,0.339,0.689,0.497,0.974,0.381,0.695,0.012,0.628,0.157,0.544,0.494,0.983,0.644,0.834,0.464,0.473,0.099,0.092,0.366,0.507,0.145,0.166,0.85,0.06,0.649,0.961,0.185,0.834,0.187,0.354,0.623,0.841,0.527
0.0,0.96,0.253,0.395,0.42,0.106,0.335,0.345,0.229,0.675,0.671,0.016,0.925,0.427,0.72,0.06,0.861,0.254,0.218,0.806,0.987,0.1,0.756,0.09,0.867,0.954,0.858,0.998,0.946,0.747,0.651,0.201,0.808,0.394,0.966,0.976,0.933,0.641,0.95,0.16,0.593
1.0,0.678,0.647,0.188,0.257,0.278,0.433,0.601,0.496,0.118,0.318,0.868,0.395,0.15,0.502,0.1,0.135,0.461,0.139,0.99,0.726,0.75,0.359,0.363,0.469,0.136,0.109,0.417,0.678,0.728,0.776,0.766,0.51,0.827,0.188,0.083,0.339,0.312,0.811,0.582,0.832
1.0,0.286,0.103,0.57,0.616,0.096,0.806,0.911,0.703,0.964,0.894,0.36,0.247,0.066,0.493,0.966,0.736,0.685,0.889,0.566,0.52,0.824,0.846,0.101,0.009,0.115,0.872,0.78,0.661,0.522,0.908,0.451,0.423,0.036,0.062,0.489,0.224,0.591,0.908,0.284,0.076
1.0,0.475,0.09,0.844,0.767,0.84,0.585,0.79,0.619,0.564,0.099,0.232,0.62,0.487,0.106,0.987,0.018,0.756,0.759,0.259,0.59,0.574,0.747,0.009,0.294,0.648,0.733,0.468,0.241,0.931,0.321,0.668,0.646,0.842,0.636,0.501,0.513,0.335,0.14,0.382,0.002
1.0,0.063,0.531,0.394,0.463,0.217,0.389,0.693,0.913,0.701,0.156,0.778,0.029,0.439,0.365,0.28,0.692,0.303,0.119,0.133,0.58,0.685,0.595,0.621,0.018,0.088,0.597,0.465,0.238,0.878,0.755,0.058,0.603,0.102,0.529,0.783,0.497,0.913,0.708,0.393,0.811
0.0,0.949,0.715,0.588,0.253,0.891,0.809,0.698,0.714,0.826,0.16,0.144,0.927,0.869,0.149,0.778,0.346,0.702,0.451,0.64,0.239,0.047,0.067,0.549,0.192,0.396,0.051,0.226,0.019,0.335,0.405,0.293,0.919,0.275,0.142,0.085,0.592,0.437,0.848,0.588,0.913
1.0,0.158,0.08,0.738,0.085,0.351,0.942,0.227,0.229,0.656,0.682,0.14,0.097,0.197,0.748,0.253,0.397,0.736,0.066,0.449,0.96,0.825,0.472,0.374,0.145,0.808,0.341,0.76,0.732,0.744,0.679,0.743,0.64,0.937,0.196,0.857,0.605,0.998,0.24,0.882,0.605
0.0,0.746,0.111,0.892,0.571,0.39,0.929,0.516,0.169,0.429,0.655,0.743,0.835,0.866,0.816,0.764,0.688,0.392,0.669,0.649,0.794,0.974,0.089,0.568,0.987,0.502,0.973,0.38,0.859,0.24,0.828,0.902,0.945,0.221,0.476,0.443,0.324,0.263,0.762,0.027,0.978
1.0,0.078,0.155,0.633,0.8,0.147,0.205,0.392,0.845,0.4,0.177,0.877,0.579,0.124,0.713,0.033,0.958,0.465,0.35,0.995,0.849,0.574,0.663,0.337,0.116,0.64,0.52,0.413,0.304,0.884,0.554,0.371,0.926,0.935,0.958,0.892,0.847,0.4,0.397,0.027,0.943
0.0,0.199,0.663,0.326,0.17,0.855,0.56,0.17,0.399,0.512,0.187,0.536,0.448,0.679,0.785,0.127,0.036,0.057,0.972,0.329,0.301,0.495,0.737,0.427,0.969,0.296,0.332,0.729,0.291,0.654,0.749,0.483,0.841,0.358,0.698,0.969,0.004,0.153,0.443,0.824,0.815
1.0,0.011,0.329,0.857,0.631,0.006,0.538,0.953,0.027,0.571,0.411,0.501,0.643,0.832,0.603,0.097,0.549,0.215,0.348,0.034,0.103,0.531,0.256,0.685,0.64,0.743,0.633,0.567,0.725,0.135,0.946,0.257,0.13,0.607,0.977,0.285,0.637,0.875,0.926,0.676,0.777
1.0,0.486,0.556,0.943,0.687,0.196,0.732,0.711,0.926,0.128,0.27,0.673,0.397,0.865,0.22,0.152,0.283,0.841,0.448,0.489,0.965,0.681,0.087,0.043,0.756,0.96,0.588,0.953,0.632,0.211,0.908,0.66,0.255,0.226,0.634,0.463,0.627,0.249,0.622,0.831,0.77
1.0,0.9,0.081,0.758,0.676,0.807,0.479,0.914,0.384,0.374,0.441,0.769,0.455,0.302,0.452,0.839,0.868,0.191,0.381,0.543,0.926,0.676,0.952,0.392,0.468,0.607,0.547,0.001,0.996,0.689,0.337,0.304,0.541,0.586,0.665,0.797,0.29,0.959,0.62,0.537,0.904
0.0,0.633,0.05,0.045,0.544,0.108,0.149,0.571,0.957,0.351,0.392,0.222,0.496,0.063,0.559,0.355,0.427,0.747,0.222,0.193,0.1,0.215,0.745,0.962,0.736,0.939,0.009,0.966,0.074,0.359,0.8,0.917,0.189,0.434,0.96,0.323,0.095,0.395,0.844,0.203,0.559
0.0,0.547,0.5,0.029,0.165,0.606,0.579,0.267,0.584,0.236,0.885,0.924,0.795,0.338,0.342,0.96,0.48,0.101,0.315,0.135,0.273,0.736,0.087,0.052,0.794,0.014,0.055,0.701,0.229,0.644,0.595,0.435,0.585,0.367,0.053,0.572,0.66,0.396,0.505,0.438,0.237
1.0,0.044,0.872,0.721,0.08,0.472,0.588,0.894,0.46,0.043,0.735,0.339,0.584,0.963,0.865,0.066,0.949,0.243,0.419,0.167,0.408,0.812,0.41,0.233,0.464,0.109,0.529,0.279,0.378,0.943,0.057,0.336,0.643,0.595,0.277,0.874,0.921,0.942,0.715,0.171,0.989
0.0,0.01,0.155,0.236,0.328,0.711,0.528,0.32,0.448,0.147,0.466,0.972,0.37,0.172,0.818,0.194,0.349,0.892,0.868,0.313,0.985,0.575,0.134,0.905,0.284,0.852,0.322,0.995,0.193,0.653,0.223,0.416,0.044,0.964,0.827,0.429,0.298,0.731,0.014,0.513,0.622
0.0,0.82,0.938,0.385,0.004,0.852,0.846,0.48,0.685,0.082,0.977,0.115,0.426,0.934,0.401,0.695,0.098,0.045,0.788,0.21,0.889,0.446,0.263,0.071,0.773,0.277,0.196,0.733,0.965,0.094,0.674,0.181,0.439,0.518,0.219,0.178,0.74,0.579,0.444,0.395,0.208
1.0,0.997,0.143,0.135,0.179,0.621,0.947,0.14,0.319,0.976,0.953,0.558,0.008,0.488,0.002,0.868,0.223,0.905,0.929,0.846,0.702,0.835,0.073,0.387,0.534,0.641,0.554,0.382,0.752,0.928,0.088,0.964,0.276,0.88,0.02,0.702,0.893,0.991,0.046,0.926,0.321
0.0,0.7,0.992,0.929,0.55,0.214,0.626,0.422,0.55,0.899,0.891,0.085,0.305,0.759,0.274,0.307,0.764,0.988,0.102,0.009,0.477,0.784,0.038,0.933,0.671,0.126,0.245,0.823,0.206,0.069,0.681,0.218,0.104,0.882,0.366,0.69,0.472,0.176,0.874,0.479,0.865
1.0,0.043,0.799,0.348,0.627,0.443,0.563,0.08,0.862,0.387,0.015,0.132,0.667,0.666,0.938,0.211,0.561,0.375,0.021,0.815,0.242,0.536,0.28,0.824,0.92,0.012,0.381,0.466,0.073,0.531,0.856,0.399,0.958,0.08,0.995,0.314,0.791,0.409,0.413,0.896,0.013
1.0,0.738,0.96,0.596,0.598,0.093,0.655,0.168,0.661,0.76,0.577,0.655,0.255,0.056,0.371,0.216,0.414,0.776,0.677,0.599,0.899,0.278,0.279,0.401,0.488,0.478,0.484,0.994,0.207,0.077,0.08,0.725,0.03,0.306,0.142,0.686,0.455,0.745,0.606,0.191,0.557
1.0,0.425,0.873,0.61,0.872,0.571,0.592,0.561,0.037,0.825,0.605,0.122,0.329,0.037,0.784,0.589,0.979,0.527,0.17,0.263,0.059,0.846,0.265,0.711,0.349,0.526,0.56,0.432,0.531,0.218,0.923,0.103,0.351,0.289,0.103,0.573,0.248,0.496,0.104,0.365,0.45
1.0,0.423,0.52,0.83,0.614,0.185,0.99,0.564,0.42,0.178,0.992,0.288,0.63,0.517,0.345,0.933,0.725,0.043,0.577,0.623,0.427,0.414,0.427,0.239,0.663,0.893,0.347,0.063,0.843,0.779,0.649,0.851,0.405,0.155,0.879,0.776,0.711,0.009,0.339,0.12,0.516
0.0,0.106,0.506,0.419,0.26,0.884,0.602,0.69,0.269,0.107,0.222,0.032,0.428,0.664,0.129,0.251,0.15,0.184,0.569,0.822,0.979,0.446,0.108,0.84,0.792,0.194,0.233,0.255,0.644,0.869,0.422,0.691,0.621,0.002,0.85,0.38,0.015,0.713,0.292,0.571,0.663
0.0,0.689,0.358,0.586,0.609,0.578,0.673,0.955,0.469,0.583,0.01,0.349,0.814,0.659,0.753,0.093,0.346,0.833,0.907,0.168,0.329,0.135,0.608,0.603,0.898,0.11,0.161,0.433,0.955,0.233,0.493,0.848,0.83,0.048,0.652,0.129,0.495,0.387,0.23,0.076,0.843
0.0,0.212,0.929,0.31,0.411,0.179,0.259,0.626,0.644,0.448,0.157,0.058,0.183,0.975,0.979,0.315,0.935,0.779,0.213,0.34,0.747,0.514,0.356,0.828,0.766,0.827,0.248,0.386,0.163,0.43,0.015,0.911,0.853,0.179,0.353,0.793,0.32,0.529,0.172,0.884,0.584
0.0,0.261,0.961,0.608,0.009,0.472,0.535,0.39,0.137,0.535,0.84,0.036,0.206,0.104,0.302,0.952,0.313,0.28,0.142,0.88,0.012,0.209,0.167,0.837,0.462,0.807,0.223,0.859,0.826,0.507,0.242,0.651,0.839,0.497,0.201,0.876,0.526,0.153,0.851,0.666,0.429
0.0,0.889,0.494,0.029,0.781,0.647,0.356,0.982,0.062,0.639,0.673,0.631,0.497,0.325,0.479,0.689,0.429,0.214,0.393,0.718,0.128,0.28,0.156,0.834,0.833,0.331,0.052,0.887,0.477,0.677,0.53,0.602,0.551,0.533,0.033,0.553,0.927,0.006,0.883,0.241,0.993
1.0,0.244,0.228,0.59,0.57,0.039,0.473,0.591,0.925,0.878,0.708,0.839,0.164,0.933,0.019,0.121,0.353,0.428,0.05,0.224,0.623,0.786,0.191,0.749,0.055,0.817,0.539,0.877,0.039,0.791,0.057,0.327,0.495,0.118,0.918,0.886,0.171,0.206,0.732,0.772,0.454
1.0,0.268,0.791,0.946,0.729,0.845,0.522,0.264,0.612,0.626,0.079,0.717,0.728,0.419,0.215,0.243,0.043,0.201,0.146,0.171,0.747,0.993,0.35,0.551,0.317,0.038,0.39,0.662,0.323,0.757,0.502,0.209,0.899,0.351,0.026,0.816,0.818,0.475,0.448,0.13,0.882
1.0,0.381,0.6,0.245,0.841,0.136,0.322,0.807,0.927,0.617,0.454,0.285,0.311,0.314,0.946,0.291,0.646,0.43,0.121,0.478,0.966,0.242,0.699,0.535,0.782,0.553,0.757,0.586,0.688,0.756,0.43,0.204,0.68,0.335,0.495,0.317,0.782,0.641,0.861,0.466,0.397
1.0,0.306,0.317,0.411,0.785,0.054,0.751,0.328,0.538,0.237,0.826,0.606,0.672,0.3,0.704,0.192,0.16,0.913,0.838,0.995,0.244,0.093,0.298,0.547,0.945,0.366,0.489,0.702,0.793,0.972,0.606,0.871,0.278,0.252,0.555,0.374,0.956,0.15,0.704,0.729,0.587
0.0,0.555,0.888,0.097,0.889,0.901,0.421,0.14,0.58,0.07,0.937,0.527,0.185,0.547,0.927,0.185,0.64,0.847,0.799,0.627,0.067,0.353,0.625,0.758,0.749,0.991,0.233,0.38,0.444,0.046,0.324,0.302,0.261,0.947,0.908,0.694,0.102,0.05,0.543,0.642,0.647
1.0,0.109,0.883,0.878,0.544,0.15,0.906,0.941,0.781,0.208,0.994,0.581,0.335,0.216,0.533,0.045,0.091,0.17,0.896,0.429,0.736,0.35,0.648,0.031,0.278,0.786,0.133,0.339,0.094,0.303,0.726,0.985,0.045,0.382,0.651,0.709,0.702,0.661,0.278,0.389,0.723
0.0,0.318,0.893,0.615,0.414,0.305,0.517,0.724,0.116,0.925,0.756,0.099,0.379,0.216,0.264,0.112,0.19,0.421,0.294,0.56,0.372,0.664,0.492,0.164,0.994,0.429,0.158,0.298,0.985,0.946,0.866,0.472,0.244,0.98,0.163,0.579,0.229,0.315,0.434,0.044,0.525
0.0,0.502,0.942,0.847,0.627,0.755,0.054,0.176,0.14,0.018,0.367,0.348,0.919,0.438,0.722,0.353,0.556,0.091,0.53,0.152,0.905,0.708,0.044,0.935,0.792,0.696,0.333,0.392,0.053,0.267,0.391,0.196,0.284,0.402,0.906,0.668,0.038,0.759,0.961,0.356,0.081
1.0,0.587,0.589,0.475,0.684,0.792,0.583,0.094,0.121,0.402,0.878,0.854,0.314,0.718,0.095,0.594,0.055,0.908,0.852,0.241,0.36,0.35,0.603,0.342,0.185,0.601,0.693,0.827,0.091,0.371,0.7,0.828,0.776,0.841,0.373,0.34,0.37,0.105,0.808,0.194,0.656
0.0,0.633,0.523,0.961,0.891,0.566,0.112,0.913,0.817,0.302,0.308,0.222,0.504,0.294,0.134,0.33,0.271,0.636,0.307,0.811,0.092,0.192,0.069,0.827,0.637,0.931,0.305,0.73,0.899,0.615,0.003,0.734,0.464,0.654,0.47,0.656,0.855,0.858,0.808,0.266,0.83
0.0,0.835,0.491,0.004,0.14,0.277,0.569,0.063,0.526,0.741,0.684,0.919,0.987,0.057,0.689,0.217,0.044,0.649,0.367,0.743,0.878,0.771,0.549,0.105,0.972,0.748,0.041,0.953,0.898,0.115,0.824,0.695,0.138,0.6,0.486,0.211,0.149,0.234,0.106,0.443,0.28
0.0,0.09,0.854,0.569,0.578,0.18,0.125,0.244,0.729,0.611,0.253,0.74,0.869,0.842,0.225,0.944,0.97,0.684,0.632,0.817,0.515,0.09,0.723,0.294,0.836,0.942,0.921,0.914,0.979,0.3,0.241,0.351,0.445,0.052,0.196,0.16,0.94,0.08,0.73,0.481,0.385
1.0,0.788,0.186,0.663,0.251,0.182,0.52,0.066,0.935,0.737,0.87,0.957,0.349,0.212,0.826,0.923,0.374,0.144,0.009,0.779,0.576,0.137,0.057,0.406,0.743,0.858,0.967,0.594,0.045,0.678,0.177,0.266,0.293,0.734,0.364,0.059,0.169,0.539,0.146,0.233,0.053
0.0,0.143,0.829,0.386,0.225,0.969,0.081,0.036,0.505,0.175,0.307,0.719,0.231,0.674,0.676,0.337,0.229,0.167,0.47,0.209,0.177,0.749,0.459,0.568,0.389,0.108,0.27,0.8,0.241,0.331,0.684,0.022,0.274,0.163,0.131,0.026,0.695,0.725,0.578,0.933,0.672
1.0,0.6,0.519,0.824,0.906,0.665,0.34,0.866,0.506,0.883,0.018,0.015,0.205,0.095,0.482,0.286,0.212,0.052,0.608,0.535,0.537,0.036,0.07,0.544,0.297,0.044,0.197,0.752,0.614,0.115,0.913,0.806,0.48,0.742,0.035,0.028,0.771,0.614,0.166,0.986,0.703
1.0,0.892,0.59,0.681,0.193,0.782,0.567,0.161,0.728,0.582,0.257,0.852,0.563,0.791,0.156,0.866,0.635,0.694,0.482,0.907,0.772,0.733,0.42,0.63,0.942,0.904,0.644,0.521,0.376,0.938,0.311,0.021,0.4,0.156,0.837,0.857,0.212,0.387,0.673,0.68,0.682
1.0,0.584,0.829,0.756,0.667,0.75,0.529,0.504,0.806,0.28,0.031,0.153,0.098,0.457,0.533,0.216,0.639,0.555,0.669,0.08,0.083,0.713,0.202,0.293,0.209,0.118,0.411,0.174,0.028,0.485,0.366,0.874,0.915,0.521,0.379,0.509,0.352,0.283,0.534,0.526,0.73
0.0,0.555,0.036,0.053,0.442,0.422,0.626,0.793,0.705,0.702,0.4,0.158,0.827,0.235,0.001,0.142,0.047,0.432,0.268,0.33,0.985,0.49,0.478,0.217,0.938,0.847,0.205,0.137,0.942,0.316,0.923,0.712,0.381,0.669,0.001,0.841,0.756,0.995,0.598,0.309,0.887
0.0,0.163,0.752,0.602,0.613,0.135,0.603,0.682,0.744,0.4,0.184,0.584,0.942,0.595,0.904,0.622,0.039,0.83,0.559,0.204,0.286,0.213,0.4,0.587,0.876,0.664,0.876,0.26,0.939,0.277,0.34,0.75,0.986,0.557,0.878,0.374,0.205,0.928,0.41,0.66,0.342
1.0,0.277,0.173,0.22,0.85,0.433,0.227,0.254,0.95,0.779,0.434,0.846,0.541,0.8,0.559,0.005,0.065,0.071,0.309,0.256,0.948,0.783,0.067,0.646,0.989,0.942,0.496,0.799,0.277,0.312,0.628,0.598,0.711,0.997,0.875,0.24,0.572,0.168,0.159,0.046,0.19
1.0,0.535,0.051,0.881,0.572,0.641,0.128,0.052,0.637,0.158,0.487,0.305,0.359,0.315,0.249,0.452,0.893,0.689,0.003,0.007,0.365,0.854,0.317,0.747,0.645,0.438,0.407,0.052,0.993,0.999,0.642,0.061,0.314,0.364,0.202,0.265,0.585,0.1,0.231,0.006,0.521
0.0,0.14,0.059,0.44,0.834,0.92,0.562,0.204,0.003,0.054,0.362,0.008,0.789,0.116,0.218,0.143,0.362,0.699,0.058,0.259,0.6,0.302,0.882,0.658,0.577,0.967,0.134,0.538,0.325,0.115,0.059,0.776,0.483,0.779,0.793,0.936,0.375,0.656,0.681,0.92,0.812
1.0,0.229,0.339,0.205,0.868,0.687,0.382,0.176,0.491,0.118,0.998,0.952,0.187,0.753,0.714,0.338,0.094,0.305,0.317,0.78,0.465,0.9,0.464,0.339,0.573,0.976,0.466,0.561,0.898,0.913,0.805,0.846,0.938,0.378,0.258,0.354,0.347,0.178,0.912,0.966,0.209
1.0,0.077,0.55,0.11,0.218,0.516,0.853,0.185,0.342,0.372,0.083,0.529,0.42,0.712,0.546,0.839,0.96,0.761,0.975,0.26,0.525,0.667,0.836,0.757,0.484,0.964,0.611,0.038,0.183,0.026,0.102,0.56,0.53,0.769,0.211,0.508,0.514,0.704,0.949,0.537,0.679
1.0,0.844,0.331,0.425,0.195,0.268,0.366,0.993,0.911,0.336,0.97,0.9,0.347,0.862,0.642,0.122,0.71,0.162,0.528,0.617,0.481,0.303,0.348,0.62,0.779,0.731,0.895,0.764,0.429,0.272,0.054,0.204,0.723,0.993,0.912,0.642,0.77,0.779,0.398,0.4,0.632
1.0,0.768,0.573,0.687,0.794,0.532,0.621,0.642,0.817,0.455,0.038,0.07,0.514,0.192,0.869,0.485,0.831,0.043,0.932,0.173,0.897,0.131,0.868,0.768,0.395,0.279,0.554,0.53,0.563,0.071,0.259,0.099,0.508,0.102,0.677,0.335,0.356,0.712,0.614,0.319,0.74
1.0,0.503,0.183,0.993,0.978,0.231,0.993,0.742,0.044,0.45,0.407,0.693,0.028,0.673,0.756,0.206,0.942,0.623,0.709,0.759,0.069,0.225,0.765,0.534,0.929,0.568,0.18,0.619,0.223,0.279,0.757,0.781,0.073,0.324,0.198,0.199,0.377,0.751,0.281,0.15,0.203
0.0,0.062,0.196,0.182,0.591,0.1,0.624,0.802,0.614,0.854,0.068,0.956,0.039,0.34,0.145,0.22,0.391,0.612,0.176,0.73,0.554,0.545,0.737,0.752,0.949,0.574,0.03,0.485,0.226,0.669,0.599,0.679,0.403,0.456,0.126,0.927,0.252,0.868,0.121,0.077,0.359
0.0,0.448,0.633,0.766,0.113,0.774,0.031,0.847,0.994,0.057,0.883,0.752,0.651,0.447,0.225,0.319,0.955,0.903,0.568,0.489,0.983,0.348,0.633,0.562,0.569,0.253,0.529,0.368,0.226,0.615,0.149,0.949,0.188,0.632,0.5,0.443,0.712,0.462,0.593,0.748,0.392
1.0,0.224,0.069,0.322,0.385,0.507,0.915,0.227,0.312,0.13,0.516,0.382,0.636,0.94,0.93,0.962,0.177,0.136,0.967,0.707,0.747,0.604,0.156,0.289,0.349,0.471,0.412,0.725,0.799,0.547,0.401,0.246,0.171,0.93,0.954,0.55,0.317,0.729,0.555,0.741,0.022
0.0,0.117,0.868,0.131,0.735,0.458,0.343,0.567,0.169,0.739,0.839,0.114,0.587,0.658,0.06,0.652,0.363,0.101,0.423,0.444,0.06,0.007,0.661,0.973,0.644,0.634,0.299,0.036,0.333,0.919,0.546,0.464,0.838,0.994,0.44,0.316,0.92,0.731,0.658,0.426,0.966
0.0,0.833,0.887,0.308,0.765,0.918,0.218,0.407,0.926,0.251,0.132,0.257,0.689,0.184,0.915,0.403,0.716,0.46,0.682,0.869,0.296,0.458,0.869,0.251,0.072,0.123,0.038,0.033,0.455,0.183,0.417,0.305,0.622,0.479,0.534,0.945,0.369,0.009,0.37,0.928,0.273
1.0,0.404,0.526,0.068,0.334,0.376,0.825,0.806,0.418,0.706,0.688,0.101,0.631,0.989,0.048,0.279,0.881,0.355,0.126,0.032,0.149,0.973,0.924,0.752,0.827,0.064,0.137,0.085,0.599,0.339,0.115,0.204,0.239,0.467,0.776,0.031,0.941,0.752,1.0,0.261,0.367
1.0,0.009,0.788,0.601,0.856,0.011,0.965,0.814,0.901,0.131,0.465,0.601,0.392,0.96,0.828,0.153,0.977,0.875,0.924,0.247,0.851,0.9,0.985,0.488,0.603,0.783,0.855,0.628,0.874,0.094,0.625,0.166,0.09,0.592,0.644,0.323,0.168,0.366,0.036,0.257,0.532
1.0,0.971,0.418,0.16,0.907,0.359,0.967,0.18,0.12,0.406,0.34,0.589,0.727,0.141,0.016,0.761,0.301,0.422,0.082,0.116,0.881,0.0,0.864,0.092,0.945,0.742,0.515,0.559,0.887,0.048,0.29,0.728,0.205,0.473,0.727,0.295,0.74,0.058,0.344,0.375,0.006
1.0,0.55,0.348,0.681,0.242,0.026,0.326,0.956,0.125,0.18,0.115,0.109,0.469,0.352,0.259,0.592,0.583,0.966,0.552,0.626,0.34,0.791,0.146,0.315,0.693,0.225,0.645,0.136,0.654,0.768,0.735,0.224,0.939,0.584,0.263,0.677,0.919,0.037,0.833,0.432,0.804
0.0,0.061,0.078,0.224,0.37,0.222,0.376,0.133,0.784,0.882,0.459,0.252,0.553,0.94,0.86,0.271,0.827,0.603,0.66,0.522,0.718,0.326,0.253,0.898,0.659,0.039,0.649,0.346,0.97,0.001,0.16,0.331,0.294,0.946,0.155,0.374,0.728,0.318,0.532,0.096,0.387
0.0,0.364,0.049,0.844,0.645,0.633,0.622,0.122,0.944,0.735,0.672,0.326,0.775,0.139,0.313,0.668,0.878,0.996,0.957,0.698,0.942,0.367,0.407,0.617,0.499,0.422,0.542,0.937,0.097,0.167,0.964,0.603,0.136,0.142,0.162,0.476,0.839,0.439,0.768,0.225,0.387
1.0,0.751,0.082,0.971,0.933,0.299,0.423,0.776,0.334,0.894,0.563,0.328,0.223,0.741,0.127,0.352,0.056,0.507,0.463,0.063,0.714,0.232,0.379,0.185,0.203,0.543,0.291,0.093,0.835,0.161,0.284,0.612,0.672,0.908,0.668,0.593,0.774,0.428,0.296,0.145,0.182
1.0,0.161,0.643,0.917,0.415,0.039,0.732,0.048,0.704,0.712,0.787,0.466,0.139,0.344,0.736,0.986,0.887,0.542,0.972,0.701,0.935,0.824,0.669,0.6,0.806,0.903,0.862,0.58,0.093,0.279,0.433,0.561,0.353,0.785,0.904,0.142,0.186,0.247,0.599,0.194,0.723
0.0,0.202,0.93,0.216,0.756,0.728,0.443,0.316,0.357,0.786,0.107,0.116,0.94,0.105,0.379,0.801,0.998,0.074,0.578,0.125,0.895,0.54,0.908,0.686,0.659,0.391,0.576,0.471,0.544,0.97,0.338,0.172,0.382,0.738,0.886,0.443,0.396,0.137,0.46,0.725,0.498
0.0,0.993,0.838,0.206,0.616,0.954,0.144,0.124,0.311,0.819,0.376,0.252,0.918,0.236,0.699,0.757,0.666,0.23,0.984,0.851,0.611,0.109,0.805,0.635,0.864,0.829,0.066,0.557,0.351,0.793,0.344,0.741,0.196,0.83,0.234,0.948,0.894,0.991,0.229,0.751,0.946
0.0,0.621,0.044,0.733,0.299,0.276,0.473,0.52,0.193,0.349,0.528,0.721,0.208,0.636,0.287,0.813,0.775,0.129,0.289,0.396,0.078,0.901,0.642,0.715,0.969,0.452,0.776,0.986,0.964,0.228,0.634,0.235,0.922,0.452,0.079,0.079,0.391,0.766,0.157,0.083,0.173
1.0,0.33,0.6,0.032,0.1,0.078,0.085,0.842,0.158,0.029,0.938,0.991,0.748,0.699,0.634,0.012,0.141,0.388,0.026,0.053,0.182,0.738,0.354,0.428,0.898,0.898,0.516,0.621,0.814,0.547,0.102,0.134,0.693,0.231,0.807,0.721,0.421,0.374,0.328,0.789,0.894
0.0,0.816,0.232,0.433,0.245,0.853,0.623,0.675,0.812,0.162,0.89,0.068,0.602,0.845,0.945,0.847,0.045,0.371,0.899,0.094,0.246,0.094,0.393,0.458,0.867,0.808,0.085,0.724,0.746,0.968,0.863,0.526,0.081,0.651,0.748,0.249,0.364,0.811,0.254,0.44,0.609
1.0,0.189,0.181,0.887,0.005,0.859,0.261,0.609,0.336,0.909,0.786,0.743,0.992,0.097,0.61,0.712,0.506,0.48,0.708,0.835,0.347,0.881,0.298,0.581,0.742,0.722,0.253,0.424,0.069,0.137,0.119,0.77,0.646,0.257,0.309,0.016,0.161,0.145,0.22,0.755,0.515
1.0,0.551,0.282,0.874,0.0,0.085,0.691,0.99,0.93,0.143,0.08,0.64,0.445,0.509,0.096,0.279,0.005,0.919,0.774,0.436,0.529,0.513,0.416,0.034,0.669,0.189,0.446,0.571,0.444,0.625,0.436,0.93,0.064,0.36,0.84,0.922,0.093,0.566,0.776,0.484,0.136
1.0,0.986,0.569,0.398,0.273,0.106,0.352,0.701,0.634,0.477,0.599,0.832,0.43,0.283,0.145,0.508,0.29,0.587,0.059,0.656,0.104,0.924,0.635,0.071,0.418,0.535,0.538,0.083,0.098,0.532,0.404,0.598,0.892,0.039,0.074,0.47,0.706,0.729,0.953,0.374,0.701
1.0,0.704,0.246,0.032,0.698,0.178,0.523,0.116,0.899,0.136,0.402,0.614,0.596,0.34,0.598,0.985,0.931,0.236,0.738,0.49,0.869,0.701,0.429,0.496,0.26,0.941,0.026,0.398,0.188,0.743,0.452,0.482,0.344,0.428,0.104,0.169,0.925,0.544,0.087,0.778,0.348
0.0,0.798,0.03,0.175,0.281,0.996,0.569,0.09,0.131,0.39,0.16,0.563,0.392,0.539,0.657,0.476,0.912,0.96,0.351,0.375,0.719,0.522,0.601,0.64,0.227,0.577,0.361,0.836,0.846,0.645,0.431,0.156,0.992,0.437,0.89,0.11,0.928,0.783,0.128,0.231,0.656
0.0,0.66,0.098,0.949,0.743,0.987,0.465,0.746,0.319,0.597,0.131,0.57,0.744,0.464,0.33,0.326,0.931,0.391,0.516,0.155,0.492,0.248,0.131,0.295,0.513,0.256,0.434,0.043,0.887,0.992,0.627,0.226,0.55,0.246,0.198,0.047,0.031,0.287,0.282,0.7,0.68
1.0,0.647,0.364,0.29,0.505,0.359,0.445,0.354,0.199,0.679,0.512,0.507,0.101,0.131,0.47,0.715,0.843,0.206,0.732,0.573,0.485,0.444,0.255,0.719,0.962,0.105,0.71,0.757,0.263,0.869,0.859,0.859,0.5,0.934,0.308,0.714,0.926,0.885,0.207,0.259,0.706
0.0,0.838,0.434,0.982,0.849,0.068,0.346,0.56,0.944,0.805,0.265,0.25,0.004,0.412,0.655,0.863,0.237,0.205,0.361,0.938,0.951,0.544,0.318,0.932,0.478,0.835,0.034,0.097,0.836,0.597,0.923,0.9,0.551,0.152,0.635,0.562,0.185,0.103,0.08,0.21,0.356
1.0,0.747,0.657,0.695,0.621,0.578,0.341,0.892,0.656,0.76,0.578,0.033,0.365,0.836,0.081,0.849,0.087,0.457,0.71,0.057,0.087,0.899,0.346,0.363,0.434,0.82,0.773,0.9,0.396,0.728,0.862,0.796,0.712,0.13,0.968,0.539,0.093,0.822,0.167,0.227,0.016
0.0,0.479,0.826,0.889,0.089,0.912,0.296,0.208,0.36,0.008,0.462,0.737,0.863,0.454,0.186,0.765,0.758,0.137,0.351,0.964,0.107,0.053,0.755,0.654,0.395,0.807,0.21,0.128,0.29,0.519,0.414,0.952,0.17,0.811,0.294,0.145,0.908,0.125,0.17,0.151,0.079
1.0,0.429,0.72,0.729,0.41,0.527,0.794,0.163,0.808,0.579,0.122,0.995,0.296,0.536,0.564,0.961,0.876,0.704,0.182,0.349,0.681,0.966,0.777,0.008,0.72,0.978,0.854,0.552,0.083,0.153,0.186,0.376,0.013,0.863,0.385,0.615,0.398,0.771,0.859,0.075,0.133
1.0,0.735,0.542,0.333,0.399,0.294,0.738,0.653,0.396,0.218,0.072,0.861,0.805,0.519,0.8,0.213,0.576,0.191,0.714,0.478,0.268,0.932,0.781,0.059,0.066,0.572,0.839,0.032,0.585,0.35,0.749,0.117,0.707,0.118,0.978,0.551,0.709,0.818,0.473,0.736,0.224
1.0,0.527,0.514,0.514,0.086,0.658,0.877,0.824,0.462,0.511,0.661,0.392,0.472,0.341,0.075,0.943,0.352,0.474,0.294,0.572,0.328,0.495,0.533,0.596,0.609,0.43,0.808,0.499,0.072,0.743,0.068,0.807,0.894,0.743,0.369,0.327,0.584,0.03,0.898,0.767,0.203
0.0,0.564,0.433,0.345,0.567,0.032,0.854,0.857,0.491,0.65,0.152,0.579,0.217,0.793,0.537,0.659,0.071,0.371,0.331,0.892,0.104,0.219,0.379,0.936,0.822,0.771,0.978,0.081,0.479,0.272,0.052,0.473,0.336,0.753,0.479,0.391,0.379,0.09,0.158,0.202,0.721
0.0,0.796,0.81,0.426,0.604,0.974,0.777,0.481,0.18,0.282,0.083,0.635,0.487,0.967,0.838,0.066,0.538,0.303,0.684,0.647,0.387,0.221,0.414,0.776,0.649,0.32,0.797,0.387,0.061,0.639,0.548,0.667,0.317,0.243,0.21,0.664,0.627,0.445,0.586,0.977,0.794
0.0,0.299,0.625,0.642,0.542,0.677,0.601,0.022,0.497,0.038,0.257,0.326,0.771,0.805,0.596,0.695,0.28,0.99,0.454,0.141,0.749,0.325,0.119,0.689,0.875,0.784,0.479,0.993,0.604,0.176,0.792,0.443,0.958,0.727,0.482,0.131,0.579,0.454,0.376,0.102,0.764
0.0,0.561,0.197,0.997,0.31,0.396,0.701,0.487,0.699,0.165,0.173,0.407,0.215,0.261,0.959,0.854,0.556,0.588,0.682,0.306,0.952,0.711,0.623,0.969,0.315,0.076,0.253,0.952,0.6,0.797,0.96,0.778,0.707,0.428,0.889,0.556,0.118,0.698,0.704,0.356,0.432
0.0,0.918,0.218,0.586,0.646,0.89,0.086,0.112,0.068,0.444,0.974,0.734,0.315,0.918,0.778,0.154,0.655,0.203,0.365,0.142,0.307,0.843,0.466,0.473,0.126,0.941,0.883,0.637,0.808,0.544,0.391,0.434,0.142,0.044,0.371,0.493,0.349,0.51,0.766,0.901,0.807
1.0,0.968,0.915,0.872,0.198,0.111,0.248,0.656,0.469,0.47,0.301,0.912,0.431,0.159,0.407,0.954,0.635,0.142,0.299,0.044,0.97,0.516,0.37,0.263,0.103,0.581,0.976,0.029,0.106,0.217,0.975,0.726,0.203,0.434,0.155,0.212,0.584,0.16,0.399,0.057,0.492
1.0,0.049,0.522,0.579,0.159,0.62,0.089,0.184,0.368,0.113,0.943,0.613,0.463,0.464,0.603,0.231,0.04,0.67,0.319,0.145,0.875,0.67,0.913,0.27,0.918,0.673,0.078,0.486,0.869,0.021,0.854,0.835,0.03,0.47,0.54,0.532,0.711,0.824,0.818,0.633,0.544
1.0,0.648,0.955,0.164,0.476,0.569,0.843,0.556,0.648,0.485,0.374,0.436,0.226,0.135,0.263,0.179,0.448,0.071,0.051,0.232,0.249,0.695,0.92,0.349,0.916,0.432,0.721,0.113,0.104,0.863,0.572,0.011,0.234,0.033,0.951,0.191,0.933,0.822,0.96,0.751,0.044
0.0,0.406,0.172,0.468,0.284,0.947,0.957,0.19,0.926,0.404,0.322,0.183,0.191,0.751,0.338,0.374,0.109,0.741,0.149,0.065,0.732,0.96,0.401,0.645,0.566,0.35,0.018,0.597,0.395,0.351,0.742,0.452,0.723,0.801,0.733,0.575,0.574,0.067,0.576,0.973,0.156
1.0,0.692,0.393,0.795,0.042,0.556,0.611,0.838,0.974,0.109,0.051,0.972,0.119,0.953,0.603,0.846,0.729,0.138,0.979,0.876,0.454,0.991,0.614,0.47,0.045,0.604,0.339,0.286,0.892,0.547,0.071,0.803,0.403,0.285,0.605,0.394,0.672,0.747,0.3,0.427,0.24
0.0,0.482,0.824,0.966,0.232,0.908,0.585,0.433,0.009,0.399,0.548,0.208,0.481,0.028,0.999,0.764,0.64,0.332,0.156,0.029,0.128,0.031,0.715,0.556,0.037,0.858,0.685,0.707,0.797,0.392,0.463,0.097,0.772,0.03,0.381,0.166,0.111,0.081,0.313,0.646,0.399
0.0,0.811,0.072,0.741,0.558,0.871,0.692,0.28,0.619,0.208,0.061,0.993,0.878,0.018,0.53,0.64,0.274,0.481,0.63,0.493,0.894,0.313,0.297,0.274,0.287,0.43,0.338,0.948,0.595,0.033,0.361,0.458,0.721,0.373,0.144,0.741,0.66,0.681,0.594,0.898,0.91
1.0,0.397,0.96,0.5,0.808,0.076,0.739,0.313,0.128,0.777,0.036,0.098,0.75,0.481,0.659,0.764,0.607,0.687,0.076,0.862,0.813,0.749,0.642,0.146,0.415,0.264,0.976,0.595,0.378,0.648,0.999,0.044,0.725,0.252,0.86,0.668,0.863,0.981,0.945,0.491,0.74
0.0,0.197,0.009,0.196,0.935,0.599,0.777,0.57,0.912,0.569,0.527,0.693,0.883,0.297,0.631,0.171,0.202,0.831,0.979,0.746,0.694,0.61,0.478,0.916,0.671,0.555,0.403,0.234,0.592,0.091,0.607,0.305,0.913,0.969,0.046,0.169,0.346,0.741,0.476,0.346,0.894
0.0,0.865,0.372,0.766,0.677,0.912,0.716,0.84,0.661,0.731,0.087,0.725,0.743,0.942,0.91,0.563,0.589,0.88,0.83,0.114,0.305,0.134,0.127,0.321,0.772,0.286,0.288,0.02,0.928,0.91,0.606,0.963,0.85,0.217,0.593,0.614,0.236,0.83,0.732,0.917,0.991
1.0,0.618,0.032,0.862,0.223,0.247,0.928,0.994,0.581,0.605,0.737,0.672,0.198,0.967,0.674,0.432,0.38,0.245,0.678,0.842,0.473,0.471,0.658,0.549,0.458,0.746,0.778,0.121,0.455,0.116,0.276,0.722,0.975,0.49,0.062,0.156,0.738,0.155,0.46,0.991,0.152
1.0,0.562,0.217,0.811,0.014,0.772,0.666,0.443,0.854,0.396,0.634,0.716,0.611,0.686,0.968,0.801,0.607,0.063,0.471,0.699,0.814,0.831,0.552,0.65,0.259,0.17,0.921,0.896,0.43,0.854,0.744,0.421,0.054,0.284,0.333,0.185,0.44,0.955,0.33,0.042,0.73
1.0,0.458,0.398,0.908,0.966,0.098,0.303,0.294,0.004,0.192,0.405,0.679,0.368,0.899,0.366,0.344,0.144,0.268,0.823,0.668,0.699,0.376,0.982,0.331,0.919,0.664,0.951,0.17,0.342,0.541,0.4,0.121,0.861,0.948,0.371,0.338,0.144,0.486,0.994,0.254,0.176
0.0,0.449,0.451,0.574,0.564,0.319,0.411,0.86,0.445,0.027,0.755,0.603,0.779,0.716,0.731,0.761,0.337,0.782,0.438,0.069,0.913,0.977,0.456,0.464,0.539,0.251,0.238,0.327,0.197,0.662,0.78,0.426,0.066,0.155,0.606,0.853,0.22,0.72,0.814,0.073,0.351
1.0,0.343,0.97,0.293,0.053,0.21,0.581,0.308,0.414,0.695,0.503,0.231,0.082,0.48,0.715,0.528,0.742,0.641,0.943,0.738,0.081,0.709,0.717,0.305,0.807,0.805,0.469,0.188,0.421,0.774,0.819,0.587,0.898,0.289,0.433,0.533,0.942,0.165,0.086,0.614,0.924
1.0,0.838,0.261,0.866,0.614,0.726,0.462,0.795,0.831,0.119,0.051,0.765,0.646,0.241,0.539,0.784,0.836,0.504,0.816,0.755,0.747,0.059,0.362,0.487,0.216,0.425,0.921,0.851,0.551,0.089,0.68,0.403,0.569,0.853,0.539,0.938,0.268,0.681,1.0,0.48,0.169
0.0,0.026,0.955,0.817,0.387,0.283,0.08,0.663,0.262,0.013,0.148,0.839,0.783,0.898,0.637,0.441,0.632,0.231,0.404,0.049,0.465,0.506,0.561,0.184,0.413,0.332,0.986,0.378,0.368,0.004,0.582,0.281,0.232,0.893,0.618,0.811,0.063,0.772,0.638,0.885,0.242
0.0,0.974,0.148,0.758,0.207,0.994,0.195,0.995,0.433,0.983,0.395,0.225,0.806,0.788,0.028,0.783,0.877,0.801,0.29,0.206,0.212,0.098,0.29,0.785,0.755,0.851,0.287,0.616,0.172,0.102,0.136,0.983,0.11,0.802,0.692,0.305,0.497,0.242,0.412,0.655,0.47
1.0,0.796,0.87,0.704,0.37,0.708,0.81,0.683,0.097,0.814,0.48,0.259,0.108,0.737,0.9,0.461,0.219,0.573,0.485,0.353,0.037,0.364,0.721,0.562,0.191,0.258,0.859,0.796,0.18,0.595,0.658,0.345,0.559,0.035,0.925,0.546,0.832,0.835,0.004,0.483,0.757
0.0,0.861,0.116,0.949,0.834,0.016,0.113,0.451,0.941,0.053,0.019,0.615,0.011,0.162,0.711,0.483,0.221,0.521,0.262,0.059,0.473,0.351,0.162,0.915,0.214,0.527,0.999,0.424,0.015,0.395,0.849,0.221,0.015,0.853,0.507,0.383,0.389,0.209,0.827,0.943,0.475
1.0,0.163,0.571,0.992,0.487,0.132,0.109,0.544,0.961,0.453,0.375,0.361,0.743,0.325,0.124,0.976,0.787,0.074,0.067,0.84,0.638,0.726,0.363,0.154,0.994,0.942,0.362,0.016,0.178,0.33,0.813,0.704,0.231,0.819,0.45,0.721,0.01,0.646,0.485,0.246,0.683
0.0,0.076,0.421,0.799,0.913,0.349,0.437,0.23,0.243,0.936,0.956,0.447,0.929,0.098,0.089,0.08,0.218,0.55,0.405,0.574,0.456,0.823,0.527,0.13,0.037,0.054,0.566,0.084,0.588,0.986,0.794,0.015,0.529,0.348,0.858,0.303,0.443,0.815,0.985,0.778,0.594
1.0,0.634,0.631,0.048,0.388,0.478,0.609,0.706,0.374,0.75,0.869,0.338,0.071,0.135,0.024,0.194,0.432,0.929,0.68,0.392,0.538,0.146,0.981,0.168,0.493,0.514,0.179,0.801,0.374,0.821,0.82,0.646,0.304,0.652,0.806,0.15,0.967,0.527,0.16,0.02,0.854
1.0,0.623,0.908,0.913,0.424,0.411,0.594,0.76,0.804,0.739,0.929,0.632,0.558,0.018,0.017,0.477,0.017,0.886,0.65,0.257,0.853,0.346,0.666,0.649,0.838,0.035,0.638,0.779,0.141,0.557,0.533,0.688,0.173,0.617,0.555,0.443,0.576,0.94,0.96,0.206,0.494
0.0,0.858,0.737,0.065,0.744,0.316,0.198,0.001,0.878,0.44,0.221,0.111,0.302,0.037,0.48,0.439,0.993,0.127,0.045,0.96,0.012,0.97,0.87,0.167,0.921,0.957,0.726,0.265,0.408,0.852,0.823,0.246,0.665,0.722,0.94,0.493,0.288,0.338,0.319,0.753,0.69
0.0,0.893,0.204,0.429,0.058,0.914,0.898,0.741,0.052,0.614,0.28,0.054,0.488,0.739,0.703,0.656,0.103,0.575,0.688,0.351,0.919,0.34,0.028,0.825,0.687,0.5,0.254,0.253,0.189,0.328,0.535,0.949,0.048,0.399,0.41,0.037,0.208,0.459,0.1,0.325,0.384
1.0,0.97,0.409,0.113,0.159,0.719,0.698,0.543,0.271,0.966,0.313,0.784,0.761,0.638,0.314,0.26,0.903,0.46,0.68,0.134,0.881,0.906,0.287,0.392,0.229,0.588,0.033,0.551,0.723,0.989,0.78,0.662,0.114,0.455,0.132,0.971,0.08,0.667,0.358,0.413,0.403
0.0,0.678,0.11,0.755,0.218,0.656,0.106,0.615,0.152,0.423,0.661,0.671,0.844,0.789,0.646,0.952,0.01,0.649,0.265,0.568,0.404,0.223,0.875,0.287,0.535,0.354,0.325,0.843,0.099,0.281,0.898,0.287,0.393,0.737,0.006,0.818,0.193,0.554,0.645,0.067,0.206
1.0,0.175,0.453,0.07,0.08,0.717,0.842,0.443,0.295,0.091,0.721,0.242,0.697,0.501,0.202,0.804,0.914,0.015,0.012,0.682,0.909,0.383,0.978,0.376,0.837,0.24,0.732,0.639,0.484,0.849,0.842,0.261,0.468,0.396,0.94,0.636,0.65,0.914,0.766,0.836,0.505
0.0,0.184,0.816,0.089,0.428,0.72,0.126,0.854,0.095,0.957,0.905,0.89,0.622,0.655,0.869,0.521,0.538,0.964,0.599,0.007,0.194,0.475,0.173,0.505,0.365,0.071,0.325,0.637,0.895,0.256,0.023,0.476,0.073,0.703,0.869,0.398,0.72,0.888,0.984,0.07,0.232
0.0,0.097,0.011,0.927,0.537,0.503,0.423,0.776,0.326,0.84,0.639,0.204,0.036,0.257,0.741,0.018,0.225,0.65,0.459,0.925,0.296,0.625,0.094,0.296,0.505,0.537,0.076,0.94,0.222,0.198,0.633,0.361,0.509,0.917,0.735,0.692,0.464,0.867,0.165,0.866,0.315
0.0,0.518,0.354,0.613,0.089,0.282,0.685,0.351,0.964,0.557,0.143,0.97,0.325,0.514,0.675,0.704,0.683,0.473,0.577,0.222,0.823,0.349,0.491,0.908,0.021,0.52,0.83,0.816,0.989,0.14,0.685,0.872,0.308,0.801,0.601,0.6,0.332,0.504,0.435,0.347,0.853
0.0,0.446,0.098,0.914,0.796,0.673,0.715,0.317,0.737,0.832,0.028,0.356,0.919,0.036,0.092,0.027,0.287,0.267,0.286,0.803,0.387,0.782,0.455,0.812,0.303,0.812,0.273,0.545,0.522,0.128,0.546,0.56,0.35,0.122,0.149,0.679,0.274,0.661,0.645,0.78,0.04
1.0,0.776,0.253,0.205,0.532,0.311,0.905,0.614,0.07,0.471,0.386,0.931,0.62,0.488,0.871,0.93,0.092,0.6,0.485,0.721,0.053,0.143,0.47,0.567,0.232,0.951,0.647,0.484,0.742,0.81,0.235,0.195,0.55,0.987,0.408,0.803,0.534,0.868,0.506,0.938,0.813
0.0,0.738,0.834,0.653,0.829,0.84,0.519,0.388,0.435,0.045,0.751,0.463,0.917,0.371,0.556,0.957,0.984,0.865,0.954,0.826,0.451,0.605,0.13,0.964,0.405,0.203,0.327,0.813,0.068,0.342,0.358,0.057,0.212,0.678,0.024,0.806,0.416,0.944,0.872,0.257,0.604
1.0,0.998,0.082,0.176,0.072,0.749,0.322,0.476,0.823,0.02,0.877,0.573,0.716,0.078,0.194,0.632,0.652,0.973,0.762,0.155,0.1,0.733,0.493,0.379,0.105,0.36,0.105,0.689,0.582,0.349,0.925,0.395,0.98,0.008,0.307,0.14,0.749,0.441,0.79,0.432,0.527
0.0,0.935,0.843,0.08,0.556,0.675,0.75,0.615,0.684,0.366,0.681,0.762,0.718,0.642,0.289,0.963,0.3,0.422,0.625,0.96,0.065,0.845,0.125,0.97,0.142,0.961,0.408,0.263,0.483,0.53,0.945,0.825,0.71,0.663,0.21,0.492,0.29,0.71,0.647,0.261,0.458
0.0,0.949,0.538,0.755,0.373,0.893,0.849,0.866,0.696,0.965,0.644,0.906,0.989,0.922,0.535,0.077,0.095,0.799,0.988,0.962,0.876,0.181,0.735,0.359,0.064,0.537,0.333,0.835,0.077,0.978,0.631,0.598,0.73,0.921,0.661,0.254,0.735,1.0,0.819,0.35,0.097
1.0,0.231,0.082,0.707,0.837,0.017,0.643,0.982,0.601,0.487,0.269,0.964,0.306,0.925,0.463,0.953,0.638,0.048,0.103,0.148,0.67,0.817,0.979,0.672,0.083,0.218,0.611,0.326,0.041,0.087,0.144,0.137,0.786,0.275,0.348,0.583,0.954,0.902,0.173,0.89,0.919
1.0,0.591,0.139,0.399,0.962,0.449,0.946,0.579,0.919,0.816,0.442,0.472,0.094,0.273,0.018,0.628,0.332,0.108,0.94,0.593,0.67,0.826,0.3,0.114,0.166,0.425,0.995,0.662,0.075,0.104,0.064,0.275,0.588,0.865,0.587,0.762,0.158,0.05,0.485,0.784,0.534
0.0,0.67,0.112,0.503,0.998,0.455,0.198,0.23,0.415,0.969,0.751,0.737,0.651,0.962,0.528,0.615,0.435,0.953,0.537,0.559,0.967,0.353,0.89,0.945,0.213,0.433,0.913,0.807,0.176,0.916,0.926,0.335,0.106,0.289,0.057,0.446,0.934,0.027,0.339,0.65,0.963
0.0,0.083,0.604,0.375,0.689,0.439,0.405,0.024,0.824,0.76,0.554,0.224,0.214,0.467,0.698,0.737,0.788,0.311,0.524,0.082,0.903,0.256,0.528,0.924,0.762,0.216,0.378,0.76,0.598,0.13,0.212,0.039,0.169,0.271,0.706,0.127,0.75,0.819,0.424,0.518,0.532
1.0,0.311,0.768,0.797,0.489,0.593,0.354,0.445,0.98,0.161,0.717,0.41,0.597,0.011,0.872,0.868,0.684,0.705,0.45,0.579,0.161,0.061,0.511,0.087,0.659,0.566,0.395,0.528,0.73,0.101,0.848,0.278,0.586,0.987,0.975,0.007,0.458,0.244,0.318,0.449,0.126
0.0,0.343,0.967,0.147,0.537,0.163,0.053,0.782,0.505,0.096,0.936,0.103,0.873,0.583,0.999,0.383,0.968,0.431,0.709,0.992,0.033,0.817,0.462,0.233,0.798,0.099,0.138,0.196,0.824,0.032,0.928,0.275,0.175,0.138,0.194,0.396,0.765,0.477,0.031,0.61,0.566
1.0,0.464,0.271,0.875,0.952,0.075,0.944,0.985,0.043,0.273,0.547,0.773,0.159,0.404,0.297,0.118,0.384,0.747,0.671,0.742,0.653,0.331,0.597,0.35,0.452,0.723,0.44,0.795,0.855,0.434,0.527,0.67,0.039,0.003,0.93,0.075,0.026,0.892,0.918,0.376,0.115
1.0,0.28,0.47,0.102,0.002,0.453,0.714,0.402,0.924,0.612,0.395,0.442,0.737,0.752,0.877,0.552,0.821,0.875,0.489,0.156,0.635,0.465,0.604,0.534,0.879,0.387,0.959,0.759,0.951,0.66,0.925,0.003,0.773,0.37,0.499,0.883,0.581,0.852,0.978,0.835,0.967
1.0,0.269,0.428,0.921,0.617,0.423,0.355,0.44,0.713,0.5,0.934,0.13,0.544,0.261,0.442,0.097,0.734,0.161,0.791,0.35,0.895,0.036,0.548,0.781,0.013,0.503,0.957,0.612,0.808,0.877,0.698,0.246,0.42,0.239,0.597,0.649,0.032,0.377,0.861,0.321,0.08
1.0,0.111,0.172,0.902,0.416,0.441,0.799,0.692,0.125,0.908,0.201,0.792,0.325,0.14,0.922,0.574,0.684,0.841,0.494,0.689,0.949,0.817,0.244,0.536,0.121,0.57,0.647,0.932,0.897,0.218,0.102,0.531,0.83,0.102,0.771,0.169,0.619,0.702,0.345,0.612,0.168
1.0,0.891,0.53,0.031,0.967,0.353,0.778,0.59,0.419,0.671,0.281,0.48,0.262,0.919,0.603,0.376,0.488,0.841,0.338,0.472,0.805,0.27,0.581,0.128,0.393,0.999,0.451,0.03,0.784,0.491,0.939,0.729,0.499,0.375,0.552,0.213,0.628,0.619,0.131,0.796,0.049
0.0,0.825,0.158,0.31,0.951,0.802,0.581,0.847,0.542,0.49,0.296,0.384,0.907,0.895,0.61,0.069,0.525,0.149,0.37,0.595,0.618,0.384,0.173,0.062,0.433,0.1,0.767,0.026,0.12,0.746,0.602,0.916,0.654,0.896,0.353,0.202,0.545,0.631,0.52,0.802,0.613
0.0,0.391,0.788,0.564,0.379,0.848,0.244,0.657,0.675,0.365,0.07,0.167,0.529,0.807,0.547,0.494,0.13,0.858,0.77,0.933,0.635,0.176,0.873,0.653,0.572,0.527,0.008,0.851,0.615,0.594,0.18,0.92,0.883,0.263,0.727,0.323,0.91,0.547,0.454,0.835,0.356
0.0,0.809,0.932,0.628,0.325,0.495,0.126,0.083,0.615,0.478,0.298,0.493,0.729,0.317,0.161,0.157,0.597,0.336,0.322,0.885,0.966,0.448,0.734,0.998,0.08,0.357,0.825,0.78,0.317,0.035,0.342,0.478,0.696,0.611,0.794,0.582,0.08,0.083,0.92,0.986,0.351
0.0,0.988,0.695,0.983,0.51,0.23,0.863,0.93,0.245,0.773,0.888,0.948,0.691,0.516,0.153,0.535,0.225,0.678,0.859,0.585,0.709,0.168,0.135,0.957,0.014,0.707,0.306,0.106,0.971,0.126,0.555,0.244,0.149,0.871,0.387,0.058,0.848,0.306,0.805,0.278,0.847
0.0,0.545,0.123,0.906,0.935,0.503,0.674,0.094,0.383,0.147,0.611,0.424,0.362,0.448,0.683,0.615,0.591,0.767,0.275,0.814,0.084,0.464,0.087,0.928,0.044,0.675,0.826,0.429,0.228,0.792,0.541,0.354,0.942,0.018,0.337,0.307,0.565,0.187,0.271,0.606,0.692
0.0,0.741,0.67,0.603,0.332,0.811,0.937,0.701,0.945,0.343,0.904,0.387,0.213,0.648,0.238,0.213,0.49,0.743,0.47,0.466,0.704,0.47,0.014,0.996,0.382,0.39,0.519,0.531,0.418,0.02,0.759,0.044,0.379,0.035,0.262,0.424,0.605,0.607,0.724,0.158,0.887
1.0,0.596,0.542,0.72,0.13,0.398,0.681,0.858,0.125,0.009,0.253,0.298,0.567,0.869,0.92,0.862,0.089,0.24,0.665,0.729,0.245,0.403,0.033,0.11,0.823,0.208,0.961,0.407,0.69,0.024,0.474,0.917,0.999,0.905,0.231,0.9,0.01,0.698,0.985,0.093,0.6
1.0,0.543,0.329,0.76,0.153,0.142,0.734,0.572,0.35,0.935,0.984,0.936,0.192,0.13,0.979,0.169,0.698,0.97,0.665,0.668,0.691,0.256,0.715,0.427,0.059,0.367,0.786,0.281,0.23,0.634,0.029,0.856,0.079,0.492,0.109,0.323,0.902,0.782,0.47,0.825,0.988
1.0,0.009,0.098,0.344,0.696,0.821,0.161,0.665,0.147,0.935,0.604,0.604,0.143,0.603,0.287,0.897,0.463,0.836,0.19,0.227,0.016,0.427,0.089,0.522,0.804,0.756,0.805,0.379,0.114,0.932,0.191,0.565,0.179,0.397,0.423,0.641,0.759,0.268,0.653,0.858,0.604
0.0,0.236,0.09,0.468,0.071,0.613,0.067,0.297,0.269,0.588,0.978,0.57,0.639,0.877,0.168,0.448,0.083,0.085,0.339,0.051,0.612,0.636,0.325,0.815,0.039,0.877,0.312,0.835,0.69,0.076,0.21,0.615,0.392,0.712,0.148,0.498,0.013,0.208,0.454,0.441,0.042
0.0,0.377,0.335,0.165,0.055,0.866,0.583,0.553,0.611,0.137,0.602,0.682,0.902,0.314,0.355,0.946,0.212,0.47,0.69,0.003,0.69,0.241,0.377,0.449,0.395,0.356,0.388,0.069,0.982,0.11,0.291,0.972,0.249,0.811,0.437,0.455,0.113,0.465,0.504,0.643,0.286
1.0,0.297,0.109,0.007,0.771,0.513,0.357,0.473,0.762,0.856,0.669,0.091,0.463,0.035,0.315,0.844,0.197,0.337,0.11,0.23,0.686,0.515,0.695,0.412,0.401,0.364,0.779,0.743,0.06,0.233,0.973,0.104,0.004,0.954,0.227,0.073,0.587,0.526,0.097,0.709,0.682
0.0,0.943,0.028,0.241,0.92,0.48,0.868,0.118,0.6,0.243,0.637,0.852,0.808,0.938,0.897,0.127,0.689,0.218,0.585,0.579,0.188,0.37,0.618,0.308,0.727,0.118,0.181,0.627,0.454,0.69,0.572,0.946,0.095,0.98,0.56,0.151,0.835,0.138,0.859,0.366,0.789
1.0,0.217,0.345,0.8,0.502,0.752,0.545,0.626,0.385,0.849,0.841,0.271,0.515,0.192,0.55,0.945,0.492,0.274,0.224,0.709,0.619,0.625,0.39,0.01,0.368,0.588,0.991,0.025,0.967,0.973,0.297,0.267,0.87,0.27,0.104,0.616,0.034,0.493,0.539,0.578,0.534
1.0,0.506,0.39,0.026,0.783,0.184,0.624,0.627,0.922,0.128,0.419,0.74,0.152,0.473,0.515,0.36,0.436,0.439,0.439,0.112,0.372,0.195,0.656,0.675,0.333,0.176,0.028,0.703,0.439,0.489,0.048,0.433,0.618,0.071,0.439,0.477,0.651,0.392,0.883,0.267,0.44
1.0,0.914,0.378,0.953,0.907,0.374,0.546,0.057,0.519,0.693,0.555,0.025,0.665,0.847,0.889,0.13,0.684,0.969,0.734,0.043,0.715,0.679,0.145,0.608,0.951,0.004,0.684,0.878,0.892,0.403,0.833,0.618,0.983,0.249,0.207,0.792,0.947,0.765,0.065,0.195,0.429
0.0,0.228,0.224,0.536,0.409,0.977,0.791,0.131,0.826,0.048,0.069,0.052,0.26,0.689,0.862,0.627,0.252,0.767,0.924,0.033,0.843,0.932,0.926,0.796,0.666,0.036,0.29,0.246,0.817,0.264,0.11,0.125,0.628,0.558,0.8,0.91,0.842,0.819,0.599,0.493,0.47
1.0,0.853,0.501,0.29,0.253,0.328,0.9,0.866,0.026,0.675,0.534,0.02,0.272,0.603,0.101,0.98,0.595,0.072,0.901,0.869,0.861,0.147,0.784,0.201,0.29,0.459,0.175,0.43,0.655,0.022,0.218,0.437,0.629,0.784,0.361,0.081,0.56,0.977,0.055,0.6,0.177
1.0,0.144,0.333,0.423,0.288,0.476,0.755,0.063,0.741,0.55,0.545,0.533,0.723,0.765,0.754,0.078,0.017,0.19,0.878,0.102,0.24,0.036,0.975,0.681,0.399,0.966,0.084,0.049,0.482,0.254,0.005,0.064,0.939,0.559,0.062,0.406,0.741,0.065,0.768,0.12,0.247
1.0,0.227,0.827,0.539,0.161,0.275,0.97,0.007,0.657,0.177,0.356,0.636,0.722,0.67,0.684,0.884,0.949,0.34,0.55,0.165,0.433,0.557,0.617,0.439,0.547,0.303,0.509,0.187,0.557,0.367,0.187,0.616,0.774,0.618,0.52,0.222,0.157,0.992,0.555,0.976,0.482
1.0,0.186,0.633,0.535,0.441,0.533,0.806,0.198,0.189,0.844,0.524,0.957,0.665,0.738,0.802,0.279,0.233,0.979,0.535,0.202,0.666,0.342,0.915,0.038,0.811,0.486,0.769,0.843,0.342,0.203,0.709,0.038,0.208,0.245,0.734,0.535,0.443,0.337,0.455,0.817,0.58
0.0,0.646,0.94,0.298,0.523,0.587,0.552,0.719,0.554,0.531,0.815,0.53,0.845,0.777,0.467,0.536,0.251,0.392,0.905,0.835,0.11,0.18,0.758,0.56,0.031,0.754,0.543,0.126,0.401,0.25,0.436,0.241,0.456,0.644,0.563,0.248,0.258,0.806,0.379,0.791,0.934
0.0,0.98,0.987,0.736,0.083,0.922,0.884,0.817,0.924,0.862,0.08,0.662,0.071,0.792,0.751,0.647,0.694,0.024,0.521,0.215,0.86,0.446,0.587,0.902,0.34,0.856,0.447,0.482,0.12,0.837,0.837,0.053,0.436,0.172,0.384,0.149,0.244,0.835,0.631,0.833,0.778
1.0,0.726,0.256,0.816,0.503,0.168,0.513,0.027,0.273,0.363,0.557,0.073,0.135,0.723,0.687,0.071,0.321,0.584,0.439,0.271,0.11,0.354,0.436,0.17,0.526,0.173,0.366,0.334,0.538,0.528,0.493,0.142,0.994,0.395,0.366,0.78,0.625,0.214,0.801,0.708,0.335
0.0,0.508,0.433,0.873,0.68,0.912,0.776,0.486,0.567,0.467,0.32,0.742,0.825,0.472,0.983,0.108,0.102,0.667,0.111,0.576,0.604,0.521,0.218,0.569,0.797,0.059,0.106,0.81,0.409,0.921,0.122,0.69,0.092,0.55,0.807,0.484,0.647,0.308,0.166,0.622,0.935
1.0,0.379,0.29,0.878,0.024,0.488,0.736,0.572,0.785,0.105,0.016,0.2,0.018,0.126,0.668,0.611,0.637,0.884,0.088,0.86,0.826,0.123,0.933,0.107,0.168,0.787,0.69,0.961,0.375,0.63,0.54,0.125,0.451,0.871,0.393,0.879,0.687,0.695,0.379,0.351,0.17
1.0,0.222,0.072,0.037,0.974,0.591,0.434,0.535,0.45,0.698,0.537,0.215,0.367,0.719,0.049,0.648,0.55,0.676,0.866,0.596,0.775,0.806,0.27,0.103,0.701,0.193,0.137,0.919,0.177,0.381,0.488,0.143,0.596,0.749,0.306,0.09,0.454,0.439,0.351,0.316,0.643
1.0,0.009,0.885,0.632,0.85,0.059,0.074,0.448,0.582,0.911,0.156,0.265,0.274,0.425,0.207,0.621,0.388,0.275,0.279,0.216,0.587,0.354,0.09,0.565,0.432,0.295,0.336,0.782,0.548,0.91,0.758,0.884,0.748,0.314,0.081,0.547,0.335,0.04,0.631,0.212,0.253
1.0,0.432,0.461,0.811,0.831,0.496,0.922,0.294,0.972,0.514,0.75,0.628,0.463,0.573,0.73,0.895,0.787,0.558,0.813,0.953,0.723,0.187,0.122,0.022,0.684,0.252,0.887,0.969,0.034,0.275,0.46,0.619,0.063,0.428,0.647,0.788,0.864,0.45,0.787,0.81,0.705
0.0,0.596,0.96,0.514,0.87,0.071,0.157,0.338,0.546,0.184,0.907,0.177,0.84,0.314,0.371,0.327,0.361,0.461,0.464,0.096,0.725,0.814,0.825,0.165,0.209,0.485,0.152,0.05,0.209,0.722,0.18,0.327,0.701,0.553,0.474,0.091,0.358,0.773,0.879,0.099,0.468
0.0,0.274,0.099,0.356,0.004,0.493,0.843,0.107,0.06,0.066,0.04,0.841,0.79,0.511,0.717,0.827,0.289,0.874,0.418,0.222,0.095,0.091,0.551,0.772,0.816,0.056,0.63,0.088,0.167,0.277,0.52,0.472,0.555,0.663,0.763,0.246,0.192,0.591,0.233,0.918,0.339
0.0,0.808,0.47,0.808,0.129,0.391,0.553,0.604,0.994,0.308,0.722,0.219,0.777,0.845,0.792,0.427,0.064,0.321,0.812,0.871,0.19,0.429,0.565,0.586,0.791,0.513,0.748,0.086,0.366,0.532,0.809,0.004,0.794,0.571,0.274,0.974,0.991,0.992,0.686,0.62,0.485
1.0,0.706,0.428,0.908,0.055,0.385,0.832,0.338,0.532,0.948,0.312,0.936,0.275,0.009,0.299,0.336,0.866,0.773,0.891,0.953,0.167,0.673,0.279,0.004,0.097,0.725,0.12,0.664,0.512,0.051,0.103,0.762,0.23,0.98,0.654,0.793,0.167,0.34,0.233,0.533,0.126
1.0,0.057,0.81,0.722,0.777,0.097,0.541,0.803,0.537,0.905,0.942,0.812,0.017,0.435,0.734,0.409,0.117,0.462,0.582,0.429,0.243,0.618,0.053,0.071,0.824,0.786,0.781,0.94,0.565,0.218,0.922,0.36,0.931,0.554,0.744,0.256,0.397,0.351,0.153,0.133,0.57
0.0,0.829,0.297,0.344,0.748,0.981,0.188,0.294,0.383,0.712,0.38,0.098,0.12,0.915,0.805,0.343,0.899,0.875,0.161,0.398,0.577,0.385,0.842,0.846,0.443,0.916,0.84,0.131,0.828,0.362,0.663,0.785,0.318,0.447,0.564,0.123,0.472,0.883,0.369,0.282,0.385
1.0,0.322,0.427,0.423,0.637,0.152,0.059,0.587,0.856,0.797,0.665,0.248,0.595,0.868,0.674,0.683,0.772,0.737,0.779,0.412,0.366,0.866,0.021,0.524,0.573,0.757,0.169,0.103,0.664,0.141,0.78,0.318,0.776,0.697,0.459,0.314,0.534,0.749,0.546,0.33,0.091
1.0,0.766,0.855,0.974,0.059,0.434,0.682,0.553,0.565,0.658,0.328,0.36,0.248,0.677,0.601,0.694,0.309,0.308,0.955,0.382,0.559,0.624,0.397,0.482,0.841,0.743,0.59,0.157,0.206,0.193,0.905,0.85,0.499,0.54,0.45,0.147,0.714,0.815,0.533,0.556,0.689
1.0,0.918,0.151,0.144,0.016,0.19,0.651,0.13,0.602,0.972,0.849,0.979,0.395,0.356,0.856,0.556,0.119,0.214,0.456,0.243,0.192,0.058,0.557,0.12,0.362,0.14,0.781,0.999,0.734,0.497,0.226,0.167,0.437,0.575,0.214,0.762,0.209,0.104,0.086,0.26,0.836
1.0,0.74,0.295,0.454,0.787,0.973,0.832,0.706,0.814,0.817,0.111,0.99,0.85,0.794,0.365,0.296,0.717,0.648,0.144,0.751,0.799,0.939,0.058,0.78,0.037,0.77,0.977,0.74,0.11,0.556,0.199,0.196,0.959,0.106,0.112,0.611,0.963,0.111,0.528,0.989,0.161
1.0,0.767,0.811,0.53,0.906,0.201,0.768,0.029,0.153,0.263,0.916,0.241,0.666,0.841,0.106,0.929,0.935,0.941,0.259,0.269,0.645,0.901,0.581,0.646,0.052,0.17,0.874,0.157,0.91,0.067,0.783,0.667,0.831,0.166,0.644,0.354,0.598,0.444,0.213,0.369,0.612
0.0,0.989,0.994,0.409,0.063,0.28,0.911,0.853,0.845,0.711,0.003,0.264,0.921,0.448,0.942,0.178,0.921,0.04,0.186,0.569,0.943,0.02,0.138,0.817,0.553,0.098,0.715,0.932,0.078,0.484,0.069,0.296,0.912,0.503,0.83,0.038,0.991,0.722,0.527,0.888,0.24
1.0,0.495,0.191,0.037,0.407,0.66,0.528,0.738,0.88,0.802,0.664,0.084,0.397,0.667,0.79,0.533,0.618,0.989,0.309,0.891,0.047,0.415,0.624,0.535,0.259,0.903,0.936,0.781,0.646,0.314,0.375,0.345,0.36,0.341,0.511,0.916,0.357,0.683,0.075,0.981,0.416
0.0,0.294,0.848,0.936,0.701,0.274,0.099,0.284,0.74,0.993,0.154,0.223,0.936,0.86,0.561,0.46,0.22,0.328,0.957,0.452,0.512,0.633,0.099,0.081,0.263,0.516,0.025,0.637,0.919,0.497,0.674,0.006,0.496,0.856,0.505,0.332,0.513,0.308,0.143,0.656,0.967
0.0,0.126,0.701,0.264,0.001,0.899,0.387,0.411,0.885,0.025,0.495,0.338,0.281,0.959,0.788,0.864,0.991,0.24,0.432,0.889,0.951,0.726,0.625,0.51,0.801,0.112,0.502,0.483,0.169,0.749,0.603,0.521,0.154,0.735,0.162,0.474,0.419,0.011,0.333,0.467,0.677
1.0,0.922,0.95,0.156,0.439,0.523,0.456,0.182,0.353,0.793,0.851,0.878,0.322,0.874,0.437,0.007,0.546,0.672,0.444,0.698,0.524,0.941,0.479,0.28,0.366,0.348,0.361,0.913,0.202,0.714,0.131,0.997,0.174,0.756,0.129,0.299,0.884,0.571,0.976,0.231,0.825
0.0,0.832,0.008,0.031,0.139,0.645,0.608,0.1,0.348,0.24,0.329,0.78,0.84,0.145,0.469,0.8,0.559,0.403,0.647,0.258,0.597,0.899,0.202,0.576,0.579,0.19,0.91,0.445,0.17,0.766,0.539,0.227,0.598,0.593,0.641,0.896,0.54,0.793,0.826,0.616,0.136
1.0,0.709,0.549,0.612,0.127,0.337,0.674,0.764,0.224,0.519,0.055,0.529,0.75,0.281,0.502,0.266,0.687,0.345,0.884,0.926,0.723,0.239,0.901,0.366,0.533,0.118,0.127,0.891,0.781,0.415,0.855,0.101,0.282,0.154,0.213,0.22,0.696,0.806,0.463,0.374,0.351
0.0,0.794,0.173,0.42,0.497,0.485,0.446,0.494,0.264,0.033,0.057,0.361,0.915,0.589,0.876,0.494,0.198,0.121,0.185,0.771,0.334,0.447,0.665,0.804,0.583,0.682,0.245,0.992,0.37,0.745,0.649,0.494,0.79,0.308,0.998,0.716,0.33,0.028,0.831,0.499,0.375
1.0,0.311,0.63,0.488,0.374,0.233,0.942,0.917,0.629,0.018,0.932,0.881,0.043,0.295,0.964,0.625,0.244,0.746,0.754,0.691,0.828,0.148,0.684,0.71,0.127,0.036,0.793,0.327,0.541,0.266,0.923,0.499,0.199,0.996,0.322,0.077,0.875,0.905,0.335,0.509,0.888
0.0,0.301,0.651,0.66,0.457,0.939,0.376,0.657,0.264,0.734,0.282,0.656,0.946,0.403,0.778,0.063,0.003,0.142,0.423,0.928,0.146,0.663,0.706,0.044,0.893,0.823,0.352,0.047,0.357,0.751,0.091,0.814,0.498,0.66,0.304,0.687,0.708,0.64,0.565,0.985,0.958
1.0,0.644,0.145,0.888,0.77,0.177,0.38,0.713,0.327,0.553,0.489,0.822,0.73,0.635,0.202,0.437,0.473,0.907,0.893,0.542,0.433,0.294,0.652,0.212,0.883,0.05,0.52,0.417,0.635,0.629,0.452,0.798,0.722,0.927,0.22,0.734,0.072,0.883,0.659,0.69,0.46
0.0,0.551,0.766,0.682,0.566,0.362,0.462,0.65,0.581,0.564,0.536,0.775,0.823,0.238,0.182,0.618,0.063,0.429,0.438,0.188,0.884,0.58,0.673,0.917,0.375,0.56,0.831,0.61,0.395,0.097,0.377,0.339,0.278,0.421,0.679,0.17,0.266,0.68,0.141,0.054,0.925
1.0,0.508,0.119,0.655,0.824,0.84,0.703,0.367,0.927,0.173,0.493,0.528,0.24,0.411,0.902,0.806,0.029,0.34,0.161,0.124,0.222,0.952,0.029,0.138,0.151,0.363,0.237,0.216,0.747,0.16,0.514,0.888,0.551,0.571,0.066,0.659,0.702,0.972,0.176,0.997,0.745
1.0,0.043,0.935,0.131,0.215,0.595,0.564,0.679,0.424,0.878,0.98,0.532,0.588,0.359,0.697,0.859,0.013,0.463,0.644,0.193,0.122,0.804,0.711,0.06,0.931,0.696,0.942,0.78,0.334,0.907,0.864,0.742,0.407,0.866,0.163,0.912,0.926,0.15,0.026,0.245,0.753
0.0,0.789,0.662,0.99,0.94,0.521,0.054,0.822,0.346,0.694,0.426,0.165,0.137,0.877,0.812,0.32,0.522,0.861,0.21,0.53,0.161,0.734,0.596,0.368,0.5,0.211,0.627,0.33,0.623,0.662,0.7,0.006,0.532,0.891,0.329,0.107,0.291,0.36,0.54,0.578,0.088
1.0,0.104,0.241,0.248,0.543,0.521,0.233,0.669,0.029,0.514,0.92,0.03,0.714,0.866,0.088,0.192,0.758,0.056,0.672,0.518,0.405,0.182,0.906,0.074,0.753,0.902,0.354,0.481,0.324,0.904,0.017,0.379,0.269,0.168,0.965,0.089,0.255,0.809,0.039,0.677,0.819
0.0,0.109,0.768,0.124,0.554,0.286,0.676,0.698,0.382,0.623,0.105,0.233,0.072,0.112,0.393,0.339,0.737,0.95,0.551,0.306,0.755,0.035,0.389,0.91,0.817,0.845,0.765,0.029,0.836,0.127,0.019,0.692,0.065,0.828,0.868,0.407,0.026,0.519,0.955,0.061,0.438
0.0,0.713,0.016,0.029,0.642,0.96,0.048,0.893,0.783,0.667,0.507,0.077,0.408,0.43,0.852,0.434,0.449,0.827,0.675,0.553,0.964,0.475,0.332,0.546,0.893,0.109,0.356,0.97,0.959,0.597,0.64,0.607,0.974,0.302,0.368,0.367,0.361,0.315,0.229,0.45,0.092
1.0,0.969,0.877,0.866,0.131,0.27,0.996,0.67,0.646,0.912,0.883,0.83,0.517,0.623,0.043,0.262,0.756,0.115,0.408,0.844,0.737,0.606,0.143,0.126,0.673,0.712,0.39,0.306,0.38,0.154,0.857,0.403,0.488,0.797,0.964,0.248,0.36,0.162,0.772,0.187,0.226
0.0,0.02,0.799,0.523,0.12,0.931,0.269,0.521,0.361,0.129,0.055,0.64,0.487,0.435,0.116,0.772,0.46,0.436,0.804,0.336,0.893,0.665,0.523,0.79,0.287,0.54,0.088,0.693,0.177,0.102,0.253,0.714,0.958,0.681,0.845,0.181,0.766,0.557,0.355,0.31,0.043
0.0,0.722,0.134,0.633,0.634,0.489,0.865,0.454,0.211,0.157,0.896,0.493,0.918,0.309,0.421,0.503,0.005,0.511,0.718,0.493,0.204,0.491,0.566,0.393,0.335,0.849,0.2,0.047,0.755,0.679,0.783,0.099,0.178,0.265,0.517,0.298,0.813,0.312,0.474,0.407,0.126
0.0,0.702,0.357,0.317,0.718,0.419,0.106,0.602,0.763,0.325,0.305,0.653,0.778,0.086,0.142,0.298,0.523,0.791,0.948,0.542,0.123,0.36,0.53,0.289,0.691,0.923,0.602,0.702,0.627,0.008,0.21,0.128,0.754,0.271,0.276,0.705,0.695,0.776,0.728,0.267,0.591
0.0,0.617,0.76,0.31,0.266,0.773,0.755,0.326,0.981,0.44,0.303,0.931,0.916,0.306,0.143,0.525,0.019,0.737,0.122,0.597,0.519,0.917,0.205,0.554,0.3,0.603,0.694,0.377,0.163,0.522,0.015,0.821,0.317,0.999,0.732,0.818,0.647,0.428,0.526,0.782,0.271
0.0,0.747,0.127,0.762,0.771,0.482,0.885,0.724,0.341,0.338,0.56,0.615,0.138,0.833,0.909,0.88,0.318,0.173,0.223,0.258,0.179,0.145,0.606,0.192,0.719,0.618,0.368,0.846,0.516,0.766,0.324,0.401,0.582,0.967,0.659,0.455,0.371,0.65,0.244,0.909,0.058
0.0,0.336,0.47,0.676,0.661,0.643,0.743,0.46,0.44,0.527,0.915,0.716,0.861,0.195,0.541,0.589,0.635,0.554,0.405,0.61,0.793,0.973,0.753,0.995,0.04,0.65,0.483,0.537,0.865,0.482,0.154,0.595,0.028,0.883,0.465,0.003,0.918,0.286,0.869,0.261,0.448
0.0,0.692,0.355,0.605,0.338,0.052,0.37,0.623,0.506,0.049,0.327,0.424,0.852,0.231,0.807,0.869,0.687,0.061,0.854,0.218,0.142,0.349,0.166,0.38,0.307,0.503,0.894,0.538,0.023,0.153,0.872,0.655,0.229,0.748,0.961,0.586,0.758,0.262,0.945,0.195,0.087
1.0,0.507,0.865,0.141,0.821,0.69,0.775,0.753,0.387,0.364,0.781,0.148,0.363,0.981,0.442,0.868,0.769,0.466,0.437,0.481,0.531,0.017,0.424,0.644,0.239,0.02,0.82,0.709,0.892,0.255,0.721,0.006,0.132,0.21,0.846,0.011,0.839,0.786,0.186,0.191,0.311
1.0,0.463,0.592,0.924,0.42,0.741,0.611,0.766,0.903,0.42,0.957,0.144,0.692,0.014,0.14,0.451,0.748,0.408,0.061,0.534,0.459,0.056,0.727,0.733,0.466,0.281,0.997,0.044,0.282,0.63,0.199,0.501,0.361,0.562,0.844,0.811,0.148,0.787,0.831,0.96,0.114
1.0,0.084,0.994,0.612,0.899,0.248,0.31,0.546,0.718,0.607,0.035,0.115,0.713,0.614,0.095,0.436,0.284,0.397,0.06,0.985,0.463,0.776,0.334,0.343,0.631,0.749,0.687,0.071,0.315,0.723,0.581,0.154,0.129,0.944,0.484,0.492,0.618,0.972,0.972,0.173,0.637
0.0,0.635,0.747,0.462,0.655,0.286,0.861,0.694,0.068,0.771,0.65,0.539,0.847,0.079,0.568,0.006,0.188,0.289,0.68,0.259,0.802,0.906,0.707,0.639,0.151,0.16,0.235,0.618,0.493,0.062,0.845,0.433,0.874,0.941,0.078,0.035,0.247,0.461,0.986,0.674,0.037
1.0,0.0,0.255,0.759,0.269,0.63,0.079,0.492,0.192,0.321,0.419,0.754,0.369,0.957,0.157,0.301,0.862,0.771,0.533,0.984,0.633,0.788,0.352,0.462,0.64,0.089,0.305,0.2,0.473,0.222,0.498,0.615,0.685,0.266,0.315,0.63,0.003,0.205,0.914,0.791,0.211
1.0,0.166,0.9,0.553,0.813,0.612,0.09,0.213,0.973,0.258,0.394,0.734,0.729,0.971,0.612,0.023,0.019,0.916,0.786,0.194,0.129,0.684,0.229,0.068,0.412,0.76,0.338,0.475,0.689,0.495,0.91,0.136,0.682,0.046,0.684,0.619,0.041,0.548,0.802,0.831,0.093
1.0,0.126,0.657,0.184,0.502,0.702,0.899,0.203,0.325,0.283,0.55,0.03,0.147,0.664,0.362,0.888,0.727,0.354,0.947,0.052,0.775,0.842,0.65,0.68,0.809,0.547,0.665,0.467,0.224,0.12,0.752,0.678,0.739,0.263,0.736,0.622,0.503,0.041,0.873,0.796,0.638
0.0,0.757,0.02,0.173,0.863,0.995,0.424,0.712,0.395,0.619,0.455,0.868,0.544,0.31,0.152,0.077,0.884,0.726,0.177,0.915,0.659,0.027,0.161,0.483,0.208,0.881,0.363,0.123,0.314,0.503,0.498,0.682,0.096,0.523,0.171,0.814,0.167,0.332,0.713,0.191,0.69
0.0,0.759,0.585,0.177,0.921,0.03,0.595,0.881,0.192,0.71,0.167,0.187,0.546,0.802,0.7,0.328,0.496,0.074,0.516,0.448,0.383,0.124,0.061,0.816,0.23,0.052,0.102,0.453,0.202,0.01,0.169,0.255,0.382,0.254,0.956,0.355,0.234,0.301,0.381,0.223,0.474
0.0,0.26,0.666,0.108,0.226,0.864,0.095,0.266,0.445,0.549,0.967,0.526,0.697,0.673,0.451,0.606,0.639,0.632,0.957,0.934,0.739,0.537,0.418,0.217,0.569,0.182,0.28,0.504,0.562,0.779,0.021,0.552,0.043,0.435,0.655,0.048,0.087,0.449,0.892,0.278,0.422
1.0,0.057,0.762,0.254,0.227,0.298,0.581,0.083,0.115,0.981,0.243,0.301,0.714,0.401,0.163,0.011,0.503,0.775,0.244,0.685,0.228,0.315,0.363,0.435,0.943,0.907,0.035,0.455,0.692,0.025,0.987,0.679,0.803,0.319,0.631,0.288,0.114,0.989,0.521,0.871,0.573
0.0,0.847,0.696,0.05,0.703,0.38,0.939,0.181,0.054,0.198,0.585,0.976,0.503,0.855,0.105,0.708,0.596,0.977,0.075,0.65,0.788,0.895,0.314,0.809,0.043,0.148,0.904,0.541,0.754,0.768,0.289,0.478,0.76,0.961,0.546,0.257,0.287,0.56,0.199,0.104,0.51
0.0,0.412,0.934,0.377,0.445,0.941,0.805,0.81,0.503,0.84,0.001,0.297,0.053,0.63,0.227,0.805,0.016,0.129,0.719,0.931,0.745,0.926,0.458,0.536,0.189,0.13,0.624,0.535,0.68,0.45,0.757,0.8,0.896,0.296,0.65,0.549,0.668,0.667,0.821,0.527,0.893
1.0,0.122,0.092,0.917,0.522,0.684,0.652,0.587,0.766,0.509,0.057,0.901,0.083,0.124,0.469,0.741,0.687,0.665,0.345,0.072,0.82,0.442,0.649,0.467,0.763,0.621,0.424,0.218,0.043,0.178,0.518,0.795,0.092,0.99,0.502,0.452,0.429,0.078,0.205,0.773,0.064
1.0,0.123,0.38,0.345,0.704,0.202,0.174,0.264,0.723,0.612,0.718,0.401,0.198,0.231,0.155,0.759,0.834,0.267,0.593,0.862,0.457,0.238,0.741,0.599,0.206,0.092,0.35,0.534,0.037,0.606,0.923,0.672,0.899,0.652,0.561,0.285,0.788,0.447,0.072,0.499,0.388
1.0,0.863,0.006,0.303,0.853,0.188,0.955,0.258,0.108,0.763,0.649,0.089,0.155,0.338,0.641,0.402,0.908,0.301,0.177,0.984,0.505,0.953,0.829,0.537,0.247,0.988,0.469,0.025,0.753,0.055,0.456,0.228,0.303,0.609,0.516,0.278,0.023,0.427,0.277,0.966,0.613
0.0,0.113,0.012,0.076,0.767,0.514,0.791,0.118,0.926,0.027,0.614,0.8,0.862,0.079,0.636,0.929,0.284,0.096,0.056,0.574,0.258,0.827,0.916,0.272,0.637,0.944,0.939,0.278,0.842,0.252,0.654,0.912,0.351,0.796,0.008,0.387,0.402,0.9,0.604,0.302,0.838
0.0,0.458,0.354,0.399,0.252,0.86,0.98,0.058,0.413,0.358,0.179,0.191,0.335,0.324,0.241,0.454,0.837,0.228,0.803,0.077,0.454,0.288,0.858,0.686,0.657,0.637,0.458,0.444,0.276,0.56,0.443,0.328,0.875,0.551,0.085,0.98,0.815,0.545,0.764,0.729,0.583
0.0,0.648,0.119,0.557,0.047,0.033,0.31,0.247,0.557,0.64,0.968,0.459,0.988,0.643,0.026,0.875,0.502,0.298,0.023,0.692,0.676,0.497,0.37,0.972,0.002,0.566,0.286,0.447,0.539,0.539,0.137,0.074,0.319,0.748,0.263,0.931,0.764,0.294,0.636,0.52,0.898
1.0,0.237,0.31,0.529,0.481,0.759,0.702,0.198,0.449,0.003,0.423,0.247,0.357,0.007,0.582,0.593,0.434,0.003,0.846,0.272,0.675,0.977,0.302,0.582,0.557,0.36,0.391,0.246,0.924,0.195,0.256,0.114,0.149,0.513,0.475,0.763,0.74,0.633,0.059,0.717,0.783
1.0,0.393,0.967,0.421,0.625,0.163,0.69,0.179,0.376,0.337,0.272,0.572,0.064,0.799,0.707,0.223,0.439,0.51,0.167,0.465,0.672,0.437,0.171,0.548,0.732,0.487,0.285,0.53,0.429,0.422,0.234,0.502,0.795,0.101,0.847,0.256,0.772,0.51,0.823,0.413,0.176
0.0,0.864,0.061,0.542,0.103,0.358,0.367,0.627,0.298,0.096,0.819,0.25,0.989,0.374,0.768,0.017,0.338,0.381,0.854,0.964,0.969,0.13,0.707,0.156,0.468,0.784,0.444,0.866,0.917,0.214,0.95,0.294,0.428,0.811,0.349,0.081,0.87,0.43,0.378,0.039,0.964
0.0,0.841,0.156,0.84,0.877,0.409,0.12,0.843,0.325,0.313,0.376,0.076,0.856,0.88,0.575,0.81,0.747,0.243,0.618,0.62,0.007,0.025,0.158,0.411,0.234,0.604,0.274,0.023,0.388,0.816,0.697,0.356,0.422,0.498,0.951,0.979,0.01,0.808,0.885,0.529,0.064
0.0,0.924,0.828,0.062,0.261,0.825,0.846,0.095,0.28,0.837,0.876,0.729,0.112,0.65,0.96,0.303,0.698,0.789,0.456,0.421,0.96,0.366,0.198,0.866,0.114,0.086,0.802,0.826,0.08,0.358,0.191,0.504,0.187,0.239,0.69,0.362,0.071,0.817,0.691,0.586,0.083
1.0,0.925,0.929,0.231,0.778,0.34,0.58,0.978,0.919,0.987,0.893,0.768,0.708,0.66,0.103,0.87,0.357,0.379,0.323,0.687,0.533,0.41,0.712,0.299,0.798,0.488,0.301,0.981,0.507,0.137,0.598,0.896,0.784,0.406,0.016,0.121,0.363,0.836,0.509,0.848,0.424
1.0,0.172,0.772,0.674,0.124,0.816,0.265,0.281,0.367,0.432,0.352,0.56,0.011,0.427,0.847,0.567,0.477,0.389,0.469,0.398,0.047,0.879,0.643,0.436,0.952,0.413,0.268,0.382,0.125,0.476,0.559,0.061,0.966,0.872,0.519,0.307,0.272,0.984,0.158,0.276,0.9
1.0,0.154,0.363,0.734,0.31,0.312,0.863,0.349,0.496,0.396,0.32,0.296,0.096,0.436,0.049,0.342,0.564,0.069,0.368,0.195,0.641,0.054,0.558,0.551,0.509,0.928,0.46,0.468,0.084,0.634,0.445,0.869,0.024,0.87,0.989,0.171,0.36,0.229,0.027,0.746,0.024
0.0,0.864,0.501,0.008,0.611,0.809,0.605,0.877,0.25,0.412,0.07,0.24,0.844,0.733,0.005,0.356,0.942,0.022,0.442,0.274,0.173,0.571,0.111,0.357,0.979,0.996,0.543,0.353,0.659,0.362,0.049,0.69,0.575,0.691,0.799,0.855,0.767,0.516,0.395,0.075,0.185
0.0,0.016,0.337,0.935,0.869,0.835,0.933,0.377,0.198,0.509,0.818,0.721,0.956,0.006,0.065,0.85,0.652,0.794,0.564,0.739,0.85,0.833,0.843,0.361,0.327,0.115,0.88,0.392,0.018,0.182,0.335,0.227,0.402,0.426,0.037,0.98,0.002,0.411,0.313,0.254,0.03
0.0,0.642,0.656,0.282,0.213,0.577,0.641,0.469,0.879,0.918,0.438,0.897,0.368,0.194,0.966,0.709,0.804,0.584,0.111,0.294,0.177,0.249,0.493,0.884,0.091,0.27,0.288,0.02,0.407,0.998,0.742,0.837,0.5,0.043,0.961,0.802,0.711,0.962,0.762,0.956,0.155
1.0,0.459,0.488,0.22,0.758,0.001,0.459,0.707,0.981,0.658,0.873,0.867,0.217,0.407,0.13,0.133,0.272,0.748,0.276,0.436,0.206,0.002,0.926,0.416,0.617,0.013,0.721,0.423,0.655,0.534,0.428,0.047,0.133,0.856,0.077,0.188,0.867,0.754,0.421,0.11,0.389
0.0,0.905,0.964,0.85,0.413,0.429,0.34,0.831,0.756,0.608,0.523,0.911,0.804,0.519,0.906,0.129,0.036,0.181,0.941,0.792,0.861,0.36,0.558,0.891,0.931,0.376,0.233,0.03,0.54,0.758,0.378,0.314,0.5,0.404,0.465,0.277,0.097,0.673,0.594,0.474,0.881
1.0,0.379,0.597,0.614,0.587,0.201,0.817,0.845,0.06,0.948,0.719,0.636,0.364,0.937,0.229,0.52,0.779,0.185,0.417,0.821,0.257,0.772,0.209,0.552,0.419,0.386,0.623,0.315,0.428,0.992,0.973,0.392,0.222,0.85,0.857,0.19,0.397,0.121,0.841,0.484,0.744
1.0,0.665,0.246,0.849,0.147,0.698,0.375,0.551,0.351,0.023,0.706,0.4,0.441,0.002,0.318,0.02,0.665,0.297,0.105,0.118,0.52,0.501,0.806,0.26,0.216,0.744,0.12,0.819,0.886,0.259,0.31,0.241,0.922,0.216,0.711,0.753,0.964,0.813,0.856,0.074,0.098
1.0,0.051,0.892,0.868,0.382,0.78,0.043,0.102,0.497,0.904,0.63,0.43,0.517,0.239,0.682,0.207,0.574,0.301,0.21,0.65,0.531,0.074,0.901,0.645,0.494,0.132,0.256,0.811,0.551,0.514,0.306,0.695,0.422,0.944,0.109,0.296,0.427,0.069,0.138,0.284,0.441
1.0,0.417,0.914,0.807,0.01,0.343,0.789,0.208,0.759,0.105,0.95,0.474,0.078,0.079,0.855,0.928,0.489,0.148,0.665,0.451,0.955,0.026,0.491,0.704,0.436,0.534,0.742,0.79,0.763,0.73,0.771,0.081,0.353,0.027,0.295,0.294,0.535,0.967,0.81,0.143,0.489
0.0,0.442,0.128,0.048,0.654,0.724,0.436,0.998,0.65,0.627,0.075,0.66,0.314,0.633,0.596,0.121,0.938,0.147,0.254,0.089,0.223,0.073,0.429,0.829,0.767,0.829,0.685,0.197,0.188,0.437,0.217,0.224,0.077,0.586,0.598,0.608,0.345,0.499,0.939,0.213,0.468
1.0,0.954,0.892,0.467,0.38,0.41,0.034,0.046,0.038,0.137,0.6,0.747,0.475,0.115,0.036,0.625,0.905,0.55,0.094,0.537,1.0,0.428,0.315,0.363,0.851,0.44,0.73,0.241,0.739,0.334,0.765,0.081,0.098,0.006,0.836,0.651,0.612,0.334,0.396,0.798,0.751
0.0,0.621,0.011,0.533,0.088,0.955,0.046,0.815,0.705,0.475,0.861,0.654,0.477,0.947,0.905,0.813,0.38,0.029,0.102,0.56,0.612,0.581,0.449,0.391,0.212,0.8,0.968,0.273,0.383,0.279,0.777,0.159,0.859,0.6,0.236,0.789,0.836,0.688,0.127,0.127,0.823
1.0,0.02,0.955,0.885,0.31,0.661,0.287,0.984,0.818,0.316,0.206,0.659,0.701,0.016,0.833,0.891,0.627,0.516,0.613,0.109,0.803,0.948,0.273,0.923,0.447,0.24,0.593,0.217,0.803,0.183,0.312,0.264,0.742,0.697,0.61,0.021,0.792,0.948,0.661,0.215,0.212
0.0,0.624,0.286,0.013,0.625,0.459,0.644,0.506,0.853,0.146,0.517,0.795,0.87,0.708,0.576,0.192,0.065,0.83,0.531,0.622,0.942,0.608,0.994,0.447,0.242,0.429,0.907,0.613,0.592,0.103,0.052,0.529,0.139,0.98,0.747,0.053,0.685,0.15,0.155,0.659,0.807
1.0,0.29,0.927,0.06,0.194,0.428,0.842,0.164,0.326,0.612,0.735,0.839,0.102,0.966,0.924,0.63,0.829,0.767,0.48,0.935,0.333,0.944,0.36,0.002,0.62,0.271,0.83,0.212,0.791,0.737,0.195,0.119,0.301,0.952,0.28,0.778,0.078,0.712,0.956,0.954,0.107
